  Generated by FoxLW on Thursday July 9, 2020 at 04:53 PDT
-------------------------------------------------------------------------------
  WSU Tri-Cities
  46.3300:-119.2700  (46 19' 48.00"N  119 16' 12.00"W)  elev 397.0 feet    file: 100148
-------------------------------------------------------------------------------

Line#   Date     Hour   TempF  DewPtF WS(mph)  Rain(in) LW    RH%  WDir_50m WS_50m Inv(ft)
  5  07/09/2020  0400    48.8   47.5     2.7     0.000  10   95.36  285.4    9.3  no_inv
  6  07/09/2020  0500    48.4   47.2     2.9     0.000  10   95.80  282.0    8.1      --
  7  07/09/2020  0600    49.5   47.6     3.0     0.000  10   93.21  277.5    7.0      --
  8  07/09/2020  0700    52.5   48.2     3.0     0.000   5   85.30  271.3    5.9      --
  9  07/09/2020  0800    57.2   49.1     2.6     0.000   0   74.38  262.5    4.9      --
 10  07/09/2020  0900    63.1   50.2     2.1     0.000   0   62.80  249.7    4.1      --
 11  07/09/2020  1000    69.6   51.2     1.6     0.000   0   52.02  231.9    3.6    5388
 12  07/09/2020  1100    75.8   51.9     2.9     0.000   0   43.36  243.9    4.8      --
 13  07/09/2020  1200    80.9   52.2     4.3     0.000   0   37.01  250.8    6.2      --
 14  07/09/2020  1300    84.5   50.4     5.6     0.000   0   30.94  255.1    7.7      --
 15  07/09/2020  1400    86.2   48.4     6.9     0.000   0   27.07  258.0    9.1      --
 16  07/09/2020  1500    87.1   46.3     8.3     0.000   0   24.44  260.2   10.6      --
 17  07/09/2020  1600    87.5   45.2     9.6     0.000   0   23.08  261.8   12.1  no_inv
 18  07/09/2020  1700    87.5   44.3    11.8     0.000   0   22.29  280.9   13.0      --
 19  07/09/2020  1800    86.3   43.5    14.0     0.000   0   22.41  296.2   15.1      --
 20  07/09/2020  1900    83.1   43.1    16.3     0.000   0   24.53  307.2   17.9      --
 21  07/09/2020  2000    79.7   43.8    18.5     0.000   0   28.06  315.0   21.3      --
 22  07/09/2020  2100    76.4   44.5    20.7     0.000   0   32.28  320.6   24.9      --
 23  07/09/2020  2200    73.0   45.4    22.9     0.000   0   37.28  324.7   28.7    2169
 24  07/09/2020  2300    68.9   46.2    20.2     0.000   0   44.19  321.7   25.1      --
 25  07/10/2020  0000    66.4   47.0    17.4     0.000   0   49.65  317.7   21.7      --
 26  07/10/2020  0100    64.2   47.7    14.6     0.000   0   54.84  312.2   18.4      --
 27  07/10/2020  0200    62.5   49.2    11.8     0.000   0   61.80  304.5   15.3      --
 28  07/10/2020  0300    61.3   49.9     9.0     0.000   0   66.25  293.1   12.6      --
 29  07/10/2020  0400    60.5   49.4     6.2     0.000   0   66.68  276.8   10.7     791
 30  07/10/2020  0500    60.1   48.6     5.7     0.000   0   65.69  269.6    8.7      --
 31  07/10/2020  0600    60.5   48.1     5.2     0.000   0   63.47  258.5    6.9      --
 32  07/10/2020  0700    61.7   47.1     4.6     0.000   0   58.78  241.1    5.6      --
 33  07/10/2020  0800    63.7   46.1     4.1     0.000   0   52.69  216.7    5.0      --
 34  07/10/2020  0900    66.5   44.9     3.6     0.000   0   45.66  191.7    5.5      --
 35  07/10/2020  1000    70.0   43.6     3.0     0.000   0   38.61  173.3    6.7    5813
 36  07/10/2020  1100    73.9   42.3     3.0     0.000   0   32.19  178.4    6.4      --
 37  07/10/2020  1200    79.8   41.1     2.9     0.000   0   25.33  184.0    6.1      --
 38  07/10/2020  1300    84.3   40.1     2.8     0.000   0   20.98  190.1    5.8      --
 39  07/10/2020  1400    86.7   39.3     2.7     0.000   0   18.86  196.7    5.7      --
 40  07/10/2020  1500    87.8   38.8     2.6     0.000   0   17.84  203.5    5.6      --
 41  07/10/2020  1600    88.4   38.6     2.5     0.000   0   17.39  210.5    5.6    8074
 42  07/10/2020  1700    88.6   38.7     2.5     0.000   0   17.37  204.4    5.4      --
 43  07/10/2020  1800    87.5   39.0     2.5     0.000   0   18.18  198.0    5.3      --
 44  07/10/2020  1900    83.4   39.4     2.5     0.000   0   21.05  191.5    5.3      --
 45  07/10/2020  2000    78.2   39.4     2.5     0.000   0   24.87  185.0    5.4      --
 46  07/10/2020  2100    70.6   40.3     2.1     0.000   0   33.34  178.7    5.5      --
 47  07/10/2020  2200    64.6   40.8     1.8     0.000   0   41.83  172.7    5.7      32
 48  07/10/2020  2300    61.1   40.9     1.9     0.000   0   47.39  180.8    3.7      --
 49  07/11/2020  0000    59.2   41.0     1.9     0.000   0   50.91  205.3    1.9      --
 50  07/11/2020  0100    57.5   41.1     1.9     0.000   0   54.25  277.7    1.6      --
 51  07/11/2020  0200    56.2   41.1     2.0     0.000   0   56.87  312.5    3.2      --
 52  07/11/2020  0300    55.2   41.2     2.0     0.000   0   59.18  322.8    5.2      --
 53  07/11/2020  0400    54.4   41.3     2.0     0.000   0   61.09  327.3    7.2      45
 54  07/11/2020  0500    54.0   40.7     2.0     0.000   0   60.64  326.0    5.9      --
 55  07/11/2020  0600    54.9   40.3     2.0     0.000   0   57.66  323.9    4.7      --
 56  07/11/2020  0700    57.8   42.7     1.8     0.000   0   57.00  320.4    3.4      --
 57  07/11/2020  0800    62.5   41.8     1.4     0.000   0   46.64  313.0    2.2      --
 58  07/11/2020  0900    68.5   42.4     0.9     0.000   0   38.80  289.2    1.1      --
 59  07/11/2020  1000    75.5   43.5     0.4     0.000   0   31.89  211.3    0.9  no_inv
 60  07/11/2020  1100    82.5   44.1     3.2     0.000   0   26.04  257.1    4.1      --
 61  07/11/2020  1200    89.2   44.4     6.1     0.000   0   21.25  262.0    7.7      --
 62  07/11/2020  1300    94.1   42.8     8.9     0.000   0   17.17  263.8   11.2      --
 63  07/11/2020  1400    96.6   39.4    11.8     0.000   0   13.92  264.7   14.7      --
 64  07/11/2020  1500    97.9   36.2    14.6     0.000   0   11.81  265.3   18.3      --
 65  07/11/2020  1600    98.6   35.2    17.5     0.000   0   11.11  265.7   21.9  no_inv
 66  07/11/2020  1700    98.9   35.4    16.0     0.000   0   11.09  270.1   19.5      --
 67  07/11/2020  1800    97.8   36.3    14.5     0.000   0   11.89  275.7   17.4      --
 68  07/11/2020  1900    92.4   36.8    13.0     0.000   0   14.33  282.8   15.4      --
 69  07/11/2020  2000    84.4   38.2    11.5     0.000   0   19.43  291.7   13.8      --
 70  07/11/2020  2100    76.4   39.5    10.0     0.000   0   26.61  302.8   12.5      --
 71  07/11/2020  2200    68.4   40.9     8.5     0.000   0   36.66  315.6   11.9  no_inv
 72  07/11/2020  2300    63.8   41.6     7.6     0.000   0   44.22  309.0   10.3      --
 73  07/12/2020  0000    62.6   41.7     6.8     0.000   0   46.24  300.1    9.0      --
 74  07/12/2020  0100    61.3   41.4     5.9     0.000   0   47.87  288.7    7.9      --
 75  07/12/2020  0200    59.7   41.3     4.7     0.000   0   50.65  274.5    7.3      --
 76  07/12/2020  0300    58.2   41.1     3.5     0.000   0   52.82  258.7    7.2      --
 77  07/12/2020  0400    57.2   41.6     2.4     0.000   0   55.91  243.5    7.6     869
 78  07/12/2020  0500    56.8   41.1     2.9     0.000   0   55.60  243.0    7.8      --
 79  07/12/2020  0600    57.2   40.9     3.5     0.000   0   54.44  242.5    8.1      --
 80  07/12/2020  0700    58.3   42.1     3.9     0.000   0   54.66  242.1    8.4      --
 81  07/12/2020  0800    60.3   42.7     4.1     0.000   0   52.21  241.7    8.7      --
 82  07/12/2020  0900    63.1   44.2     4.2     0.000   0   49.99  241.3    8.9      --
 83  07/12/2020  1000    66.6   45.5     4.4     0.000   0   46.62  241.0    9.2    8011
 84  07/12/2020  1100    70.7   46.4     5.3     0.000   0   41.90  243.7    9.7      --
 85  07/12/2020  1200    76.2   46.7     6.2     0.000   0   35.19  246.1   10.2      --
 86  07/12/2020  1300    80.3   45.5     7.1     0.000   0   29.41  248.3   10.7      --
 87  07/12/2020  1400    82.3   44.2     8.0     0.000   0   26.20  250.3   11.2      --
 88  07/12/2020  1500    83.2   42.8     8.9     0.000   0   24.14  252.1   11.7      --
 89  07/12/2020  1600    83.6   42.0     9.8     0.000   0   23.13  253.7   12.3   10784
 90  07/12/2020  1700    83.6   41.7    10.9     0.000   0   22.90  271.4   11.5      --
 91  07/12/2020  1800    81.5   41.3    11.9     0.000   0   24.08  289.6   11.9      --
 92  07/12/2020  1900    77.4   40.5    13.0     0.000   0   26.71  305.2   13.4      --
 93  07/12/2020  2000    73.0   40.2    14.1     0.000   0   30.62  317.0   15.6      --
 94  07/12/2020  2100    68.6   40.2    15.2     0.000   0   35.48  325.6   18.3      --
 95  07/12/2020  2200    64.2   40.3    16.3     0.000   0   41.50  331.9   21.4    2264
 96  07/12/2020  2300    59.6   40.5    14.0     0.000   0   49.13  329.3   18.3      --
 97  07/13/2020  0000    56.5   41.9    11.7     0.000   0   58.05  325.7   15.2      --
 98  07/13/2020  0100    53.5   42.4     9.4     0.000   0   65.82  320.3   12.3      --
 99  07/13/2020  0200    50.1   43.8     6.1     0.000   0   78.78  311.6    9.5      --
100  07/13/2020  0300    47.9   44.4     3.5     0.000   0   87.64  296.5    7.1      --
101  07/13/2020  0400    46.5   44.4     1.6     0.000   5   92.32  270.4    5.6     834
102  07/13/2020  0500    46.1   44.1     1.7     0.000  10   92.66  269.1    5.1      --
103  07/13/2020  0600    46.9   44.2     1.8     0.000  10   90.19  267.4    4.5      --
104  07/13/2020  0700    49.5   44.6     1.8     0.000   5   83.21  265.2    4.0      --
105  07/13/2020  0800    53.6   45.6     1.6     0.000   0   74.22  262.4    3.5      --
106  07/13/2020  0900    58.9   46.7     1.3     0.000   0   63.84  258.6    2.9      --
107  07/13/2020  1000    64.9   47.7     1.1     0.000   0   53.59  253.0    2.4    6212
108  07/13/2020  1100    70.9   48.4     2.6     0.000   0   44.81  263.9    4.1      --
109  07/13/2020  1200    76.4   48.6     4.2     0.000   0   37.67  268.4    5.8      --
110  07/13/2020  1300    80.2   45.7     5.7     0.000   0   29.74  270.8    7.6      --
111  07/13/2020  1400    82.1   42.3     7.2     0.000   0   24.52  272.3    9.3      --
112  07/13/2020  1500    83.0   38.9     8.8     0.000   0   20.90  273.4   11.1      --
113  07/13/2020  1600    83.5   36.7    10.3     0.000   0   18.93  274.1   12.9  no_inv
114  07/13/2020  1700    83.5   34.9    13.1     0.000   0   17.54  290.2   15.2      --
115  07/13/2020  1800    82.1   33.5    16.0     0.000   0   17.40  301.4   18.3      --
116  07/13/2020  1900    78.4   34.3    18.9     0.000   0   20.28  309.1   22.0      --
117  07/13/2020  2000    74.4   35.5    21.7     0.000   0   24.21  314.5   25.9      --
118  07/13/2020  2100    70.4   36.8    24.5     0.000   0   29.17  318.5   30.0      --
119  07/13/2020  2200    66.4   38.1    27.4     0.000   0   35.34  321.5   34.3    2174
120  07/13/2020  2300    63.0   39.5    23.2     0.000   0   41.95  320.6   29.1      --
121  07/14/2020  0000    61.2   40.8    19.0     0.000   0   47.05  319.3   24.0      --
122  07/14/2020  0100    59.6   41.9    14.7     0.000   0   51.99  317.3   19.0      --
123  07/14/2020  0200    58.2   43.8    10.5     0.000   0   58.68  313.8   13.9      --
124  07/14/2020  0300    57.1   43.7     5.8     0.000   0   60.91  306.4    9.0      --
125  07/14/2020  0400    56.4   43.6     1.8     0.000   0   62.10  283.0    4.5      26
126  07/14/2020  0500    56.0   42.3     2.0     0.000   0   60.12  275.2    4.5      --
127  07/14/2020  0600    56.6   42.3     2.2     0.000   0   58.64  267.5    4.5      --
128  07/14/2020  0700    58.2   43.4     2.2     0.000   0   57.68  260.0    4.6      --
129  07/14/2020  0800    60.9   44.9     2.3     0.000   0   55.59  253.0    4.8      --
130  07/14/2020  0900    64.7   46.7     2.4     0.000   0   52.08  246.6    5.1      --
131  07/14/2020  1000    69.2   48.3     2.5     0.000   0   47.37  241.0    5.4    5381
132  07/14/2020  1100    74.0   49.4     2.1     0.000   0   41.97  239.2    4.4      --
133  07/14/2020  1200    79.7   49.8     1.8     0.000   0   35.30  236.4    3.5      --
134  07/14/2020  1300    83.9   49.8     1.4     0.000   0   30.79  231.5    2.5      --
135  07/14/2020  1400    86.0   48.5     1.1     0.000   0   27.44  220.8    1.6      --
136  07/14/2020  1500    87.1   45.3     0.8     0.000   0   23.51  187.8    0.9      --
137  07/14/2020  1600    87.6   41.3     0.4     0.000   0   19.84  121.5    0.9  no_inv
138  07/14/2020  1700    87.7   38.1     2.4     0.000   0   17.43  326.0    1.9      --
139  07/14/2020  1800    86.6   36.8     4.4     0.000   0   17.21  321.1    4.6      --
140  07/14/2020  1900    82.7   32.7     6.5     0.000   0   16.48  319.8    7.3      --
141  07/14/2020  2000    78.1   35.1     8.5     0.000   0   21.12  319.3   10.1      --
142  07/14/2020  2100    73.4   35.4    10.5     0.000   0   24.95  319.0   12.9      --
143  07/14/2020  2200    68.8   34.1    12.5     0.000   0   27.69  318.7   15.6     691
144  07/14/2020  2300    65.9   36.1    11.4     0.000   0   33.18  317.5   14.6      --
145  07/15/2020  0000    64.6   37.0    10.2     0.000   0   35.96  316.0   13.7      --
146  07/15/2020  0100    63.3   37.5     9.1     0.000   0   38.27  314.4   12.7      --
147  07/15/2020  0200    62.2   37.9     7.9     0.000   0   40.50  312.5   11.8      --
148  07/15/2020  0300    61.2   40.5     6.8     0.000   0   46.34  310.2   10.9      --
149  07/15/2020  0400    60.4   42.0     5.7     0.000   0   50.59  307.5   10.0     690
150  07/15/2020  0500    59.9   42.9     5.6     0.000   0   53.37  297.0    8.8      --
151  07/15/2020  0600    60.6   43.0     5.6     0.000   0   52.12  283.9    8.0      --
152  07/15/2020  0700    62.6   37.6     5.6     0.000   0   39.44  268.9    7.7      --
153  07/15/2020  0800    65.8   35.7     5.5     0.000   0   32.76  253.8    8.0      --
154  07/15/2020  0900    70.1   35.6     5.5     0.000   0   28.07  240.5    8.7      --
155  07/15/2020  1000    75.1   35.4     5.5     0.000   0   23.59  229.8    9.9  no_inv
156  07/15/2020  1100    80.1   35.2     4.9     0.000   0   19.88  231.3    8.9      --
157  07/15/2020  1200    85.0   35.1     4.3     0.000   0   16.87  233.3    8.0      --
158  07/15/2020  1300    88.4   34.9     3.7     0.000   0   15.03  235.7    7.0      --
159  07/15/2020  1400    90.2   34.8     3.1     0.000   0   14.19  239.0    6.1      --
160  07/15/2020  1500    90.9   34.8     2.6     0.000   0   13.81  243.3    5.2      --
161  07/15/2020  1600    91.3   34.7     2.0     0.000   0   13.64  249.3    4.4  no_inv
162  07/15/2020  1700    91.3   34.7     5.6     0.000   0   13.64  293.5    6.8      --
163  07/15/2020  1800    90.1   34.7     9.1     0.000   0   14.15  309.8   10.9      --
164  07/15/2020  1900    86.7   34.7    12.7     0.000   0   15.78  317.0   15.4      --
165  07/15/2020  2000    82.8   34.7    16.3     0.000   0   17.88  320.9   20.0      --
166  07/15/2020  2100    78.8   34.7    19.9     0.000   0   20.31  323.3   24.6      --
167  07/15/2020  2200    74.9   34.7    23.5     0.000   0   23.12  324.9   29.4    1376
