  Generated by FoxLW on Thursday July 9, 2020 at 04:53 PDT
-------------------------------------------------------------------------------
  WSU Othello
  46.7900:-119.0400  (46 47' 24.00"N  119 2' 24.00"W)  elev 1204.1 feet    file: 300122
-------------------------------------------------------------------------------

Line#   Date     Hour   TempF  DewPtF WS(mph)  Rain(in) LW    RH%  WDir_50m WS_50m Inv(ft)
  5  07/09/2020  0400    41.5   41.4     1.2     0.000  10   99.67  338.7    6.4  no_inv
  6  07/09/2020  0500    41.3   41.3     1.8     0.000  10  100.00  323.4    4.6      --
  7  07/09/2020  0600    42.4   42.4     2.4     0.000  10  100.00  293.4    3.4      --
  8  07/09/2020  0700    45.5   44.3     3.2     0.000  10   95.63  254.5    3.6      --
  9  07/09/2020  0800    51.4   45.3     3.9     0.000   5   79.55  229.7    5.1      --
 10  07/09/2020  0900    57.9   46.4     4.1     0.000   0   65.59  217.3    7.1      --
 11  07/09/2020  1000    64.6   47.4     4.4     0.000   0   53.59  210.4    9.2  no_inv
 12  07/09/2020  1100    70.5   48.1     5.3     0.000   0   44.90  217.6    9.5      --
 13  07/09/2020  1200    73.9   48.3     6.3     0.000   0   40.53  224.3    9.9      --
 14  07/09/2020  1300    76.4   47.4     7.2     0.000   0   35.99  230.4   10.4      --
 15  07/09/2020  1400    77.8   46.3     8.2     0.000   0   32.91  235.8   11.1      --
 16  07/09/2020  1500    78.7   45.3     9.1     0.000   0   30.73  240.6   11.8      --
 17  07/09/2020  1600    79.3   44.6    10.1     0.000   0   29.39  244.8   12.6  no_inv
 18  07/09/2020  1700    79.7   44.0    11.9     0.000   0   28.32  267.3   11.5      --
 19  07/09/2020  1800    79.8   43.5    13.8     0.000   0   27.66  290.3   12.3      --
 20  07/09/2020  1900    77.5   43.1    15.6     0.000   0   29.40  308.1   14.8      --
 21  07/09/2020  2000    73.8   43.4    17.5     0.000   0   33.69  320.0   18.2      --
 22  07/09/2020  2100    70.1   43.9    19.3     0.000   0   38.86  327.9   22.2      --
 23  07/09/2020  2200    66.4   44.4    21.1     0.000   0   44.97  333.4   26.4    2123
 24  07/09/2020  2300    62.2   44.9    18.4     0.000   0   53.10  329.4   22.9      --
 25  07/10/2020  0000    59.6   45.3    15.7     0.000   0   59.25  324.0   19.4      --
 26  07/10/2020  0100    57.3   45.7    13.0     0.000   0   65.09  316.4   16.3      --
 27  07/10/2020  0200    55.6   47.3    10.2     0.000   0   73.75  305.5   13.5      --
 28  07/10/2020  0300    54.3   47.5     7.5     0.000   0   77.76  289.8   11.5      --
 29  07/10/2020  0400    53.5   47.1     4.8     0.000   0   78.82  269.7   10.6  no_inv
 30  07/10/2020  0500    53.1   46.6     5.2     0.000   0   78.56  262.4   10.2      --
 31  07/10/2020  0600    53.5   46.9     4.1     0.000   0   78.11  254.6    9.9      --
 32  07/10/2020  0700    55.0   45.9     5.2     0.000   0   71.27  246.7    9.9      --
 33  07/10/2020  0800    57.8   45.0     6.3     0.000   0   62.35  238.8   10.1      --
 34  07/10/2020  0900    61.3   44.5     6.6     0.000   0   53.83  231.3   10.4      --
 35  07/10/2020  1000    65.5   43.8     7.0     0.000   0   45.45  224.4   10.9    5482
 36  07/10/2020  1100    69.9   43.2     6.3     0.000   0   38.09  223.1   10.1      --
 37  07/10/2020  1200    75.3   42.6     5.6     0.000   0   31.05  221.7    9.4      --
 38  07/10/2020  1300    79.3   42.1     5.0     0.000   0   26.69  219.9    8.6      --
 39  07/10/2020  1400    81.3   41.7     4.3     0.000   0   24.63  217.9    7.9      --
 40  07/10/2020  1500    82.2   41.5     3.6     0.000   0   23.66  215.5    7.2      --
 41  07/10/2020  1600    82.7   41.4     2.9     0.000   0   23.23  212.5    6.5    7257
 42  07/10/2020  1700    82.8   41.4     3.2     0.000   0   23.18  200.6    6.4      --
 43  07/10/2020  1800    81.6   41.4     3.6     0.000   0   24.06  188.9    6.6      --
 44  07/10/2020  1900    77.4   41.2     3.9     0.000   0   27.42  178.4    7.1      --
 45  07/10/2020  2000    71.8   41.7     4.2     0.000   0   33.70  169.4    7.8      --
 46  07/10/2020  2100    63.8   42.7     2.6     0.000   0   46.10  162.0    8.6      --
 47  07/10/2020  2200    55.8   43.1     2.0     0.000   0   62.14  156.0    9.5  no_inv
 48  07/10/2020  2300    50.1   43.0     2.0     0.000   0   76.54  157.2    9.0      --
 49  07/11/2020  0000    48.4   43.0     2.1     0.000   0   81.22  158.5    8.5      --
 50  07/11/2020  0100    47.0   42.9     2.1     0.000   0   85.38  159.9    8.0      --
 51  07/11/2020  0200    46.1   42.8     2.1     0.000   5   88.12  161.6    7.5      --
 52  07/11/2020  0300    45.2   42.8     2.1     0.000  10   90.92  163.5    7.0      --
 53  07/11/2020  0400    44.4   42.5     2.0     0.000  10   93.06  165.6    6.6  no_inv
 54  07/11/2020  0500    44.0   42.1     2.3     0.000  10   93.19  169.3    6.1      --
 55  07/11/2020  0600    45.5   42.3     2.5     0.000  10   88.49  173.5    5.7      --
 56  07/11/2020  0700    49.6   42.7     2.7     0.000   5   77.10  178.3    5.4      --
 57  07/11/2020  0800    55.9   43.7     2.5     0.000   0   63.42  183.7    5.1      --
 58  07/11/2020  0900    63.7   44.8     2.3     0.000   0   50.18  189.8    4.8      --
 59  07/11/2020  1000    71.7   45.5     2.1     0.000   0   39.19  196.5    4.6  no_inv
 60  07/11/2020  1100    79.3   46.5     3.5     0.000   0   31.48  208.4    5.9      --
 61  07/11/2020  1200    84.5   46.7     5.0     0.000   0   26.87  215.9    7.3      --
 62  07/11/2020  1300    88.1   45.8     6.5     0.000   0   23.11  220.8    8.8      --
 63  07/11/2020  1400    89.9   44.6     7.9     0.000   0   20.90  224.3   10.4      --
 64  07/11/2020  1500    90.8   43.5     9.4     0.000   0   19.49  226.9   12.0      --
 65  07/11/2020  1600    91.2   42.5    10.9     0.000   0   18.52  228.9   13.6  no_inv
 66  07/11/2020  1700    91.3   42.4    11.2     0.000   0   18.40  238.8   13.1      --
 67  07/11/2020  1800    90.2   42.3    11.5     0.000   0   19.03  249.1   12.9      --
 68  07/11/2020  1900    85.0   41.8    11.9     0.000   0   21.95  259.4   13.3      --
 69  07/11/2020  2000    77.1   41.7    12.2     0.000   0   28.32  268.8   14.0      --
 70  07/11/2020  2100    69.2   41.9    12.6     0.000   0   37.10  277.2   15.0      --
 71  07/11/2020  2200    61.3   42.1    12.9     0.000   0   49.33  284.3   16.4     701
 72  07/11/2020  2300    56.5   44.0    11.7     0.000   0   62.86  282.7   15.8      --
 73  07/12/2020  0000    54.3   44.7    10.6     0.000   0   69.96  280.9   15.1      --
 74  07/12/2020  0100    52.2   45.2     9.4     0.000   0   77.10  279.0   14.6      --
 75  07/12/2020  0200    50.2   45.5     8.2     0.000   0   83.77  277.0   14.0      --
 76  07/12/2020  0300    48.4   45.1     7.0     0.000   0   88.40  274.7   13.4      --
 77  07/12/2020  0400    46.9   44.8     5.9     0.000   5   92.12  272.3   12.9     775
 78  07/12/2020  0500    46.3   45.0     6.8     0.000  10   95.19  269.9   13.1      --
 79  07/12/2020  0600    47.0   45.2     7.7     0.000   5   93.19  267.5   13.3      --
 80  07/12/2020  0700    49.0   42.9     8.6     0.000   0   79.39  265.3   13.6      --
 81  07/12/2020  0800    52.2   42.3     9.5     0.000   0   69.03  263.1   13.8      --
 82  07/12/2020  0900    56.4   41.6    10.4     0.000   0   57.56  261.0   14.1      --
 83  07/12/2020  1000    61.4   40.9    11.3     0.000   0   46.90  259.0   14.4    7519
 84  07/12/2020  1100    66.7   40.2    11.5     0.000   0   37.98  262.8   14.5      --
 85  07/12/2020  1200    72.1   39.6    11.7     0.000   0   30.78  266.6   14.7      --
 86  07/12/2020  1300    75.8   39.5    12.0     0.000   0   26.99  270.3   14.9      --
 87  07/12/2020  1400    77.6   39.6    12.2     0.000   0   25.60  273.9   15.2      --
 88  07/12/2020  1500    78.4   39.8    12.4     0.000   0   25.13  277.4   15.5      --
 89  07/12/2020  1600    78.8   40.1    12.6     0.000   0   25.16  280.6   15.9  no_inv
 90  07/12/2020  1700    78.7   40.1    12.8     0.000   0   25.21  289.2   15.7      --
 91  07/12/2020  1800    76.6   39.7    12.9     0.000   0   26.57  297.9   15.8      --
 92  07/12/2020  1900    71.4   39.2    13.0     0.000   0   31.13  306.2   16.3      --
 93  07/12/2020  2000    65.6   38.9    13.1     0.000   0   37.35  313.9   17.1      --
 94  07/12/2020  2100    59.9   38.5    13.2     0.000   0   45.08  320.9   18.1      --
 95  07/12/2020  2200    54.2   38.2    13.3     0.000   0   54.74  327.0   19.4     720
 96  07/12/2020  2300    51.0   38.2    12.4     0.000   0   61.35  321.0   17.9      --
 97  07/13/2020  0000    49.5   39.7    11.5     0.000   0   68.87  314.0   16.5      --
 98  07/13/2020  0100    47.9   40.0    10.6     0.000   0   73.99  305.9   15.5      --
 99  07/13/2020  0200    46.3   40.2     9.7     0.000   0   79.11  296.9   14.8      --
100  07/13/2020  0300    44.9   40.2     8.8     0.000   0   83.54  287.2   14.5      --
101  07/13/2020  0400    43.6   40.2     7.9     0.000   0   87.68  277.4   14.6      13
102  07/13/2020  0500    43.0   40.2     7.4     0.000   0   89.91  273.5   13.5      --
103  07/13/2020  0600    43.9   40.1     6.9     0.000   0   86.38  269.0   12.5      --
104  07/13/2020  0700    46.2   37.4     6.5     0.000   0   71.14  263.8   11.6      --
105  07/13/2020  0800    49.9   36.8     6.0     0.000   0   60.45  257.7   10.8      --
106  07/13/2020  0900    54.8   36.0     5.5     0.000   0   49.04  250.8   10.2      --
107  07/13/2020  1000    60.4   35.3     5.0     0.000   0   38.87  243.0    9.7    6419
108  07/13/2020  1100    66.1   34.5     6.3     0.000   0   30.95  243.7   10.8      --
109  07/13/2020  1200    71.5   33.8     7.6     0.000   0   24.98  244.2   11.8      --
110  07/13/2020  1300    75.4   33.9     8.9     0.000   0   21.98  244.7   12.9      --
111  07/13/2020  1400    77.4   34.2    10.3     0.000   0   20.91  245.0   14.0      --
112  07/13/2020  1500    78.3   34.4    11.6     0.000   0   20.36  245.4   15.1      --
113  07/13/2020  1600    78.8   34.2    12.9     0.000   0   19.91  245.6   16.1    8952
114  07/13/2020  1700    78.8   33.2    14.8     0.000   0   19.06  262.9   15.9      --
115  07/13/2020  1800    77.7   32.8    16.7     0.000   0   19.53  279.1   17.1      --
116  07/13/2020  1900    73.7   33.4    18.6     0.000   0   22.83  292.3   19.5      --
117  07/13/2020  2000    68.6   34.2    20.5     0.000   0   27.96  302.3   22.6      --
118  07/13/2020  2100    63.6   35.1    22.3     0.000   0   34.52  309.6   26.3      --
119  07/13/2020  2200    58.5   36.0    24.2     0.000   0   42.91  315.1   30.3     624
120  07/13/2020  2300    54.7   37.0    20.9     0.000   0   51.21  313.8   26.6      --
121  07/14/2020  0000    52.7   37.9    17.6     0.000   0   57.06  312.0   23.0      --
122  07/14/2020  0100    50.8   38.7    14.3     0.000   0   62.99  309.5   19.4      --
123  07/14/2020  0200    49.1   40.4    11.0     0.000   0   71.66  306.0   15.9      --
124  07/14/2020  0300    47.8   40.5     7.7     0.000   0   75.99  300.4   12.4      --
125  07/14/2020  0400    46.4   37.4     2.7     0.000   0   70.77  290.8    9.2  no_inv
126  07/14/2020  0500    46.0   36.7     3.2     0.000   0   69.80  282.9    8.5      --
127  07/14/2020  0600    46.9   37.3     3.6     0.000   0   69.11  273.7    7.9      --
128  07/14/2020  0700    49.3   38.9     4.0     0.000   0   67.08  263.4    7.6      --
129  07/14/2020  0800    53.3   40.6     3.9     0.000   0   62.13  252.6    7.5      --
130  07/14/2020  0900    58.4   42.7     3.8     0.000   0   55.78  242.0    7.7      --
131  07/14/2020  1000    64.3   44.5     3.7     0.000   0   48.62  232.2    8.2    3769
132  07/14/2020  1100    70.2   45.8     3.5     0.000   0   41.70  230.0    7.8      --
133  07/14/2020  1200    75.7   46.2     3.4     0.000   0   35.21  227.6    7.4      --
134  07/14/2020  1300    79.7   46.2     3.2     0.000   0   30.89  224.9    7.1      --
135  07/14/2020  1400    81.7   45.4     3.1     0.000   0   28.03  221.9    6.7      --
136  07/14/2020  1500    82.7   43.2     2.9     0.000   0   24.98  218.6    6.4      --
137  07/14/2020  1600    83.1   40.5     2.8     0.000   0   22.15  215.0    6.1  no_inv
138  07/14/2020  1700    83.2   38.3     3.5     0.000   0   20.27  234.5    5.4      --
139  07/14/2020  1800    82.1   37.5     4.3     0.000   0   20.34  256.1    5.5      --
140  07/14/2020  1900    77.6   33.8     5.1     0.000   0   20.38  274.6    6.3      --
141  07/14/2020  2000    71.5   39.2     5.8     0.000   0   30.97  287.9    7.6      --
142  07/14/2020  2100    65.3   38.7     6.6     0.000   0   37.38  297.0    9.2      --
143  07/14/2020  2200    59.2   36.6     7.4     0.000   0   42.79  303.4   10.9  no_inv
144  07/14/2020  2300    54.8   37.7     6.8     0.000   0   52.44  305.2   10.6      --
145  07/15/2020  0000    51.7   40.2     5.7     0.000   0   64.77  307.1   10.2      --
146  07/15/2020  0100    48.7   42.2     4.3     0.000   0   78.33  309.1    9.9      --
147  07/15/2020  0200    46.5   43.9     3.1     0.000   5   90.50  311.3    9.6      --
148  07/15/2020  0300    45.2   43.6     2.1     0.000  10   94.13  313.7    9.3      --
149  07/15/2020  0400    44.5   43.4     1.2     0.000  10   95.75  316.2    9.0  no_inv
150  07/15/2020  0500    44.4   43.1     2.4     0.000  10   95.16  299.8    7.2      --
151  07/15/2020  0600    45.2   43.3     3.9     0.000  10   93.03  275.9    6.2      --
152  07/15/2020  0700    48.1   41.5     5.8     0.000   5   77.66  249.6    6.6      --
153  07/15/2020  0800    54.2   41.1     8.2     0.000   0   61.09  229.7    8.1      --
154  07/15/2020  0900    60.9   42.0     9.1     0.000   0   49.71  216.9   10.2      --
155  07/15/2020  1000    68.2   42.7    10.1     0.000   0   39.51  208.9   12.7  no_inv
156  07/15/2020  1100    75.0   43.5     9.0     0.000   0   32.42  210.9   11.6      --
157  07/15/2020  1200    80.2   43.8     7.8     0.000   0   27.69  213.2   10.6      --
158  07/15/2020  1300    83.7   42.6     6.7     0.000   0   23.59  216.1    9.7      --
159  07/15/2020  1400    85.5   41.1     5.5     0.000   0   21.01  219.6    8.7      --
160  07/15/2020  1500    86.4   39.6     4.3     0.000   0   19.28  223.9    7.8      --
161  07/15/2020  1600    86.8   38.8     3.2     0.000   0   18.46  229.3    7.0  no_inv
162  07/15/2020  1700    86.9   38.8     5.4     0.000   0   18.43  260.6    6.6      --
163  07/15/2020  1800    85.7   38.6     7.6     0.000   0   18.98  287.1    8.1      --
164  07/15/2020  1900    81.6   37.5     9.9     0.000   0   20.66  303.0   10.8      --
165  07/15/2020  2000    76.3   36.3    12.1     0.000   0   23.47  312.3   13.9      --
166  07/15/2020  2100    71.1   35.6    14.3     0.000   0   27.26  318.0   17.2      --
167  07/15/2020  2200    65.8   35.4    16.6     0.000   0   32.43  321.9   20.7  no_inv
