  Generated by FoxLW on Tuesday June 30, 2020 at 09:25 PDT
-------------------------------------------------------------------------------
  WSU Tri-Cities
  46.3300:-119.2700  (46 19' 48.00"N  119 16' 12.00"W)  elev 397.0 feet    file: 100148
-------------------------------------------------------------------------------

Line#   Date     Hour   TempF  DewPtF WS(mph)  Rain(in) LW    RH%  WDir_50m WS_50m Inv(ft)
  5  06/30/2020  0400    55.9   45.9    14.4     0.000   0   69.01  259.9   18.0     598
  6  06/30/2020  0500    55.6   45.8    13.9     0.000   0   69.49  257.1   17.3      --
  7  06/30/2020  0600    56.4   45.5    13.5     0.000   0   66.84  254.0   16.7      --
  8  06/30/2020  0700    58.1   45.0    13.1     0.000   0   61.72  250.8   16.1      --
  9  06/30/2020  0800    60.8   44.4    12.7     0.000   0   54.74  247.3   15.6      --
 10  06/30/2020  0900    64.3   43.7    12.2     0.000   0   47.14  243.6   15.1      --
 11  06/30/2020  1000    68.1   42.9    11.8     0.000   0   40.15  239.7   14.8   10538
 12  06/30/2020  1100    71.5   42.2    12.6     0.000   0   34.68  254.2   13.4      --
 13  06/30/2020  1200    74.1   41.4    13.4     0.000   0   30.86  270.6   13.1      --
 14  06/30/2020  1300    76.0   41.0    14.2     0.000   0   28.50  286.4   13.9      --
 15  06/30/2020  1400    76.9   40.6    15.0     0.000   0   27.21  299.6   15.6      --
 16  06/30/2020  1500    77.5   40.1    15.8     0.000   0   26.22  309.9   17.9      --
 17  06/30/2020  1600    77.9   40.0    16.5     0.000   0   25.74  317.6   20.7   11513
 18  06/30/2020  1700    77.9   40.1    15.7     0.000   0   25.90  316.2   19.6      --
 19  06/30/2020  1800    75.8   40.4    14.8     0.000   0   28.08  314.7   18.5      --
 20  06/30/2020  1900    71.0   40.5    14.0     0.000   0   33.08  312.9   17.4      --
 21  06/30/2020  2000    66.2   40.4    13.1     0.000   0   38.81  310.9   16.3      --
 22  06/30/2020  2100    61.5   40.1    12.3     0.000   0   45.36  308.7   15.3      --
 23  06/30/2020  2200    56.7   41.2    11.4     0.000   0   56.08  306.1   14.3    8580
 24  06/30/2020  2300    55.6   41.0    11.9     0.000   0   57.97  294.3   13.5      --
 25  07/01/2020  0000    55.6   39.7    12.5     0.000   0   54.99  281.5   13.3      --
 26  07/01/2020  0100    54.7   39.7    13.0     0.000   0   56.85  269.1   13.8      --
 27  07/01/2020  0200    53.5   39.7    13.6     0.000   0   59.18  258.0   14.8      --
 28  07/01/2020  0300    52.4   39.6    14.1     0.000   0   61.69  248.6   16.4      --
 29  07/01/2020  0400    51.3   39.6    14.6     0.000   0   64.16  241.0   18.3    7637
 30  07/01/2020  0500    50.9   39.6    14.3     0.000   0   65.06  240.6   17.8      --
 31  07/01/2020  0600    51.1   39.5    13.9     0.000   0   64.38  240.2   17.4      --
 32  07/01/2020  0700    52.0   39.5    13.6     0.000   0   62.27  239.8   17.0      --
 33  07/01/2020  0800    53.5   39.5    13.2     0.000   0   58.79  239.3   16.6      --
 34  07/01/2020  0900    55.7   39.4    12.9     0.000   0   54.20  238.8   16.1      --
 35  07/01/2020  1000    58.5   39.4    12.6     0.000   0   48.97  238.3   15.7    8549
 36  07/01/2020  1100    63.5   39.3    11.2     0.000   0   40.95  241.0   14.5      --
 37  07/01/2020  1200    69.9   39.3     9.9     0.000   0   32.77  244.1   13.3      --
 38  07/01/2020  1300    74.1   39.8     8.6     0.000   0   29.03  247.9   12.2      --
 39  07/01/2020  1400    75.9   40.3     7.3     0.000   0   27.90  252.4   11.2      --
 40  07/01/2020  1500    76.5   40.8     6.0     0.000   0   27.84  257.7   10.2      --
 41  07/01/2020  1600    76.2   41.3     4.6     0.000   0   28.70  264.2    9.3   10456
 42  07/01/2020  1700    74.1   41.3     4.8     0.000   0   30.84  265.3    9.4      --
 43  07/01/2020  1800    69.9   41.1     5.0     0.000   0   35.17  266.4    9.5      --
 44  07/01/2020  1900    65.3   41.2     5.1     0.000   0   41.30  267.4    9.5      --
 45  07/01/2020  2000    60.8   40.8     5.3     0.000   0   47.70  268.5    9.6      --
 46  07/01/2020  2100    56.2   41.1     5.5     0.000   0   56.77  269.5    9.7      --
 47  07/01/2020  2200    51.7   41.3     5.5     0.000   0   67.47  270.5    9.8    7471
 48  07/01/2020  2300    50.9   41.8     5.9     0.000   0   70.94  262.7   10.0      --
 49  07/02/2020  0000    50.9   42.1     6.1     0.000   0   71.72  255.4   10.4      --
 50  07/02/2020  0100    51.7   42.3     6.3     0.000   0   70.37  248.7   11.0      --
 51  07/02/2020  0200    51.9   42.5     6.6     0.000   0   70.14  242.7   11.7      --
 52  07/02/2020  0300    51.8   42.6     6.8     0.000   0   70.78  237.5   12.5      --
 53  07/02/2020  0400    51.3   42.6     7.1     0.000   0   72.14  232.9   13.4     909
 54  07/02/2020  0500    50.9   42.7     7.4     0.000   0   73.52  228.9   13.0      --
 55  07/02/2020  0600    51.3   42.7     7.8     0.000   0   72.13  224.7   12.6      --
 56  07/02/2020  0700    52.6   40.4     8.2     0.000   0   63.11  220.2   12.4      --
 57  07/02/2020  0800    54.6   40.0     8.6     0.000   0   57.63  215.6   12.2      --
 58  07/02/2020  0900    57.4   39.5     9.0     0.000   0   51.20  210.9   12.0      --
 59  07/02/2020  1000    60.9   39.2     9.4     0.000   0   44.52  206.0   12.0    6050
 60  07/02/2020  1100    64.9   38.8     8.8     0.000   0   38.20  204.9   11.7      --
 61  07/02/2020  1200    71.3   38.5     8.3     0.000   0   30.36  203.7   11.4      --
 62  07/02/2020  1300    76.4   39.0     7.7     0.000   0   26.01  202.4   11.1      --
 63  07/02/2020  1400    79.1   39.5     7.1     0.000   0   24.31  201.0   10.8      --
 64  07/02/2020  1500    80.4   40.2     6.6     0.000   0   23.89  199.6   10.5      --
 65  07/02/2020  1600    81.2   40.9     6.0     0.000   0   23.99  198.1   10.2    7842
 66  07/02/2020  1700    81.4   40.9     6.0     0.000   0   23.80  199.0   10.2      --
 67  07/02/2020  1800    80.5   40.4     6.1     0.000   0   24.00  199.9   10.2      --
 68  07/02/2020  1900    76.8   39.9     6.1     0.000   0   26.67  200.9   10.2      --
 69  07/02/2020  2000    72.3   40.3     6.2     0.000   0   31.34  201.8   10.3      --
 70  07/02/2020  2100    67.9   40.4     6.2     0.000   0   36.62  202.7   10.3      --
 71  07/02/2020  2200    63.5   40.6     6.3     0.000   0   43.07  203.7   10.3  no_inv
 72  07/02/2020  2300    60.1   41.5     7.3     0.000   0   50.32  221.2    7.8      --
 73  07/03/2020  0000    58.3   42.4     8.4     0.000   0   55.35  249.7    6.5      --
 74  07/03/2020  0100    56.7   42.7     9.5     0.000   0   59.48  280.6    7.2      --
 75  07/03/2020  0200    55.2   42.8    10.5     0.000   0   62.92  301.3    9.5      --
 76  07/03/2020  0300    54.0   42.6    11.6     0.000   0   65.31  313.2   12.5      --
 77  07/03/2020  0400    53.0   41.2    12.6     0.000   0   64.01  320.3   15.8     667
 78  07/03/2020  0500    52.5   42.4    10.9     0.000   0   68.43  317.1   12.9      --
 79  07/03/2020  0600    53.5   42.3     9.1     0.000   0   65.72  312.1   10.1      --
 80  07/03/2020  0700    55.6   39.2     7.3     0.000   0   54.01  303.6    7.5      --
 81  07/03/2020  0800    59.0   37.9     5.6     0.000   0   45.25  286.5    5.2      --
 82  07/03/2020  0900    63.6   36.3     3.8     0.000   0   36.17  251.8    3.9      --
 83  07/03/2020  1000    68.9   34.6     2.1     0.000   0   28.18  211.6    4.6    5347
 84  07/03/2020  1100    74.3   32.9     2.8     0.000   0   21.93  211.2    5.5      --
 85  07/03/2020  1200    80.0   31.3     3.5     0.000   0   17.00  211.0    6.5      --
 86  07/03/2020  1300    84.2   29.9     4.2     0.000   0   14.05  210.8    7.5      --
 87  07/03/2020  1400    86.4   28.9     5.0     0.000   0   12.57  210.6    8.5      --
 88  07/03/2020  1500    87.4   28.2     5.7     0.000   0   11.84  210.5    9.4      --
 89  07/03/2020  1600    87.9   28.0     6.4     0.000   0   11.53  210.4   10.4  no_inv
 90  07/03/2020  1700    88.1   28.2     8.9     0.000   0   11.58  240.4    8.1      --
 91  07/03/2020  1800    87.1   28.8    11.3     0.000   0   12.24  276.1    8.9      --
 92  07/03/2020  1900    83.4   29.7    13.7     0.000   0   14.31  299.0   12.2      --
 93  07/03/2020  2000    78.9   31.0    16.2     0.000   0   17.40  311.1   16.6      --
 94  07/03/2020  2100    74.5   32.4    18.6     0.000   0   21.37  318.0   21.3      --
 95  07/03/2020  2200    70.0   33.9    21.0     0.000   0   26.44  322.4   26.3    2238
 96  07/03/2020  2300    64.8   35.5    18.3     0.000   0   33.60  318.1   22.2      --
 97  07/04/2020  0000    61.5   36.9    15.5     0.000   0   39.96  312.0   18.3      --
 98  07/04/2020  0100    58.5   38.1    12.8     0.000   0   46.64  302.6   14.7      --
 99  07/04/2020  0200    55.9   40.4    10.0     0.000   0   55.87  288.0   11.7      --
100  07/04/2020  0300    53.4   36.8     5.5     0.000   0   53.26  266.1    9.9      --
101  07/04/2020  0400    52.2   34.0     2.9     0.000   0   49.75  240.2   10.0     108
102  07/04/2020  0500    51.8   32.5     3.2     0.000   0   47.50  234.3    8.1      --
103  07/04/2020  0600    52.8   32.8     3.4     0.000   0   46.25  225.1    6.4      --
104  07/04/2020  0700    55.5   38.2     3.4     0.000   0   52.00  209.9    5.0      --
105  07/04/2020  0800    59.5   39.2     3.1     0.000   0   46.94  185.6    4.1      --
106  07/04/2020  0900    64.8   40.5     2.7     0.000   0   40.98  156.5    4.2      --
107  07/04/2020  1000    70.8   43.4     2.4     0.000   0   37.22  134.1    5.2    4676
108  07/04/2020  1100    76.8   45.4     2.1     0.000   0   32.82  134.5    4.7      --
109  07/04/2020  1200    82.7   46.1     1.9     0.000   0   27.80  135.1    4.2      --
110  07/04/2020  1300    87.0   46.1     1.6     0.000   0   24.26  135.7    3.6      --
111  07/04/2020  1400    89.2   45.5     1.4     0.000   0   22.18  136.6    3.1      --
112  07/04/2020  1500    90.2   44.1     1.2     0.000   0   20.33  137.9    2.6      --
113  07/04/2020  1600    90.8   42.4     0.9     0.000   0   18.67  139.8    2.0  no_inv
114  07/04/2020  1700    91.0   41.0     1.7     0.000   0   17.59   43.2    0.1      --
115  07/04/2020  1800    90.0   40.4     2.6     0.000   0   17.75  324.0    2.1      --
116  07/04/2020  1900    86.1   38.2     3.4     0.000   0   18.39  323.0    4.1      --
117  07/04/2020  2000    81.1   43.6     4.2     0.000   0   26.64  322.6    6.2      --
118  07/04/2020  2100    76.1   43.7     5.0     0.000   0   31.52  322.5    8.2      --
119  07/04/2020  2200    71.0   43.2     5.8     0.000   0   36.67  322.4   10.3     641
120  07/04/2020  2300    65.8   43.7     5.4     0.000   0   44.76  310.0    8.6      --
121  07/05/2020  0000    62.5   44.0     4.9     0.000   0   50.60  292.6    7.4      --
122  07/05/2020  0100    59.8   44.1     4.5     0.000   0   56.00  271.7    7.1      --
123  07/05/2020  0200    57.9   44.3     4.1     0.000   0   60.49  251.8    7.8      --
124  07/05/2020  0300    56.5   44.4     3.6     0.000   0   64.03  236.5    9.2      --
125  07/05/2020  0400    55.6   44.6     3.2     0.000   0   66.53  225.8   11.1     102
126  07/05/2020  0500    55.2   44.3     3.7     0.000   0   66.58  224.6   10.8      --
127  07/05/2020  0600    56.2   44.2     4.2     0.000   0   63.96  223.2   10.4      --
128  07/05/2020  0700    58.9   44.6     4.6     0.000   0   59.05  221.7   10.0      --
129  07/05/2020  0800    62.9   45.6     4.4     0.000   0   53.20  220.1    9.7      --
130  07/05/2020  0900    68.2   46.7     4.2     0.000   0   46.20  218.4    9.3      --
131  07/05/2020  1000    74.2   47.7     4.1     0.000   0   39.19  216.6    9.0    5492
132  07/05/2020  1100    80.1   48.4     4.9     0.000   0   33.06  215.5    9.5      --
133  07/05/2020  1200    85.8   48.7     5.7     0.000   0   27.78  214.6    9.9      --
134  07/05/2020  1300    89.8   45.8     6.5     0.000   0   21.93  213.7   10.4      --
135  07/05/2020  1400    91.9   42.4     7.3     0.000   0   18.07  212.9   10.8      --
136  07/05/2020  1500    92.9   39.1     8.1     0.000   0   15.42  212.1   11.3      --
137  07/05/2020  1600    93.5   37.2     8.9     0.000   0   14.07  211.5   11.8  no_inv
138  07/05/2020  1700    93.6   36.5    11.1     0.000   0   13.62  239.3    9.0      --
139  07/05/2020  1800    92.6   35.4    13.3     0.000   0   13.45  275.1    9.4      --
140  07/05/2020  1900    88.8   34.8    15.5     0.000   0   14.79  299.8   12.6      --
141  07/05/2020  2000    84.0   35.8    17.7     0.000   0   17.92  313.0   17.2      --
142  07/05/2020  2100    79.2   37.1    19.8     0.000   0   22.04  320.5   22.2      --
143  07/05/2020  2200    74.4   38.5    22.0     0.000   0   27.29  325.1   27.5    1441
144  07/05/2020  2300    68.9   39.8    19.0     0.000   0   34.69  323.0   24.1      --
145  07/06/2020  0000    65.3   41.1    16.1     0.000   0   41.17  320.1   20.8      --
146  07/06/2020  0100    62.2   42.2    13.1     0.000   0   47.97  316.1   17.5      --
147  07/06/2020  0200    59.5   44.4    10.1     0.000   0   57.23  310.4   14.3      --
148  07/06/2020  0300    57.4   44.2     7.1     0.000   0   61.29  301.5   11.4      --
149  07/06/2020  0400    55.7   45.3     2.7     0.000   0   68.09  287.2    8.9  no_inv
150  07/06/2020  0500    55.3   43.9     2.9     0.000   0   65.50  282.9    7.6      --
151  07/06/2020  0600    56.2   43.4     2.9     0.000   0   62.16  276.9    6.3      --
152  07/06/2020  0700    58.7   43.7     2.8     0.000   0   57.61  267.8    5.1      --
153  07/06/2020  0800    62.4   45.3     2.4     0.000   0   53.61  253.8    4.1      --
154  07/06/2020  0900    67.2   47.1     2.0     0.000   0   48.32  233.2    3.5      --
155  07/06/2020  1000    72.8   48.6     1.5     0.000   0   42.47  208.3    3.4    5340
156  07/06/2020  1100    78.3   49.7     2.6     0.000   0   36.86  222.9    4.5      --
157  07/06/2020  1200    83.6   50.1     3.7     0.000   0   31.49  231.7    5.7      --
158  07/06/2020  1300    87.3   46.5     4.7     0.000   0   24.41  237.2    7.0      --
159  07/06/2020  1400    89.2   42.2     5.8     0.000   0   19.53  241.0    8.4      --
160  07/06/2020  1500    90.1   38.1     6.8     0.000   0   16.16  243.7    9.8      --
161  07/06/2020  1600    90.5   35.7     7.9     0.000   0   14.52  245.8   11.2  no_inv
162  07/06/2020  1700    90.6   35.5    10.3     0.000   0   14.36  268.8   11.5      --
163  07/06/2020  1800    89.6   33.5    12.7     0.000   0   13.71  287.8   13.4      --
164  07/06/2020  1900    86.0   31.3    15.1     0.000   0   14.05  301.0   16.4      --
165  07/06/2020  2000    81.5   30.9    17.6     0.000   0   15.94  309.8   20.0      --
166  07/06/2020  2100    77.0   30.9    20.0     0.000   0   18.45  315.8   23.9      --
167  07/06/2020  2200    72.6   30.9    22.4     0.000   0   21.41  320.1   28.0    1351
