  Generated by FoxLW on Tuesday May 5, 2020 at 04:52 PDT
-------------------------------------------------------------------------------
  WSU Prosser
  46.2600:-119.7400  (46 15' 36.00"N  119 44' 24.00"W)  elev 928.5 feet    file: 300033
-------------------------------------------------------------------------------

Line#   Date     Hour   TempF  DewPtF WS(mph)  Rain(in) LW    RH%  WDir_50m WS_50m Inv(ft)
  5  05/05/2020  0400    52.1   42.9     4.4     0.000   0   70.86  298.8    9.6     529
  6  05/05/2020  0500    51.6   42.9     3.9     0.000   0   71.98  297.1    8.4      --
  7  05/05/2020  0600    51.6   42.6     3.4     0.000   0   71.27  294.8    7.2      --
  8  05/05/2020  0700    52.1   42.2     2.8     0.000   0   68.97  291.6    6.0      --
  9  05/05/2020  0800    53.1   39.7     2.3     0.000   0   60.39  286.9    4.8      --
 10  05/05/2020  0900    54.6   39.2     1.8     0.000   0   55.90  279.2    3.7      --
 11  05/05/2020  1000    56.6   38.5     1.2     0.000   0   50.77  265.5    2.7  no_inv
 12  05/05/2020  1100    59.3   37.9     1.4     0.000   0   44.98  281.0    1.5      --
 13  05/05/2020  1200    64.9   37.3     1.6     0.000   0   36.10  337.8    0.9      --
 14  05/05/2020  1300    69.8   36.8     1.8     0.000   0   29.84   33.2    1.6      --
 15  05/05/2020  1400    72.5   36.5     2.0     0.000   0   26.88   48.3    2.8      --
 16  05/05/2020  1500    73.8   36.2     2.2     0.000   0   25.44   54.2    4.0      --
 17  05/05/2020  1600    74.5   36.1     2.4     0.000   0   24.78   57.3    5.3  no_inv
 18  05/05/2020  1700    74.7   36.3     4.7     0.000   0   24.77   10.8    4.2      --
 19  05/05/2020  1800    73.1   36.6     7.0     0.000   0   26.44  331.6    6.1      --
 20  05/05/2020  1900    69.9   39.1     9.3     0.000   0   32.54  315.1    9.3      --
 21  05/05/2020  2000    66.9   39.3    11.6     0.000   0   36.30  307.5   12.9      --
 22  05/05/2020  2100    61.5   41.1    13.9     0.000   0   47.07  303.1   16.6      --
 23  05/05/2020  2200    61.0   46.5    16.2     0.010   0   58.99  300.4   20.4    2427
 24  05/05/2020  2300    57.5   51.6    14.3     0.030   0   80.87  294.7   17.5      --
 25  05/06/2020  0000    55.1   49.3    12.4     0.020   0   80.84  286.9   14.9      --
 26  05/06/2020  0100    52.9   47.0    10.5     0.000   0   80.31  276.0   12.6      --
 27  05/06/2020  0200    51.0   45.1     8.6     0.000   0   80.04  261.2   11.0      --
 28  05/06/2020  0300    49.5   41.8     6.8     0.000   0   74.91  243.0   10.3      --
 29  05/06/2020  0400    48.3   47.2     4.9     0.100  10   96.27  224.4   10.7    4772
 30  05/06/2020  0500    47.0   43.5     7.3     0.000   5   87.39  241.6   11.6      --
 31  05/06/2020  0600    47.5   43.9     9.7     0.010   0   87.42  255.5   13.3      --
 32  05/06/2020  0700    46.1   42.5    12.1     0.000   0   87.07  265.7   15.6      --
 33  05/06/2020  0800    45.7   41.8    14.5     0.000   0   86.29  273.2   18.2      --
 34  05/06/2020  0900    45.7   41.0    16.9     0.000   0   83.62  278.7   21.1      --
 35  05/06/2020  1000    51.3   35.6    19.3     0.000   0   54.75  282.8   24.2  no_inv
 36  05/06/2020  1100    53.2   30.8    19.7     0.000   0   42.23  283.1   24.6      --
 37  05/06/2020  1200    57.4   28.5    20.1     0.000   0   32.95  283.5   25.1      --
 38  05/06/2020  1300    61.0   26.5    20.4     0.000   0   26.63  283.8   25.5      --
 39  05/06/2020  1400    63.0   25.0    20.8     0.000   0   23.36  284.1   26.0      --
 40  05/06/2020  1500    63.8   24.0    21.2     0.000   0   21.78  284.4   26.5      --
 41  05/06/2020  1600    64.2   23.7    21.5     0.000   0   21.20  284.7   26.9  no_inv
 42  05/06/2020  1700    64.2   23.7    21.0     0.000   0   21.22  283.4   26.2      --
 43  05/06/2020  1800    63.0   23.7    20.4     0.000   0   22.13  282.1   25.5      --
 44  05/06/2020  1900    60.0   23.8    19.9     0.000   0   24.67  280.8   24.8      --
 45  05/06/2020  2000    57.0   23.8    19.3     0.000   0   27.54  279.3   24.1      --
 46  05/06/2020  2100    54.0   23.9    18.8     0.000   0   30.80  277.8   23.4      --
 47  05/06/2020  2200    51.0   24.0    18.2     0.000   0   34.50  276.1   22.8     531
 48  05/06/2020  2300    49.3   24.0    17.4     0.000   0   36.84  278.0   21.6      --
 49  05/07/2020  0000    48.6   24.1    16.5     0.000   0   37.86  280.0   20.5      --
 50  05/07/2020  0100    48.0   24.2    15.7     0.000   0   38.94  282.2   19.5      --
 51  05/07/2020  0200    47.3   24.2    14.8     0.000   0   40.02  284.7   18.4      --
 52  05/07/2020  0300    46.7   24.2    14.0     0.000   0   41.04  287.5   17.4      --
 53  05/07/2020  0400    46.1   24.2    13.1     0.000   0   41.96  290.6   16.4     515
 54  05/07/2020  0500    45.6   25.7    11.3     0.000   0   45.36  287.5   14.1      --
 55  05/07/2020  0600    45.8   26.2     9.6     0.000   0   46.14  283.1   11.9      --
 56  05/07/2020  0700    46.5   27.2     7.8     0.000   0   46.65  276.8    9.8      --
 57  05/07/2020  0800    47.8   29.8     6.0     0.000   0   49.35  267.2    7.9      --
 58  05/07/2020  0900    49.7   26.3     4.2     0.000   0   39.80  252.1    6.3      --
 59  05/07/2020  1000    52.2   29.8     2.4     0.000   0   41.85  229.8    5.4    4973
 60  05/07/2020  1100    55.1   29.8     2.8     0.000   0   37.67  218.0    3.2      --
 61  05/07/2020  1200    60.2   29.8     3.1     0.000   0   31.39  171.8    1.5      --
 62  05/07/2020  1300    64.4   29.8     3.4     0.000   0   27.10  102.4    2.4      --
 63  05/07/2020  1400    66.6   29.8     3.7     0.000   0   25.05   84.2    4.6      --
 64  05/07/2020  1500    67.7   29.8     4.1     0.000   0   24.17   77.8    6.8      --
 65  05/07/2020  1600    68.2   29.8     4.4     0.000   0   23.73   74.7    9.2    6643
 66  05/07/2020  1700    68.3   29.9     5.1     0.000   0   23.72   75.7    9.5      --
 67  05/07/2020  1800    67.5   30.1     5.7     0.000   0   24.72   76.6    9.9      --
 68  05/07/2020  1900    64.8   31.1     6.4     0.000   0   28.20   77.4   10.3      --
 69  05/07/2020  2000    63.1   32.1     7.1     0.000   0   31.17   78.2   10.7      --
 70  05/07/2020  2100    61.5   33.5     7.7     0.000   0   34.95   78.9   11.1      --
 71  05/07/2020  2200    59.8   34.7     8.4     0.000   0   38.80   79.6   11.4     413
 72  05/07/2020  2300    58.1   35.4     8.6     0.000   0   42.51   72.9   11.1      --
 73  05/08/2020  0000    57.1   36.1     8.8     0.000   0   45.25   66.0   11.0      --
 74  05/08/2020  0100    56.3   36.7     9.0     0.000   0   47.72   59.0   11.1      --
 75  05/08/2020  0200    55.6   37.2     9.2     0.000   0   49.77   52.2   11.3      --
 76  05/08/2020  0300    55.1   37.4     9.4     0.000   0   51.26   45.7   11.6      --
 77  05/08/2020  0400    54.8   37.5     9.6     0.000   0   52.07   39.7   12.1     438
 78  05/08/2020  0500    54.5   37.5    10.2     0.000   0   52.43   41.9   12.8      --
 79  05/08/2020  0600    54.7   37.3    10.7     0.000   0   51.76   43.8   13.4      --
 80  05/08/2020  0700    55.4   37.2    11.3     0.000   0   50.08   45.7   14.1      --
 81  05/08/2020  0800    56.8   35.6    11.8     0.000   0   44.91   47.3   14.8      --
 82  05/08/2020  0900    58.7   35.6    12.4     0.000   0   41.98   48.8   15.5      --
 83  05/08/2020  1000    61.0   35.7    12.9     0.000   0   38.59   50.1   16.2    5222
 84  05/08/2020  1100    63.8   35.7    13.1     0.000   0   35.14   51.4   16.3      --
 85  05/08/2020  1200    68.1   35.7    13.2     0.000   0   30.25   52.6   16.5      --
 86  05/08/2020  1300    71.5   36.0    13.4     0.000   0   27.26   53.8   16.7      --
 87  05/08/2020  1400    73.2   36.2    13.5     0.000   0   25.96   55.0   16.9      --
 88  05/08/2020  1500    74.0   36.4    13.7     0.000   0   25.53   56.2   17.1      --
 89  05/08/2020  1600    74.3   36.6    13.8     0.000   0   25.42   57.3   17.3    5787
 90  05/08/2020  1700    74.3   36.6    14.0     0.000   0   25.37   56.7   17.5      --
 91  05/08/2020  1800    73.4   36.4    14.2     0.000   0   26.02   56.1   17.8      --
 92  05/08/2020  1900    70.8   36.4    14.4     0.000   0   28.30   55.6   18.0      --
 93  05/08/2020  2000    69.2   36.5    14.6     0.000   0   29.98   55.0   18.3      --
 94  05/08/2020  2100    67.7   36.7    14.8     0.000   0   31.91   54.5   18.5      --
 95  05/08/2020  2200    66.1   37.0    15.0     0.000   0   34.14   54.0   18.8     338
 96  05/08/2020  2300    63.9   37.3    15.6     0.000   0   37.30   49.3   19.2      --
 97  05/09/2020  0000    62.5   37.6    16.1     0.000   0   39.69   44.8   19.7      --
 98  05/09/2020  0100    61.2   37.9    16.6     0.000   0   41.90   40.6   20.3      --
 99  05/09/2020  0200    60.2   38.0    17.1     0.000   0   43.81   36.7   21.0      --
100  05/09/2020  0300    59.3   38.2    17.6     0.000   0   45.31   33.0   21.8      --
101  05/09/2020  0400    58.8   38.2    18.2     0.000   0   46.31   29.6   22.7     701
102  05/09/2020  0500    58.4   38.1    18.0     0.000   0   46.73   30.3   22.5      --
103  05/09/2020  0600    58.5   37.8    17.8     0.000   0   46.08   31.0   22.2      --
104  05/09/2020  0700    59.1   37.4    17.6     0.000   0   44.34   31.7   22.0      --
105  05/09/2020  0800    60.2   36.8    17.4     0.000   0   41.65   32.4   21.8      --
106  05/09/2020  0900    61.9   36.2    17.2     0.000   0   38.24   33.2   21.5      --
107  05/09/2020  1000    64.1   35.5    17.1     0.000   0   34.43   34.0   21.3    2667
108  05/09/2020  1100    66.7   34.8    16.1     0.000   0   30.58   36.7   19.9      --
109  05/09/2020  1200    72.2   34.1    15.1     0.000   0   24.71   39.8   18.5      --
110  05/09/2020  1300    77.0   33.7    14.1     0.000   0   20.72   43.5   17.2      --
111  05/09/2020  1400    79.7   33.8    13.1     0.000   0   18.97   47.7   16.0      --
112  05/09/2020  1500    81.0   34.3    12.1     0.000   0   18.58   52.6   14.8      --
113  05/09/2020  1600    81.7   35.2    11.1     0.000   0   18.81   58.2   13.8  no_inv
114  05/09/2020  1700    81.9   34.5    12.6     0.000   0   18.18   52.2   15.5      --
115  05/09/2020  1800    81.2   33.7    14.1     0.000   0   18.03   47.4   17.3      --
116  05/09/2020  1900    78.4   33.4    15.6     0.000   0   19.56   43.6   19.2      --
117  05/09/2020  2000    76.5   33.8    17.1     0.000   0   21.09   40.4   21.2      --
118  05/09/2020  2100    74.7   34.3    18.7     0.000   0   22.89   37.8   23.3      --
119  05/09/2020  2200    72.8   34.8    20.2     0.000   0   24.90   35.6   25.4     946
120  05/09/2020  2300    69.8   35.4    21.0     0.000   0   28.22   34.3   26.3      --
121  05/10/2020  0000    67.7   35.9    21.8     0.000   0   30.98   33.2   27.3      --
122  05/10/2020  0100    65.8   36.3    22.5     0.000   0   33.61   32.1   28.3      --
123  05/10/2020  0200    64.3   36.7    23.3     0.000   0   35.92   31.0   29.3      --
124  05/10/2020  0300    63.1   36.9    24.1     0.000   0   37.77   30.1   30.3      --
125  05/10/2020  0400    62.3   37.0    24.9     0.000   0   38.99   29.2   31.3     932
126  05/10/2020  0500    61.9   36.9    25.3     0.000   0   39.43   30.0   31.7      --
127  05/10/2020  0600    61.9   36.7    25.6     0.000   0   39.00   30.7   32.1      --
128  05/10/2020  0700    62.4   36.4    26.0     0.000   0   37.86   31.5   32.6      --
129  05/10/2020  0800    63.3   35.9    26.4     0.000   0   36.08   32.2   33.0      --
130  05/10/2020  0900    64.6   35.4    26.7     0.000   0   33.78   32.8   33.5      --
131  05/10/2020  1000    66.3   34.9    27.1     0.000   0   31.15   33.5   34.0    3043
132  05/10/2020  1100    68.3   34.3    26.4     0.000   0   28.42   35.1   33.0      --
133  05/10/2020  1200    72.9   33.8    25.6     0.000   0   23.83   36.8   32.0      --
134  05/10/2020  1300    76.9   33.4    24.9     0.000   0   20.51   38.6   31.1      --
135  05/10/2020  1400    79.1   33.0    24.1     0.000   0   18.84   40.5   30.2      --
136  05/10/2020  1500    80.0   32.8    23.3     0.000   0   18.09   42.5   29.3      --
137  05/10/2020  1600    80.5   32.8    22.6     0.000   0   17.76   44.6   28.5  no_inv
138  05/10/2020  1700    80.6   32.6    23.2     0.000   0   17.59   43.8   29.4      --
139  05/10/2020  1800    79.7   32.1    23.9     0.000   0   17.73   43.1   30.2      --
140  05/10/2020  1900    76.5   31.2    24.6     0.000   0   19.07   42.4   31.1      --
141  05/10/2020  2000    72.9   30.2    25.2     0.000   0   20.60   41.8   31.9      --
142  05/10/2020  2100    69.2   28.9    25.9     0.000   0   22.13   41.1   32.8      --
143  05/10/2020  2200    65.6   27.6    26.5     0.000   0   23.72   40.5   33.7    2959
144  05/10/2020  2300    62.5   26.2    27.8     0.000   0   25.01   38.5   35.1      --
145  05/11/2020  0000    60.8   25.0    29.0     0.000   0   25.26   36.7   36.6      --
146  05/11/2020  0100    59.1   23.9    30.2     0.000   0   25.62   35.0   38.1      --
147  05/11/2020  0200    57.6   23.1    31.4     0.000   0   26.14   33.4   39.7      --
148  05/11/2020  0300    56.2   22.5    32.7     0.000   0   26.82   31.9   41.3      --
149  05/11/2020  0400    55.2   22.4    33.9     0.000   0   27.69   30.6   42.9    2314
150  05/11/2020  0500    54.6   22.5    32.8     0.000   0   28.37   31.8   41.5      --
151  05/11/2020  0600    54.6   22.9    31.8     0.000   0   28.86   33.1   40.2      --
152  05/11/2020  0700    54.7   23.4    30.8     0.000   0   29.44   34.4   38.8      --
153  05/11/2020  0800    54.9   24.1    29.8     0.000   0   30.08   35.9   37.5      --
154  05/11/2020  0900    55.4   25.0    28.7     0.000   0   30.70   37.5   36.2      --
155  05/11/2020  1000    56.0   25.9    27.7     0.000   0   31.21   39.2   35.0    3072
156  05/11/2020  1100    57.2   26.8    26.8     0.000   0   30.99   39.8   33.8      --
157  05/11/2020  1200    61.8   27.7    25.9     0.000   0   27.23   40.5   32.5      --
158  05/11/2020  1300    67.1   28.4    25.0     0.000   0   23.36   41.2   31.4      --
159  05/11/2020  1400    70.1   29.0    24.0     0.000   0   21.56   42.0   30.2      --
160  05/11/2020  1500    71.7   29.4    23.1     0.000   0   20.69   42.9   29.0      --
161  05/11/2020  1600    72.5   29.5    22.2     0.000   0   20.25   43.8   27.8  no_inv
162  05/11/2020  1700    72.6   29.5    23.2     0.000   0   20.20   44.6   29.0      --
163  05/11/2020  1800    70.4   29.5    24.2     0.000   0   21.73   45.3   30.2      --
164  05/11/2020  1900    68.6   29.5    25.1     0.000   0   23.15   46.0   31.4      --
165  05/11/2020  2000    67.2   29.5    26.1     0.000   0   24.27   46.6   32.6      --
166  05/11/2020  2100    65.8   29.5    27.0     0.000   0   25.45   47.2   33.8      --
167  05/11/2020  2200    64.5   29.5    28.0     0.000   0   26.69   47.8   35.0  no_inv
