  Generated by FoxLW on Wednesday June 10, 2020 at 09:25 PDT
-------------------------------------------------------------------------------
  WSU Prosser
  46.2600:-119.7400  (46 15' 36.00"N  119 44' 24.00"W)  elev 928.5 feet    file: 300033
-------------------------------------------------------------------------------

Line#   Date     Hour   TempF  DewPtF WS(mph)  Rain(in) LW    RH%  WDir_50m WS_50m Inv(ft)
  5  06/10/2020  0400    53.6   43.9     0.6     0.000   0   69.76  301.1    1.4     462
  6  06/10/2020  0500    53.2   44.0     0.7     0.000   0   70.77  323.1    1.2      --
  7  06/10/2020  0600    53.2   46.0     0.8     0.000   0   76.46  349.9    1.2      --
  8  06/10/2020  0700    53.6   46.0     0.9     0.000   0   75.62   12.2    1.4      --
  9  06/10/2020  0800    54.2   46.0     1.0     0.000   0   73.94   26.9    1.8      --
 10  06/10/2020  0900    54.3   46.8     1.1     0.000   0   75.69   36.0    2.2      --
 11  06/10/2020  1000    54.3   47.8     1.2     0.020   0   78.62   42.0    2.7    1791
 12  06/10/2020  1100    59.1   46.0     1.2     0.000   0   61.85   31.2    2.4      --
 13  06/10/2020  1200    64.3   46.0     1.2     0.000   0   51.53   18.1    2.2      --
 14  06/10/2020  1300    70.1   46.0     1.2     0.000   0   42.25    3.7    2.2      --
 15  06/10/2020  1400    73.4   46.0     1.2     0.000   0   37.71  349.5    2.3      --
 16  06/10/2020  1500    75.9   46.0     1.3     0.000   0   34.76  337.1    2.5      --
 17  06/10/2020  1600    77.4   46.0     1.3     0.000   0   33.06  327.1    2.8  no_inv
 18  06/10/2020  1700    78.3   46.0     3.3     0.000   0   32.08  317.0    5.1      --
 19  06/10/2020  1800    77.0   45.9     5.4     0.000   0   33.28  313.2    7.5      --
 20  06/10/2020  1900    74.9   45.8     7.4     0.000   0   35.43  311.2    9.9      --
 21  06/10/2020  2000    72.9   47.5     9.5     0.000   0   40.62  310.0   12.3      --
 22  06/10/2020  2100    70.8   46.8    11.6     0.000   0   42.32  309.2   14.7      --
 23  06/10/2020  2200    68.7   45.0    13.6     0.000   0   42.52  308.6   17.1  no_inv
 24  06/10/2020  2300    67.3   44.8    12.2     0.000   0   44.24  311.7   15.8      --
 25  06/11/2020  0000    66.5   46.1    10.9     0.000   0   47.80  315.4   14.6      --
 26  06/11/2020  0100    65.8   46.3     9.5     0.000   0   49.31  319.7   13.4      --
 27  06/11/2020  0200    65.4   46.2     8.1     0.000   0   49.80  324.7   12.4      --
 28  06/11/2020  0300    65.1   46.0     6.8     0.000   0   50.09  330.7   11.4      --
 29  06/11/2020  0400    65.0   46.0     5.4     0.000   0   50.26  337.7   10.6     912
 30  06/11/2020  0500    64.8   46.0     5.0     0.000   0   50.63  331.7    9.5      --
 31  06/11/2020  0600    64.9   46.0     4.6     0.000   0   50.32  324.2    8.5      --
 32  06/11/2020  0700    65.4   46.8     4.3     0.000   0   50.97  315.0    7.7      --
 33  06/11/2020  0800    66.3   46.8     3.9     0.000   0   49.53  304.0    7.2      --
 34  06/11/2020  0900    64.4   49.1     3.5     0.000   0   57.48  291.7    6.9      --
 35  06/11/2020  1000    62.4   51.8     3.2     0.020   0   68.15  279.0    7.0    5924
 36  06/11/2020  1100    67.4   46.8     3.5     0.000   0   47.63  279.6    7.4      --
 37  06/11/2020  1200    72.4   46.8     3.8     0.000   0   40.17  280.1    7.9      --
 38  06/11/2020  1300    78.9   46.4     4.2     0.000   0   31.83  280.6    8.3      --
 39  06/11/2020  1400    80.9   46.6     4.5     0.000   0   30.09  281.0    8.8      --
 40  06/11/2020  1500    81.8   46.8     4.9     0.000   0   29.41  281.4    9.3      --
 41  06/11/2020  1600    82.2   46.8     5.2     0.000   0   29.07  281.7    9.7  no_inv
 42  06/11/2020  1700    82.2   46.8     4.9     0.000   0   29.01  290.5    8.3      --
 43  06/11/2020  1800    81.3   46.7     4.6     0.000   0   29.78  302.7    7.1      --
 44  06/11/2020  1900    78.5   46.6     4.3     0.000   0   32.52  318.6    6.3      --
 45  06/11/2020  2000    75.9   46.7     4.1     0.000   0   35.52  337.0    6.2      --
 46  06/11/2020  2100    73.4   46.7     3.8     0.000   0   38.64  354.4    6.7      --
 47  06/11/2020  2200    70.9   46.7     3.5     0.000   0   42.07    8.5    7.6     795
 48  06/11/2020  2300    66.7   46.7     3.2     0.000   0   48.58    3.5    6.7      --
 49  06/12/2020  0000    63.7   46.7     2.9     0.000   0   54.02  356.9    5.8      --
 50  06/12/2020  0100    60.9   46.7     2.6     0.000   0   59.45  347.9    5.0      --
 51  06/12/2020  0200    58.6   46.7     2.3     0.000   0   64.56  336.0    4.3      --
 52  06/12/2020  0300    56.8   46.7     2.0     0.000   0   68.98  320.8    3.9      --
 53  06/12/2020  0400    55.4   46.7     1.8     0.000   0   72.36  303.8    3.9       3
 54  06/12/2020  0500    55.2   46.7     2.0     0.000   0   73.04  280.9    3.4      --
 55  06/12/2020  0600    56.6   46.7     2.4     0.000   0   69.46  255.8    3.5      --
 56  06/12/2020  0700    59.2   47.0     2.7     0.000   0   63.90  236.1    4.3      --
 57  06/12/2020  0800    62.9   47.0     3.0     0.000   0   55.98  223.2    5.3      --
 58  06/12/2020  0900    67.2   47.0     3.3     0.000   0   48.28  214.9    6.6      --
 59  06/12/2020  1000    71.1   47.0     3.6     0.000   0   42.24  209.3    7.9    3811
 60  06/12/2020  1100    74.0   46.9     7.1     0.000   0   38.12  233.8   10.4      --
 61  06/12/2020  1200    75.8   46.5    10.7     0.000   0   35.47  247.4   14.0      --
 62  06/12/2020  1300    76.6   46.1    14.2     0.000   0   33.95  255.1   18.1      --
 63  06/12/2020  1400    76.7   45.4    17.8     0.000   0   33.02  260.0   22.3      --
 64  06/12/2020  1500    76.4   44.6    21.4     0.000   0   32.26  263.2   26.7      --
 65  06/12/2020  1600    75.9   43.6    24.9     0.000   0   31.59  265.6   31.1  no_inv
 66  06/12/2020  1700    75.2   42.5    21.3     0.000   0   31.04  265.2   27.1      --
 67  06/12/2020  1800    72.3   41.4    17.7     0.000   0   32.77  264.7   23.1      --
 68  06/12/2020  1900    68.4   41.4    14.1     0.000   0   37.42  263.9   19.1      --
 69  06/12/2020  2000    64.4   41.5    10.4     0.000   0   43.11  262.7   15.1      --
 70  06/12/2020  2100    56.8   45.4     6.8     0.000   0   65.43  260.8   11.1      --
 71  06/12/2020  2200    56.4   50.8     3.2     0.060  10   81.29  256.5    7.1    6266
 72  06/12/2020  2300    54.1   52.7     4.3     0.000  10   95.01  255.1    8.2      --
 73  06/13/2020  0000    52.9   51.6     5.3     0.000  10   95.32  253.9    9.3      --
 74  06/13/2020  0100    51.7   50.3     6.4     0.000  10   94.78  253.1   10.5      --
 75  06/13/2020  0200    50.6   48.9     7.5     0.000  10   94.12  252.4   11.6      --
 76  06/13/2020  0300    49.5   47.8     8.6     0.000   5   93.75  251.8   12.8      --
 77  06/13/2020  0400    48.5   46.8     9.6     0.000   0   93.70  251.4   13.9     829
 78  06/13/2020  0500    44.7   41.4    10.3     0.000   0   88.10  248.4   14.3      --
 79  06/13/2020  0600    45.1   40.0    10.9     0.000   0   82.42  245.7   14.8      --
 80  06/13/2020  0700    45.5   38.7    11.6     0.000   0   76.77  243.1   15.3      --
 81  06/13/2020  0800    48.2   36.6    12.2     0.000   0   64.07  240.7   15.8      --
 82  06/13/2020  0900    52.6   33.8    12.8     0.000   0   48.63  238.4   16.4      --
 83  06/13/2020  1000    54.9   33.9    13.5     0.000   0   44.89  236.3   16.9  no_inv
 84  06/13/2020  1100    57.8   34.0    12.4     0.000   0   40.64  238.2   15.9      --
 85  06/13/2020  1200    60.9   34.1    11.4     0.000   0   36.50  240.4   14.8      --
 86  06/13/2020  1300    63.2   35.2    10.4     0.000   0   35.12  242.9   13.8      --
 87  06/13/2020  1400    64.4   36.3     9.4     0.000   0   35.25  245.9   12.7      --
 88  06/13/2020  1500    65.2   37.4     8.3     0.000   0   35.77  249.3   11.8      --
 89  06/13/2020  1600    65.6   38.4     7.3     0.000   0   36.73  253.3   10.9  no_inv
 90  06/13/2020  1700    65.6   38.4     8.7     0.000   0   36.80  255.8   12.3      --
 91  06/13/2020  1800    64.1   37.6    10.1     0.000   0   37.41  257.8   13.8      --
 92  06/13/2020  1900    61.9   36.4    11.5     0.000   0   38.54  259.4   15.2      --
 93  06/13/2020  2000    59.7   35.8    12.9     0.000   0   40.59  260.8   16.7      --
 94  06/13/2020  2100    57.5   35.6    14.4     0.000   0   43.61  261.9   18.2      --
 95  06/13/2020  2200    55.4   35.8    15.8     0.000   0   47.61  262.8   19.7  no_inv
 96  06/13/2020  2300    54.2   36.2    15.3     0.000   0   50.35  266.0   19.0      --
 97  06/14/2020  0000    53.5   36.5    14.9     0.000   0   52.39  269.5   18.3      --
 98  06/14/2020  0100    52.9   36.9    14.4     0.000   0   54.37  273.2   17.7      --
 99  06/14/2020  0200    52.2   37.1    14.0     0.000   0   56.14  277.1   17.2      --
100  06/14/2020  0300    51.7   40.5    13.5     0.000   0   65.31  281.3   16.8      --
101  06/14/2020  0400    51.3   43.5    13.1     0.010   0   74.60  285.7   16.4  no_inv
102  06/14/2020  0500    50.2   39.5    11.4     0.000   0   66.47  281.5   13.9      --
103  06/14/2020  0600    51.3   38.8     9.6     0.000   0   62.03  275.5   11.5      --
104  06/14/2020  0700    52.0   37.0     7.9     0.000   0   56.38  266.4    9.3      --
105  06/14/2020  0800    53.2   36.8     6.2     0.000   0   53.61  252.2    7.4      --
106  06/14/2020  0900    54.8   36.5     4.5     0.000   0   50.09  231.0    6.2      --
107  06/14/2020  1000    56.7   36.3     2.8     0.000   0   46.19  205.4    6.2  no_inv
108  06/14/2020  1100    59.2   36.0     3.4     0.000   0   41.85  218.5    6.3      --
109  06/14/2020  1200    62.1   35.8     3.9     0.000   0   37.37  230.7    6.7      --
110  06/14/2020  1300    64.4   36.2     4.5     0.000   0   35.05  241.1    7.4      --
111  06/14/2020  1400    65.6   36.8     5.1     0.000   0   34.42  249.5    8.2      --
112  06/14/2020  1500    66.3   37.4     5.6     0.000   0   34.36  256.2    9.2      --
113  06/14/2020  1600    66.8   38.1     6.2     0.000   0   34.79  261.6   10.3    9981
114  06/14/2020  1700    66.9   38.1     6.3     0.000   0   34.65  269.5    9.8      --
115  06/14/2020  1800    65.9   37.5     6.4     0.000   0   35.15  278.1    9.6      --
116  06/14/2020  1900    63.7   37.0     6.4     0.000   0   37.22  287.0    9.5      --
117  06/14/2020  2000    61.5   37.5     6.5     0.000   0   40.90  295.8    9.7      --
118  06/14/2020  2100    59.2   37.5     6.6     0.000   0   44.29  304.1   10.1      --
119  06/14/2020  2200    57.0   37.6     6.7     0.000   0   48.08  311.7   10.6    8157
120  06/14/2020  2300    55.5   37.4     5.6     0.000   0   50.62  311.8    8.9      --
121  06/15/2020  0000    54.4   37.3     4.5     0.000   0   52.42  312.0    7.2      --
122  06/15/2020  0100    53.4   37.1     3.4     0.000   0   53.96  312.2    5.4      --
123  06/15/2020  0200    52.5   37.1     2.3     0.000   0   55.82  312.8    3.7      --
124  06/15/2020  0300    51.7   37.1     1.2     0.000   0   57.45  314.2    2.0      --
125  06/15/2020  0400    51.0   37.1     0.1     0.000   0   58.77  337.1    0.2     864
126  06/15/2020  0500    50.8   37.1     0.4     0.000   0   59.36  260.2    0.7      --
127  06/15/2020  0600    51.3   37.1     0.7     0.000   0   58.22  250.4    1.4      --
128  06/15/2020  0700    52.5   36.9     1.0     0.000   0   55.15  247.0    2.1      --
129  06/15/2020  0800    54.4   36.9     1.3     0.000   0   51.47  245.4    2.8      --
130  06/15/2020  0900    56.9   36.9     1.6     0.000   0   46.96  244.4    3.5      --
131  06/15/2020  1000    59.9   36.9     1.9     0.000   0   42.23  243.7    4.2  no_inv
132  06/15/2020  1100    63.0   36.9     3.2     0.000   0   37.80  248.8    5.5      --
133  06/15/2020  1200    66.2   36.8     4.6     0.000   0   33.75  251.8    6.9      --
134  06/15/2020  1300    68.7   37.4     5.9     0.000   0   31.71  253.9    8.3      --
135  06/15/2020  1400    70.0   37.9     7.3     0.000   0   30.87  255.3    9.8      --
136  06/15/2020  1500    70.9   38.4     8.6     0.000   0   30.64  256.4   11.2      --
137  06/15/2020  1600    71.4   39.0    10.0     0.000   0   30.68  257.2   12.6  no_inv
138  06/15/2020  1700    71.8   38.9    10.1     0.000   0   30.31  259.4   12.7      --
139  06/15/2020  1800    71.6   38.6    10.2     0.000   0   30.02  261.5   12.9      --
140  06/15/2020  1900    68.8   38.3    10.2     0.000   0   32.80  263.5   13.1      --
141  06/15/2020  2000    65.1   39.5    10.3     0.000   0   38.98  265.5   13.2      --
142  06/15/2020  2100    61.4   40.1    10.4     0.000   0   45.46  267.4   13.5      --
143  06/15/2020  2200    57.7   40.9    10.5     0.000   0   53.62  269.3   13.7  no_inv
144  06/15/2020  2300    55.9   41.7     9.2     0.000   0   58.75  269.9   12.4      --
145  06/16/2020  0000    55.2   42.0     7.9     0.000   0   61.09  270.6   11.1      --
146  06/16/2020  0100    54.4   40.7     6.6     0.000   0   59.76  271.5    9.8      --
147  06/16/2020  0200    53.7   39.8     5.3     0.000   0   59.30  272.7    8.5      --
148  06/16/2020  0300    53.0   39.2     4.0     0.000   0   59.41  274.4    7.2      --
149  06/16/2020  0400    52.3   38.1     2.7     0.000   0   58.35  276.7    5.9   13923
150  06/16/2020  0500    52.1   38.1     3.3     0.000   0   58.76  273.4    6.6      --
151  06/16/2020  0600    52.3   38.1     3.9     0.000   0   58.43  270.8    7.4      --
152  06/16/2020  0700    52.8   40.2     4.5     0.000   0   62.26  268.6    8.1      --
153  06/16/2020  0800    53.6   39.4     5.1     0.000   0   58.60  266.8    8.9      --
154  06/16/2020  0900    54.7   38.5     5.7     0.000   0   54.21  265.3    9.6      --
155  06/16/2020  1000    56.2   37.5     6.3     0.000   0   49.48  264.0   10.4  no_inv
156  06/16/2020  1100    58.3   36.5     7.8     0.000   0   43.98  271.8   11.6      --
157  06/16/2020  1200    61.1   35.6     9.4     0.000   0   38.47  278.1   12.9      --
158  06/16/2020  1300    63.1   35.3    10.9     0.000   0   35.44  283.1   14.5      --
159  06/16/2020  1400    64.2   35.1    12.4     0.000   0   33.83  287.2   16.0      --
160  06/16/2020  1500    64.9   34.7    13.9     0.000   0   32.50  290.5   17.7      --
161  06/16/2020  1600    65.2   34.0    15.5     0.000   0   31.22  293.2   19.4  no_inv
162  06/16/2020  1700    65.0   34.0    15.4     0.000   0   31.52  293.0   19.3      --
163  06/16/2020  1800    63.4   34.0    15.3     0.000   0   33.31  292.8   19.2      --
164  06/16/2020  1900    61.2   33.9    15.2     0.000   0   35.91  292.5   19.1      --
165  06/16/2020  2000    59.0   33.9    15.2     0.000   0   38.70  292.3   19.0      --
166  06/16/2020  2100    56.8   33.8    15.1     0.000   0   41.72  292.0   18.9      --
167  06/16/2020  2200    54.6   33.7    15.0     0.000   0   44.97  291.8   18.8    9342
