  Generated by FoxLW on Wednesday June 10, 2020 at 09:25 PDT
-------------------------------------------------------------------------------
  WSU Othello
  46.7900:-119.0400  (46 47' 24.00"N  119 2' 24.00"W)  elev 1204.1 feet    file: 300122
-------------------------------------------------------------------------------

Line#   Date     Hour   TempF  DewPtF WS(mph)  Rain(in) LW    RH%  WDir_50m WS_50m Inv(ft)
  5  06/10/2020  0400    48.6   48.6     0.9     0.000  10  100.00   63.6    2.9      80
  6  06/10/2020  0500    48.4   48.4     1.1     0.000  10  100.00   76.6    1.8      --
  7  06/10/2020  0600    48.8   48.8     1.4     0.000  10  100.00  115.3    1.0      --
  8  06/10/2020  0700    50.0   50.0     1.6     0.000  10  100.00  174.9    1.3      --
  9  06/10/2020  0800    52.0   51.9     1.8     0.000  10   99.60  198.0    2.3      --
 10  06/10/2020  0900    54.7   53.0     2.0     0.000  10   93.97  206.8    3.4      --
 11  06/10/2020  1000    58.1   54.0     2.1     0.000  10   86.41  211.1    4.6    9978
 12  06/10/2020  1100    62.0   54.7     2.1     0.000   5   77.03  219.6    4.4      --
 13  06/10/2020  1200    68.2   55.0     2.1     0.000   0   62.74  228.9    4.2      --
 14  06/10/2020  1300    73.0   55.0     2.1     0.000   0   53.22  238.5    4.2      --
 15  06/10/2020  1400    75.5   54.3     2.1     0.000   0   47.81  248.0    4.3      --
 16  06/10/2020  1500    76.8   52.6     2.2     0.000   0   43.11  256.9    4.5      --
 17  06/10/2020  1600    77.4   50.5     2.2     0.000   0   39.06  264.8    4.8  no_inv
 18  06/10/2020  1700    77.5   48.8     2.0     0.000   0   36.47  264.0    3.5      --
 19  06/10/2020  1800    76.1   48.1     1.9     0.000   0   37.26  262.5    2.2      --
 20  06/10/2020  1900    72.8   45.0     1.7     0.000   0   36.99  256.9    1.0      --
 21  06/10/2020  2000    69.6   50.4     1.6     0.000   0   50.47  114.7    0.4      --
 22  06/10/2020  2100    63.4   53.3     1.0     0.000   0   69.67   92.8    1.6      --
 23  06/10/2020  2200    59.7   53.8     0.8     0.000   5   80.83   90.1    2.9     696
 24  06/10/2020  2300    57.9   53.7     0.8     0.000  10   85.89   93.1    3.0      --
 25  06/11/2020  0000    57.0   53.7     0.9     0.000  10   88.57   95.7    3.2      --
 26  06/11/2020  0100    56.3   53.6     1.0     0.000  10   90.69   98.2    3.3      --
 27  06/11/2020  0200    55.8   53.5     1.0     0.000  10   91.84  100.3    3.5      --
 28  06/11/2020  0300    55.4   53.2     1.1     0.000  10   92.28  102.3    3.7      --
 29  06/11/2020  0400    55.1   53.0     1.2     0.000  10   92.60  104.2    3.8  no_inv
 30  06/11/2020  0500    54.9   52.6     2.4     0.000  10   92.07   96.0    5.4      --
 31  06/11/2020  0600    55.5   52.6     4.1     0.000  10   90.09   91.6    7.1      --
 32  06/11/2020  0700    57.1   52.3     6.3     0.000   5   84.07   88.9    8.8      --
 33  06/11/2020  0800    59.7   52.5     8.0     0.000   0   77.36   87.1   10.5      --
 34  06/11/2020  0900    63.0   53.6     9.5     0.000   0   71.40   85.7   12.2      --
 35  06/11/2020  1000    66.9   53.0    11.1     0.000   0   60.84   84.7   13.9  no_inv
 36  06/11/2020  1100    71.2   55.2     9.9     0.000   0   57.20   87.0   10.3      --
 37  06/11/2020  1200    76.7   55.5     8.6     0.000   0   48.06   91.8    6.7      --
 38  06/11/2020  1300    80.8   54.5     7.4     0.000   0   40.40  106.5    3.3      --
 39  06/11/2020  1400    83.0   53.2     6.1     0.000   0   35.94  191.0    1.7      --
 40  06/11/2020  1500    84.0   51.9     4.9     0.000   0   33.15  237.8    4.6      --
 41  06/11/2020  1600    84.5   51.2     3.7     0.000   0   31.75  246.8    8.1  no_inv
 42  06/11/2020  1700    84.6   51.2     5.5     0.000   0   31.62  273.1    6.7      --
 43  06/11/2020  1800    83.8   51.1     7.3     0.000   0   32.39  303.0    7.2      --
 44  06/11/2020  1900    80.2   50.2     9.2     0.000   0   35.16  324.5    9.2      --
 45  06/11/2020  2000    75.4   50.5    11.0     0.000   0   41.70  337.1   11.9      --
 46  06/11/2020  2100    70.7   49.1    12.9     0.000   0   46.37  344.8   15.1      --
 47  06/11/2020  2200    65.9   49.0    14.7     0.000   0   54.37  349.8   18.4     541
 48  06/11/2020  2300    61.6   49.2    12.4     0.000   0   63.55  349.1   15.7      --
 49  06/12/2020  0000    59.2   50.7    10.1     0.000   0   73.56  348.2   12.9      --
 50  06/12/2020  0100    56.8   51.4     7.9     0.000   0   82.09  346.7   10.2      --
 51  06/12/2020  0200    53.7   52.3     3.8     0.000   5   94.92  344.2    7.5      --
 52  06/12/2020  0300    52.3   51.7     1.8     0.000  10   97.70  338.9    4.9      --
 53  06/12/2020  0400    51.7   50.9     0.6     0.000  10   97.02  321.6    2.3  no_inv
 54  06/12/2020  0500    51.6   50.8     1.1     0.000  10   96.78  266.2    1.9      --
 55  06/12/2020  0600    52.5   52.0     2.0     0.000  10   97.90  227.4    3.0      --
 56  06/12/2020  0700    55.0   52.3     3.3     0.000  10   90.62  213.4    4.8      --
 57  06/12/2020  0800    59.4   53.2     4.8     0.000   5   79.80  207.1    6.7      --
 58  06/12/2020  0900    63.7   54.6     5.7     0.000   0   72.27  203.6    8.6      --
 59  06/12/2020  1000    67.5   55.8     6.7     0.000   0   66.28  201.3   10.6    2753
 60  06/12/2020  1100    70.4   56.7     7.0     0.000   0   61.88  215.1   10.9      --
 61  06/12/2020  1200    72.1   57.0     7.3     0.000   0   59.08  227.4   11.8      --
 62  06/12/2020  1300    72.4   55.3     7.6     0.000   0   55.05  237.6   13.1      --
 63  06/12/2020  1400    72.1   53.3     7.9     0.000   0   51.73  245.7   14.8      --
 64  06/12/2020  1500    71.3   51.3     8.2     0.000   0   49.36  252.0   16.7      --
 65  06/12/2020  1600    70.2   50.4     8.5     0.000   0   49.50  257.0   18.8    1172
 66  06/12/2020  1700    67.2   50.4     8.7     0.000   0   54.74  258.5   19.2      --
 67  06/12/2020  1800    63.3   50.1     8.9     0.000   0   61.92  259.9   19.7      --
 68  06/12/2020  1900    61.5   48.0     9.1     0.000   0   61.10  261.3   20.2      --
 69  06/12/2020  2000    59.7   47.3     9.4     0.000   0   63.62  262.6   20.6      --
 70  06/12/2020  2100    56.6   46.6     9.6     0.000   0   69.15  263.9   21.1      --
 71  06/12/2020  2200    56.1   49.7     9.8     0.010   0   79.17  265.1   21.6    6855
 72  06/12/2020  2300    54.6   47.1    10.3     0.000   0   75.90  263.9   21.5      --
 73  06/13/2020  0000    53.5   42.7    10.9     0.000   0   66.51  262.6   21.3      --
 74  06/13/2020  0100    52.6   40.6    11.4     0.000   0   63.54  261.4   21.2      --
 75  06/13/2020  0200    51.7   39.9    11.9     0.000   0   63.98  260.1   21.1      --
 76  06/13/2020  0300    51.0   42.3    12.5     0.000   0   72.06  258.9   21.0      --
 77  06/13/2020  0400    50.4   45.9    13.0     0.030   0   84.44  257.6   20.9  no_inv
 78  06/13/2020  0500    48.1   40.5    13.0     0.000   0   74.86  252.7   19.6      --
 79  06/13/2020  0600    49.7   38.5    12.9     0.000   0   65.39  247.2   18.4      --
 80  06/13/2020  0700    50.9   37.3    12.9     0.000   0   59.40  241.1   17.5      --
 81  06/13/2020  0800    51.8   36.6    12.9     0.000   0   56.05  234.2   16.7      --
 82  06/13/2020  0900    53.0   35.8    12.9     0.000   0   51.96  226.9   16.2      --
 83  06/13/2020  1000    54.6   35.0    12.8     0.000   0   47.51  219.3   16.0  no_inv
 84  06/13/2020  1100    56.7   34.2    12.4     0.000   0   42.58  220.5   15.5      --
 85  06/13/2020  1200    59.6   33.4    12.0     0.000   0   37.15  221.8   14.9      --
 86  06/13/2020  1300    62.1   33.3    11.5     0.000   0   33.90  223.1   14.4      --
 87  06/13/2020  1400    63.4   33.7    11.1     0.000   0   32.91  224.6   13.9      --
 88  06/13/2020  1500    64.2   34.5    10.7     0.000   0   32.98  226.2   13.3      --
 89  06/13/2020  1600    64.7   35.6    10.3     0.000   0   33.90  227.9   12.8  no_inv
 90  06/13/2020  1700    64.9   35.3    10.8     0.000   0   33.20  215.0   11.9      --
 91  06/13/2020  1800    64.2   34.4    11.3     0.000   0   32.88  200.8   11.5      --
 92  06/13/2020  1900    62.7   33.9    11.8     0.000   0   33.98  186.6   12.0      --
 93  06/13/2020  2000    61.2   33.7    12.3     0.000   0   35.62  174.1   13.1      --
 94  06/13/2020  2100    59.6   33.9    12.8     0.000   0   37.85  164.0   14.6      --
 95  06/13/2020  2200    58.1   34.3    13.3     0.000   0   40.66  156.0   16.6  no_inv
 96  06/13/2020  2300    56.2   34.9    13.4     0.000   0   44.64  167.7   13.0      --
 97  06/14/2020  0000    54.8   35.5    13.4     0.000   0   48.08  186.7   10.3      --
 98  06/14/2020  0100    53.6   36.0    13.5     0.000   0   51.33  213.7    9.3      --
 99  06/14/2020  0200    52.5   36.5    13.5     0.000   0   54.15  240.0   10.6      --
100  06/14/2020  0300    51.7   36.7    13.6     0.000   0   56.32  257.9   13.4      --
101  06/14/2020  0400    51.2   36.8    13.6     0.000   0   57.65  268.8   17.1    3566
102  06/14/2020  0500    51.0   36.7    13.7     0.000   0   57.93  263.4   16.9      --
103  06/14/2020  0600    51.3   36.6    13.9     0.000   0   57.12  257.8   16.8      --
104  06/14/2020  0700    51.9   36.4    14.0     0.000   0   55.37  252.2   16.8      --
105  06/14/2020  0800    53.0   36.2    14.1     0.000   0   52.72  246.6   17.0      --
106  06/14/2020  0900    54.4   35.9    14.2     0.000   0   49.39  241.3   17.4      --
107  06/14/2020  1000    56.2   35.5    14.3     0.000   0   45.74  236.2   17.9  no_inv
108  06/14/2020  1100    58.4   35.2    13.6     0.000   0   41.73  238.9   16.9      --
109  06/14/2020  1200    60.9   34.9    12.8     0.000   0   37.73  241.9   15.8      --
110  06/14/2020  1300    62.8   35.0    12.0     0.000   0   35.42  245.3   14.8      --
111  06/14/2020  1400    63.7   35.4    11.2     0.000   0   34.79  249.2   13.9      --
112  06/14/2020  1500    64.3   36.1    10.4     0.000   0   34.98  253.7   13.1      --
113  06/14/2020  1600    64.7   36.8     9.6     0.000   0   35.63  258.7   12.3   10659
114  06/14/2020  1700    64.7   36.7    10.2     0.000   0   35.52  270.0   11.8      --
115  06/14/2020  1800    63.5   36.1    10.7     0.000   0   36.04  281.8   11.8      --
116  06/14/2020  1900    61.2   35.6    11.2     0.000   0   38.23  293.1   12.3      --
117  06/14/2020  2000    59.0   36.0    11.8     0.000   0   42.17  303.2   13.2      --
118  06/14/2020  2100    56.7   34.9    12.3     0.000   0   43.77  311.7   14.5      --
119  06/14/2020  2200    54.4   34.7    12.9     0.000   0   47.21  318.7   16.1     650
120  06/14/2020  2300    50.8   36.3    11.1     0.000   0   57.24  315.4   13.1      --
121  06/15/2020  0000    47.8   36.9     9.3     0.000   0   65.90  310.2   10.2      --
122  06/15/2020  0100    43.8   36.7     6.3     0.000   0   75.86  301.0    7.5      --
123  06/15/2020  0200    40.9   36.5     3.8     0.000   0   84.26  282.5    5.1      --
124  06/15/2020  0300    39.2   36.6     2.0     0.000   5   89.98  245.7    4.0      --
125  06/15/2020  0400    38.5   36.6     0.9     0.000  10   92.84  206.9    4.9  no_inv
126  06/15/2020  0500    38.4   36.5     1.3     0.000  10   92.56  204.8    5.3      --
127  06/15/2020  0600    39.2   36.5     1.8     0.000  10   89.72  203.0    5.7      --
128  06/15/2020  0700    41.6   37.1     2.4     0.000   5   83.90  201.4    6.1      --
129  06/15/2020  0800    46.0   38.3     3.0     0.000   0   74.25  200.0    6.5      --
130  06/15/2020  0900    50.8   39.6     3.1     0.000   0   65.39  198.8    6.9      --
131  06/15/2020  1000    56.0   40.8     3.3     0.000   0   56.72  197.7    7.3    4484
132  06/15/2020  1100    60.7   41.7     3.3     0.000   0   49.36  203.1    7.2      --
133  06/15/2020  1200    63.9   42.0     3.3     0.000   0   44.65  208.6    7.1      --
134  06/15/2020  1300    66.3   42.0     3.3     0.000   0   41.02  214.3    7.0      --
135  06/15/2020  1400    67.8   41.3     3.3     0.000   0   38.13  219.9    7.0      --
136  06/15/2020  1500    68.6   39.7     3.3     0.000   0   34.81  225.5    7.1      --
137  06/15/2020  1600    69.2   37.7     3.3     0.000   0   31.55  230.9    7.3  no_inv
138  06/15/2020  1700    69.5   36.1     3.7     0.000   0   29.22  228.1    8.1      --
139  06/15/2020  1800    69.7   35.5     4.1     0.000   0   28.33  225.8    9.0      --
140  06/15/2020  1900    68.0   33.7     4.5     0.000   0   28.02  223.9    9.9      --
141  06/15/2020  2000    64.5   39.1     4.9     0.000   0   39.09  222.3   10.8      --
142  06/15/2020  2100    58.8   41.5     5.3     0.000   0   52.56  220.9   11.8      --
143  06/15/2020  2200    57.6   46.9     5.7     0.010   0   67.36  219.8   12.7  no_inv
144  06/15/2020  2300    54.3   46.8     6.3     0.000   0   75.78  223.8   13.7      --
145  06/16/2020  0000    52.5   46.6     6.8     0.000   0   80.25  227.2   14.8      --
146  06/16/2020  0100    50.9   46.7     7.3     0.000   0   85.51  230.1   16.0      --
147  06/16/2020  0200    49.6   47.2     7.8     0.000   0   91.28  232.6   17.2      --
148  06/16/2020  0300    48.7   47.4     8.4     0.000   0   95.14  234.8   18.4      --
149  06/16/2020  0400    48.2   47.3     8.9     0.040   6   96.73  236.7   19.6  no_inv
150  06/16/2020  0500    48.9   46.2     9.9     0.000   0   90.20  241.4   19.1      --
151  06/16/2020  0600    48.7   45.9    10.9     0.000   0   89.97  246.2   18.7      --
152  06/16/2020  0700    48.8   44.3    11.9     0.000   0   84.41  251.3   18.5      --
153  06/16/2020  0800    50.1   43.2    12.9     0.000   0   77.03  256.4   18.4      --
154  06/16/2020  0900    51.7   42.2    13.9     0.000   0   69.76  261.5   18.4      --
155  06/16/2020  1000    53.7   41.1    14.9     0.000   0   62.25  266.6   18.6  no_inv
156  06/16/2020  1100    56.2   40.0    14.4     0.000   0   54.46  272.5   17.4      --
157  06/16/2020  1200    58.9   39.0    13.9     0.000   0   47.51  279.1   16.3      --
158  06/16/2020  1300    60.8   38.4    13.4     0.000   0   43.37  286.6   15.5      --
159  06/16/2020  1400    61.8   38.3    13.0     0.000   0   41.71  294.8   15.0      --
160  06/16/2020  1500    62.4   38.7    12.5     0.000   0   41.51  303.3   14.9      --
161  06/16/2020  1600    62.7   39.6    12.0     0.000   0   42.45  311.8   15.0  no_inv
162  06/16/2020  1700    62.5   39.6    12.0     0.000   0   42.79  309.0   15.4      --
163  06/16/2020  1800    60.4   39.0    12.0     0.000   0   45.13  306.4   15.8      --
164  06/16/2020  1900    57.4   38.5    12.1     0.000   0   49.10  303.9   16.3      --
165  06/16/2020  2000    54.5   37.9    12.1     0.000   0   53.49  301.5   16.8      --
166  06/16/2020  2100    51.5   37.4    12.1     0.000   0   58.37  299.3   17.3      --
167  06/16/2020  2200    48.6   36.9    12.1     0.000   0   63.79  297.2   17.8     720
