  Generated by FoxLW on Thursday July 23, 2020 at 09:25 PDT
-------------------------------------------------------------------------------
  WSU Tri-Cities
  46.3300:-119.2700  (46 19' 48.00"N  119 16' 12.00"W)  elev 397.0 feet    file: 100148
-------------------------------------------------------------------------------

Line#   Date     Hour   TempF  DewPtF WS(mph)  Rain(in) LW    RH%  WDir_50m WS_50m Inv(ft)
  5  07/23/2020  0400    55.9   46.4     5.4     0.000   0   70.37  292.2    9.7     583
  6  07/23/2020  0500    55.1   46.3     4.7     0.000   0   72.16  289.4    8.2      --
  7  07/23/2020  0600    55.9   45.9     4.0     0.000   0   69.24  285.4    6.7      --
  8  07/23/2020  0700    58.2   43.4     3.2     0.000   0   57.67  279.0    5.2      --
  9  07/23/2020  0800    62.3   42.7     2.5     0.000   0   48.59  268.1    3.9      --
 10  07/23/2020  0900    67.8   41.9     1.8     0.000   0   38.92  247.4    2.8      --
 11  07/23/2020  1000    74.0   41.0     1.1     0.000   0   30.49  212.9    2.4  no_inv
 12  07/23/2020  1100    80.0   40.1     2.0     0.000   0   24.15  231.3    3.5      --
 13  07/23/2020  1200    85.1   39.3     2.9     0.000   0   19.84  240.4    4.8      --
 14  07/23/2020  1300    88.7   38.6     3.8     0.000   0   17.23  245.5    6.2      --
 15  07/23/2020  1400    90.4   38.0     4.7     0.000   0   15.96  248.8    7.6      --
 16  07/23/2020  1500    91.3   37.7     5.7     0.000   0   15.34  251.0    9.1      --
 17  07/23/2020  1600    91.7   37.6     6.6     0.000   0   15.09  252.6   10.5   10719
 18  07/23/2020  1700    91.7   37.7     9.7     0.000   0   15.16  278.0   11.6      --
 19  07/23/2020  1800    90.3   38.1    12.9     0.000   0   16.08  296.0   14.5      --
 20  07/23/2020  1900    86.1   38.7    16.0     0.000   0   18.84  307.4   18.3      --
 21  07/23/2020  2000    80.8   39.6    19.1     0.000   0   23.07  314.6   22.6      --
 22  07/23/2020  2100    75.5   40.5    22.3     0.000   0   28.51  319.5   27.1      --
 23  07/23/2020  2200    70.2   41.6    25.5     0.000   0   35.45  323.0   31.8    2084
 24  07/23/2020  2300    64.5   42.6    21.3     0.000   0   44.88  322.9   26.6      --
 25  07/24/2020  0000    60.8   43.6    17.1     0.000   0   53.08  322.6   21.4      --
 26  07/24/2020  0100    57.3   44.4    12.9     0.000   0   61.93  322.1   16.2      --
 27  07/24/2020  0200    54.3   46.3     8.7     0.000   0   74.31  321.3   11.0      --
 28  07/24/2020  0300    51.1   43.6     3.6     0.000   0   75.41  318.8    5.8      --
 29  07/24/2020  0400    49.5   41.3     0.3     0.000   0   73.50  281.3    0.8     653
 30  07/24/2020  0500    48.8   40.3     0.5     0.000   0   72.53  258.8    1.1      --
 31  07/24/2020  0600    49.4   40.8     0.7     0.000   0   71.92  247.1    1.5      --
 32  07/24/2020  0700    51.9   44.3     0.9     0.000   0   75.20  240.5    1.9      --
 33  07/24/2020  0800    55.9   44.8     1.1     0.000   0   66.09  236.3    2.3      --
 34  07/24/2020  0900    61.4   47.4     1.3     0.000   0   59.99  233.5    2.7      --
 35  07/24/2020  1000    67.7   49.8     1.4     0.000   0   52.69  231.4    3.2    6132
 36  07/24/2020  1100    73.9   51.5     2.5     0.000   0   45.45  262.6    3.5      --
 37  07/24/2020  1200    79.2   52.0     3.6     0.000   0   38.95  283.4    4.7      --
 38  07/24/2020  1300    82.9   49.2     4.7     0.000   0   31.07  295.2    6.2      --
 39  07/24/2020  1400    84.8   45.9     5.8     0.000   0   25.81  302.2    7.8      --
 40  07/24/2020  1500    85.7   42.7     6.9     0.000   0   22.17  306.8    9.5      --
 41  07/24/2020  1600    86.1   40.8     8.0     0.000   0   20.35  309.9   11.2    9734
 42  07/24/2020  1700    86.2   40.1    11.1     0.000   0   19.76  315.2   14.8      --
 43  07/24/2020  1800    84.8   38.3    14.2     0.000   0   19.24  318.5   18.4      --
 44  07/24/2020  1900    80.6   37.6    17.2     0.000   0   21.49  320.7   22.0      --
 45  07/24/2020  2000    75.3   38.2    20.3     0.000   0   26.17  322.2   25.7      --
 46  07/24/2020  2100    70.0   38.9    23.4     0.000   0   32.12  323.4   29.3      --
 47  07/24/2020  2200    64.7   39.6    26.4     0.000   0   39.66  324.3   33.0    2136
 48  07/24/2020  2300    59.8   40.4    22.4     0.000   0   48.57  322.9   27.9      --
 49  07/25/2020  0000    56.8   41.1    18.3     0.000   0   55.57  320.8   22.8      --
 50  07/25/2020  0100    54.0   41.7    14.3     0.000   0   62.91  317.5   17.7      --
 51  07/25/2020  0200    51.6   43.3    10.2     0.000   0   73.24  311.7   12.7      --
 52  07/25/2020  0300    49.2   44.3     5.5     0.000   0   82.97  298.9    8.1      --
 53  07/25/2020  0400    47.7   45.0     1.8     0.000   5   90.45  261.6    4.7      29
 54  07/25/2020  0500    46.9   44.7     1.8     0.000  10   91.97  259.0    4.2      --
 55  07/25/2020  0600    47.7   44.8     1.7     0.000  10   89.81  255.9    3.8      --
 56  07/25/2020  0700    50.1   45.5     1.6     0.000  10   84.11  251.9    3.4      --
 57  07/25/2020  0800    54.3   46.5     1.4     0.000   5   74.78  246.8    3.0      --
 58  07/25/2020  0900    60.1   47.6     1.2     0.000   0   63.39  240.2    2.6      --
 59  07/25/2020  1000    66.7   48.7     1.0     0.000   0   52.22  231.6    2.3    5386
 60  07/25/2020  1100    73.2   49.3     1.1     0.000   0   42.95  224.7    1.4      --
 61  07/25/2020  1200    78.8   49.6     1.2     0.000   0   35.99  196.5    0.6      --
 62  07/25/2020  1300    82.8   49.6     1.2     0.000   0   31.59  101.7    0.7      --
 63  07/25/2020  1400    84.9   48.5     1.3     0.000   0   28.47   78.6    1.5      --
 64  07/25/2020  1500    85.9   45.8     1.4     0.000   0   24.90   72.3    2.4      --
 65  07/25/2020  1600    86.3   42.5     1.5     0.000   0   21.55   69.5    3.3    7122
 66  07/25/2020  1700    86.4   39.7     1.3     0.000   0   19.34   74.2    2.8      --
 67  07/25/2020  1800    85.1   38.7     1.2     0.000   0   19.38   81.0    2.2      --
 68  07/25/2020  1900    80.6   35.0     1.0     0.000   0   19.39   91.5    1.8      --
 69  07/25/2020  2000    75.1   40.5     0.9     0.000   0   28.82  108.2    1.4      --
 70  07/25/2020  2100    67.1   45.8     0.6     0.000   0   46.47  132.2    1.3      --
 71  07/25/2020  2200    59.1   47.5     0.5     0.000   0   65.50  158.0    1.3       1
 72  07/25/2020  2300    54.4   47.4     0.8     0.000   0   77.18  290.2    0.3      --
 73  07/26/2020  0000    52.6   47.3     1.0     0.000   5   81.94  322.3    1.9      --
 74  07/26/2020  0100    51.1   47.1     1.4     0.000  10   86.15  325.3    3.5      --
 75  07/26/2020  0200    50.1   46.8     1.7     0.000  10   88.48  326.5    5.0      --
 76  07/26/2020  0300    49.2   46.3     2.0     0.000  10   89.89  327.0    6.6      --
 77  07/26/2020  0400    48.4   45.9     2.4     0.000  10   91.22  327.4    8.2      36
 78  07/26/2020  0500    47.7   45.4     2.7     0.000  10   91.61  331.2    7.6      --
 79  07/26/2020  0600    48.6   45.5     2.9     0.000  10   88.84  335.6    7.0      --
 80  07/26/2020  0700    52.1   45.9     3.1     0.000   5   79.13  340.9    6.5      --
 81  07/26/2020  0800    57.9   46.9     2.8     0.000   0   66.67  347.0    6.0      --
 82  07/26/2020  0900    65.6   48.0     2.6     0.000   0   52.91  354.1    5.6      --
 83  07/26/2020  1000    73.6   48.3     2.4     0.000   0   40.80    2.0    5.3    7211
 84  07/26/2020  1100    81.6   48.8     2.7     0.000   0   31.97   14.9    5.5      --
 85  07/26/2020  1200    88.6   49.9     3.0     0.000   0   26.66   26.4    5.9      --
 86  07/26/2020  1300    92.9   49.9     3.4     0.000   0   23.27   36.0    6.6      --
 87  07/26/2020  1400    95.2   48.7     3.7     0.000   0   20.70   43.7    7.3      --
 88  07/26/2020  1500    96.3   45.3     4.0     0.000   0   17.64   49.8    8.2      --
 89  07/26/2020  1600    96.9   41.2     4.4     0.000   0   14.79   54.7    9.2    8117
 90  07/26/2020  1700    97.1   37.9     5.2     0.000   0   12.93   50.8    9.6      --
 91  07/26/2020  1800    95.8   36.6     6.1     0.000   0   12.79   47.2   10.1      --
 92  07/26/2020  1900    91.0   32.5     7.0     0.000   0   12.57   44.0   10.6      --
 93  07/26/2020  2000    85.0   35.4     7.9     0.000   0   17.11   41.0   11.1      --
 94  07/26/2020  2100    78.9   35.9     8.8     0.000   0   21.20   38.3   11.7      --
 95  07/26/2020  2200    72.8   36.7     9.7     0.000   0   26.75   35.9   12.3  no_inv
 96  07/26/2020  2300    68.1   37.5     8.5     0.000   0   32.47   31.8   10.8      --
 97  07/27/2020  0000    65.5   39.6     7.3     0.000   0   38.52   26.5    9.4      --
 98  07/27/2020  0100    62.8   42.2     5.8     0.000   0   46.87   19.4    8.1      --
 99  07/27/2020  0200    60.4   44.4     4.0     0.000   0   55.51    9.8    7.0      --
100  07/27/2020  0300    58.8   46.3     2.5     0.000   0   63.31  357.2    6.2      --
101  07/27/2020  0400    57.8   47.2     1.5     0.000   0   67.65  341.5    5.7  no_inv
102  07/27/2020  0500    57.4   46.3     1.9     0.000   0   66.43  342.8    6.1      --
103  07/27/2020  0600    58.1   45.7     2.4     0.000   0   63.20  343.9    6.5      --
104  07/27/2020  0700    61.0   45.5     2.9     0.000   0   56.67  344.9    6.9      --
105  07/27/2020  0800    66.2   46.2     3.3     0.000   0   48.37  345.7    7.3      --
106  07/27/2020  0900    73.1   47.3     3.5     0.000   0   39.93  346.5    7.7      --
107  07/27/2020  1000    80.9   48.3     3.7     0.000   0   32.07  347.2    8.1  no_inv
108  07/27/2020  1100    88.3   49.0     3.4     0.000   0   25.93  347.7    7.5      --
109  07/27/2020  1200    94.2   49.2     3.1     0.000   0   21.78  348.2    6.9      --
110  07/27/2020  1300    98.4   49.2     2.9     0.000   0   19.15  348.8    6.3      --
111  07/27/2020  1400   100.6   48.3     2.6     0.000   0   17.35  349.6    5.7      --
112  07/27/2020  1500   101.7   45.9     2.3     0.000   0   15.37  350.5    5.2      --
113  07/27/2020  1600   102.2   43.0     2.1     0.000   0   13.52  351.7    4.6  no_inv
114  07/27/2020  1700   102.3   40.6     1.9     0.000   0   12.29  347.6    4.1      --
115  07/27/2020  1800   101.0   39.7     1.8     0.000   0   12.34  342.5    3.7      --
116  07/27/2020  1900    96.4   36.8     1.6     0.000   0   12.66  336.0    3.2      --
117  07/27/2020  2000    90.4   42.2     1.4     0.000   0   18.76  327.9    2.9      --
118  07/27/2020  2100    82.4   47.3     0.8     0.000   0   29.34  317.7    2.6      --
119  07/27/2020  2200    74.4   48.0     0.6     0.000   0   39.24  305.6    2.4     528
120  07/27/2020  2300    69.7   47.3     1.1     0.000   0   44.97  301.4    3.7      --
121  07/28/2020  0000    69.1   46.7     1.9     0.000   0   44.70  299.3    5.0      --
122  07/28/2020  0100    68.4   46.0     2.9     0.000   0   44.63  298.0    6.3      --
123  07/28/2020  0200    67.4   45.3     4.2     0.000   0   44.87  297.2    7.6      --
124  07/28/2020  0300    65.9   45.2     5.1     0.000   0   47.09  296.7    8.8      --
125  07/28/2020  0400    64.7   45.5     5.9     0.000   0   49.76  296.2   10.1     564
126  07/28/2020  0500    63.8   45.3     5.3     0.000   0   51.00  289.8    8.6      --
127  07/28/2020  0600    64.4   45.6     4.8     0.000   0   50.39  280.8    7.2      --
128  07/28/2020  0700    66.8   46.3     4.2     0.000   0   47.71  267.9    6.1      --
129  07/28/2020  0800    70.9   47.3     3.7     0.000   0   43.03  250.5    5.3      --
130  07/28/2020  0900    76.7   48.5     3.2     0.000   0   37.06  230.2    5.2      --
131  07/28/2020  1000    83.3   49.5     2.6     0.000   0   31.03  211.6    5.8    5343
132  07/28/2020  1100    89.9   50.2     2.9     0.000   0   25.86  213.8    6.3      --
133  07/28/2020  1200    95.6   50.5     3.1     0.000   0   21.90  215.8    6.7      --
134  07/28/2020  1300    99.7   50.5     3.4     0.000   0   19.34  217.4    7.2      --
135  07/28/2020  1400   101.8   49.5     3.6     0.000   0   17.48  218.9    7.7      --
136  07/28/2020  1500   102.8   46.7     3.9     0.000   0   15.30  220.2    8.2      --
137  07/28/2020  1600   103.3   43.3     4.1     0.000   0   13.25  221.3    8.8  no_inv
138  07/28/2020  1700   103.4   40.6     7.1     0.000   0   11.89  257.4    7.3      --
139  07/28/2020  1800   102.0   39.5    10.0     0.000   0   11.88  291.5    9.2      --
140  07/28/2020  1900    97.6   36.7    12.9     0.000   0   12.15  310.0   13.0      --
141  07/28/2020  2000    91.9   38.1    15.9     0.000   0   15.29  319.6   17.5      --
142  07/28/2020  2100    86.3   39.8    18.8     0.000   0   19.50  325.2   22.2      --
143  07/28/2020  2200    80.7   41.7    21.7     0.000   0   25.09  328.8   27.2    1999
144  07/28/2020  2300    76.3   43.5    19.0     0.000   0   31.11  325.5   23.5      --
145  07/29/2020  0000    73.9   45.2    16.2     0.000   0   35.97  321.0   20.0      --
146  07/29/2020  0100    71.6   46.7    13.5     0.000   0   41.03  314.7   16.7      --
147  07/29/2020  0200    69.6   49.1    10.7     0.000   0   48.11  305.4   13.7      --
148  07/29/2020  0300    67.9   50.0     7.9     0.000   0   52.83  291.4   11.2      --
149  07/29/2020  0400    66.5   48.7     5.2     0.000   0   52.78  271.5    9.7  no_inv
150  07/29/2020  0500    65.6   47.5     4.5     0.000   0   52.07  269.4    7.8      --
151  07/29/2020  0600    65.9   46.8     3.8     0.000   0   50.04  265.9    6.0      --
152  07/29/2020  0700    67.6   45.8     3.1     0.000   0   45.47  259.4    4.2      --
153  07/29/2020  0800    70.7   47.8     2.4     0.000   0   44.21  244.0    2.5      --
154  07/29/2020  0900    75.1   47.4     1.7     0.000   0   37.53  196.7    1.5      --
155  07/29/2020  1000    80.3   46.9     1.0     0.000   0   30.97  141.9    2.3    4448
156  07/29/2020  1100    86.0   46.4     1.2     0.000   0   25.35  129.7    1.1      --
157  07/29/2020  1200    92.0   46.0     1.4     0.000   0   20.61   46.5    0.5      --
158  07/29/2020  1300    96.6   45.6     1.6     0.000   0   17.67  353.0    1.4      --
159  07/29/2020  1400    98.9   45.3     1.8     0.000   0   16.28  344.2    2.6      --
160  07/29/2020  1500   100.0   45.1     2.0     0.000   0   15.61  340.9    3.8      --
161  07/29/2020  1600   100.6   45.0     2.2     0.000   0   15.30  339.1    4.9  no_inv
162  07/29/2020  1700   100.8   45.0     5.5     0.000   0   15.23  330.1    8.5      --
163  07/29/2020  1800    99.5   45.0     8.7     0.000   0   15.84  326.4   12.2      --
164  07/29/2020  1900    95.2   45.0    11.9     0.000   0   18.05  324.5   15.9      --
165  07/29/2020  2000    89.9   45.0    15.1     0.000   0   21.22  323.2   19.6      --
166  07/29/2020  2100    84.7   45.0    18.4     0.000   0   25.02  322.4   23.3      --
167  07/29/2020  2200    79.5   45.0    21.6     0.000   0   29.62  321.8   27.0    1289
