  Generated by FoxLW on Sunday May 3, 2020 at 04:52 PDT
-------------------------------------------------------------------------------
  WSU Tri-Cities
  46.3300:-119.2700  (46 19' 48.00"N  119 16' 12.00"W)  elev 397.0 feet    file: 100148
-------------------------------------------------------------------------------

Line#   Date     Hour   TempF  DewPtF WS(mph)  Rain(in) LW    RH%  WDir_50m WS_50m Inv(ft)
  5  05/03/2020  0400    41.2   35.4    10.7     0.000   0   79.85  228.2   17.5     870
  6  05/03/2020  0500    40.7   35.4    10.6     0.000   0   81.32  228.9   16.7      --
  7  05/03/2020  0600    41.0   35.2    10.5     0.000   0   79.49  229.6   15.8      --
  8  05/03/2020  0700    42.5   34.8    10.4     0.000   0   74.00  230.4   15.0      --
  9  05/03/2020  0800    45.2   32.4    10.3     0.000   0   60.80  231.2   14.2      --
 10  05/03/2020  0900    48.7   31.8    10.1     0.000   0   51.88  232.2   13.4      --
 11  05/03/2020  1000    52.7   31.2    10.0     0.000   0   43.65  233.4   12.5  no_inv
 12  05/03/2020  1100    56.2   30.5    10.3     0.000   0   37.47  234.9   12.9      --
 13  05/03/2020  1200    58.5   30.0    10.6     0.000   0   33.63  236.4   13.2      --
 14  05/03/2020  1300    60.2   30.0    10.9     0.000   0   31.70  237.9   13.6      --
 15  05/03/2020  1400    61.1   30.3    11.2     0.000   0   31.06  239.2   14.0      --
 16  05/03/2020  1500    61.6   30.6    11.5     0.000   0   30.95  240.5   14.4      --
 17  05/03/2020  1600    62.0   31.1    11.8     0.000   0   31.13  241.7   14.7  no_inv
 18  05/03/2020  1700    62.1   30.9    12.1     0.000   0   30.74  254.9   12.7      --
 19  05/03/2020  1800    61.6   30.3    12.5     0.000   0   30.55  271.8   11.5      --
 20  05/03/2020  1900    60.0   30.0    12.8     0.000   0   31.91  290.6   11.5      --
 21  05/03/2020  2000    58.3   29.8    13.2     0.000   0   33.67  307.6   12.6      --
 22  05/03/2020  2100    56.7   30.0    13.5     0.000   0   35.87  320.8   14.7      --
 23  05/03/2020  2200    55.0   30.4    13.9     0.000   0   38.75  330.5   17.3  no_inv
 24  05/03/2020  2300    50.5   32.0    11.9     0.000   0   49.00  329.9   15.3      --
 25  05/04/2020  0000    46.7   32.8    10.0     0.000   0   58.15  329.3   13.3      --
 26  05/04/2020  0100    43.3   33.6     8.1     0.000   0   68.32  328.4   11.3      --
 27  05/04/2020  0200    40.0   32.7     5.7     0.000   0   74.91  327.1    9.3      --
 28  05/04/2020  0300    37.6   32.1     3.5     0.000   0   80.39  325.1    7.3      --
 29  05/04/2020  0400    36.2   31.8     1.7     0.000   0   84.00  321.6    5.3     919
 30  05/04/2020  0500    35.6   31.3     1.9     0.000   0   84.14  321.5    3.7      --
 31  05/04/2020  0600    36.0   31.5     2.1     0.000   0   83.38  321.2    2.1      --
 32  05/04/2020  0700    38.0   32.5     2.2     0.000   0   80.22  319.3    0.5      --
 33  05/04/2020  0800    41.5   34.0     2.1     0.000   0   74.52  143.1    1.1      --
 34  05/04/2020  0900    46.3   35.7     2.0     0.000   0   66.23  142.4    2.7      --
 35  05/04/2020  1000    52.0   37.2     1.9     0.000   0   56.77  142.2    4.3  no_inv
 36  05/04/2020  1100    57.9   38.2     2.1     0.000   0   47.74  158.5    3.3      --
 37  05/04/2020  1200    63.7   38.6     2.2     0.000   0   39.48  184.5    2.7      --
 38  05/04/2020  1300    68.0   38.6     2.3     0.000   0   34.02  214.2    2.9      --
 39  05/04/2020  1400    70.3   37.5     2.5     0.000   0   30.19  235.8    3.7      --
 40  05/04/2020  1500    71.4   34.8     2.6     0.000   0   26.08  248.6    4.8      --
 41  05/04/2020  1600    72.0   31.4     2.7     0.000   0   22.28  256.4    6.1  no_inv
 42  05/04/2020  1700    72.2   28.6     2.8     0.000   0   19.79  242.5    4.7      --
 43  05/04/2020  1800    71.4   27.6     2.9     0.000   0   19.47  220.6    3.9      --
 44  05/04/2020  1900    68.2   33.0     3.0     0.000   0   27.05  192.6    3.8      --
 45  05/04/2020  2000    63.5   35.1     2.4     0.000   0   34.58  169.0    4.5      --
 46  05/04/2020  2100    59.8   35.9     2.0     0.000   0   40.71  153.9    5.8      --
 47  05/04/2020  2200    56.7   36.7     1.6     0.000   0   46.90  144.6    7.3     844
 48  05/04/2020  2300    55.7   35.9     2.1     0.000   0   47.16  144.9    4.8      --
 49  05/05/2020  0000    55.4   35.1     2.6     0.000   0   46.16  145.9    2.4      --
 50  05/05/2020  0100    55.2   34.3     3.1     0.000   0   45.17  289.0    0.2      --
 51  05/05/2020  0200    54.9   33.9     3.4     0.000   0   44.89  322.0    2.6      --
 52  05/05/2020  0300    54.5   33.9     3.4     0.000   0   45.40  323.0    5.1      --
 53  05/05/2020  0400    54.4   33.9     3.4     0.000   0   45.71  323.3    7.6     574
 54  05/05/2020  0500    54.2   33.9     3.1     0.000   0   46.05  326.8    6.8      --
 55  05/05/2020  0600    54.2   34.1     2.8     0.000   0   46.35  331.3    6.0      --
 56  05/05/2020  0700    55.0   34.8     2.5     0.000   0   46.41  337.0    5.3      --
 57  05/05/2020  0800    56.4   35.8     2.2     0.000   0   45.93  344.3    4.7      --
 58  05/05/2020  0900    58.4   36.9     2.0     0.000   0   44.57  353.8    4.1      --
 59  05/05/2020  1000    61.1   37.9     1.7     0.000   0   42.20    5.8    3.7  no_inv
 60  05/05/2020  1100    64.4   38.6     1.7     0.000   0   38.52   11.9    3.6      --
 61  05/05/2020  1200    69.8   38.9     1.6     0.000   0   32.36   18.5    3.5      --
 62  05/05/2020  1300    74.0   38.9     1.6     0.000   0   28.04   25.3    3.4      --
 63  05/05/2020  1400    76.1   38.8     1.6     0.000   0   26.06   32.3    3.4      --
 64  05/05/2020  1500    77.1   38.5     1.6     0.000   0   24.93   39.2    3.5      --
 65  05/05/2020  1600    77.6   38.2     1.6     0.000   0   24.23   45.8    3.5  no_inv
 66  05/05/2020  1700    77.6   37.9     1.5     0.000   0   23.98   42.1    3.4      --
 67  05/05/2020  1800    75.8   37.8     1.5     0.000   0   25.40   38.1    3.2      --
 68  05/05/2020  1900    73.4   38.4     1.4     0.000   0   28.11   33.7    3.1      --
 69  05/05/2020  2000    69.6   38.6     1.1     0.000   0   32.13   28.9    2.9      --
 70  05/05/2020  2100    66.5   38.6     0.9     0.000   0   35.83   23.6    2.8      --
 71  05/05/2020  2200    63.6   38.7     0.7     0.000   0   39.80   18.1    2.8     747
 72  05/05/2020  2300    61.7   38.6     1.5     0.000   0   42.48  335.8    4.4      --
 73  05/06/2020  0000    59.8   38.6     2.7     0.000   0   45.25  320.4    7.0      --
 74  05/06/2020  0100    57.4   38.5     4.3     0.000   0   49.17  313.7    9.9      --
 75  05/06/2020  0200    54.9   42.1     6.1     0.000   0   61.85  310.0   12.8      --
 76  05/06/2020  0300    53.0   46.6     7.3     0.000   0   78.80  307.6   15.7      --
 77  05/06/2020  0400    52.5   49.2     8.5     0.000   0   88.48  306.0   18.7    1417
 78  05/06/2020  0500    51.1   46.7     7.3     0.000   0   84.94  307.9   15.6      --
 79  05/06/2020  0600    51.0   47.1     6.1     0.000   0   86.30  310.6   12.5      --
 80  05/06/2020  0700    51.0   48.1     4.9     0.000   0   89.85  315.2    9.5      --
 81  05/06/2020  0800    51.4   49.1     3.8     0.000   5   91.97  323.9    6.6      --
 82  05/06/2020  0900    52.5   49.7     2.6     0.040  10   90.05  344.8    4.0      --
 83  05/06/2020  1000    53.7   50.1     1.4     0.220  10   87.57   35.7    3.0    1676
 84  05/06/2020  1100    54.4   50.8     3.0     0.130  10   87.61  345.8    3.1      --
 85  05/06/2020  1200    55.4   52.2     4.7     0.040   6   88.86  317.6    4.9      --
 86  05/06/2020  1300    56.7   52.0     6.3     0.000   0   84.23  305.8    7.2      --
 87  05/06/2020  1400    60.5   48.6     7.9     0.000   0   64.81  299.8    9.6      --
 88  05/06/2020  1500    61.1   47.2     9.6     0.000   0   60.24  296.2   12.2      --
 89  05/06/2020  1600    59.8   47.4    11.2     0.010   0   63.49  293.9   14.7  no_inv
 90  05/06/2020  1700    64.8   43.0    11.6     0.000   0   44.98  284.7   14.0      --
 91  05/06/2020  1800    63.5   42.7    11.9     0.000   0   46.62  274.8   13.7      --
 92  05/06/2020  1900    61.3   41.2    12.2     0.000   0   47.47  264.8   13.8      --
 93  05/06/2020  2000    59.1   40.3    12.5     0.000   0   49.62  255.2   14.3      --
 94  05/06/2020  2100    56.9   39.4    12.8     0.000   0   51.91  246.5   15.2      --
 95  05/06/2020  2200    54.6   39.1    13.1     0.000   0   55.67  238.9   16.4   10654
 96  05/06/2020  2300    52.0   38.8    12.2     0.000   0   60.64  238.6   16.6      --
 97  05/07/2020  0000    49.8   40.1    11.3     0.000   0   69.25  238.3   16.7      --
 98  05/07/2020  0100    47.7   40.2    10.4     0.000   0   75.16  238.0   16.9      --
 99  05/07/2020  0200    45.8   40.2     9.4     0.000   0   80.49  237.7   17.0      --
100  05/07/2020  0300    44.3   40.1     8.5     0.000   0   85.12  237.4   17.2      --
101  05/07/2020  0400    43.0   40.3     7.6     0.000   0   90.14  237.1   17.4    1025
102  05/07/2020  0500    42.3   40.0     8.0     0.000   0   91.45  237.0   16.5      --
103  05/07/2020  0600    42.7   39.6     8.4     0.000   0   88.89  236.9   15.7      --
104  05/07/2020  0700    44.2   39.1     8.8     0.000   0   82.25  236.8   14.9      --
105  05/07/2020  0800    46.9   36.5     9.2     0.000   0   66.95  236.6   14.1      --
106  05/07/2020  0900    50.6   35.7     9.6     0.000   0   56.48  236.4   13.3      --
107  05/07/2020  1000    55.1   34.9    10.0     0.000   0   46.39  236.3   12.5    6368
108  05/07/2020  1100    59.8   34.1     8.7     0.000   0   37.94  233.9    9.8      --
109  05/07/2020  1200    64.9   33.3     7.4     0.000   0   30.71  229.7    7.1      --
110  05/07/2020  1300    68.7   32.7     6.0     0.000   0   26.23  220.4    4.5      --
111  05/07/2020  1400    70.7   32.2     4.7     0.000   0   24.03  190.0    2.2      --
112  05/07/2020  1500    71.6   31.8     3.4     0.000   0   23.01  116.2    2.3      --
113  05/07/2020  1600    72.1   31.7     2.1     0.000   0   22.55   88.2    4.6  no_inv
114  05/07/2020  1700    72.2   31.9     2.3     0.000   0   22.59   82.7    4.9      --
115  05/07/2020  1800    71.3   32.2     2.5     0.000   0   23.60   78.0    5.3      --
116  05/07/2020  1900    68.3   32.2     2.6     0.000   0   26.20   73.9    5.7      --
117  05/07/2020  2000    65.4   32.2     2.8     0.000   0   28.91   70.3    6.1      --
118  05/07/2020  2100    61.5   32.5     2.8     0.000   0   33.55   67.2    6.6      --
119  05/07/2020  2200    57.5   32.8     2.6     0.000   0   39.09   64.5    7.0     817
120  05/07/2020  2300    53.0   32.9     2.6     0.000   0   46.10   62.3    7.1      --
121  05/08/2020  0000    50.0   33.0     2.5     0.000   0   51.74   60.2    7.2      --
122  05/08/2020  0100    47.5   33.0     2.5     0.000   0   56.95   58.2    7.4      --
123  05/08/2020  0200    45.8   33.2     2.4     0.000   0   61.03   56.2    7.5      --
124  05/08/2020  0300    44.5   33.2     2.3     0.000   0   64.29   54.3    7.7      --
125  05/08/2020  0400    43.7   33.3     2.2     0.000   0   66.62   52.5    7.8     257
126  05/08/2020  0500    43.3   33.0     3.5     0.000   0   66.82   49.9    8.6      --
127  05/08/2020  0600    44.0   32.8     5.0     0.000   0   64.41   47.7    9.4      --
128  05/08/2020  0700    46.7   37.0     6.8     0.000   0   68.77   45.9   10.2      --
129  05/08/2020  0800    51.1   37.7     7.9     0.000   0   60.14   44.3   11.0      --
130  05/08/2020  0900    56.9   37.2     9.1     0.000   0   47.61   43.0   11.9      --
131  05/08/2020  1000    63.4   36.7    10.1     0.000   0   36.93   41.8   12.7    8072
132  05/08/2020  1100    69.7   36.7     9.5     0.000   0   29.87   41.0   12.3      --
133  05/08/2020  1200    74.5   36.7     8.8     0.000   0   25.37   40.1   11.9      --
134  05/08/2020  1300    77.9   36.5     8.1     0.000   0   22.41   39.2   11.5      --
135  05/08/2020  1400    79.7   36.2     7.5     0.000   0   20.98   38.2   11.2      --
136  05/08/2020  1500    80.5   36.1     6.8     0.000   0   20.32   37.2   10.8      --
137  05/08/2020  1600    80.9   36.0     6.1     0.000   0   20.02   36.0   10.4  no_inv
138  05/08/2020  1700    80.9   36.0     6.0     0.000   0   19.99   36.2   10.3      --
139  05/08/2020  1800    80.0   36.0     5.9     0.000   0   20.56   36.4   10.1      --
140  05/08/2020  1900    76.5   36.4     5.8     0.000   0   23.41   36.5    9.9      --
141  05/08/2020  2000    71.9   36.6     5.7     0.000   0   27.55   36.7    9.8      --
142  05/08/2020  2100    67.3   36.8     5.6     0.000   0   32.57   36.9    9.6      --
143  05/08/2020  2200    62.7   36.9     5.5     0.000   0   38.35   37.1    9.5      69
144  05/08/2020  2300    59.0   37.1     5.5     0.000   0   43.98   25.1    6.6      --
145  05/09/2020  0000    57.1   37.2     5.5     0.000   0   47.27  357.9    4.3      --
146  05/09/2020  0100    55.4   37.3     5.5     0.000   0   50.49  311.4    4.1      --
147  05/09/2020  0200    53.9   37.4     5.5     0.000   0   53.45  280.5    6.1      --
148  05/09/2020  0300    52.7   37.4     5.5     0.000   0   55.99  266.9    9.0      --
149  05/09/2020  0400    51.7   37.4     5.5     0.000   0   57.93  260.0   12.1      63
150  05/09/2020  0500    51.1   39.2     6.2     0.000   0   63.67  271.0   10.6      --
151  05/09/2020  0600    51.6   40.9     6.9     0.000   0   66.65  284.8    9.6      --
152  05/09/2020  0700    53.4   42.3     7.6     0.000   0   65.99  300.6    9.3      --
153  05/09/2020  0800    56.5   40.8     8.3     0.000   0   55.61  316.2    9.7      --
154  05/09/2020  0900    60.9   40.2     9.0     0.000   0   46.54  329.7   10.8      --
155  05/09/2020  1000    66.1   39.7     9.7     0.000   0   37.81  340.3   12.3    2286
156  05/09/2020  1100    71.7   39.1     8.6     0.000   0   30.51  344.7   11.1      --
157  05/09/2020  1200    78.0   38.5     7.5     0.000   0   24.19  350.1    9.9      --
158  05/09/2020  1300    82.9   38.5     6.4     0.000   0   20.63  356.9    8.9      --
159  05/09/2020  1400    85.5   38.7     5.3     0.000   0   19.15    5.3    8.0      --
160  05/09/2020  1500    86.8   39.2     4.2     0.000   0   18.73   15.6    7.3      --
161  05/09/2020  1600    87.5   39.7     3.1     0.000   0   18.71   27.5    6.9  no_inv
162  05/09/2020  1700    87.7   39.7     4.6     0.000   0   18.56   29.6    8.2      --
163  05/09/2020  1800    87.0   39.1     6.1     0.000   0   18.57   31.1    9.6      --
164  05/09/2020  1900    83.4   39.5     7.5     0.000   0   21.08   32.3   10.9      --
165  05/09/2020  2000    79.2   39.5     9.0     0.000   0   24.17   33.2   12.2      --
166  05/09/2020  2100    74.9   39.2    10.5     0.000   0   27.54   33.9   13.6      --
167  05/09/2020  2200    70.7   38.7    11.9     0.000   0   31.17   34.5   14.9  no_inv
