  Generated by FoxLW on Sunday May 3, 2020 at 04:52 PDT
-------------------------------------------------------------------------------
  WSU Othello
  46.7900:-119.0400  (46 47' 24.00"N  119 2' 24.00"W)  elev 1204.1 feet    file: 300122
-------------------------------------------------------------------------------

Line#   Date     Hour   TempF  DewPtF WS(mph)  Rain(in) LW    RH%  WDir_50m WS_50m Inv(ft)
  5  05/03/2020  0400    30.2   30.1     5.8     0.020  10   99.76  222.6   12.8      75
  6  05/03/2020  0500    31.2   29.8     5.6     0.000  10   94.49  223.4   12.2      --
  7  05/03/2020  0600    31.7   30.0     5.3     0.000  10   93.62  224.3   11.6      --
  8  05/03/2020  0700    33.4   30.8     5.1     0.000   5   89.96  225.2   11.0      --
  9  05/03/2020  0800    36.0   30.8     4.9     0.000   0   81.05  226.3   10.4      --
 10  05/03/2020  0900    40.0   32.2     4.6     0.000   0   73.63  227.5    9.8      --
 11  05/03/2020  1000    47.3   28.8     4.4     0.000   0   48.32  228.9    9.2  no_inv
 12  05/03/2020  1100    51.4   28.6     5.2     0.000   0   41.10  239.6    9.0      --
 13  05/03/2020  1200    53.7   28.4     6.1     0.000   0   37.46  250.5    9.1      --
 14  05/03/2020  1300    55.4   28.8     6.9     0.000   0   35.90  260.8    9.5      --
 15  05/03/2020  1400    56.2   29.4     7.8     0.000   0   35.67  269.9   10.2      --
 16  05/03/2020  1500    56.8   30.0     8.6     0.000   0   35.88  277.7   11.1      --
 17  05/03/2020  1600    57.1   30.7     9.5     0.000   0   36.45  284.2   12.2  no_inv
 18  05/03/2020  1700    57.2   30.7     9.7     0.000   0   36.36  291.5   12.2      --
 19  05/03/2020  1800    56.1   30.0     9.9     0.000   0   36.79  298.8   12.3      --
 20  05/03/2020  1900    53.1   30.4    10.1     0.000   0   41.61  305.8   12.6      --
 21  05/03/2020  2000    50.2   30.3    10.3     0.000   0   46.28  312.4   13.1      --
 22  05/03/2020  2100    47.2   30.3    10.6     0.000   0   51.77  318.4   13.8      --
 23  05/03/2020  2200    44.2   30.5    10.8     0.000   0   58.21  323.8   14.6     667
 24  05/03/2020  2300    41.2   30.9     9.3     0.000   0   66.35  321.5   12.7      --
 25  05/04/2020  0000    39.2   31.0     7.9     0.000   0   72.35  318.3   10.9      --
 26  05/04/2020  0100    36.4   30.6     5.4     0.000   0   79.36  313.9    9.1      --
 27  05/04/2020  0200    34.4   30.4     3.3     0.000   0   85.26  307.5    7.4      --
 28  05/04/2020  0300    33.2   30.4     1.8     0.000   0   89.43  297.4    5.8      --
 29  05/04/2020  0400    32.6   30.5     0.9     0.000   5   91.72  281.0    4.6     105
 30  05/04/2020  0500    32.4   30.3     1.3     0.000   5   91.63  261.8    4.3      --
 31  05/04/2020  0600    32.7   30.3     1.9     0.000   0   90.55  241.9    4.4      --
 32  05/04/2020  0700    34.3   30.9     2.5     0.000   0   87.08  225.4    5.1      --
 33  05/04/2020  0800    37.9   32.2     3.3     0.000   0   79.65  213.3    6.1      --
 34  05/04/2020  0900    42.3   33.6     3.5     0.000   0   70.96  204.8    7.2      --
 35  05/04/2020  1000    47.5   34.8     3.8     0.000   0   61.22  198.8    8.5  no_inv
 36  05/04/2020  1100    52.8   35.7     3.4     0.000   0   52.04  197.8    7.5      --
 37  05/04/2020  1200    58.0   36.0     3.0     0.000   0   43.65  196.6    6.6      --
 38  05/04/2020  1300    61.8   36.0     2.6     0.000   0   38.13  194.9    5.6      --
 39  05/04/2020  1400    63.8   35.3     2.1     0.000   0   34.54  192.5    4.7      --
 40  05/04/2020  1500    64.7   33.4     1.7     0.000   0   30.96  189.0    3.8      --
 41  05/04/2020  1600    65.2   31.0     1.3     0.000   0   27.64  183.2    2.8  no_inv
 42  05/04/2020  1700    65.3   29.0     2.8     0.000   0   25.46  148.3    3.7      --
 43  05/04/2020  1800    64.4   28.3     4.3     0.000   0   25.45  130.4    5.3      --
 44  05/04/2020  1900    61.5   31.1     5.9     0.000   0   31.68  121.3    7.2      --
 45  05/04/2020  2000    59.0   28.5     7.4     0.000   0   31.13  116.1    9.1      --
 46  05/04/2020  2100    56.5   27.6     8.9     0.000   0   32.90  112.7   11.1      --
 47  05/04/2020  2200    53.9   27.7    10.4     0.000   0   36.18  110.4   13.2     751
 48  05/04/2020  2300    51.6   28.1     9.1     0.000   0   39.99  111.9   11.7      --
 49  05/05/2020  0000    50.5   28.8     7.7     0.000   0   42.92  113.9   10.3      --
 50  05/05/2020  0100    49.3   31.0     5.7     0.000   0   49.15  116.5    8.9      --
 51  05/05/2020  0200    48.4   32.7     3.7     0.000   0   54.29  120.2    7.5      --
 52  05/05/2020  0300    47.9   33.7     2.2     0.000   0   57.83  125.4    6.1      --
 53  05/05/2020  0400    47.6   34.7     1.1     0.000   0   60.73  133.6    4.8      60
 54  05/05/2020  0500    47.5   34.2     1.3     0.000   0   59.65  127.8    3.8      --
 55  05/05/2020  0600    47.7   33.8     1.5     0.000   0   58.35  118.3    2.9      --
 56  05/05/2020  0700    48.8   33.9     1.5     0.000   0   56.26  101.4    2.2      --
 57  05/05/2020  0800    51.0   35.0     1.5     0.000   0   53.94   72.5    1.8      --
 58  05/05/2020  0900    54.1   35.8     1.3     0.000   0   49.82   39.5    1.9      --
 59  05/05/2020  1000    57.8   36.8     1.2     0.000   0   45.33   17.7    2.6  no_inv
 60  05/05/2020  1100    62.1   37.5     1.1     0.000   0   40.02   10.7    2.4      --
 61  05/05/2020  1200    67.0   37.7     1.1     0.000   0   34.09    2.8    2.3      --
 62  05/05/2020  1300    70.4   37.7     1.1     0.000   0   30.29  354.1    2.2      --
 63  05/05/2020  1400    71.9   37.7     1.1     0.000   0   28.69  345.0    2.2      --
 64  05/05/2020  1500    72.7   37.5     1.1     0.000   0   27.78  336.0    2.2      --
 65  05/05/2020  1600    72.9   37.2     1.0     0.000   0   27.31  327.4    2.3  no_inv
 66  05/05/2020  1700    72.5   37.0     1.3     0.000   0   27.45  359.7    1.8      --
 67  05/05/2020  1800    70.2   37.0     1.6     0.000   0   29.56   35.1    2.1      --
 68  05/05/2020  1900    68.3   37.4     1.9     0.000   0   32.08   56.2    3.0      --
 69  05/05/2020  2000    65.1   37.5     1.7     0.000   0   36.02   67.3    4.0      --
 70  05/05/2020  2100    59.9   40.3     1.6     0.000   0   48.25   73.7    5.1      --
 71  05/05/2020  2200    61.0   45.7     1.3     0.010   0   57.10   77.7    6.3     674
 72  05/05/2020  2300    57.9   47.0     2.5     0.000   0   67.09   62.5    7.5      --
 73  05/06/2020  0000    56.2   46.0     4.3     0.000   0   68.50   52.0    9.1      --
 74  05/06/2020  0100    53.2   46.5     6.7     0.010   0   77.86   44.8   10.9      --
 75  05/06/2020  0200    49.8   46.7     9.1     0.000   0   89.14   39.7   12.8      --
 76  05/06/2020  0300    47.8   45.7    10.6     0.000   0   92.55   36.0   14.8      --
 77  05/06/2020  0400    46.4   44.6    12.2     0.020   0   93.28   33.1   16.9     602
 78  05/06/2020  0500    46.7   43.8    10.4     0.040   0   89.53   34.6   13.6      --
 79  05/06/2020  0600    47.2   43.6     8.7     0.080  10   87.45   37.0   10.4      --
 80  05/06/2020  0700    46.8   43.2     6.9     0.070  10   87.08   41.6    7.1      --
 81  05/06/2020  0800    47.2   43.6     5.1     0.020   5   87.24   53.6    4.0      --
 82  05/06/2020  0900    47.5   43.9     3.4     0.040   6   87.26  108.2    1.8      --
 83  05/06/2020  1000    48.0   44.3     1.6     0.210  10   87.27  176.4    3.5    1370
 84  05/06/2020  1100    48.7   45.1     5.5     0.120  10   87.31  243.2    5.8      --
 85  05/06/2020  1200    51.2   47.0     9.4     0.040   6   85.54  260.8   10.7      --
 86  05/06/2020  1300    56.2   41.6    13.3     0.000   0   57.99  267.1   15.9      --
 87  05/06/2020  1400    61.2   36.2    17.2     0.000   0   39.27  270.2   21.3      --
 88  05/06/2020  1500    63.2   35.7    21.1     0.000   0   35.84  272.1   26.7      --
 89  05/06/2020  1600    63.8   35.6    25.0     0.000   0   34.90  273.4   32.1  no_inv
 90  05/06/2020  1700    63.6   35.6    22.8     0.000   0   35.21  272.1   29.4      --
 91  05/06/2020  1800    61.0   35.6    20.6     0.000   0   38.54  270.6   26.6      --
 92  05/06/2020  1900    57.5   35.6    18.5     0.000   0   43.83  268.8   23.9      --
 93  05/06/2020  2000    53.9   35.7    16.3     0.000   0   49.96  266.4   21.2      --
 94  05/06/2020  2100    50.4   35.8    14.1     0.000   0   57.09  263.4   18.6      --
 95  05/06/2020  2200    46.8   37.0    11.9     0.000   0   68.50  259.5   16.0     419
 96  05/06/2020  2300    44.6   37.4    11.3     0.000   0   75.59  254.8   16.1      --
 97  05/07/2020  0000    43.3   37.7    10.7     0.000   0   80.42  250.2   16.3      --
 98  05/07/2020  0100    42.0   38.0    10.0     0.000   0   85.37  245.7   16.6      --
 99  05/07/2020  0200    40.8   38.0     9.4     0.000   0   89.71  241.4   17.0      --
100  05/07/2020  0300    39.7   38.0     8.8     0.000   0   93.81  237.4   17.4      --
101  05/07/2020  0400    38.7   38.0     8.1     0.000   5   97.51  233.5   18.0     200
102  05/07/2020  0500    38.0   38.0     8.2     0.000  10  100.00  233.4   16.9      --
103  05/07/2020  0600    38.5   37.9     8.3     0.000  10   97.70  233.3   15.8      --
104  05/07/2020  0700    40.1   37.7     8.4     0.000   5   91.06  233.1   14.8      --
105  05/07/2020  0800    42.9   35.4     8.4     0.000   0   74.76  232.9   13.7      --
106  05/07/2020  0900    46.7   35.1     8.5     0.000   0   63.72  232.7   12.6      --
107  05/07/2020  1000    51.3   34.8     8.6     0.000   0   52.98  232.5   11.5    3954
108  05/07/2020  1100    56.1   34.4     7.4     0.000   0   43.95  229.7    9.9      --
109  05/07/2020  1200    61.1   34.1     6.2     0.000   0   36.25  225.8    8.3      --
110  05/07/2020  1300    64.8   33.8     5.1     0.000   0   31.50  220.1    6.8      --
111  05/07/2020  1400    66.7   33.6     3.9     0.000   0   29.24  211.2    5.3      --
112  05/07/2020  1500    67.6   33.5     2.7     0.000   0   28.23  196.5    4.1      --
113  05/07/2020  1600    68.0   33.5     1.5     0.000   0   27.75  172.8    3.4  no_inv
114  05/07/2020  1700    68.1   33.5     1.9     0.000   0   27.77  152.8    3.7      --
115  05/07/2020  1800    67.2   33.8     2.4     0.000   0   28.89  137.9    4.5      --
116  05/07/2020  1900    63.8   33.7     2.8     0.000   0   32.40  127.6    5.4      --
117  05/07/2020  2000    57.7   34.0     2.5     0.000   0   40.69  120.6    6.5      --
118  05/07/2020  2100    52.7   34.2     2.3     0.000   0   49.20  115.5    7.6      --
119  05/07/2020  2200    48.4   34.3     2.0     0.000   0   57.99  111.8    8.8     173
120  05/07/2020  2300    47.3   34.2     3.3     0.000   0   60.13  101.4    9.8      --
121  05/08/2020  0000    47.0   34.0     5.0     0.000   0   60.34   93.2   11.1      --
122  05/08/2020  0100    46.7   37.7     7.2     0.000   0   70.60   86.8   12.6      --
123  05/08/2020  0200    46.1   39.9     9.1     0.000   0   78.94   81.8   14.1      --
124  05/08/2020  0300    45.3   40.0    10.4     0.000   0   81.58   77.9   15.8      --
125  05/08/2020  0400    44.7   39.7    11.6     0.000   0   82.45   74.7   17.6     169
126  05/08/2020  0500    44.2   39.6    11.7     0.000   0   83.99   72.2   17.0      --
127  05/08/2020  0600    44.7   39.5    11.8     0.000   0   81.92   69.7   16.6      --
128  05/08/2020  0700    46.4   37.9    11.8     0.000   0   72.11   67.0   16.1      --
129  05/08/2020  0800    49.4   37.7    11.9     0.000   0   63.85   64.1   15.7      --
130  05/08/2020  0900    53.6   37.5    11.9     0.000   0   54.20   61.1   15.3      --
131  05/08/2020  1000    58.5   37.2    12.0     0.000   0   44.86   58.0   15.0    8164
132  05/08/2020  1100    63.6   36.9    11.4     0.000   0   37.07   58.7   14.5      --
133  05/08/2020  1200    68.9   36.7    10.9     0.000   0   30.54   59.5   14.0      --
134  05/08/2020  1300    72.9   37.0    10.3     0.000   0   27.14   60.3   13.4      --
135  05/08/2020  1400    74.9   37.6     9.7     0.000   0   25.92   61.3   12.9      --
136  05/08/2020  1500    75.9   38.3     9.1     0.000   0   25.76   62.3   12.4      --
137  05/08/2020  1600    76.4   39.0     8.6     0.000   0   26.03   63.4   11.9    6371
138  05/08/2020  1700    76.5   39.0     9.0     0.000   0   25.93   62.3   12.2      --
139  05/08/2020  1800    75.6   38.3     9.5     0.000   0   26.01   61.3   12.4      --
140  05/08/2020  1900    72.0   38.8    10.0     0.000   0   29.98   60.3   12.7      --
141  05/08/2020  2000    67.0   38.8    10.4     0.000   0   35.55   59.4   13.0      --
142  05/08/2020  2100    62.1   39.1    10.9     0.000   0   42.68   58.5   13.3      --
143  05/08/2020  2200    57.1   39.4    11.4     0.000   0   51.48   57.6   13.6  no_inv
144  05/08/2020  2300    54.8   39.7    12.0     0.000   0   56.51   63.1   14.3      --
145  05/09/2020  0000    54.2   38.7    12.6     0.000   0   55.62   68.1   15.1      --
146  05/09/2020  0100    53.6   39.1    13.2     0.000   0   57.68   72.5   15.9      --
147  05/09/2020  0200    53.0   39.3    13.8     0.000   0   59.66   76.5   16.9      --
148  05/09/2020  0300    52.4   39.5    14.4     0.000   0   61.41   80.1   17.9      --
149  05/09/2020  0400    51.8   39.6    15.0     0.000   0   62.83   83.2   19.0  no_inv
150  05/09/2020  0500    51.3   39.5    13.3     0.000   0   63.95   81.8   17.4      --
151  05/09/2020  0600    51.9   40.7    11.5     0.000   0   65.65   80.0   15.8      --
152  05/09/2020  0700    53.6   39.2     9.8     0.000   0   57.88   77.9   14.2      --
153  05/09/2020  0800    56.7   38.8     8.1     0.000   0   51.25   75.3   12.6      --
154  05/09/2020  0900    60.8   38.5     6.4     0.000   0   43.55   71.9   11.1      --
155  05/09/2020  1000    65.7   38.1     4.7     0.000   0   36.14   67.5    9.6    3221
156  05/09/2020  1100    70.8   37.8     4.2     0.000   0   29.97   64.0    8.6      --
157  05/09/2020  1200    75.9   37.4     3.8     0.000   0   24.82   59.8    7.7      --
158  05/09/2020  1300    79.8   37.1     3.4     0.000   0   21.63   54.5    6.9      --
159  05/09/2020  1400    81.8   36.9     3.0     0.000   0   20.10   47.8    6.1      --
160  05/09/2020  1500    82.7   36.7     2.6     0.000   0   19.40   39.3    5.4      --
161  05/09/2020  1600    83.1   36.7     2.2     0.000   0   19.06   28.7    4.9  no_inv
162  05/09/2020  1700    83.2   36.7     3.8     0.000   0   19.00   32.8    6.6      --
163  05/09/2020  1800    82.4   36.7     5.4     0.000   0   19.54   35.3    8.2      --
164  05/09/2020  1900    78.7   38.1     7.1     0.000   0   23.31   36.9    9.9      --
165  05/09/2020  2000    73.6   38.7     8.6     0.000   0   28.23   38.1   11.5      --
166  05/09/2020  2100    68.5   38.6    10.2     0.000   0   33.44   39.0   13.2      --
167  05/09/2020  2200    63.4   38.0    11.9     0.000   0   39.06   39.7   14.8  no_inv
