  Generated by FoxLW on Wednesday May 13, 2020 at 09:25 PDT
-------------------------------------------------------------------------------
  WSU Prosser
  46.2600:-119.7400  (46 15' 36.00"N  119 44' 24.00"W)  elev 928.5 feet    file: 300033
-------------------------------------------------------------------------------

Line#   Date     Hour   TempF  DewPtF WS(mph)  Rain(in) LW    RH%  WDir_50m WS_50m Inv(ft)
  5  05/13/2020  0400    49.6   40.8    10.9     0.000   0   71.62  260.7   22.3     744
  6  05/13/2020  0500    49.2   40.9    10.3     0.000   0   72.78  259.3   20.4      --
  7  05/13/2020  0600    49.3   40.8     9.8     0.000   0   72.45  257.6   18.4      --
  8  05/13/2020  0700    49.7   38.5     9.2     0.000   0   65.38  255.5   16.5      --
  9  05/13/2020  0800    50.4   38.1     8.7     0.000   0   62.75  252.9   14.6      --
 10  05/13/2020  0900    51.4   37.7     8.2     0.000   0   59.28  249.4   12.8      --
 11  05/13/2020  1000    52.8   37.2     7.6     0.000   0   55.25  244.9   11.0  no_inv
 12  05/13/2020  1100    55.1   36.8     7.8     0.000   0   49.83  248.6   11.0      --
 13  05/13/2020  1200    58.6   36.3     7.9     0.000   0   43.30  252.2   11.0      --
 14  05/13/2020  1300    61.5   36.6     8.0     0.000   0   39.46  255.9   11.1      --
 15  05/13/2020  1400    63.1   37.1     8.2     0.000   0   38.02  259.4   11.1      --
 16  05/13/2020  1500    64.2   37.8     8.3     0.000   0   37.56  263.0   11.3      --
 17  05/13/2020  1600    64.8   38.5     8.4     0.000   0   37.91  266.4   11.5  no_inv
 18  05/13/2020  1700    64.9   38.5     9.9     0.000   0   37.74  271.6   13.0      --
 19  05/13/2020  1800    63.6   37.5    11.4     0.000   0   37.84  275.8   14.7      --
 20  05/13/2020  1900    61.7   37.2    12.9     0.000   0   40.12  279.0   16.4      --
 21  05/13/2020  2000    59.7   37.7    14.3     0.000   0   43.89  281.7   18.1      --
 22  05/13/2020  2100    57.7   38.7    15.8     0.000   0   48.99  283.9   19.9      --
 23  05/13/2020  2200    55.7   39.8    17.2     0.000   0   55.02  285.7   21.7     804
 24  05/13/2020  2300    53.7   40.9    15.1     0.000   0   61.73  284.6   19.6      --
 25  05/14/2020  0000    52.2   42.0    12.9     0.000   0   67.97  283.3   17.4      --
 26  05/14/2020  0100    50.8   44.3    10.6     0.000   0   78.21  281.6   15.2      --
 27  05/14/2020  0200    49.6   45.2     8.4     0.000   0   84.91  279.4   13.1      --
 28  05/14/2020  0300    48.5   44.6     6.2     0.000   0   86.29  276.3   11.0      --
 29  05/14/2020  0400    47.7   45.6     4.1     0.040   7   92.21  271.8    8.9    4626
 30  05/14/2020  0500    45.8   41.3     4.3     0.000   5   84.22  258.6    8.5      --
 31  05/14/2020  0600    45.8   40.7     4.6     0.010   0   82.24  244.8    8.6      --
 32  05/14/2020  0700    47.9   44.0     4.9     0.010   0   86.09  231.9    9.1      --
 33  05/14/2020  0800    47.6   43.5     5.2     0.000   0   85.78  220.9   10.0      --
 34  05/14/2020  0900    48.0   43.5     5.4     0.000   0   84.45  211.9   11.2      --
 35  05/14/2020  1000    49.1   42.6     5.7     0.010   0   78.15  204.9   12.6  no_inv
 36  05/14/2020  1100    53.0   40.6     5.3     0.000   0   62.71  208.9   11.6      --
 37  05/14/2020  1200    56.7   39.9     5.0     0.000   0   53.41  213.8   10.5      --
 38  05/14/2020  1300    59.8   39.3     4.6     0.000   0   46.57  219.6    9.6      --
 39  05/14/2020  1400    61.7   38.9     4.2     0.000   0   42.85  226.6    8.8      --
 40  05/14/2020  1500    63.0   38.6     3.8     0.000   0   40.55  234.9    8.1      --
 41  05/14/2020  1600    63.7   38.5     3.5     0.000   0   39.41  244.3    7.7  no_inv
 42  05/14/2020  1700    63.7   38.5     3.6     0.000   0   39.33  254.8    7.2      --
 43  05/14/2020  1800    62.5   38.5     3.7     0.000   0   41.09  266.2    7.1      --
 44  05/14/2020  1900    60.9   38.9     3.8     0.000   0   44.15  277.6    7.2      --
 45  05/14/2020  2000    59.2   38.9     3.9     0.000   0   46.77  288.2    7.6      --
 46  05/14/2020  2100    57.6   38.9     4.0     0.000   0   49.56  297.6    8.2      --
 47  05/14/2020  2200    56.0   38.9     4.1     0.000   0   52.54  305.4    9.0  no_inv
 48  05/14/2020  2300    54.6   38.9     4.5     0.000   0   55.31  298.8    9.1      --
 49  05/15/2020  0000    53.6   38.9     5.0     0.000   0   57.44  292.3    9.4      --
 50  05/15/2020  0100    52.6   39.1     5.4     0.000   0   59.99  286.3    9.7      --
 51  05/15/2020  0200    51.8   39.4     5.8     0.000   0   62.43  280.8   10.2      --
 52  05/15/2020  0300    51.2   39.7     6.2     0.000   0   64.62  275.7   10.7      --
 53  05/15/2020  0400    51.6   39.9     6.7     0.000   0   64.29  271.2   11.3     956
 54  05/15/2020  0500    50.4   39.5     6.1     0.000   0   66.18  267.6   10.4      --
 55  05/15/2020  0600    50.5   39.2     5.5     0.000   0   65.13  263.4    9.6      --
 56  05/15/2020  0700    51.1   38.2     4.9     0.000   0   61.23  258.3    8.8      --
 57  05/15/2020  0800    52.1   37.8     4.3     0.000   0   57.97  252.4    8.1      --
 58  05/15/2020  0900    53.6   37.2     3.8     0.000   0   53.78  245.4    7.5      --
 59  05/15/2020  1000    55.5   36.7     3.2     0.000   0   49.05  237.4    7.0  no_inv
 60  05/15/2020  1100    58.5   36.2     3.0     0.000   0   43.19  233.5    6.5      --
 61  05/15/2020  1200    63.5   35.7     2.8     0.000   0   35.47  229.0    6.0      --
 62  05/15/2020  1300    67.4   35.2     2.6     0.000   0   30.44  223.6    5.5      --
 63  05/15/2020  1400    69.1   34.9     2.4     0.000   0   28.32  217.3    5.1      --
 64  05/15/2020  1500    69.9   34.7     2.2     0.000   0   27.29  209.9    4.7      --
 65  05/15/2020  1600    70.2   34.6     2.0     0.000   0   26.98  201.6    4.5  no_inv
 66  05/15/2020  1700    69.7   34.6     2.6     0.000   0   27.42  187.9    5.0      --
 67  05/15/2020  1800    67.3   34.6     3.2     0.000   0   29.79  177.4    5.8      --
 68  05/15/2020  1900    65.4   34.9     3.7     0.000   0   32.19  169.6    6.7      --
 69  05/15/2020  2000    63.5   34.9     4.3     0.000   0   34.35  163.7    7.7      --
 70  05/15/2020  2100    61.7   34.9     4.9     0.000   0   36.66  159.2    8.8      --
 71  05/15/2020  2200    59.8   34.8     5.4     0.000   0   39.07  155.7    9.9     766
 72  05/15/2020  2300    58.4   34.8     5.5     0.000   0   40.95  145.9    9.0      --
 73  05/16/2020  0000    57.6   34.7     5.5     0.000   0   42.02  134.5    8.5      --
 74  05/16/2020  0100    56.8   34.5     5.6     0.000   0   42.99  122.0    8.3      --
 75  05/16/2020  0200    56.2   34.5     5.6     0.000   0   43.84  109.6    8.5      --
 76  05/16/2020  0300    55.6   34.4     5.7     0.000   0   44.55   98.3    9.1      --
 77  05/16/2020  0400    55.2   34.3     5.7     0.000   0   45.11   88.7   10.0     418
 78  05/16/2020  0500    55.0   34.1     6.0     0.000   0   45.12   83.8   10.0      --
 79  05/16/2020  0600    55.3   36.8     6.4     0.000   0   49.63   78.8   10.1      --
 80  05/16/2020  0700    56.1   39.0     6.7     0.000   0   52.49   74.0   10.2      --
 81  05/16/2020  0800    57.6   33.6     7.0     0.000   0   40.21   69.3   10.4      --
 82  05/16/2020  0900    59.6   33.6     7.3     0.000   0   37.49   64.9   10.7      --
 83  05/16/2020  1000    61.9   34.7     7.7     0.000   0   36.13   60.7   11.1  no_inv
 84  05/16/2020  1100    64.2   35.8     8.2     0.000   0   34.81   50.1   10.7      --
 85  05/16/2020  1200    66.2   36.8     8.8     0.000   0   33.83   39.1   10.6      --
 86  05/16/2020  1300    67.5   38.3     9.4     0.000   0   34.21   28.4   11.0      --
 87  05/16/2020  1400    68.2   39.2    10.0     0.000   0   34.66   18.8   11.7      --
 88  05/16/2020  1500    68.6   39.7    10.6     0.000   0   34.77   10.5   12.8      --
 89  05/16/2020  1600    68.8   39.9    11.2     0.000   0   34.81    3.5   14.0  no_inv
 90  05/16/2020  1700    68.6   39.8    11.5     0.000   0   34.99    5.7   14.3      --
 91  05/16/2020  1800    67.5   39.8    11.8     0.000   0   36.29    7.7   14.7      --
 92  05/16/2020  1900    65.9   40.1    12.1     0.000   0   38.83    9.7   15.1      --
 93  05/16/2020  2000    64.2   40.8    12.5     0.000   0   42.20   11.6   15.5      --
 94  05/16/2020  2100    62.6   41.8    12.8     0.000   0   46.53   13.3   15.9      --
 95  05/16/2020  2200    61.0   42.8    13.1     0.000   0   51.23   15.0   16.4    5342
 96  05/16/2020  2300    59.8   45.2    11.1     0.000   0   58.59   12.9   13.6      --
 97  05/17/2020  0000    58.9   46.4     9.2     0.000   0   63.20    9.9   11.0      --
 98  05/17/2020  0100    58.1   45.4     7.2     0.000   0   62.56    4.9    8.3      --
 99  05/17/2020  0200    57.4   43.2     5.2     0.000   0   59.05  355.4    5.8      --
100  05/17/2020  0300    56.8   41.7     3.3     0.000   0   56.99  333.4    3.7      --
101  05/17/2020  0400    56.3   39.2     1.3     0.000   0   52.63  285.4    2.9     619
102  05/17/2020  0500    56.1   39.2     1.6     0.000   0   53.05  272.6    3.3      --
103  05/17/2020  0600    56.8   39.2     1.8     0.000   0   51.62  262.8    3.8      --
104  05/17/2020  0700    58.5   44.6     2.1     0.000   0   59.81  255.3    4.3      --
105  05/17/2020  0800    60.9   46.3     2.3     0.000   0   58.60  249.7    5.0      --
106  05/17/2020  0900    63.3   46.2     2.6     0.000   0   53.65  245.3    5.6      --
107  05/17/2020  1000    65.0   46.2     2.9     0.000   0   50.43  241.9    6.3  no_inv
108  05/17/2020  1100    65.9   46.2     5.6     0.000   0   48.91  267.4    8.1      --
109  05/17/2020  1200    66.2   46.2     8.3     0.000   0   48.52  282.0   10.8      --
110  05/17/2020  1300    66.0   46.7    11.0     0.000   0   49.73  290.5   13.9      --
111  05/17/2020  1400    65.6   46.6    13.8     0.000   0   50.32  295.8   17.2      --
112  05/17/2020  1500    63.1   47.8    16.5     0.000   0   57.49  299.3   20.6      --
113  05/17/2020  1600    60.6   49.3    19.2     0.010   0   66.30  301.9   24.0    8856
114  05/17/2020  1700    62.7   46.3    16.8     0.000   0   55.10  300.7   21.7      --
115  05/17/2020  1800    61.0   46.8    14.4     0.000   0   59.47  299.3   19.4      --
116  05/17/2020  1900    59.8   47.6    11.9     0.000   0   63.78  297.4   17.1      --
117  05/17/2020  2000    58.7   48.0     9.5     0.000   0   67.50  295.0   14.8      --
118  05/17/2020  2100    57.5   48.2     7.1     0.000   0   71.17  291.7   12.5      --
119  05/17/2020  2200    56.3   48.0     4.7     0.000   0   73.53  287.0   10.3    1339
120  05/17/2020  2300    55.5   47.8     4.3     0.000   0   75.29  286.2    9.6      --
121  05/18/2020  0000    55.0   47.5     4.0     0.000   0   76.06  285.2    8.8      --
122  05/18/2020  0100    54.4   47.5     3.6     0.000   0   77.58  284.0    8.0      --
123  05/18/2020  0200    53.9   47.5     3.3     0.000   0   79.02  282.5    7.3      --
124  05/18/2020  0300    53.5   47.5     3.0     0.000   0   80.33  280.8    6.5      --
125  05/18/2020  0400    53.1   47.5     2.6     0.000   0   81.48  278.5    5.8     650
126  05/18/2020  0500    52.9   47.5     4.5     0.000   0   82.05  274.1    8.0      --
127  05/18/2020  0600    52.9   47.9     6.4     0.000   0   83.08  271.6   10.3      --
128  05/18/2020  0700    53.1   45.8     8.3     0.000   0   76.18  270.0   12.6      --
129  05/18/2020  0800    53.5   45.1    10.2     0.000   0   73.28  269.0   14.9      --
130  05/18/2020  0900    54.0   44.4    12.1     0.000   0   69.70  268.1   17.2      --
131  05/18/2020  1000    54.8   43.6    14.0     0.000   0   65.70  267.5   19.6    6150
132  05/18/2020  1100    56.2   42.7    14.7     0.000   0   60.59  271.0   19.9      --
133  05/18/2020  1200    58.4   42.0    15.3     0.000   0   54.28  274.3   20.3      --
134  05/18/2020  1300    60.4   41.3    16.0     0.000   0   49.39  277.5   20.7      --
135  05/18/2020  1400    61.4   40.8    16.7     0.000   0   46.71  280.5   21.3      --
136  05/18/2020  1500    62.0   40.5    17.3     0.000   0   45.08  283.4   21.8      --
137  05/18/2020  1600    62.4   40.4    18.0     0.000   0   44.37  286.2   22.5  no_inv
138  05/18/2020  1700    62.3   40.4    16.1     0.000   0   44.42  287.2   20.7      --
139  05/18/2020  1800    61.2   41.2    14.2     0.000   0   47.64  288.4   18.9      --
140  05/18/2020  1900    59.2   41.4    12.3     0.000   0   51.53  289.8   17.1      --
141  05/18/2020  2000    57.3   42.2    10.4     0.000   0   56.96  291.5   15.3      --
142  05/18/2020  2100    55.3   42.4     8.5     0.000   0   61.70  293.8   13.6      --
143  05/18/2020  2200    53.3   42.6     6.6     0.000   0   66.76  296.7   11.9     793
144  05/18/2020  2300    52.7   42.7     5.7     0.000   0   68.50  294.9   10.2      --
145  05/19/2020  0000    52.5   42.7     4.8     0.000   0   69.39  292.5    8.6      --
146  05/19/2020  0100    52.1   42.8     3.9     0.000   0   70.61  289.0    7.1      --
147  05/19/2020  0200    51.7   42.8     3.0     0.000   0   71.70  283.5    5.5      --
148  05/19/2020  0300    51.2   42.8     2.2     0.000   0   72.85  273.8    4.1      --
149  05/19/2020  0400    50.8   42.8     1.3     0.000   0   74.00  254.8    2.8     801
150  05/19/2020  0500    50.6   42.8     1.7     0.000   0   74.65  263.3    3.7      --
151  05/19/2020  0600    50.6   42.8     2.1     0.000   0   74.51  268.5    4.6      --
152  05/19/2020  0700    51.0   42.0     2.5     0.000   0   71.26  272.0    5.5      --
153  05/19/2020  0800    51.5   42.0     2.9     0.000   0   69.72  274.5    6.4      --
154  05/19/2020  0900    52.4   42.0     3.3     0.000   0   67.50  276.4    7.3      --
155  05/19/2020  1000    53.6   42.0     3.7     0.000   0   64.71  277.9    8.3  no_inv
156  05/19/2020  1100    56.2   42.0     4.2     0.000   0   58.86  277.7    8.6      --
157  05/19/2020  1200    60.0   41.6     4.6     0.000   0   50.59  277.5    9.0      --
158  05/19/2020  1300    62.2   42.3     5.1     0.000   0   48.12  277.4    9.3      --
159  05/19/2020  1400    62.9   43.0     5.6     0.000   0   48.12  277.3    9.7      --
160  05/19/2020  1500    63.0   43.6     6.0     0.000   0   49.13  277.2   10.0      --
161  05/19/2020  1600    62.4   44.2     6.4     0.000   0   51.22  277.1   10.4  no_inv
162  05/19/2020  1700    60.4   44.2     6.7     0.000   0   54.90  280.4   11.2      --
163  05/19/2020  1800    58.4   43.7     6.9     0.000   0   58.14  283.3   12.0      --
164  05/19/2020  1900    56.6   43.3     7.2     0.000   0   60.92  285.8   12.9      --
165  05/19/2020  2000    54.8   43.9     7.4     0.000   0   66.45  288.0   13.8      --
166  05/19/2020  2100    53.1   43.9     7.7     0.000   0   70.96  289.9   14.7      --
167  05/19/2020  2200    51.3   44.0     7.9     0.000   0   75.79  291.6   15.6     836
