  Generated by FoxLW on Wednesday May 27, 2020 at 09:25 PDT
-------------------------------------------------------------------------------
  WSU Tri-Cities
  46.3300:-119.2700  (46 19' 48.00"N  119 16' 12.00"W)  elev 397.0 feet    file: 100148
-------------------------------------------------------------------------------

Line#   Date     Hour   TempF  DewPtF WS(mph)  Rain(in) LW    RH%  WDir_50m WS_50m Inv(ft)
  5  05/27/2020  0400    48.6   30.7     6.4     0.000   0   49.78  310.8   10.5     814
  6  05/27/2020  0500    48.0   30.7     5.8     0.000   0   50.90  314.6    9.5      --
  7  05/27/2020  0600    49.0   30.8     5.1     0.000   0   49.29  319.5    8.5      --
  8  05/27/2020  0700    51.1   30.4     4.5     0.000   0   44.87  325.5    7.5      --
  9  05/27/2020  0800    54.5   30.4     3.8     0.000   0   39.57  333.1    6.7      --
 10  05/27/2020  0900    59.1   30.4     3.2     0.000   0   33.59  342.6    6.0      --
 11  05/27/2020  1000    64.3   30.4     2.5     0.000   0   27.94  354.0    5.6    4649
 12  05/27/2020  1100    69.6   30.4     2.6     0.000   0   23.30    5.4    5.2      --
 13  05/27/2020  1200    75.0   30.4     2.7     0.000   0   19.37   17.9    5.1      --
 14  05/27/2020  1300    79.0   30.4     2.8     0.000   0   16.98   30.4    5.2      --
 15  05/27/2020  1400    81.1   30.4     2.9     0.000   0   15.86   42.0    5.5      --
 16  05/27/2020  1500    82.1   30.4     3.0     0.000   0   15.38   51.8    6.1      --
 17  05/27/2020  1600    82.6   30.4     3.0     0.000   0   15.13   59.8    6.8    7165
 18  05/27/2020  1700    82.7   30.5     4.3     0.000   0   15.13   59.5    7.9      --
 19  05/27/2020  1800    81.9   30.8     5.6     0.000   0   15.71   59.2    9.1      --
 20  05/27/2020  1900    78.5   31.3     6.8     0.000   0   17.85   59.0   10.2      --
 21  05/27/2020  2000    74.6   33.8     8.1     0.000   0   22.58   58.9   11.4      --
 22  05/27/2020  2100    70.6   34.5     9.3     0.000   0   26.52   58.8   12.5      --
 23  05/27/2020  2200    66.6   35.1    10.6     0.000   0   31.02   58.6   13.7      69
 24  05/27/2020  2300    62.7   36.0     9.2     0.000   0   36.90   62.5   11.0      --
 25  05/28/2020  0000    60.5   36.3     7.8     0.000   0   40.51   68.7    8.4      --
 26  05/28/2020  0100    58.2   34.2     6.2     0.000   0   40.20   80.2    6.0      --
 27  05/28/2020  0200    56.3   32.5     4.2     0.000   0   40.45  104.6    4.1      --
 28  05/28/2020  0300    55.0   31.6     2.6     0.000   0   40.79  146.7    3.7      --
 29  05/28/2020  0400    54.3   30.7     1.4     0.000   0   40.20  179.1    5.1      67
 30  05/28/2020  0500    54.1   30.6     1.9     0.000   0   40.51  173.9    2.8      --
 31  05/28/2020  0600    55.0   31.0     2.5     0.000   0   39.86  127.4    0.6      --
 32  05/28/2020  0700    57.4   35.6     3.2     0.000   0   43.81   20.4    2.1      --
 33  05/28/2020  0800    61.5   35.7     3.6     0.000   0   38.03   12.4    4.4      --
 34  05/28/2020  0900    66.6   37.1     3.9     0.000   0   33.74    9.9    6.8      --
 35  05/28/2020  1000    72.3   39.3     4.3     0.000   0   30.21    8.7    9.1    4617
 36  05/28/2020  1100    78.0   40.8     4.6     0.000   0   26.50   11.6    9.3      --
 37  05/28/2020  1200    83.4   41.3     4.9     0.000   0   22.71   14.4    9.4      --
 38  05/28/2020  1300    87.2   40.2     5.2     0.000   0   19.27   17.1    9.6      --
 39  05/28/2020  1400    89.0   38.9     5.5     0.000   0   17.27   19.7    9.8      --
 40  05/28/2020  1500    89.9   37.6     5.8     0.000   0   15.96   22.2   10.0      --
 41  05/28/2020  1600    90.3   36.8     6.1     0.000   0   15.27   24.6   10.2  no_inv
 42  05/28/2020  1700    90.3   36.8     6.4     0.000   0   15.26   20.4   10.3      --
 43  05/28/2020  1800    88.9   36.9     6.8     0.000   0   16.02   16.2   10.4      --
 44  05/28/2020  1900    85.2   36.3     7.2     0.000   0   17.59   12.2   10.6      --
 45  05/28/2020  2000    81.2   37.9     7.5     0.000   0   21.29    8.3   10.8      --
 46  05/28/2020  2100    77.2   39.0     7.9     0.000   0   25.28    4.6   11.1      --
 47  05/28/2020  2200    73.2   40.6     8.2     0.000   0   30.81    1.0   11.4  no_inv
 48  05/28/2020  2300    70.0   41.7     8.6     0.000   0   35.89  356.5   11.6      --
 49  05/29/2020  0000    68.2   42.7     9.1     0.000   0   39.64  352.1   11.8      --
 50  05/29/2020  0100    66.6   43.6     9.5     0.000   0   43.25  348.0   12.1      --
 51  05/29/2020  0200    65.3   44.2     9.9     0.000   0   46.44  344.1   12.5      --
 52  05/29/2020  0300    64.3   44.5    10.4     0.000   0   48.70  340.5   13.0      --
 53  05/29/2020  0400    63.6   44.5    10.8     0.000   0   49.95  337.1   13.5     476
 54  05/29/2020  0500    63.1   44.8     9.7     0.000   0   51.22  338.7   12.7      --
 55  05/29/2020  0600    64.0   44.8     8.5     0.000   0   49.72  340.6   11.9      --
 56  05/29/2020  0700    65.9   42.9     7.4     0.000   0   43.13  342.7   11.1      --
 57  05/29/2020  0800    69.0   42.9     6.3     0.000   0   38.86  345.2   10.4      --
 58  05/29/2020  0900    73.1   42.9     5.2     0.000   0   33.91  348.0    9.6      --
 59  05/29/2020  1000    77.7   43.0     4.1     0.000   0   29.08  351.3    8.9  no_inv
 60  05/29/2020  1100    82.5   43.2     3.9     0.000   0   25.08  359.6    7.8      --
 61  05/29/2020  1200    87.6   43.2     3.8     0.000   0   21.29   10.3    6.9      --
 62  05/29/2020  1300    91.3   43.2     3.6     0.000   0   18.95   23.6    6.3      --
 63  05/29/2020  1400    93.2   43.2     3.5     0.000   0   17.86   38.7    6.1      --
 64  05/29/2020  1500    94.1   43.2     3.3     0.000   0   17.40   53.6    6.3      --
 65  05/29/2020  1600    94.5   43.2     3.2     0.000   0   17.17   66.7    7.0  no_inv
 66  05/29/2020  1700    94.6   43.2     5.4     0.000   0   17.18   65.8    9.2      --
 67  05/29/2020  1800    93.7   43.5     7.6     0.000   0   17.78   65.3   11.5      --
 68  05/29/2020  1900    90.5   43.8     9.8     0.000   0   19.91   64.9   13.7      --
 69  05/29/2020  2000    87.0   45.6    12.0     0.000   0   23.84   64.7   16.0      --
 70  05/29/2020  2100    83.4   44.8    14.2     0.000   0   25.92   64.5   18.3      --
 71  05/29/2020  2200    79.8   45.4    16.4     0.000   0   29.74   64.3   20.5  no_inv
 72  05/29/2020  2300    74.2   46.0    16.0     0.000   0   36.60   54.7   17.5      --
 73  05/30/2020  0000    70.3   46.5    15.6     0.000   0   42.69   41.5   15.1      --
 74  05/30/2020  0100    66.8   47.0    15.3     0.000   0   48.98   24.7   13.8      --
 75  05/30/2020  0200    63.8   47.3    14.9     0.000   0   54.96    6.4   13.9      --
 76  05/30/2020  0300    61.5   47.5    14.5     0.000   0   60.05  349.8   15.2      --
 77  05/30/2020  0400    60.0   47.6    14.1     0.000   0   63.69  336.9   17.6    1013
 78  05/30/2020  0500    59.6   47.8    13.9     0.000   0   65.11  340.0   17.2      --
 79  05/30/2020  0600    61.4   48.5    13.6     0.000   0   62.50  343.4   16.8      --
 80  05/30/2020  0700    64.7   49.3    13.4     0.000   0   57.38  346.9   16.5      --
 81  05/30/2020  0800    69.5   50.2    13.1     0.000   0   50.25  350.5   16.2      --
 82  05/30/2020  0900    74.8   50.8    12.9     0.000   0   42.92  354.2   16.0      --
 83  05/30/2020  1000    79.7   51.0    12.7     0.000   0   36.89  358.0   15.8    4006
 84  05/30/2020  1100    83.2   50.9    16.9     0.000   0   32.78  322.8    8.7      --
 85  05/30/2020  1200    85.0   50.6    21.1     0.000   0   30.64  258.5   10.1      --
 86  05/30/2020  1300    85.9   50.2    25.2     0.000   0   29.21  233.1   18.2      --
 87  05/30/2020  1400    86.2   49.5    29.5     0.000   0   28.26  224.1   27.7      --
 88  05/30/2020  1500    86.2   48.7    33.7     0.000   0   27.46  219.8   37.4      --
 89  05/30/2020  1600    86.0   47.8    37.8     0.000   0   26.72  217.2   47.3    1769
 90  05/30/2020  1700    85.6   46.8    35.0     0.000   0   26.03  217.5   45.7      --
 91  05/30/2020  1800    84.3   45.7    32.2     0.000   0   26.09  217.9   44.0      --
 92  05/30/2020  1900    80.3   44.6    29.3     0.000   0   28.39  218.3   42.4      --
 93  05/30/2020  2000    74.2   43.5    26.5     0.000   0   33.35  218.7   40.8      --
 94  05/30/2020  2100    68.0   42.4    23.6     0.000   0   39.42  219.1   39.2      --
 95  05/30/2020  2200    61.9   41.4    20.8     0.000   0   46.97  219.6   37.5    1241
 96  05/30/2020  2300    58.5   40.5    19.8     0.000   0   51.07  219.6   34.7      --
 97  05/31/2020  0000    57.2   39.7    18.8     0.000   0   51.85  219.7   31.8      --
 98  05/31/2020  0100    55.8   39.0    17.8     0.000   0   53.20  219.7   28.9      --
 99  05/31/2020  0200    54.4   38.6    16.7     0.000   0   54.99  219.8   26.1      --
100  05/31/2020  0300    53.0   38.3    15.7     0.000   0   57.15  219.8   23.2      --
101  05/31/2020  0400    51.8   38.2    14.7     0.000   0   59.60  219.9   20.3    1431
102  05/31/2020  0500    51.4   38.1    13.8     0.000   0   60.29  219.9   18.9      --
103  05/31/2020  0600    51.7   37.8    12.8     0.000   0   58.94  219.9   17.5      --
104  05/31/2020  0700    52.5   37.3    11.8     0.000   0   56.13  219.9   16.1      --
105  05/31/2020  0800    53.9   36.7    10.9     0.000   0   52.05  219.8   14.7      --
106  05/31/2020  0900    55.9   36.0     9.9     0.000   0   47.09  219.8   13.4      --
107  05/31/2020  1000    58.4   35.3     9.0     0.000   0   41.77  219.8   12.0    6952
108  05/31/2020  1100    61.3   34.5     7.7     0.000   0   36.62  221.2   10.4      --
109  05/31/2020  1200    66.8   33.8     6.4     0.000   0   29.36  223.2    8.9      --
110  05/31/2020  1300    71.4   33.2     5.2     0.000   0   24.49  226.1    7.3      --
111  05/31/2020  1400    73.9   32.7     3.9     0.000   0   22.08  230.4    5.8      --
112  05/31/2020  1500    75.1   32.5     2.7     0.000   0   20.99  237.7    4.4      --
113  05/31/2020  1600    75.7   32.3     1.4     0.000   0   20.48  251.7    3.0    7832
114  05/31/2020  1700    75.9   32.3     1.5     0.000   0   20.36  251.0    1.9      --
115  05/31/2020  1800    75.1   32.3     1.5     0.000   0   20.90  248.0    0.7      --
116  05/31/2020  1900    72.1   32.3     1.6     0.000   0   23.10   78.2    0.5      --
117  05/31/2020  2000    69.4   32.8     1.7     0.000   0   25.67   74.4    1.7      --
118  05/31/2020  2100    65.7   33.3     1.5     0.000   0   29.85   73.7    2.9      --
119  05/31/2020  2200    62.8   33.6     1.4     0.000   0   33.45   73.4    4.1     685
120  05/31/2020  2300    61.5   33.3     3.0     0.000   0   34.59   36.6    4.4      --
121  06/01/2020  0000    61.0   33.0     5.0     0.000   0   34.82   12.2    6.0      --
122  06/01/2020  0100    60.3   33.9     7.2     0.000   0   36.94  359.5    8.2      --
123  06/01/2020  0200    59.6   34.3     9.0     0.000   0   38.48  352.3   10.6      --
124  06/01/2020  0300    59.1   34.0    10.8     0.000   0   38.82  347.9   13.2      --
125  06/01/2020  0400    58.7   32.3    12.6     0.000   0   36.72  344.9   15.8     656
126  06/01/2020  0500    58.4   33.8    11.5     0.000   0   39.41  344.6   14.9      --
127  06/01/2020  0600    58.7   34.2    10.4     0.000   0   39.60  344.3   13.9      --
128  06/01/2020  0700    59.6   32.3     9.3     0.000   0   35.60  343.9   13.0      --
129  06/01/2020  0800    61.2   32.4     8.2     0.000   0   33.71  343.5   12.1      --
130  06/01/2020  0900    63.4   32.4     7.1     0.000   0   31.24  343.0   11.1      --
131  06/01/2020  1000    66.1   32.5     6.0     0.000   0   28.57  342.5   10.2    7822
132  06/01/2020  1100    69.6   32.5     5.6     0.000   0   25.28  341.7    9.7      --
133  06/01/2020  1200    74.6   32.5     5.1     0.000   0   21.37  340.9    9.2      --
134  06/01/2020  1300    78.2   32.5     4.7     0.000   0   18.98  339.9    8.8      --
135  06/01/2020  1400    79.7   32.5     4.2     0.000   0   18.05  338.9    8.3      --
136  06/01/2020  1500    80.5   32.5     3.8     0.000   0   17.62  337.7    7.9      --
137  06/01/2020  1600    80.7   32.5     3.3     0.000   0   17.51  336.4    7.4    8736
138  06/01/2020  1700    80.2   32.6     4.8     0.000   0   17.86  326.6    8.4      --
139  06/01/2020  1800    77.8   32.9     6.3     0.000   0   19.53  319.1    9.6      --
140  06/01/2020  1900    75.4   33.4     7.7     0.000   0   21.56  313.3   10.9      --
141  06/01/2020  2000    73.0   36.0     9.2     0.000   0   25.91  308.7   12.2      --
142  06/01/2020  2100    70.6   36.5    10.7     0.000   0   28.62  305.1   13.7      --
143  06/01/2020  2200    68.2   35.4    12.1     0.000   0   29.82  302.2   15.2     663
144  06/01/2020  2300    65.9   37.5    11.9     0.000   0   35.02  305.6   14.8      --
145  06/02/2020  0000    64.5   38.3    11.8     0.000   0   38.00  309.2   14.4      --
146  06/02/2020  0100    63.1   39.0    11.6     0.000   0   40.87  313.0   14.2      --
147  06/02/2020  0200    62.0   39.5    11.4     0.000   0   43.43  316.9   14.0      --
148  06/02/2020  0300    61.0   39.8    11.2     0.000   0   45.49  320.9   13.8      --
149  06/02/2020  0400    60.4   40.0    11.0     0.000   0   46.88  325.0   13.7     698
150  06/02/2020  0500    60.1   40.4     9.3     0.000   0   48.11  323.5   11.3      --
151  06/02/2020  0600    60.6   39.7     7.6     0.000   0   45.91  321.2    8.8      --
152  06/02/2020  0700    61.9   39.0     6.0     0.000   0   42.71  317.0    6.4      --
153  06/02/2020  0800    63.9   39.4     4.3     0.000   0   40.41  308.0    4.0      --
154  06/02/2020  0900    66.7   42.6     2.6     0.000   0   41.63  277.9    2.0      --
155  06/02/2020  1000    69.8   42.6     0.9     0.000   0   37.45  203.0    2.1  no_inv
156  06/02/2020  1100    72.8   42.6     1.3     0.000   0   33.84  219.4    2.7      --
157  06/02/2020  1200    75.3   42.6     1.7     0.000   0   31.12  229.1    3.5      --
158  06/02/2020  1300    77.1   42.6     2.0     0.000   0   29.32  235.3    4.3      --
159  06/02/2020  1400    77.9   42.6     2.4     0.000   0   28.48  239.4    5.1      --
160  06/02/2020  1500    78.5   42.6     2.8     0.000   0   27.95  242.4    6.0      --
161  06/02/2020  1600    78.8   42.6     3.1     0.000   0   27.67  244.6    6.9  no_inv
162  06/02/2020  1700    78.8   42.6     4.0     0.000   0   27.67  228.4    6.6      --
163  06/02/2020  1800    78.0   42.6     5.0     0.000   0   28.46  212.0    6.8      --
164  06/02/2020  1900    76.5   42.6     5.9     0.000   0   29.84  197.8    7.6      --
165  06/02/2020  2000    75.1   43.8     6.8     0.000   0   32.76  186.6    8.7      --
166  06/02/2020  2100    73.7   44.4     7.7     0.000   0   35.18  178.2   10.0      --
167  06/02/2020  2200    72.2   44.6     8.6     0.000   0   37.19  172.0   11.6  no_inv
