  Generated by FoxLW on Saturday May 2, 2020 at 09:25 PDT
-------------------------------------------------------------------------------
  WSU Prosser
  46.2600:-119.7400  (46 15' 36.00"N  119 44' 24.00"W)  elev 928.5 feet    file: 300033
-------------------------------------------------------------------------------

Line#   Date     Hour   TempF  DewPtF WS(mph)  Rain(in) LW    RH%  WDir_50m WS_50m Inv(ft)
  5  05/02/2020  0400    48.4   44.2     1.6     0.010   5   85.36  247.2    3.5     871
  6  05/02/2020  0500    46.9   42.3     1.9     0.000   5   84.18  246.7    1.5      --
  7  05/02/2020  0600    48.9   46.0     2.3     0.000   5   89.94   70.9    0.4      --
  8  05/02/2020  0700    49.8   46.1     2.6     0.020  10   86.98   68.1    2.3      --
  9  05/02/2020  0800    51.2   46.8     3.0     0.000   5   84.80   67.8    4.2      --
 10  05/02/2020  0900    53.1   47.5     3.3     0.000   0   81.12   67.8    6.1      --
 11  05/02/2020  1000    53.2   49.0     3.7     0.050   8   85.67   67.7    8.1    3830
 12  05/02/2020  1100    55.0   48.1     5.3     0.020   5   77.43   19.1    3.9      --
 13  05/02/2020  1200    57.6   45.9     7.0     0.000   0   64.87  310.8    6.5      --
 14  05/02/2020  1300    57.6   45.2     8.7     0.000   0   63.19  293.6   12.1      --
 15  05/02/2020  1400    57.4   44.6    10.4     0.000   0   62.27  287.5   18.1      --
 16  05/02/2020  1500    55.5   45.7    12.1     0.000   0   69.49  284.4   24.3      --
 17  05/02/2020  1600    53.3   46.6    13.8     0.030   0   77.71  282.6   30.4  no_inv
 18  05/02/2020  1700    55.7   42.9    13.4     0.000   0   62.04  280.7   27.6      --
 19  05/02/2020  1800    52.9   43.1    13.0     0.000   0   69.10  278.5   24.8      --
 20  05/02/2020  1900    50.1   42.8    12.7     0.020   0   75.96  275.6   22.1      --
 21  05/02/2020  2000    50.8   39.1    12.3     0.000   0   64.23  271.9   19.4      --
 22  05/02/2020  2100    48.2   39.5    11.9     0.000   0   71.77  267.1   16.9      --
 23  05/02/2020  2200    47.6   43.3    11.6     0.030   0   84.95  260.7   14.5     926
 24  05/02/2020  2300    46.5   40.7    10.1     0.000   0   80.04  260.2   13.1      --
 25  05/03/2020  0000    45.7   37.2     8.6     0.000   0   71.94  259.5   11.6      --
 26  05/03/2020  0100    45.0   38.3     7.1     0.000   0   77.30  258.7   10.2      --
 27  05/03/2020  0200    44.2   39.8     5.7     0.000   0   84.37  257.5    8.8      --
 28  05/03/2020  0300    43.6   40.6     4.2     0.000   0   89.16  256.0    7.4      --
 29  05/03/2020  0400    43.1   42.2     2.7     0.000   5   96.60  253.8    6.0     334
 30  05/03/2020  0500    42.7   41.8     3.5     0.000  10   96.50  253.6    6.8      --
 31  05/03/2020  0600    42.8   41.9     4.4     0.000  10   96.60  253.5    7.7      --
 32  05/03/2020  0700    43.5   41.9     5.2     0.000  10   94.23  253.4    8.5      --
 33  05/03/2020  0800    44.7   36.5     6.0     0.000   5   72.74  253.4    9.4      --
 34  05/03/2020  0900    46.5   31.1     6.8     0.000   0   54.64  253.3   10.2      --
 35  05/03/2020  1000    48.8   27.7     7.7     0.000   0   43.67  253.3   11.1  no_inv
 36  05/03/2020  1100    51.5   26.6     7.6     0.000   0   37.79  256.8   10.9      --
 37  05/03/2020  1200    54.3   25.5     7.4     0.000   0   32.67  260.3   10.8      --
 38  05/03/2020  1300    56.5   25.8     7.3     0.000   0   30.42  264.0   10.7      --
 39  05/03/2020  1400    57.6   26.5     7.2     0.000   0   30.16  267.6   10.6      --
 40  05/03/2020  1500    58.3   27.7     7.1     0.000   0   30.84  271.3   10.6      --
 41  05/03/2020  1600    58.8   29.1     6.9     0.000   0   32.15  275.0   10.7  no_inv
 42  05/03/2020  1700    59.0   29.1     7.1     0.000   0   31.95  280.6   10.5      --
 43  05/03/2020  1800    58.2   27.8     7.3     0.000   0   31.10  286.4   10.4      --
 44  05/03/2020  1900    56.1   27.6     7.5     0.000   0   33.35  292.2   10.5      --
 45  05/03/2020  2000    54.0   27.4     7.6     0.000   0   35.73  297.8   10.6      --
 46  05/03/2020  2100    51.8   27.6     7.8     0.000   0   38.89  303.3   10.9      --
 47  05/03/2020  2200    49.7   28.4     8.0     0.000   0   43.47  308.5   11.2  no_inv
 48  05/03/2020  2300    48.2   28.7     7.2     0.000   0   46.58  307.0   10.6      --
 49  05/04/2020  0000    47.3   28.6     6.4     0.000   0   48.07  305.3    9.9      --
 50  05/04/2020  0100    46.3   28.3     5.7     0.000   0   49.11  303.3    9.3      --
 51  05/04/2020  0200    45.5   27.4     4.9     0.000   0   48.77  301.1    8.7      --
 52  05/04/2020  0300    44.8   27.4     4.2     0.000   0   50.11  298.5    8.1      --
 53  05/04/2020  0400    44.2   27.4     3.4     0.000   0   51.22  295.6    7.5     371
 54  05/04/2020  0500    43.8   27.4     3.4     0.000   0   52.07  283.3    6.0      --
 55  05/04/2020  0600    43.9   27.4     3.5     0.000   0   51.87  264.6    4.9      --
 56  05/04/2020  0700    44.7   27.4     3.5     0.000   0   50.39  240.1    4.6      --
 57  05/04/2020  0800    46.1   27.6     3.5     0.000   0   48.17  216.8    5.2      --
 58  05/04/2020  0900    48.2   26.7     3.6     0.000   0   42.80  200.2    6.4      --
 59  05/04/2020  1000    51.0   25.7     3.6     0.000   0   37.09  189.4    7.9  no_inv
 60  05/04/2020  1100    54.2   24.7     3.6     0.000   0   31.66  195.3    7.7      --
 61  05/04/2020  1200    59.7   23.8     3.6     0.000   0   24.99  201.5    7.5      --
 62  05/04/2020  1300    64.3   23.0     3.6     0.000   0   20.56  207.9    7.5      --
 63  05/04/2020  1400    66.8   22.4     3.6     0.000   0   18.36  214.3    7.5      --
 64  05/04/2020  1500    68.1   22.1     3.5     0.000   0   17.33  220.7    7.6      --
 65  05/04/2020  1600    68.7   21.9     3.5     0.000   0   16.85  226.7    7.8  no_inv
 66  05/04/2020  1700    68.9   22.1     4.2     0.000   0   16.85  238.4    7.6      --
 67  05/04/2020  1800    68.1   22.6     4.8     0.000   0   17.68  250.1    7.8      --
 68  05/04/2020  1900    65.2   23.0     5.4     0.000   0   19.84  261.1    8.2      --
 69  05/04/2020  2000    63.0   23.9     6.0     0.000   0   22.30  270.6    8.9      --
 70  05/04/2020  2100    60.8   25.3     6.7     0.000   0   25.62  278.5    9.8      --
 71  05/04/2020  2200    58.6   27.3     7.3     0.000   0   30.12  285.0   10.9  no_inv
 72  05/04/2020  2300    56.5   26.5     6.6     0.000   0   31.33  286.0   10.1      --
 73  05/05/2020  0000    55.3   25.3     5.8     0.000   0   31.10  287.1    9.3      --
 74  05/05/2020  0100    54.3   24.4     5.1     0.000   0   31.09  288.5    8.6      --
 75  05/05/2020  0200    53.4   22.6     4.3     0.000   0   29.72  290.1    7.8      --
 76  05/05/2020  0300    52.8   22.6     3.6     0.000   0   30.46  292.1    7.0      --
 77  05/05/2020  0400    52.3   22.6     2.8     0.000   0   30.99  294.5    6.3     931
 78  05/05/2020  0500    52.0   22.6     2.7     0.000   0   31.38  297.5    4.5      --
 79  05/05/2020  0600    52.1   22.6     2.6     0.000   0   31.20  304.2    2.8      --
 80  05/05/2020  0700    53.0   22.6     2.5     0.000   0   30.24  330.2    1.2      --
 81  05/05/2020  0800    54.5   28.0     2.3     0.000   0   35.77   64.4    1.2      --
 82  05/05/2020  0900    56.8   31.2     2.2     0.000   0   37.58   89.8    2.8      --
 83  05/05/2020  1000    59.7   31.0     2.0     0.000   0   33.65   96.4    4.5  no_inv
 84  05/05/2020  1100    62.9   30.8     2.0     0.000   0   29.78   91.4    4.2      --
 85  05/05/2020  1200    67.9   30.7     1.9     0.000   0   24.87   85.6    4.0      --
 86  05/05/2020  1300    71.9   30.5     1.8     0.000   0   21.60   79.1    3.8      --
 87  05/05/2020  1400    74.0   30.4     1.7     0.000   0   20.04   72.0    3.6      --
 88  05/05/2020  1500    75.0   30.4     1.7     0.000   0   19.35   64.3    3.5      --
 89  05/05/2020  1600    75.4   30.3     1.6     0.000   0   19.02   56.3    3.5  no_inv
 90  05/05/2020  1700    75.5   30.5     3.1     0.000   0   19.06  341.4    3.5      --
 91  05/05/2020  1800    74.7   30.8     4.6     0.000   0   19.93  312.0    6.9      --
 92  05/05/2020  1900    71.1   31.6     6.1     0.000   0   23.18  303.0   10.9      --
 93  05/05/2020  2000    66.2   33.7     7.6     0.000   0   29.81  299.0   15.0      --
 94  05/05/2020  2100    58.3   38.4     9.1     0.000   0   47.50  296.6   19.2      --
 95  05/05/2020  2200    56.6   43.8    10.6     0.020   0   62.31  295.2   23.4  no_inv
 96  05/05/2020  2300    53.8   42.0    11.0     0.000   0   64.18  292.0   22.1      --
 97  05/06/2020  0000    52.8   45.4    11.5     0.020   0   75.91  288.4   20.9      --
 98  05/06/2020  0100    51.7   44.7    11.9     0.010   0   76.82  284.4   19.7      --
 99  05/06/2020  0200    50.6   40.5    12.3     0.000   0   68.20  279.9   18.7      --
100  05/06/2020  0300    49.6   42.9    12.8     0.000   0   77.58  275.0   17.8      --
101  05/06/2020  0400    48.7   47.1    13.2     0.060  10   94.11  269.5   17.0  no_inv
102  05/06/2020  0500    45.5   41.7    13.6     0.000   5   86.38  270.8   17.4      --
103  05/06/2020  0600    45.6   40.3    14.0     0.000   0   81.79  271.9   17.9      --
104  05/06/2020  0700    46.2   38.8    14.4     0.000   0   75.40  273.0   18.3      --
105  05/06/2020  0800    49.2   34.7    14.9     0.000   0   57.36  274.1   18.7      --
106  05/06/2020  0900    52.3   31.1    15.3     0.000   0   44.16  275.1   19.1      --
107  05/06/2020  1000    54.7   28.8    15.7     0.000   0   36.67  276.1   19.6  no_inv
108  05/06/2020  1100    57.4   26.4    15.5     0.000   0   30.20  277.1   19.4      --
109  05/06/2020  1200    61.1   24.1    15.4     0.000   0   24.06  278.0   19.2      --
110  05/06/2020  1300    63.9   22.3    15.2     0.000   0   20.24  279.0   19.0      --
111  05/06/2020  1400    65.2   21.1    15.0     0.000   0   18.37  280.0   18.8      --
112  05/06/2020  1500    65.8   20.6    14.9     0.000   0   17.64  281.1   18.6      --
113  05/06/2020  1600    65.9   20.8    14.7     0.000   0   17.64  282.1   18.4  no_inv
114  05/06/2020  1700    65.9   20.6    14.9     0.000   0   17.58  285.5   18.5      --
115  05/06/2020  1800    64.9   20.5    15.2     0.000   0   18.06  288.8   18.8      --
116  05/06/2020  1900    61.9   20.6    15.4     0.000   0   20.19  292.0   19.0      --
117  05/06/2020  2000    58.4   21.0    15.7     0.000   0   23.28  295.1   19.4      --
118  05/06/2020  2100    54.9   21.7    15.9     0.000   0   27.14  298.0   19.8      --
119  05/06/2020  2200    51.4   22.4    16.2     0.000   0   31.85  300.9   20.2     525
120  05/06/2020  2300    49.0   23.2    14.3     0.000   0   36.02  300.1   18.4      --
121  05/07/2020  0000    47.8   23.9    12.4     0.000   0   38.78  299.0   16.5      --
122  05/07/2020  0100    46.6   26.0    10.5     0.000   0   44.22  297.7   14.7      --
123  05/07/2020  0200    45.5   27.0     8.6     0.000   0   48.00  296.1   12.9      --
124  05/07/2020  0300    44.5   26.0     6.7     0.000   0   47.88  293.9   11.1      --
125  05/07/2020  0400    43.7   25.3     4.8     0.000   0   48.00  290.8    9.3     546
126  05/07/2020  0500    43.1   24.8     4.5     0.000   0   48.07  282.8    8.2      --
127  05/07/2020  0600    43.3   24.1     4.3     0.000   0   46.32  272.6    7.4      --
128  05/07/2020  0700    44.3   24.1     4.1     0.000   0   44.58  260.4    6.8      --
129  05/07/2020  0800    46.2   23.1     3.8     0.000   0   39.84  246.8    6.7      --
130  05/07/2020  0900    48.8   22.0     3.6     0.000   0   34.50  233.2    6.8      --
131  05/07/2020  1000    52.0   20.8     3.3     0.000   0   29.13  220.9    7.4    4997
132  05/07/2020  1100    55.5   19.6     3.0     0.000   0   24.33  216.4    6.1      --
133  05/07/2020  1200    60.4   18.5     2.7     0.000   0   19.45  209.6    4.9      --
134  05/07/2020  1300    64.2   17.6     2.3     0.000   0   16.34  198.7    3.8      --
135  05/07/2020  1400    66.2   16.9     2.0     0.000   0   14.79  180.3    3.0      --
136  05/07/2020  1500    67.1   16.4     1.6     0.000   0   14.06  152.6    2.6      --
137  05/07/2020  1600    67.5   16.2     1.3     0.000   0   13.75  124.4    2.9    7079
138  05/07/2020  1700    67.6   16.4     2.8     0.000   0   13.79   99.1    4.0      --
139  05/07/2020  1800    66.7   16.7     4.2     0.000   0   14.43   86.2    5.6      --
140  05/07/2020  1900    64.2   17.5     5.7     0.000   0   16.31   79.1    7.2      --
141  05/07/2020  2000    62.8   19.2     7.2     0.000   0   18.40   74.7    9.0      --
142  05/07/2020  2100    61.4   20.9     8.6     0.000   0   20.79   71.8   10.8      --
143  05/07/2020  2200    60.0   21.7    10.1     0.000   0   22.68   69.7   12.6     419
144  05/07/2020  2300    58.8   22.5    10.7     0.000   0   24.40   62.1   12.9      --
145  05/08/2020  0000    58.3   23.1    11.2     0.000   0   25.55   54.9   13.3      --
146  05/08/2020  0100    57.9   23.7    11.8     0.000   0   26.51   48.3   14.0      --
147  05/08/2020  0200    57.6   22.8    12.3     0.000   0   25.83   42.4   14.8      --
148  05/08/2020  0300    57.5   23.2    12.9     0.000   0   26.36   37.2   15.8      --
149  05/08/2020  0400    57.4   23.3    13.5     0.000   0   26.53   32.5   16.8     380
150  05/08/2020  0500    57.3   23.4    14.3     0.000   0   26.75   35.7   17.8      --
151  05/08/2020  0600    57.4   23.7    15.1     0.000   0   26.97   38.5   18.7      --
152  05/08/2020  0700    58.0   24.1    15.9     0.000   0   26.90   41.0   19.7      --
153  05/08/2020  0800    59.1   24.7    16.7     0.000   0   26.49   43.3   20.8      --
154  05/08/2020  0900    60.8   25.4    17.5     0.000   0   25.70   45.4   21.9      --
155  05/08/2020  1000    62.9   26.1    18.4     0.000   0   24.58   47.3   23.0    6625
156  05/08/2020  1100    65.4   26.9    18.0     0.000   0   23.23   49.5   22.4      --
157  05/08/2020  1200    70.2   27.6    17.6     0.000   0   20.26   51.8   21.8      --
158  05/08/2020  1300    74.2   28.2    17.2     0.000   0   18.14   54.3   21.3      --
159  05/08/2020  1400    76.4   28.6    16.8     0.000   0   17.20   56.8   20.8      --
160  05/08/2020  1500    77.4   28.9    16.4     0.000   0   16.85   59.5   20.4      --
161  05/08/2020  1600    77.8   29.0    16.0     0.000   0   16.64   62.3   20.0    6604
162  05/08/2020  1700    77.9   29.0    16.5     0.000   0   16.59   57.3   20.2      --
163  05/08/2020  1800    77.1   29.0    16.9     0.000   0   17.08   52.4   20.6      --
164  05/08/2020  1900    74.3   29.0    17.4     0.000   0   18.74   47.7   21.1      --
165  05/08/2020  2000    72.1   29.0    17.8     0.000   0   20.18   43.2   21.7      --
166  05/08/2020  2100    69.9   29.0    18.2     0.000   0   21.75   39.1   22.5      --
167  05/08/2020  2200    67.7   29.0    18.7     0.000   0   23.45   35.2   23.4     871
