  Generated by FoxLW on Saturday May 2, 2020 at 09:25 PDT
-------------------------------------------------------------------------------
  WSU Othello
  46.7900:-119.0400  (46 47' 24.00"N  119 2' 24.00"W)  elev 1204.1 feet    file: 300122
-------------------------------------------------------------------------------

Line#   Date     Hour   TempF  DewPtF WS(mph)  Rain(in) LW    RH%  WDir_50m WS_50m Inv(ft)
  5  05/02/2020  0400    42.9   40.1     1.6     0.000  10   90.03  149.7    6.9  no_inv
  6  05/02/2020  0500    42.7   39.5     3.0     0.000  10   88.44  126.1    4.2      --
  7  05/02/2020  0600    43.0   43.0     4.8     0.000  10  100.00   73.6    3.5      --
  8  05/02/2020  0700    44.5   39.6     7.1     0.000   5   82.69   36.1    5.5      --
  9  05/02/2020  0800    47.3   38.3     9.2     0.000   0   70.57   21.8    8.6      --
 10  05/02/2020  0900    49.6   40.4    10.7     0.000   0   70.54   15.2   11.9      --
 11  05/02/2020  1000    51.2   43.1    12.2     0.010   0   73.77   11.5   15.2    3337
 12  05/02/2020  1100    56.1   42.0    13.6     0.000   0   58.99  340.9   12.1      --
 13  05/02/2020  1200    57.2   43.1    15.1     0.000   0   59.33  305.9   13.5      --
 14  05/02/2020  1300    57.9   44.2    16.5     0.000   0   60.04  283.8   18.4      --
 15  05/02/2020  1400    58.3   44.9    18.0     0.000   0   61.11  272.0   24.9      --
 16  05/02/2020  1500    58.5   45.4    19.4     0.000   0   61.80  265.3   32.0      --
 17  05/02/2020  1600    58.5   45.6    20.8     0.000   0   62.01  261.0   39.3    1874
 18  05/02/2020  1700    58.5   45.3    19.5     0.000   0   61.71  262.2   36.0      --
 19  05/02/2020  1800    57.6   44.7    18.2     0.000   0   62.04  263.7   32.8      --
 20  05/02/2020  1900    54.0   44.5    16.9     0.000   0   70.24  265.4   29.5      --
 21  05/02/2020  2000    50.6   43.7    15.6     0.010   0   77.09  267.6   26.3      --
 22  05/02/2020  2100    47.1   43.5    14.3     0.110  10   87.47  270.5   23.1      --
 23  05/02/2020  2200    46.8   45.8    13.0     0.140  10   96.66  274.1   20.0   12502
 24  05/02/2020  2300    45.1   44.2    11.6     0.000   5   96.42  270.6   18.0      --
 25  05/03/2020  0000    44.1   43.0    10.2     0.000   0   96.05  266.2   16.1      --
 26  05/03/2020  0100    43.1   41.9     8.8     0.000   0   95.53  260.7   14.3      --
 27  05/03/2020  0200    42.1   40.9     7.4     0.000   5   95.61  253.7   12.7      --
 28  05/03/2020  0300    41.2   40.1     6.1     0.000  10   95.97  244.8   11.3      --
 29  05/03/2020  0400    40.4   39.4     4.7     0.000  10   96.22  233.8   10.3      66
 30  05/03/2020  0500    40.9   37.5     5.6     0.000   5   87.50  235.4   10.7      --
 31  05/03/2020  0600    40.4   36.9     6.5     0.000   0   87.13  236.8   11.1      --
 32  05/03/2020  0700    40.2   36.5     7.4     0.000   0   86.27  238.1   11.5      --
 33  05/03/2020  0800    39.8   35.6     8.3     0.000   0   84.82  239.3   11.9      --
 34  05/03/2020  0900    40.8   36.3     9.2     0.000   0   83.78  240.5   12.3      --
 35  05/03/2020  1000    47.5   30.9    10.1     0.000   0   52.29  241.6   12.8  no_inv
 36  05/03/2020  1100    50.3   28.5     9.9     0.000   0   42.69  245.1   12.5      --
 37  05/03/2020  1200    52.8   27.8     9.7     0.000   0   37.71  248.8   12.3      --
 38  05/03/2020  1300    54.8   28.0     9.5     0.000   0   35.47  252.7   12.1      --
 39  05/03/2020  1400    55.8   28.6     9.3     0.000   0   35.12  256.6   12.0      --
 40  05/03/2020  1500    56.4   29.5     9.1     0.000   0   35.63  260.5   12.0      --
 41  05/03/2020  1600    56.8   30.6     8.9     0.000   0   36.71  264.5   12.0  no_inv
 42  05/03/2020  1700    56.9   30.6     9.4     0.000   0   36.51  275.0   11.7      --
 43  05/03/2020  1800    56.1   29.5     9.8     0.000   0   35.99  285.8   11.7      --
 44  05/03/2020  1900    52.9   29.5    10.3     0.000   0   40.46  296.1   12.2      --
 45  05/03/2020  2000    49.6   29.1    10.8     0.000   0   44.97  305.3   13.1      --
 46  05/03/2020  2100    46.3   29.0    11.2     0.000   0   50.62  313.2   14.2      --
 47  05/03/2020  2200    43.0   29.2    11.7     0.000   0   57.98  319.9   15.6     785
 48  05/03/2020  2300    40.9   30.1    10.4     0.000   0   65.18  315.2   13.9      --
 49  05/04/2020  0000    39.5   30.6     9.1     0.000   0   70.21  309.3   12.3      --
 50  05/04/2020  0100    38.1   30.8     7.8     0.000   0   74.74  301.7   10.9      --
 51  05/04/2020  0200    35.6   30.4     4.2     0.000   0   81.08  292.1    9.7      --
 52  05/04/2020  0300    34.5   30.3     2.5     0.000   0   84.36  280.4    8.9      --
 53  05/04/2020  0400    33.9   30.4     1.3     0.000   0   86.62  266.8    8.5      91
 54  05/04/2020  0500    33.7   30.0     2.1     0.000   0   85.95  258.7    8.5      --
 55  05/04/2020  0600    34.0   29.9     3.2     0.000   0   84.83  250.7    8.6      --
 56  05/04/2020  0700    35.4   30.5     4.4     0.000   0   81.96  243.2    8.9      --
 57  05/04/2020  0800    38.7   31.8     5.8     0.000   0   75.94  236.3    9.4      --
 58  05/04/2020  0900    42.8   33.2     6.2     0.000   0   68.82  230.1   10.0      --
 59  05/04/2020  1000    47.6   34.5     6.7     0.000   0   60.39  224.6   10.7  no_inv
 60  05/04/2020  1100    52.6   35.5     6.0     0.000   0   52.04  223.8    9.7      --
 61  05/04/2020  1200    57.7   35.8     5.3     0.000   0   43.76  222.9    8.8      --
 62  05/04/2020  1300    61.5   35.8     4.5     0.000   0   38.25  221.7    7.9      --
 63  05/04/2020  1400    63.4   35.0     3.8     0.000   0   34.54  220.3    7.0      --
 64  05/04/2020  1500    64.3   32.8     3.1     0.000   0   30.65  218.4    6.1      --
 65  05/04/2020  1600    64.8   30.1     2.4     0.000   0   27.03  215.9    5.2  no_inv
 66  05/04/2020  1700    64.9   27.9     3.5     0.000   0   24.64  189.3    4.9      --
 67  05/04/2020  1800    64.0   27.0     4.7     0.000   0   24.54  164.6    5.6      --
 68  05/04/2020  1900    60.9   30.3     5.8     0.000   0   31.29  147.9    7.1      --
 69  05/04/2020  2000    57.6   28.1     7.0     0.000   0   32.17  137.4    8.9      --
 70  05/04/2020  2100    54.3   26.5     8.2     0.000   0   33.95  130.7   11.0      --
 71  05/04/2020  2200    51.0   26.8     9.3     0.000   0   38.92  126.2   13.1      42
 72  05/04/2020  2300    48.5   27.3     7.9     0.000   0   43.53  124.7   11.0      --
 73  05/05/2020  0000    47.4   29.4     6.5     0.000   0   49.44  122.5    8.9      --
 74  05/05/2020  0100    46.1   31.1     4.6     0.000   0   55.54  118.9    6.8      --
 75  05/05/2020  0200    45.1   32.4     2.8     0.000   0   61.02  112.3    4.7      --
 76  05/05/2020  0300    44.4   33.7     1.4     0.000   0   65.80   96.3    2.9      --
 77  05/05/2020  0400    44.0   34.3     0.6     0.000   0   68.43   47.7    1.7      63
 78  05/05/2020  0500    43.9   33.7     0.8     0.000   0   67.17   65.9    2.0      --
 79  05/05/2020  0600    44.1   33.2     1.0     0.000   0   65.33   79.0    2.4      --
 80  05/05/2020  0700    45.5   33.3     1.3     0.000   0   62.20   87.9    2.9      --
 81  05/05/2020  0800    48.2   34.0     1.6     0.000   0   57.78   94.2    3.4      --
 82  05/05/2020  0900    51.8   35.1     1.9     0.000   0   52.86   98.7    4.0      --
 83  05/05/2020  1000    56.1   36.1     2.1     0.000   0   46.90  102.1    4.6  no_inv
 84  05/05/2020  1100    60.8   36.8     2.0     0.000   0   40.78  107.8    4.3      --
 85  05/05/2020  1200    66.3   37.1     2.0     0.000   0   34.01  114.4    4.1      --
 86  05/05/2020  1300    70.4   37.1     1.9     0.000   0   29.49  121.7    3.8      --
 87  05/05/2020  1400    72.6   36.6     1.8     0.000   0   26.93  129.7    3.7      --
 88  05/05/2020  1500    73.7   35.5     1.8     0.000   0   24.90  138.0    3.7      --
 89  05/05/2020  1600    74.2   34.2     1.7     0.000   0   23.15  146.4    3.7  no_inv
 90  05/05/2020  1700    74.3   33.1     1.9     0.000   0   22.05  143.3    2.0      --
 91  05/05/2020  1800    73.4   32.6     2.1     0.000   0   22.34  115.8    0.4      --
 92  05/05/2020  1900    70.4   35.2     2.3     0.000   0   27.35  340.4    1.4      --
 93  05/05/2020  2000    67.8   35.2     2.5     0.000   0   29.97  334.7    3.0      --
 94  05/05/2020  2100    65.1   35.2     2.7     0.000   0   32.87  333.0    4.7      --
 95  05/05/2020  2200    62.4   35.2     2.9     0.000   0   36.09  332.2    6.4     685
 96  05/05/2020  2300    57.4   35.2     3.6     0.000   0   43.12  315.9    7.3      --
 97  05/06/2020  0000    53.7   35.2     4.4     0.000   0   49.25  304.0    8.8      --
 98  05/06/2020  0100    50.5   35.5     5.1     0.000   0   56.22  295.7   10.4      --
 99  05/06/2020  0200    47.8   40.9     5.8     0.000   0   76.81  289.8   12.3      --
100  05/06/2020  0300    46.6   44.2     6.6     0.020   0   91.07  285.5   14.2      --
101  05/06/2020  0400    45.1   44.2     7.3     0.050  10   96.48  282.2   16.2    2616
102  05/06/2020  0500    46.0   43.0     9.1     0.000   5   89.21  279.8   17.1      --
103  05/06/2020  0600    46.1   43.2    10.8     0.000   0   89.36  277.7   18.1      --
104  05/06/2020  0700    45.2   41.7    12.5     0.000   0   87.66  275.8   19.1      --
105  05/06/2020  0800    45.7   40.7    14.2     0.000   0   82.54  274.1   20.1      --
106  05/06/2020  0900    48.7   37.0    15.9     0.000   0   63.96  272.6   21.1      --
107  05/06/2020  1000    47.2   38.8    17.6     0.030   0   72.55  271.2   22.1  no_inv
108  05/06/2020  1100    52.2   33.4    17.5     0.000   0   48.64  275.5   21.7      --
109  05/06/2020  1200    57.2   28.1    17.5     0.000   0   32.63  279.9   21.4      --
110  05/06/2020  1300    60.9   25.7    17.4     0.000   0   25.92  284.4   21.2      --
111  05/06/2020  1400    62.1   23.9    17.3     0.000   0   23.00  289.0   21.2      --
112  05/06/2020  1500    62.6   22.7    17.2     0.000   0   21.54  293.5   21.2      --
113  05/06/2020  1600    62.7   22.3    17.1     0.000   0   21.06  298.0   21.5  no_inv
114  05/06/2020  1700    62.6   22.4    16.4     0.000   0   21.20  297.3   20.5      --
115  05/06/2020  1800    61.6   22.9    15.6     0.000   0   22.44  296.5   19.5      --
116  05/06/2020  1900    58.4   23.5    14.8     0.000   0   25.82  295.5   18.5      --
117  05/06/2020  2000    54.0   23.7    14.0     0.000   0   30.59  294.5   17.5      --
118  05/06/2020  2100    49.6   23.7    13.2     0.000   0   35.95  293.4   16.5      --
119  05/06/2020  2200    45.2   24.2    12.4     0.000   0   43.29  292.1   15.6     239
120  05/06/2020  2300    42.4   24.7    12.9     0.000   0   49.26  288.9   16.1      --
121  05/07/2020  0000    41.1   25.2    13.4     0.000   0   52.78  286.0   16.7      --
122  05/07/2020  0100    39.8   25.6    14.0     0.000   0   56.45  283.2   17.3      --
123  05/07/2020  0200    38.6   25.9    14.5     0.000   0   60.06  280.7   17.9      --
124  05/07/2020  0300    37.4   26.1    15.0     0.000   0   63.36  278.3   18.6      --
125  05/07/2020  0400    36.4   26.2    15.5     0.000   0   66.14  276.1   19.3  no_inv
126  05/07/2020  0500    35.7   26.1    13.6     0.000   0   67.81  272.0   17.0      --
127  05/07/2020  0600    36.2   27.1    11.8     0.000   0   69.41  266.5   14.9      --
128  05/07/2020  0700    37.8   27.0     9.9     0.000   0   64.76  259.3   12.9      --
129  05/07/2020  0800    40.7   25.0     8.0     0.000   0   53.11  249.8   11.2      --
130  05/07/2020  0900    44.7   24.4     6.2     0.000   0   44.47  237.2    9.9      --
131  05/07/2020  1000    49.3   23.7     4.3     0.000   0   36.30  221.8    9.2   10855
132  05/07/2020  1100    54.1   23.1     3.8     0.000   0   29.62  219.5    7.9      --
133  05/07/2020  1200    59.1   22.5     3.2     0.000   0   24.18  216.3    6.6      --
134  05/07/2020  1300    62.7   22.0     2.7     0.000   0   20.85  211.6    5.3      --
135  05/07/2020  1400    64.5   21.6     2.1     0.000   0   19.23  204.0    4.1      --
136  05/07/2020  1500    65.3   21.4     1.6     0.000   0   18.48  190.7    3.0      --
137  05/07/2020  1600    65.8   21.3     1.0     0.000   0   18.14  166.3    2.3    9954
138  05/07/2020  1700    65.8   21.4     1.6     0.000   0   18.21  126.2    2.4      --
139  05/07/2020  1800    64.9   21.8     2.2     0.000   0   19.08  100.1    3.4      --
140  05/07/2020  1900    61.3   21.7     2.8     0.000   0   21.56   87.1    4.7      --
141  05/07/2020  2000    54.8   22.2     2.5     0.000   0   27.93   80.1    6.2      --
142  05/07/2020  2100    49.6   22.6     2.4     0.000   0   34.28   75.9    7.7      --
143  05/07/2020  2200    45.6   22.9     2.0     0.000   0   40.48   73.0    9.2     169
144  05/07/2020  2300    44.7   22.6     3.7     0.000   0   41.20   72.3   11.0      --
145  05/08/2020  0000    44.9   24.1     6.1     0.000   0   43.69   71.9   12.8      --
146  05/08/2020  0100    45.0   29.2     9.0     0.000   0   53.61   71.5   14.6      --
147  05/08/2020  0200    44.9   29.8    11.9     0.000   0   55.15   71.2   16.4      --
148  05/08/2020  0300    44.6   28.8    13.8     0.000   0   53.59   71.0   18.2      --
149  05/08/2020  0400    44.2   28.9    15.6     0.000   0   54.60   70.8   20.0     139
150  05/08/2020  0500    43.8   28.9    15.0     0.000   0   55.56   70.1   19.1      --
151  05/08/2020  0600    44.4   28.9    14.4     0.000   0   54.16   69.3   18.2      --
152  05/08/2020  0700    46.3   28.8    13.7     0.000   0   50.26   68.4   17.4      --
153  05/08/2020  0800    49.5   28.8    13.1     0.000   0   44.36   67.4   16.5      --
154  05/08/2020  0900    53.9   28.7    12.4     0.000   0   37.60   66.3   15.6      --
155  05/08/2020  1000    59.0   28.6    11.8     0.000   0   31.25   65.1   14.8    7246
156  05/08/2020  1100    63.9   28.5    11.8     0.000   0   26.16   64.0   14.9      --
157  05/08/2020  1200    68.3   28.4    11.9     0.000   0   22.36   62.9   15.0      --
158  05/08/2020  1300    71.4   28.7    11.9     0.000   0   20.38   61.8   15.1      --
159  05/08/2020  1400    73.0   29.1    12.0     0.000   0   19.62   60.8   15.3      --
160  05/08/2020  1500    73.7   29.4    12.0     0.000   0   19.47   59.8   15.4      --
161  05/08/2020  1600    74.0   29.8    12.0     0.000   0   19.56   58.8   15.6    6349
162  05/08/2020  1700    74.0   29.8    12.2     0.000   0   19.52   58.6   15.9      --
163  05/08/2020  1800    73.1   29.3    12.4     0.000   0   19.78   58.4   16.3      --
164  05/08/2020  1900    69.8   28.9    12.5     0.000   0   21.74   58.2   16.7      --
165  05/08/2020  2000    65.7   28.5    12.7     0.000   0   24.60   58.0   17.1      --
166  05/08/2020  2100    61.7   28.2    12.8     0.000   0   27.95   57.9   17.5      --
167  05/08/2020  2200    57.7   28.2    13.0     0.000   0   32.27   57.7   17.9      12
