  Generated by FoxLW on Saturday May 2, 2020 at 09:25 PDT
-------------------------------------------------------------------------------
  WSU Tri-Cities
  46.3300:-119.2700  (46 19' 48.00"N  119 16' 12.00"W)  elev 397.0 feet    file: 100148
-------------------------------------------------------------------------------

Line#   Date     Hour   TempF  DewPtF WS(mph)  Rain(in) LW    RH%  WDir_50m WS_50m Inv(ft)
  5  05/02/2020  0400    50.7   40.0     8.4     0.000   0   66.53  267.5   11.4     698
  6  05/02/2020  0500    50.4   40.1     8.6     0.000   0   67.56  279.8    9.8      --
  7  05/02/2020  0600    50.7   40.5     8.9     0.000   0   68.00  295.8    8.8      --
  8  05/02/2020  0700    51.5   41.1     9.2     0.000   0   67.36  314.2    8.6      --
  9  05/02/2020  0800    53.1   39.8     9.5     0.000   0   60.64  331.6    9.3      --
 10  05/02/2020  0900    55.2   40.7     9.7     0.000   0   58.22  345.5   10.6      --
 11  05/02/2020  1000    57.4   41.7    10.0     0.000   0   55.78  355.8   12.5    3586
 12  05/02/2020  1100    59.2   42.7    13.5     0.000   0   54.29  325.6   12.8      --
 13  05/02/2020  1200    60.3   43.6    17.0     0.000   0   53.89  302.5   16.0      --
 14  05/02/2020  1300    61.1   44.3    20.5     0.000   0   53.98  288.6   20.9      --
 15  05/02/2020  1400    61.5   44.9    24.0     0.000   0   54.52  280.3   26.5      --
 16  05/02/2020  1500    61.7   45.3    27.5     0.000   0   54.91  275.0   32.5      --
 17  05/02/2020  1600    61.7   45.4    31.0     0.000   0   55.04  271.3   38.7    1990
 18  05/02/2020  1700    61.6   45.3    28.3     0.000   0   55.09  269.1   35.2      --
 19  05/02/2020  1800    60.4   44.9    25.6     0.000   0   56.45  266.5   31.8      --
 20  05/02/2020  1900    58.1   44.2    22.9     0.000   0   59.92  263.2   28.5      --
 21  05/02/2020  2000    54.1   45.0    20.2     0.000   0   71.24  259.1   25.2      --
 22  05/02/2020  2100    50.5   44.9    17.5     0.040   0   81.29  253.8   22.2      --
 23  05/02/2020  2200    51.0   50.1    14.8     0.090  10   96.72  246.9   19.4   12284
 24  05/02/2020  2300    49.6   48.6    13.8     0.000   5   96.39  243.8   19.3      --
 25  05/03/2020  0000    48.6   47.5    12.8     0.000   0   95.90  240.6   19.2      --
 26  05/03/2020  0100    47.5   46.3    11.8     0.000   0   95.46  237.3   19.2      --
 27  05/03/2020  0200    46.5   45.1    10.9     0.000   0   94.75  234.1   19.3      --
 28  05/03/2020  0300    45.6   44.0     9.9     0.000   0   93.97  231.0   19.4      --
 29  05/03/2020  0400    44.9   43.1     8.9     0.000   0   93.49  227.9   19.6     863
 30  05/03/2020  0500    43.9   40.0     9.3     0.000   0   86.17  230.8   18.6      --
 31  05/03/2020  0600    43.9   39.7     9.8     0.000   0   85.22  234.0   17.6      --
 32  05/03/2020  0700    44.4   39.2    10.3     0.000   0   81.91  237.5   16.8      --
 33  05/03/2020  0800    46.6   35.7    10.8     0.000   0   65.66  241.5   16.0      --
 34  05/03/2020  0900    50.8   32.4    11.2     0.000   0   49.08  245.8   15.2      --
 35  05/03/2020  1000    54.0   30.6    11.7     0.000   0   40.64  250.5   14.6  no_inv
 36  05/03/2020  1100    56.8   28.9    10.7     0.000   0   34.14  257.0   13.0      --
 37  05/03/2020  1200    58.8   27.2     9.6     0.000   0   29.75  265.1   11.7      --
 38  05/03/2020  1300    60.2   26.7     8.6     0.000   0   27.63  275.1   10.6      --
 39  05/03/2020  1400    60.9   27.0     7.6     0.000   0   27.29  286.9    9.9      --
 40  05/03/2020  1500    61.4   27.9     6.6     0.000   0   27.92  299.9    9.6      --
 41  05/03/2020  1600    61.6   29.2     5.6     0.000   0   29.15  312.9    9.9  no_inv
 42  05/03/2020  1700    61.7   29.2     6.9     0.000   0   29.07  317.2   11.0      --
 43  05/03/2020  1800    61.2   28.0     8.3     0.000   0   28.17  320.7   12.2      --
 44  05/03/2020  1900    58.2   28.1     9.6     0.000   0   31.45  323.6   13.4      --
 45  05/03/2020  2000    55.2   27.7    11.0     0.000   0   34.51  326.1   14.6      --
 46  05/03/2020  2100    52.2   26.6    12.3     0.000   0   36.82  328.1   15.8      --
 47  05/03/2020  2200    49.3   27.6    13.7     0.000   0   42.81  329.9   17.1  no_inv
 48  05/03/2020  2300    45.9   29.9    11.7     0.000   0   53.26  329.0   14.8      --
 49  05/04/2020  0000    43.3   31.1     9.7     0.000   0   61.64  327.8   12.5      --
 50  05/04/2020  0100    40.9   31.8     7.7     0.000   0   69.68  326.1   10.3      --
 51  05/04/2020  0200    38.3   30.5     5.2     0.000   0   73.31  323.4    8.0      --
 52  05/04/2020  0300    36.3   29.8     2.9     0.000   0   76.95  318.7    5.8      --
 53  05/04/2020  0400    35.1   29.5     1.2     0.000   0   79.93  308.2    3.7     906
 54  05/04/2020  0500    34.4   28.5     1.4     0.000   0   78.58  296.0    2.6      --
 55  05/04/2020  0600    34.9   28.5     1.6     0.000   0   77.25  271.6    1.9      --
 56  05/04/2020  0700    37.0   29.6     1.8     0.000   0   74.06  232.3    1.7      --
 57  05/04/2020  0800    40.7   31.4     1.9     0.000   0   69.06  201.7    2.3      --
 58  05/04/2020  0900    45.8   33.3     1.9     0.000   0   61.62  186.2    3.3      --
 59  05/04/2020  1000    51.7   35.1     2.0     0.000   0   53.05  178.1    4.4    6992
 60  05/04/2020  1100    57.6   36.4     1.9     0.000   0   44.85  187.4    3.7      --
 61  05/04/2020  1200    63.1   36.8     1.8     0.000   0   37.59  200.6    3.1      --
 62  05/04/2020  1300    67.1   36.8     1.8     0.000   0   32.71  218.5    2.7      --
 63  05/04/2020  1400    69.2   35.7     1.7     0.000   0   29.16  239.0    2.7      --
 64  05/04/2020  1500    70.2   32.8     1.7     0.000   0   25.14  257.5    3.0      --
 65  05/04/2020  1600    70.7   29.3     1.6     0.000   0   21.39  271.5    3.5  no_inv
 66  05/04/2020  1700    70.8   26.5     1.9     0.000   0   18.93  263.2    4.0      --
 67  05/04/2020  1800    70.0   25.4     2.1     0.000   0   18.61  256.7    4.5      --
 68  05/04/2020  1900    66.8   30.8     2.4     0.000   0   25.93  251.6    5.1      --
 69  05/04/2020  2000    63.5   31.9     2.6     0.000   0   30.48  247.5    5.7      --
 70  05/04/2020  2100    60.2   31.9     2.9     0.000   0   34.28  244.3    6.3      --
 71  05/04/2020  2200    56.8   31.9     3.1     0.000   0   38.62  241.6    6.9     851
 72  05/04/2020  2300    54.6   31.9     3.5     0.000   0   41.81  256.4    6.3      --
 73  05/05/2020  0000    53.8   31.9     3.8     0.000   0   43.07  273.1    6.1      --
 74  05/05/2020  0100    53.1   31.9     4.2     0.000   0   44.18  289.4    6.5      --
 75  05/05/2020  0200    52.6   31.9     4.6     0.000   0   45.09  303.0    7.3      --
 76  05/05/2020  0300    52.2   31.9     4.9     0.000   0   45.79  313.4    8.4      --
 77  05/05/2020  0400    51.9   32.1     5.3     0.000   0   46.60  321.2    9.8     168
 78  05/05/2020  0500    51.6   31.9     4.8     0.000   0   46.73  326.5    8.3      --
 79  05/05/2020  0600    51.8   31.9     4.2     0.000   0   46.30  334.1    6.8      --
 80  05/05/2020  0700    53.0   31.9     3.7     0.000   0   44.42  345.2    5.6      --
 81  05/05/2020  0800    55.0   31.7     3.2     0.000   0   40.82    1.6    4.7      --
 82  05/05/2020  0900    58.0   31.6     2.6     0.000   0   36.56   23.1    4.3      --
 83  05/05/2020  1000    61.6   31.5     2.1     0.000   0   31.98   45.1    4.6  no_inv
 84  05/05/2020  1100    65.6   31.4     2.0     0.000   0   27.73   45.6    4.5      --
 85  05/05/2020  1200    70.7   31.3     2.0     0.000   0   23.16   46.1    4.4      --
 86  05/05/2020  1300    74.7   31.2     1.9     0.000   0   20.22   46.7    4.3      --
 87  05/05/2020  1400    76.7   31.1     1.9     0.000   0   18.84   47.2    4.2      --
 88  05/05/2020  1500    77.7   31.1     1.9     0.000   0   18.23   47.8    4.1      --
 89  05/05/2020  1600    78.2   31.1     1.8     0.000   0   17.92   48.5    4.0  no_inv
 90  05/05/2020  1700    78.2   31.3     4.8     0.000   0   18.06  343.3    4.4      --
 91  05/05/2020  1800    77.4   32.1     7.7     0.000   0   19.16  316.0    7.9      --
 92  05/05/2020  1900    74.2   35.1    10.7     0.000   0   23.97  306.5   12.1      --
 93  05/05/2020  2000    70.9   34.9    13.7     0.000   0   26.60  302.0   16.5      --
 94  05/05/2020  2100    67.6   36.7    16.6     0.000   0   32.04  299.4   20.9      --
 95  05/05/2020  2200    64.3   42.1    19.6     0.000   0   44.36  297.6   25.4  no_inv
 96  05/05/2020  2300    60.1   47.5    16.9     0.040   0   63.17  298.3   22.4      --
 97  05/06/2020  0000    57.3   51.7    14.2     0.030   0   81.39  299.2   19.4      --
 98  05/06/2020  0100    54.8   49.3    11.5     0.000   0   81.73  300.5   16.4      --
 99  05/06/2020  0200    52.7   47.8     8.8     0.000   0   83.29  302.3   13.4      --
100  05/06/2020  0300    50.9   42.5     6.1     0.000   0   72.69  305.1   10.4      --
101  05/06/2020  0400    49.6   47.9     3.4     0.060  10   93.72  310.1    7.5   11486
102  05/06/2020  0500    44.5   42.5     5.4     0.000  10   92.44  296.6    9.0      --
103  05/06/2020  0600    48.4   44.9     7.5     0.000   5   87.50  287.3   10.8      --
104  05/06/2020  0700    48.8   45.2     9.5     0.000   0   87.27  280.8   12.9      --
105  05/06/2020  0800    47.7   44.0    11.6     0.000   0   86.79  276.2   15.1      --
106  05/06/2020  0900    48.0   43.6    13.6     0.000   0   84.61  272.7   17.3      --
107  05/06/2020  1000    56.0   38.2    15.7     0.000   0   51.14  270.1   19.6  no_inv
108  05/06/2020  1100    59.8   32.8    15.2     0.000   0   35.98  272.5   18.9      --
109  05/06/2020  1200    62.0   28.2    14.8     0.000   0   27.63  275.2   18.3      --
110  05/06/2020  1300    63.6   25.9    14.3     0.000   0   23.79  278.0   17.7      --
111  05/06/2020  1400    64.4   24.7    13.9     0.000   0   21.99  281.0   17.1      --
112  05/06/2020  1500    64.9   24.7    13.4     0.000   0   21.58  284.2   16.6      --
113  05/06/2020  1600    65.2   25.7    13.0     0.000   0   22.28  287.6   16.2  no_inv
114  05/06/2020  1700    65.3   26.7    12.1     0.000   0   23.15  291.8   15.6      --
115  05/06/2020  1800    64.8   26.4    11.2     0.000   0   23.23  296.3   15.2      --
116  05/06/2020  1900    61.3   26.7    10.4     0.000   0   26.64  301.1   14.9      --
117  05/06/2020  2000    57.5   26.3     9.6     0.000   0   29.92  306.0   14.6      --
118  05/06/2020  2100    53.8   25.9     8.7     0.000   0   33.78  311.0   14.5      --
119  05/06/2020  2200    50.0   26.6     7.8     0.000   0   39.93  316.1   14.5  no_inv
120  05/06/2020  2300    47.4   27.3     7.2     0.000   0   45.34  308.6   13.0      --
121  05/07/2020  0000    45.7   27.8     6.7     0.000   0   49.25  299.5   11.9      --
122  05/07/2020  0100    44.0   28.0     6.1     0.000   0   52.99  288.8   11.1      --
123  05/07/2020  0200    42.3   28.0     5.5     0.000   0   56.48  276.9   10.8      --
124  05/07/2020  0300    40.8   27.8     4.9     0.000   0   59.36  264.7   10.9      --
125  05/07/2020  0400    39.5   27.8     4.3     0.000   0   62.40  253.4   11.5    2483
126  05/07/2020  0500    38.7   27.8     4.3     0.000   0   64.51  250.4   11.0      --
127  05/07/2020  0600    39.3   27.8     4.3     0.000   0   63.11  247.1   10.6      --
128  05/07/2020  0700    41.1   27.8     4.3     0.000   0   58.70  243.6   10.2      --
129  05/07/2020  0800    44.3   25.5     4.3     0.000   0   47.19  239.8    9.8      --
130  05/07/2020  0900    48.8   24.8     4.3     0.000   0   38.73  235.7    9.5      --
131  05/07/2020  1000    53.9   24.0     4.4     0.000   0   31.02  231.3    9.2    6336
132  05/07/2020  1100    59.0   23.2     4.2     0.000   0   24.96  226.1    6.7      --
133  05/07/2020  1200    63.7   22.4     4.0     0.000   0   20.47  214.9    4.4      --
134  05/07/2020  1300    67.1   21.8     3.8     0.000   0   17.73  183.4    2.5      --
135  05/07/2020  1400    68.8   21.3     3.5     0.000   0   16.38  122.4    2.6      --
136  05/07/2020  1500    69.6   21.0     3.3     0.000   0   15.74   93.9    4.6      --
137  05/07/2020  1600    69.9   20.9     3.1     0.000   0   15.47   83.5    6.9    9825
138  05/07/2020  1700    70.0   21.0     3.8     0.000   0   15.53   81.5    7.6      --
139  05/07/2020  1800    69.1   21.3     4.5     0.000   0   16.24   79.9    8.2      --
140  05/07/2020  1900    65.9   21.5     5.2     0.000   0   18.24   78.5    8.9      --
141  05/07/2020  2000    62.5   22.3     5.9     0.000   0   21.20   77.2    9.5      --
142  05/07/2020  2100    59.2   23.4     6.6     0.000   0   25.07   76.2   10.2      --
143  05/07/2020  2200    55.8   25.0     7.2     0.000   0   30.19   75.2   10.8     955
144  05/07/2020  2300    51.5   24.0     6.4     0.000   0   33.79   74.5    9.8      --
145  05/08/2020  0000    48.8   23.2     5.5     0.000   0   36.13   73.6    8.7      --
146  05/08/2020  0100    46.4   21.4     4.6     0.000   0   36.74   72.4    7.7      --
147  05/08/2020  0200    44.3   21.4     3.7     0.000   0   39.82   70.9    6.6      --
148  05/08/2020  0300    42.5   21.7     2.6     0.000   0   43.20   68.8    5.6      --
149  05/08/2020  0400    41.3   22.0     1.7     0.000   0   45.66   65.8    4.5     235
150  05/08/2020  0500    40.7   21.7     2.7     0.000   0   46.25   62.3    5.6      --
151  05/08/2020  0600    41.6   21.8     3.9     0.000   0   44.76   60.0    6.7      --
152  05/08/2020  0700    44.4   22.7     4.8     0.000   0   41.78   58.4    7.8      --
153  05/08/2020  0800    49.2   28.1     5.8     0.000   0   43.77   57.1    8.9      --
154  05/08/2020  0900    55.5   30.9     6.7     0.000   0   38.95   56.2   10.0      --
155  05/08/2020  1000    62.5   29.2     7.7     0.000   0   28.22   55.4   11.1    6319
156  05/08/2020  1100    69.2   29.6     8.5     0.000   0   22.79   54.8   11.9      --
157  05/08/2020  1200    74.4   30.0     9.3     0.000   0   19.48   54.3   12.7      --
158  05/08/2020  1300    78.0   30.6    10.1     0.000   0   17.68   53.9   13.5      --
159  05/08/2020  1400    79.9   31.0    11.0     0.000   0   16.84   53.5   14.3      --
160  05/08/2020  1500    80.8   31.1    11.8     0.000   0   16.46   53.1   15.1      --
161  05/08/2020  1600    81.3   31.2    12.6     0.000   0   16.24   52.8   16.0    7152
162  05/08/2020  1700    81.4   31.2    11.6     0.000   0   16.24   49.5   15.0      --
163  05/08/2020  1800    80.5   31.3    10.7     0.000   0   16.75   45.8   14.0      --
164  05/08/2020  1900    76.9   32.1     9.7     0.000   0   19.47   41.6   13.1      --
165  05/08/2020  2000    72.3   32.5     8.7     0.000   0   23.13   36.8   12.3      --
166  05/08/2020  2100    67.6   32.7     7.7     0.000   0   27.35   31.3   11.6      --
167  05/08/2020  2200    62.9   32.1     6.7     0.000   0   31.38   25.2   11.0      89
