  Generated by FoxLW on Thursday August 13, 2020 at 01:47 PDT
-------------------------------------------------------------------------------
  WSU Tri-Cities
  46.3300:-119.2700  (46 19' 48.00"N  119 16' 12.00"W)  elev 397.0 feet    file: 100148
-------------------------------------------------------------------------------

Line#   Date     Hour   TempF  DewPtF WS(mph)  Rain(in) LW    RH%  WDir_50m WS_50m Inv(ft)
  5  08/13/2020  0400    46.2   37.7     4.8     0.000   0   71.90  248.3   10.5      70
  6  08/13/2020  0500    45.2   39.0     3.5     0.000   0   78.97  245.5    9.7      --
  7  08/13/2020  0600    45.2   38.4     3.7     0.000   0   77.11  242.1    8.8      --
  8  08/13/2020  0700    47.2   38.5     3.7     0.000   0   71.58  238.1    8.0      --
  9  08/13/2020  0800    51.4   39.6     3.4     0.000   0   63.75  233.2    7.3      --
 10  08/13/2020  0900    57.6   40.7     3.1     0.000   0   53.30  227.2    6.6      --
 11  08/13/2020  1000    64.8   41.7     2.7     0.000   0   42.89  220.1    6.0    5370
 12  08/13/2020  1100    71.9   42.5     2.5     0.000   0   34.54  223.1    5.4      --
 13  08/13/2020  1200    77.5   42.7     2.3     0.000   0   28.97  226.8    4.8      --
 14  08/13/2020  1300    81.5   42.7     2.0     0.000   0   25.41  231.5    4.3      --
 15  08/13/2020  1400    83.5   41.7     1.8     0.000   0   22.93  237.6    3.8      --
 16  08/13/2020  1500    84.5   39.1     1.5     0.000   0   20.04  245.6    3.3      --
 17  08/13/2020  1600    85.0   35.8     1.3     0.000   0   17.35  255.8    2.9    8885
 18  08/13/2020  1700    85.1   33.2     3.4     0.000   0   15.60  294.5    4.6      --
 19  08/13/2020  1800    83.3   32.2     5.4     0.000   0   15.85  309.2    7.2      --
 20  08/13/2020  1900    79.1   32.2     7.5     0.000   0   18.14  315.9   10.0      --
 21  08/13/2020  2000    74.5   31.9     9.6     0.000   0   20.87  319.6   12.9      --
 22  08/13/2020  2100    69.9   32.3    11.6     0.000   0   24.86  322.0   15.9      --
 23  08/13/2020  2200    65.3   32.0    13.7     0.000   0   28.71  323.6   18.8    1135
 24  08/13/2020  2300    61.2   33.1    12.1     0.000   0   34.62  318.4   15.7      --
 25  08/14/2020  0000    58.8   35.6    10.4     0.000   0   41.86  310.7   12.8      --
 26  08/14/2020  0100    56.5   37.0     8.8     0.000   0   47.81  298.8   10.2      --
 27  08/14/2020  0200    54.0   38.5     6.3     0.000   0   55.56  280.4    8.3      --
 28  08/14/2020  0300    52.2   39.3     4.2     0.000   0   61.29  255.6    7.7      --
 29  08/14/2020  0400    51.1   40.0     2.5     0.000   0   65.47  231.6    8.6     119
 30  08/14/2020  0500    50.6   39.4     2.8     0.000   0   65.21  232.9    7.9      --
 31  08/14/2020  0600    50.6   39.0     3.0     0.000   0   64.33  234.4    7.3      --
 32  08/14/2020  0700    52.6   39.1     3.0     0.000   0   60.06  236.1    6.7      --
 33  08/14/2020  0800    56.8   40.2     2.8     0.000   0   53.67  238.3    6.1      --
 34  08/14/2020  0900    62.9   41.3     2.5     0.000   0   45.04  240.9    5.4      --
 35  08/14/2020  1000    70.2   42.3     2.2     0.000   0   36.38  244.1    4.8    4672
 36  08/14/2020  1100    77.4   43.0     2.1     0.000   0   29.38  238.6    4.4      --
 37  08/14/2020  1200    83.0   43.2     1.9     0.000   0   24.70  232.0    4.0      --
 38  08/14/2020  1300    87.1   43.2     1.8     0.000   0   21.69  223.9    3.6      --
 39  08/14/2020  1400    89.1   42.8     1.7     0.000   0   20.01  214.3    3.4      --
 40  08/14/2020  1500    90.1   41.5     1.6     0.000   0   18.48  203.5    3.2      --
 41  08/14/2020  1600    90.6   40.0     1.4     0.000   0   17.16  192.1    3.2    7204
 42  08/14/2020  1700    90.7   38.8     1.8     0.000   0   16.35  221.4    2.1      --
 43  08/14/2020  1800    88.9   38.4     2.2     0.000   0   16.96  268.7    2.1      --
 44  08/14/2020  1900    84.4   41.1     2.5     0.000   0   21.81  297.6    3.2      --
 45  08/14/2020  2000    77.3   41.5     2.5     0.000   0   27.85  310.2    4.7      --
 46  08/14/2020  2100    70.6   41.8     2.4     0.000   0   35.23  316.6    6.3      --
 47  08/14/2020  2200    64.5   42.1     2.2     0.000   0   43.88  320.5    7.9     746
 48  08/14/2020  2300    61.6   42.0     2.4     0.000   0   48.41  318.8    8.0      --
 49  08/15/2020  0000    60.1   41.9     2.5     0.000   0   51.00  317.1    8.1      --
 50  08/15/2020  0100    58.7   41.8     2.7     0.000   0   53.43  315.5    8.2      --
 51  08/15/2020  0200    57.6   41.7     2.9     0.000   0   55.41  313.9    8.3      --
 52  08/15/2020  0300    56.5   41.7     3.1     0.000   0   57.36  312.4    8.5      --
 53  08/15/2020  0400    55.6   41.6     3.2     0.000   0   59.13  311.0    8.6      36
 54  08/15/2020  0500    54.9   41.4     3.1     0.000   0   60.22  312.9    7.2      --
 55  08/15/2020  0600    54.8   41.4     2.9     0.000   0   60.59  315.9    5.8      --
 56  08/15/2020  0700    56.7   42.1     2.3     0.000   0   58.07  320.7    4.4      --
 57  08/15/2020  0800    60.7   43.3     1.8     0.000   0   52.56  330.0    3.0      --
 58  08/15/2020  0900    66.8   44.2     1.2     0.000   0   44.02  352.0    1.9      --
 59  08/15/2020  1000    74.2   45.2     0.7     0.000   0   35.57   41.6    1.5    3059
 60  08/15/2020  1100    81.7   45.9     0.9     0.000   0   28.54   44.0    2.0      --
 61  08/15/2020  1200    87.9   46.2     1.1     0.000   0   23.61   45.4    2.5      --
 62  08/15/2020  1300    92.5   46.2     1.4     0.000   0   20.44   46.4    3.1      --
 63  08/15/2020  1400    94.9   45.7     1.6     0.000   0   18.68   47.0    3.6      --
 64  08/15/2020  1500    96.1   44.4     1.9     0.000   0   17.12   47.5    4.1      --
 65  08/15/2020  1600    96.8   42.8     2.1     0.000   0   15.79   47.9    4.6  no_inv
 66  08/15/2020  1700    96.9   41.5     2.3     0.000   0   14.96   53.0    5.1      --
 67  08/15/2020  1800    95.2   41.0     2.6     0.000   0   15.47   57.2    5.6      --
 68  08/15/2020  1900    90.3   44.0     2.8     0.000   0   20.16   60.6    6.1      --
 69  08/15/2020  2000    83.6   44.2     2.8     0.000   0   25.10   63.6    6.7      --
 70  08/15/2020  2100    76.9   44.4     2.7     0.000   0   31.54   66.1    7.2      --
 71  08/15/2020  2200    70.9   44.7     2.5     0.000   0   38.97   68.2    7.8  no_inv
 72  08/15/2020  2300    69.0   44.4     3.8     0.000   0   41.22   51.4    7.3      --
 73  08/16/2020  0000    68.4   43.9     5.3     0.000   0   41.18   34.2    7.6      --
 74  08/16/2020  0100    67.5   42.0     7.1     0.000   0   39.47   19.3    8.5      --
 75  08/16/2020  0200    66.3   41.2     8.2     0.000   0   39.88    7.9    9.8      --
 76  08/16/2020  0300    65.2   41.2     9.4     0.000   0   41.51  359.4   11.4      --
 77  08/16/2020  0400    64.2   41.0    10.6     0.000   0   42.60  353.1   13.2  no_inv
 78  08/16/2020  0500    63.5   40.8    10.9     0.000   0   43.46  351.0   13.6      --
 79  08/16/2020  0600    63.2   40.6    11.3     0.000   0   43.51  349.2   14.1      --
 80  08/16/2020  0700    64.5   40.3    11.7     0.000   0   40.98  347.4   14.5      --
 81  08/16/2020  0800    67.7   38.6    12.0     0.000   0   34.42  345.7   15.0      --
 82  08/16/2020  0900    72.6   38.3    12.4     0.000   0   28.81  344.1   15.5      --
 83  08/16/2020  1000    78.9   38.0    12.8     0.000   0   23.09  342.7   16.0    2195
 84  08/16/2020  1100    85.9   37.7    11.0     0.000   0   18.17  341.1   13.9      --
 85  08/16/2020  1200    93.3   37.4     9.2     0.000   0   14.25  339.0   11.9      --
 86  08/16/2020  1300    99.2   37.9     7.4     0.000   0   12.16  336.1   10.0      --
 87  08/16/2020  1400   102.2   38.6     5.6     0.000   0   11.38  331.8    8.0      --
 88  08/16/2020  1500   103.9   39.3     3.8     0.000   0   11.15  324.8    6.2      --
 89  08/16/2020  1600   104.9   40.2     2.0     0.000   0   11.19  312.0    4.4  no_inv
 90  08/16/2020  1700   105.3   40.2     2.3     0.000   0   11.07  315.2    5.2      --
 91  08/16/2020  1800   103.6   39.4     2.7     0.000   0   11.27  317.7    5.9      --
 92  08/16/2020  1900    98.5   39.0     3.0     0.000   0   12.95  319.6    6.6      --
 93  08/16/2020  2000    92.4   39.0     3.3     0.000   0   15.61  321.1    7.4      --
 94  08/16/2020  2100    85.5   39.2     3.3     0.000   0   19.47  322.4    8.1      --
 95  08/16/2020  2200    79.2   39.3     3.2     0.000   0   24.00  323.4    8.9  no_inv
 96  08/16/2020  2300    76.9   39.2     4.6     0.000   0   25.74  320.5    9.6      --
 97  08/17/2020  0000    76.2   39.6     6.1     0.000   0   26.85  318.0   10.3      --
 98  08/17/2020  0100    74.9   40.4     7.4     0.000   0   28.86  315.8   11.0      --
 99  08/17/2020  0200    73.6   40.9     8.4     0.000   0   30.78  313.9   11.8      --
100  08/17/2020  0300    72.5   41.0     9.6     0.000   0   32.14  312.2   12.5      --
101  08/17/2020  0400    71.5   40.9    10.6     0.000   0   33.01  310.7   13.3  no_inv
102  08/17/2020  0500    70.7   41.1     9.2     0.000   0   34.27  306.8   11.2      --
103  08/17/2020  0600    70.4   41.1     7.8     0.000   0   34.59  301.2    9.1      --
104  08/17/2020  0700    71.7   40.8     6.3     0.000   0   32.73  292.4    7.2      --
105  08/17/2020  0800    74.6   42.2     4.9     0.000   0   31.39  278.1    5.6      --
106  08/17/2020  0900    79.1   42.2     3.5     0.000   0   27.04  255.1    4.6      --
107  08/17/2020  1000    84.8   42.2     2.1     0.000   0   22.45  226.4    4.6    3041
108  08/17/2020  1100    91.2   42.2     3.0     0.000   0   18.38  228.2    5.7      --
109  08/17/2020  1200    97.6   42.2     4.0     0.000   0   15.08  229.5    6.8      --
110  08/17/2020  1300   102.6   42.3     5.0     0.000   0   13.04  230.4    7.9      --
111  08/17/2020  1400   105.1   43.0     5.9     0.000   0   12.41  231.1    9.0      --
112  08/17/2020  1500   106.5   43.6     6.9     0.000   0   12.16  231.6   10.1      --
113  08/17/2020  1600   107.2   44.0     7.9     0.000   0   12.11  232.1   11.2  no_inv
114  08/17/2020  1700   107.4   44.0     9.1     0.000   0   12.05  250.3    9.9      --
115  08/17/2020  1800   105.7   43.6    10.2     0.000   0   12.48  271.0    9.9      --
116  08/17/2020  1900   100.6   44.2    11.4     0.000   0   14.87  289.4   11.1      --
117  08/17/2020  2000    94.6   43.7    12.6     0.000   0   17.52  303.1   13.2      --
118  08/17/2020  2100    88.6   44.4    13.8     0.000   0   21.64  312.8   15.8      --
119  08/17/2020  2200    82.6   45.2    15.0     0.000   0   26.97  319.5   18.7     715
120  08/17/2020  2300    78.5   45.9    12.8     0.000   0   31.67  316.9   16.0      --
121  08/18/2020  0000    76.4   48.0    10.7     0.000   0   36.82  313.3   13.3      --
122  08/18/2020  0100    74.3   49.2     8.6     0.000   0   41.32  307.8   10.7      --
123  08/18/2020  0200    71.7   46.7     5.7     0.000   0   41.05  299.0    8.3      --
124  08/18/2020  0300    69.7   45.2     3.3     0.000   0   41.48  283.7    6.2      --
125  08/18/2020  0400    68.4   44.5     1.5     0.000   0   42.12  257.3    4.9      22
126  08/18/2020  0500    67.7   43.5     1.6     0.000   0   41.50  254.6    4.1      --
127  08/18/2020  0600    67.5   43.8     1.5     0.000   0   42.38  250.3    3.2      --
128  08/18/2020  0700    69.2   45.3     1.4     0.000   0   42.37  243.2    2.4      --
129  08/18/2020  0800    72.9   47.5     1.1     0.000   0   40.59  229.4    1.7      --
130  08/18/2020  0900    78.6   50.0     0.8     0.000   0   36.82  199.5    1.2      --
131  08/18/2020  1000    85.5   52.2     0.5     0.000   0   31.89  155.6    1.2    3089
132  08/18/2020  1100    92.6   53.7     0.7     0.000   0   26.99  174.3    1.4      --
133  08/18/2020  1200    98.5   54.2     0.9     0.000   0   22.98  187.5    1.7      --
134  08/18/2020  1300   102.9   54.2     1.0     0.000   0   20.16  196.4    2.0      --
135  08/18/2020  1400   105.1   53.2     1.2     0.000   0   18.16  202.6    2.5      --
136  08/18/2020  1500   106.3   50.3     1.3     0.000   0   15.81  207.0    2.9      --
137  08/18/2020  1600   106.9   46.8     1.5     0.000   0   13.63  210.3    3.3  no_inv
138  08/18/2020  1700   107.0   44.0     4.5     0.000   0   12.20  291.8    3.5      --
139  08/18/2020  1800   105.2   42.9     7.5     0.000   0   12.32  318.6    7.2      --
140  08/18/2020  1900   100.3   41.0    10.6     0.000   0   13.25  326.4   11.4      --
141  08/18/2020  2000    94.6   39.7    13.6     0.000   0   14.94  330.0   15.8      --
142  08/18/2020  2100    88.9   40.2    16.6     0.000   0   18.20  332.0   20.1      --
143  08/18/2020  2200    83.2   40.8    19.6     0.000   0   22.31  333.3   24.5     741
144  08/18/2020  2300    78.8   41.3    17.6     0.000   0   26.30  331.7   22.2      --
145  08/19/2020  0000    76.3   41.9    15.7     0.000   0   29.16  329.8   19.9      --
146  08/19/2020  0100    73.9   42.3    13.7     0.000   0   32.13  327.3   17.6      --
147  08/19/2020  0200    71.8   43.9    11.7     0.000   0   36.78  324.0   15.4      --
148  08/19/2020  0300    69.9   44.4     9.7     0.000   0   40.02  319.7   13.2      --
149  08/19/2020  0400    68.3   45.3     7.8     0.000   0   43.70  313.8   11.1     465
150  08/19/2020  0500    67.1   46.9     6.6     0.000   0   48.30  311.6    9.2      --
151  08/19/2020  0600    66.8   47.7     5.5     0.000   0   50.38  308.3    7.4      --
152  08/19/2020  0700    68.2   48.2     4.3     0.000   0   48.89  302.8    5.6      --
153  08/19/2020  0800    71.5   42.8     3.2     0.000   0   35.60  292.2    3.8      --
154  08/19/2020  0900    76.6   39.5     2.1     0.000   0   26.39  267.6    2.4      --
155  08/19/2020  1000    82.9   38.3     1.0     0.000   0   20.49  218.6    2.1    3793
156  08/19/2020  1100    89.4   37.1     1.1     0.000   0   15.89  200.1    1.2      --
157  08/19/2020  1200    95.0   36.0     1.3     0.000   0   12.78  140.5    0.8      --
158  08/19/2020  1300    99.2   35.0     1.5     0.000   0   10.84   93.1    1.4      --
159  08/19/2020  1400   101.2   34.3     1.6     0.000   0    9.89   78.9    2.4      --
160  08/19/2020  1500   102.3   33.8     1.8     0.000   0    9.40   73.1    3.4      --
161  08/19/2020  1600   102.8   33.7     2.0     0.000   0    9.19   70.0    4.4  no_inv
162  08/19/2020  1700   102.9   33.7     5.7     0.000   0    9.17    5.2    5.4      --
163  08/19/2020  1800   101.2   33.7     9.4     0.000   0    9.66  341.0    9.8      --
164  08/19/2020  1900    97.6   33.7    13.2     0.000   0   10.75  332.4   14.8      --
165  08/19/2020  2000    94.1   33.7    16.9     0.000   0   11.98  328.2   19.9      --
166  08/19/2020  2100    90.5   33.7    20.6     0.000   0   13.38  325.8   25.1      --
167  08/19/2020  2200    87.0   33.7    24.3     0.000   0   14.96  324.1   30.4    1244
