  Generated by FoxLW on Wednesday May 13, 2020 at 09:25 PDT
-------------------------------------------------------------------------------
  WSU Tri-Cities
  46.3300:-119.2700  (46 19' 48.00"N  119 16' 12.00"W)  elev 397.0 feet    file: 100148
-------------------------------------------------------------------------------

Line#   Date     Hour   TempF  DewPtF WS(mph)  Rain(in) LW    RH%  WDir_50m WS_50m Inv(ft)
  5  05/13/2020  0400    55.3   39.6    17.7     0.000   0   55.34  245.7   22.1  no_inv
  6  05/13/2020  0500    55.1   39.5    15.8     0.000   0   55.64  245.8   20.2      --
  7  05/13/2020  0600    55.1   39.3    14.0     0.000   0   55.20  245.9   18.2      --
  8  05/13/2020  0700    55.2   38.9    12.1     0.000   0   54.11  246.0   16.3      --
  9  05/13/2020  0800    55.6   38.5    10.2     0.000   0   52.46  246.2   14.4      --
 10  05/13/2020  0900    56.1   37.9     8.4     0.000   0   50.33  246.4   12.4      --
 11  05/13/2020  1000    56.9   37.3     6.5     0.000   0   47.85  246.7   10.5  no_inv
 12  05/13/2020  1100    58.6   36.7     6.6     0.000   0   43.93  246.8   10.5      --
 13  05/13/2020  1200    61.7   36.2     6.7     0.000   0   38.58  246.8   10.6      --
 14  05/13/2020  1300    64.4   36.3     6.8     0.000   0   35.14  246.8   10.6      --
 15  05/13/2020  1400    66.1   36.7     6.8     0.000   0   33.68  246.9   10.6      --
 16  05/13/2020  1500    67.2   37.3     6.9     0.000   0   33.23  246.9   10.7      --
 17  05/13/2020  1600    67.8   38.0     7.0     0.000   0   33.48  246.9   10.7  no_inv
 18  05/13/2020  1700    67.6   38.0     7.9     0.000   0   33.66  258.4   10.7      --
 19  05/13/2020  1800    66.3   37.4     8.9     0.000   0   34.37  269.4   11.2      --
 20  05/13/2020  1900    64.8   38.2     9.9     0.000   0   37.34  279.2   12.0      --
 21  05/13/2020  2000    63.3   38.7    10.9     0.000   0   40.21  287.5   13.2      --
 22  05/13/2020  2100    61.8   39.7    11.9     0.000   0   44.12  294.4   14.5      --
 23  05/13/2020  2200    60.3   39.5    12.8     0.000   0   46.13  300.1   16.0  no_inv
 24  05/13/2020  2300    58.5   40.6    12.5     0.000   0   51.30  289.0   16.1      --
 25  05/14/2020  0000    57.1   41.7    12.1     0.000   0   56.27  278.4   16.8      --
 26  05/14/2020  0100    55.8   44.0    11.8     0.000   0   64.54  268.9   17.9      --
 27  05/14/2020  0200    54.6   44.8    11.4     0.000   0   69.44  260.7   19.5      --
 28  05/14/2020  0300    53.7   45.4    11.0     0.000   0   73.45  253.8   21.4      --
 29  05/14/2020  0400    53.0   45.7    10.7     0.000   0   76.21  248.2   23.6    2120
 30  05/14/2020  0500    52.7   45.6    10.6     0.000   0   76.96  245.0   21.7      --
 31  05/14/2020  0600    52.6   45.5    10.5     0.000   0   76.47  241.1   19.8      --
 32  05/14/2020  0700    52.8   43.3    10.4     0.000   0   69.97  236.5   18.0      --
 33  05/14/2020  0800    53.2   42.9    10.4     0.000   0   67.88  230.9   16.4      --
 34  05/14/2020  0900    52.7   43.3    10.3     0.000   0   70.20  224.1   15.0      --
 35  05/14/2020  1000    52.1   44.0    10.2     0.010   0   73.80  216.1   13.8  no_inv
 36  05/14/2020  1100    56.3   41.3     9.0     0.000   0   57.16  217.3   12.6      --
 37  05/14/2020  1200    59.3   40.8     7.8     0.000   0   50.30  218.7   11.5      --
 38  05/14/2020  1300    62.2   41.1     6.7     0.000   0   45.85  220.4   10.3      --
 39  05/14/2020  1400    63.8   41.6     5.5     0.000   0   44.13  222.6    9.1      --
 40  05/14/2020  1500    64.9   42.2     4.3     0.000   0   43.59  225.4    8.0      --
 41  05/14/2020  1600    65.5   43.0     3.1     0.000   0   43.98  229.1    6.9  no_inv
 42  05/14/2020  1700    65.7   43.0     5.1     0.000   0   43.77  257.2    6.7      --
 43  05/14/2020  1800    64.8   42.2     7.1     0.000   0   43.84  281.2    8.0      --
 44  05/14/2020  1900    63.6   42.5     9.1     0.000   0   46.14  296.6   10.2      --
 45  05/14/2020  2000    62.4   41.9    11.1     0.000   0   47.00  306.0   12.9      --
 46  05/14/2020  2100    59.0   42.2    13.1     0.000   0   53.50  312.1   15.8      --
 47  05/14/2020  2200    60.0   47.6    15.1     0.010   0   63.57  316.2   18.8  no_inv
 48  05/14/2020  2300    58.2   43.7    13.3     0.000   0   58.53  310.2   16.1      --
 49  05/15/2020  0000    56.7   41.8    11.6     0.000   0   57.28  301.9   13.5      --
 50  05/15/2020  0100    55.4   42.1     9.9     0.000   0   60.84  290.1   11.4      --
 51  05/15/2020  0200    54.3   42.6     8.1     0.000   0   64.45  274.0   10.0      --
 52  05/15/2020  0300    53.5   42.4     6.4     0.000   0   65.94  254.5    9.5      --
 53  05/15/2020  0400    53.8   42.2     4.7     0.000   0   64.87  235.6   10.2     784
 54  05/15/2020  0500    52.5   42.1     4.4     0.000   0   67.54  230.1    9.1      --
 55  05/15/2020  0600    52.6   42.0     4.1     0.000   0   67.01  223.3    8.2      --
 56  05/15/2020  0700    53.2   39.5     3.8     0.000   0   59.60  214.8    7.4      --
 57  05/15/2020  0800    54.1   38.6     3.5     0.000   0   55.66  204.6    6.8      --
 58  05/15/2020  0900    55.6   37.6     3.2     0.000   0   50.83  192.9    6.4      --
 59  05/15/2020  1000    57.4   36.6     2.9     0.000   0   45.59  180.4    6.4  no_inv
 60  05/15/2020  1100    60.0   35.5     2.8     0.000   0   39.90  188.1    5.9      --
 61  05/15/2020  1200    65.0   34.5     2.8     0.000   0   32.13  197.1    5.5      --
 62  05/15/2020  1300    69.2   33.7     2.7     0.000   0   26.86  207.1    5.3      --
 63  05/15/2020  1400    71.3   33.0     2.7     0.000   0   24.38  217.7    5.2      --
 64  05/15/2020  1500    72.3   32.6     2.6     0.000   0   23.18  228.2    5.3      --
 65  05/15/2020  1600    72.8   32.5     2.5     0.000   0   22.71  237.9    5.6  no_inv
 66  05/15/2020  1700    72.7   32.5     2.8     0.000   0   22.73  222.2    5.3      --
 67  05/15/2020  1800    70.9   32.5     3.1     0.000   0   24.17  206.0    5.5      --
 68  05/15/2020  1900    67.6   33.0     3.4     0.000   0   27.69  191.8    6.0      --
 69  05/15/2020  2000    61.2   34.1     2.7     0.000   0   36.15  180.4    6.9      --
 70  05/15/2020  2100    56.1   34.8     2.3     0.000   0   44.47  171.9    7.9      --
 71  05/15/2020  2200    51.5   35.4     1.8     0.000   0   54.04  165.4    9.1     720
 72  05/15/2020  2300    49.3   35.2     1.9     0.000   0   58.17  159.6    8.9      --
 73  05/16/2020  0000    48.0   35.1     2.1     0.000   0   60.74  153.7    8.8      --
 74  05/16/2020  0100    46.9   34.9     2.3     0.000   0   62.92  147.6    8.8      --
 75  05/16/2020  0200    46.1   34.8     2.5     0.000   0   64.31  141.6    8.9      --
 76  05/16/2020  0300    45.4   34.6     2.8     0.000   0   65.73  135.8    9.1      --
 77  05/16/2020  0400    44.7   34.4     3.0     0.000   0   67.01  130.2    9.3  no_inv
 78  05/16/2020  0500    44.3   34.0     3.4     0.000   0   66.80  121.2    7.2      --
 79  05/16/2020  0600    45.0   33.7     3.7     0.000   0   64.47  105.7    5.5      --
 80  05/16/2020  0700    47.3   34.0     4.0     0.000   0   59.79   79.6    4.4      --
 81  05/16/2020  0800    50.9   38.8     3.9     0.000   0   63.14   48.0    4.6      --
 82  05/16/2020  0900    55.8   38.8     3.7     0.000   0   52.83   25.0    5.9      --
 83  05/16/2020  1000    61.2   38.8     3.5     0.000   0   43.61   11.6    7.8    2840
 84  05/16/2020  1100    65.8   37.8     5.5     0.000   0   35.56    3.0    9.5      --
 85  05/16/2020  1200    69.3   38.1     7.5     0.000   0   31.90  357.1   11.3      --
 86  05/16/2020  1300    71.7   38.5     9.5     0.000   0   29.81  352.9   13.3      --
 87  05/16/2020  1400    73.0   38.9    11.5     0.000   0   29.04  349.8   15.3      --
 88  05/16/2020  1500    73.8   39.0    13.5     0.000   0   28.39  347.4   17.3      --
 89  05/16/2020  1600    74.3   38.9    15.5     0.000   0   27.80  345.5   19.3  no_inv
 90  05/16/2020  1700    74.4   39.1    14.8     0.000   0   27.92  344.4   18.5      --
 91  05/16/2020  1800    73.2   39.5    14.1     0.000   0   29.55  343.1   17.6      --
 92  05/16/2020  1900    71.1   39.9    13.4     0.000   0   32.22  341.7   16.8      --
 93  05/16/2020  2000    69.1   40.7    12.8     0.000   0   35.57  340.2   15.9      --
 94  05/16/2020  2100    67.0   41.8    12.1     0.000   0   39.87  338.5   15.1      --
 95  05/16/2020  2200    64.9   44.3    11.4     0.000   0   47.24  336.6   14.2  no_inv
 96  05/16/2020  2300    62.7   45.8     9.6     0.000   0   54.04  335.9   12.2      --
 97  05/17/2020  0000    61.2   46.5     7.9     0.000   0   58.59  335.0   10.1      --
 98  05/17/2020  0100    59.9   44.0     6.0     0.000   0   55.64  333.5    8.1      --
 99  05/17/2020  0200    58.8   41.9     3.8     0.000   0   53.50  331.1    6.0      --
100  05/17/2020  0300    58.1   40.7     2.0     0.000   0   52.31  326.2    4.0      --
101  05/17/2020  0400    57.8   39.5     0.7     0.000   0   50.28  311.6    2.0     555
102  05/17/2020  0500    57.7   39.4     1.9     0.000   0   50.27  260.2    2.8      --
103  05/17/2020  0600    58.6   39.6     3.5     0.000   0   49.14  240.0    4.6      --
104  05/17/2020  0700    61.0   45.0     5.5     0.000   0   55.55  231.6    6.6      --
105  05/17/2020  0800    64.3   44.3     7.2     0.000   0   48.28  227.3    8.7      --
106  05/17/2020  0900    67.4   45.6     8.8     0.000   0   45.48  224.6   10.9      --
107  05/17/2020  1000    69.5   46.8    10.4     0.000   0   44.19  222.8   13.0  no_inv
108  05/17/2020  1100    70.5   48.1     9.1     0.000   0   44.94  220.0   11.6      --
109  05/17/2020  1200    70.8   48.5     7.8     0.000   0   45.20  216.4   10.1      --
110  05/17/2020  1300    70.8   48.1     6.4     0.000   0   44.54  211.6    8.8      --
111  05/17/2020  1400    70.7   47.6     5.1     0.000   0   43.87  205.1    7.5      --
112  05/17/2020  1500    67.9   49.0     3.8     0.000   0   50.78  196.0    6.3      --
113  05/17/2020  1600    65.1   50.7     2.4     0.010   0   59.58  183.3    5.4  no_inv
114  05/17/2020  1700    69.3   46.8     2.5     0.000   0   44.64  197.6    4.7      --
115  05/17/2020  1800    68.2   46.7     2.7     0.000   0   46.19  214.9    4.5      --
116  05/17/2020  1900    67.2   47.4     2.8     0.000   0   49.09  232.5    4.6      --
117  05/17/2020  2000    65.4   47.5     2.6     0.000   0   52.54  247.6    5.2      --
118  05/17/2020  2100    63.5   47.7     2.3     0.000   0   56.38  259.1    6.0      --
119  05/17/2020  2200    61.6   47.8     2.0     0.000   0   60.55  267.6    7.1  no_inv
120  05/17/2020  2300    60.0   47.8     2.2     0.000   0   64.01  260.6    7.3      --
121  05/18/2020  0000    58.8   47.8     2.4     0.000   0   66.78  254.1    7.6      --
122  05/18/2020  0100    57.8   47.8     2.5     0.000   0   69.15  248.3    8.0      --
123  05/18/2020  0200    57.1   47.8     2.7     0.000   0   70.90  243.0    8.5      --
124  05/18/2020  0300    56.5   47.8     2.9     0.000   0   72.36  238.4    9.1      --
125  05/18/2020  0400    56.1   47.8     3.1     0.000   0   73.43  234.3    9.7     440
126  05/18/2020  0500    56.0   48.1     6.0     0.000   0   74.76  226.1   12.7      --
127  05/18/2020  0600    56.0   48.6     9.8     0.000   0   76.23  221.0   15.8      --
128  05/18/2020  0700    56.3   46.0    13.8     0.000   0   68.41  217.7   19.0      --
129  05/18/2020  0800    56.9   45.2    16.9     0.000   0   65.07  215.3   22.3      --
130  05/18/2020  0900    57.7   44.3    20.0     0.000   0   60.99  213.6   25.6      --
131  05/18/2020  1000    58.8   43.3    23.2     0.000   0   56.50  212.2   29.0  no_inv
132  05/18/2020  1100    60.5   42.3    21.8     0.000   0   51.12  217.7   26.1      --
133  05/18/2020  1200    63.1   41.4    20.4     0.000   0   45.02  224.4   23.5      --
134  05/18/2020  1300    65.3   40.6    19.0     0.000   0   40.43  232.7   21.4      --
135  05/18/2020  1400    66.5   40.0    17.6     0.000   0   37.94  242.5   19.7      --
136  05/18/2020  1500    67.2   39.7    16.2     0.000   0   36.42  253.8   18.8      --
137  05/18/2020  1600    67.6   40.2    14.9     0.000   0   36.73  265.7   18.6  no_inv
138  05/18/2020  1700    67.6   41.0    13.6     0.000   0   37.85  266.5   17.3      --
139  05/18/2020  1800    66.4   41.3    12.4     0.000   0   39.89  267.4   16.0      --
140  05/18/2020  1900    64.2   41.9    11.1     0.000   0   44.15  268.5   14.7      --
141  05/18/2020  2000    62.0   42.5     9.9     0.000   0   48.65  269.7   13.4      --
142  05/18/2020  2100    59.8   42.5     8.6     0.000   0   52.77  271.2   12.2      --
143  05/18/2020  2200    57.6   42.7     7.4     0.000   0   57.56  273.1   10.9  no_inv
144  05/18/2020  2300    56.9   42.7     6.3     0.000   0   58.94  271.2    9.4      --
145  05/19/2020  0000    56.5   42.6     5.3     0.000   0   59.46  268.7    7.8      --
146  05/19/2020  0100    56.1   42.2     4.2     0.000   0   59.51  264.8    6.3      --
147  05/19/2020  0200    55.6   42.2     3.2     0.000   0   60.54  258.6    4.9      --
148  05/19/2020  0300    55.2   42.2     2.1     0.000   0   61.59  247.4    3.5      --
149  05/19/2020  0400    54.7   42.2     1.1     0.000   0   62.63  224.5    2.4  no_inv
150  05/19/2020  0500    54.5   42.2     1.5     0.000   0   63.05  264.7    1.8      --
151  05/19/2020  0600    54.5   42.2     1.9     0.000   0   63.15  305.9    2.4      --
152  05/19/2020  0700    54.5   44.9     2.3     0.000   0   69.94  325.4    3.6      --
153  05/19/2020  0800    54.5   44.9     2.8     0.000   0   69.77  334.5    5.0      --
154  05/19/2020  0900    54.7   44.9     3.2     0.000   0   69.46  339.6    6.5      --
155  05/19/2020  1000    54.9   44.9     3.6     0.000   0   68.99  342.7    8.0  no_inv
156  05/19/2020  1100    56.0   44.9     3.4     0.000   0   66.09  335.9    6.7      --
157  05/19/2020  1200    59.5   44.9     3.1     0.000   0   58.28  326.1    5.6      --
158  05/19/2020  1300    62.6   44.9     2.9     0.000   0   52.28  312.1    4.7      --
159  05/19/2020  1400    63.8   44.9     2.7     0.000   0   50.17  293.2    4.2      --
160  05/19/2020  1500    64.1   44.9     2.4     0.000   0   49.73  272.3    4.2      --
161  05/19/2020  1600    63.5   44.9     2.2     0.000   0   50.65  254.0    4.8  no_inv
162  05/19/2020  1700    61.5   44.9     2.6     0.000   0   54.39  264.8    5.5      --
163  05/19/2020  1800    59.7   44.9     3.0     0.000   0   57.93  273.0    6.3      --
164  05/19/2020  1900    58.5   44.9     3.4     0.000   0   60.55  279.2    7.2      --
165  05/19/2020  2000    55.7   46.0     3.0     0.000   0   69.81  283.9    8.2      --
166  05/19/2020  2100    54.2   46.9     2.6     0.020   0   76.43  287.6    9.3      --
167  05/19/2020  2200    55.5   52.3     2.2     0.040   7   88.68  290.6   10.3  no_inv
