  Generated by FoxLW on Wednesday May 13, 2020 at 09:25 PDT
-------------------------------------------------------------------------------
  WSU Othello
  46.7900:-119.0400  (46 47' 24.00"N  119 2' 24.00"W)  elev 1204.1 feet    file: 300122
-------------------------------------------------------------------------------

Line#   Date     Hour   TempF  DewPtF WS(mph)  Rain(in) LW    RH%  WDir_50m WS_50m Inv(ft)
  5  05/13/2020  0400    51.8   40.9    11.6     0.000   0   66.09  241.4   19.9  no_inv
  6  05/13/2020  0500    51.6   39.3    12.2     0.000   0   62.86  239.9   19.6      --
  7  05/13/2020  0600    51.5   39.2    12.7     0.000   0   62.54  238.3   19.4      --
  8  05/13/2020  0700    51.6   38.8    13.3     0.000   0   61.65  236.7   19.2      --
  9  05/13/2020  0800    51.8   38.5    13.9     0.000   0   60.25  235.0   19.0      --
 10  05/13/2020  0900    52.1   38.0    14.4     0.000   0   58.43  233.4   18.9      --
 11  05/13/2020  1000    52.7   37.5    15.0     0.000   0   56.27  231.7   18.7  no_inv
 12  05/13/2020  1100    54.7   37.0    14.0     0.000   0   51.18  231.9   17.6      --
 13  05/13/2020  1200    59.6   36.6    13.1     0.000   0   42.14  232.1   16.4      --
 14  05/13/2020  1300    63.8   36.6    12.1     0.000   0   36.34  232.4   15.3      --
 15  05/13/2020  1400    65.7   37.0    11.1     0.000   0   34.60  232.7   14.1      --
 16  05/13/2020  1500    66.4   38.0    10.2     0.000   0   35.02  233.0   13.0      --
 17  05/13/2020  1600    66.1   38.8     9.2     0.000   0   36.56  233.5   11.9  no_inv
 18  05/13/2020  1700    64.0   38.8     9.8     0.000   0   39.34  248.7   10.2      --
 19  05/13/2020  1800    61.8   37.9    10.4     0.000   0   41.10  268.0    9.4      --
 20  05/13/2020  1900    59.9   37.9    11.0     0.000   0   43.88  288.0    9.8      --
 21  05/13/2020  2000    58.1   37.6    11.6     0.000   0   46.25  304.5   11.3      --
 22  05/13/2020  2100    56.3   36.1    12.2     0.000   0   46.62  316.6   13.4      --
 23  05/13/2020  2200    54.5   36.3    12.8     0.000   0   50.13  325.0   16.0     531
 24  05/13/2020  2300    53.1   36.5    12.6     0.000   0   52.97  313.3   13.8      --
 25  05/14/2020  0000    52.1   36.6    12.4     0.000   0   55.30  298.2   12.4      --
 26  05/14/2020  0100    51.2   36.7    12.3     0.000   0   57.58  280.8   12.0      --
 27  05/14/2020  0200    50.3   36.8    12.1     0.000   0   59.70  263.8   12.8      --
 28  05/14/2020  0300    49.6   38.3    11.9     0.000   0   64.96  249.8   14.5      --
 29  05/14/2020  0400    48.9   38.4    11.7     0.000   0   66.70  239.2   16.9     585
 30  05/14/2020  0500    48.7   38.7    10.7     0.000   0   68.38  235.2   15.9      --
 31  05/14/2020  0600    48.6   39.1     9.7     0.000   0   69.46  230.6   14.9      --
 32  05/14/2020  0700    48.8   37.3     8.7     0.000   0   64.46  225.4   14.1      --
 33  05/14/2020  0800    49.0   37.6     7.7     0.000   0   64.49  219.7   13.5      --
 34  05/14/2020  0900    49.5   37.9     6.7     0.000   0   64.21  213.5   12.9      --
 35  05/14/2020  1000    50.1   38.3     5.7     0.000   0   63.57  206.8   12.6    4411
 36  05/14/2020  1100    51.7   38.6     5.8     0.000   0   60.75  210.0   12.1      --
 37  05/14/2020  1200    54.7   39.0     5.9     0.000   0   55.11  213.5   11.6      --
 38  05/14/2020  1300    57.5   39.8     6.0     0.000   0   51.47  217.3   11.2      --
 39  05/14/2020  1400    59.3   40.5     6.1     0.000   0   49.84  221.3   10.9      --
 40  05/14/2020  1500    60.4   41.0     6.2     0.000   0   48.78  225.6   10.6      --
 41  05/14/2020  1600    61.0   41.5     6.3     0.000   0   48.58  230.1   10.4  no_inv
 42  05/14/2020  1700    60.9   41.5     5.9     0.000   0   48.83  233.6    9.8      --
 43  05/14/2020  1800    59.9   41.0     5.4     0.000   0   49.60  237.6    9.3      --
 44  05/14/2020  1900    58.9   40.6     5.0     0.000   0   50.63  242.0    8.9      --
 45  05/14/2020  2000    57.5   40.7     4.2     0.000   0   53.48  246.8    8.5      --
 46  05/14/2020  2100    54.2   42.2     3.3     0.000   0   63.76  252.1    8.2      --
 47  05/14/2020  2200    54.9   47.6     2.6     0.010   0   76.31  257.7    7.9  no_inv
 48  05/14/2020  2300    52.9   46.5     2.8     0.000   0   78.75  257.0    7.5      --
 49  05/15/2020  0000    51.9   45.8     3.0     0.000   0   79.61  256.1    7.1      --
 50  05/15/2020  0100    50.8   45.2     3.1     0.000   0   80.79  255.1    6.8      --
 51  05/15/2020  0200    49.6   44.5     2.9     0.000   0   82.36  254.0    6.4      --
 52  05/15/2020  0300    48.7   44.0     2.7     0.000   0   83.62  252.8    6.0      --
 53  05/15/2020  0400    48.0   43.6     2.5     0.000   0   84.48  251.3    5.6  no_inv
 54  05/15/2020  0500    47.0   41.5     2.8     0.000   0   81.00  240.9    5.8      --
 55  05/15/2020  0600    47.1   41.5     3.1     0.000   0   80.67  231.4    6.3      --
 56  05/15/2020  0700    47.0   39.3     3.4     0.000   0   74.39  223.3    6.8      --
 57  05/15/2020  0800    47.8   38.9     3.7     0.000   0   71.16  216.6    7.5      --
 58  05/15/2020  0900    48.9   38.4     4.0     0.000   0   66.91  211.0    8.2      --
 59  05/15/2020  1000    52.8   35.5     4.2     0.000   0   51.85  206.4    9.1  no_inv
 60  05/15/2020  1100    55.7   34.8     4.1     0.000   0   45.15  207.8    8.8      --
 61  05/15/2020  1200    60.9   34.0     4.0     0.000   0   36.44  209.3    8.6      --
 62  05/15/2020  1300    65.0   33.4     3.9     0.000   0   30.75  210.9    8.4      --
 63  05/15/2020  1400    66.8   32.9     3.8     0.000   0   28.29  212.6    8.3      --
 64  05/15/2020  1500    67.8   32.6     3.7     0.000   0   27.05  214.4    8.1      --
 65  05/15/2020  1600    68.1   32.5     3.6     0.000   0   26.65  216.2    7.9  no_inv
 66  05/15/2020  1700    67.7   32.5     5.1     0.000   0   27.06  202.6    8.6      --
 67  05/15/2020  1800    65.2   32.6     6.7     0.000   0   29.50  191.4    9.7      --
 68  05/15/2020  1900    61.9   34.7     8.2     0.000   0   36.11  182.8   11.1      --
 69  05/15/2020  2000    58.5   34.8     9.8     0.000   0   40.91  176.2   12.6      --
 70  05/15/2020  2100    55.1   34.5    11.3     0.000   0   45.65  171.1   14.3      --
 71  05/15/2020  2200    51.7   33.1    12.9     0.000   0   48.82  167.1   16.1  no_inv
 72  05/15/2020  2300    49.5   33.2    12.9     0.000   0   53.24  157.6   14.8      --
 73  05/16/2020  0000    48.2   33.4    12.9     0.000   0   56.20  146.8   14.1      --
 74  05/16/2020  0100    47.0   33.5    13.0     0.000   0   59.25  135.2   13.8      --
 75  05/16/2020  0200    45.8   33.6    13.0     0.000   0   62.23  123.7   14.2      --
 76  05/16/2020  0300    44.7   33.7    13.1     0.000   0   64.95  113.1   15.0      --
 77  05/16/2020  0400    43.8   33.7    13.1     0.000   0   67.29  104.0   16.4  no_inv
 78  05/16/2020  0500    43.3   35.1    11.4     0.000   0   72.75  104.7   14.8      --
 79  05/16/2020  0600    44.1   35.6     9.8     0.000   0   71.84  105.6   13.2      --
 80  05/16/2020  0700    46.2   34.3     8.1     0.000   0   62.83  106.8   11.6      --
 81  05/16/2020  0800    49.8   34.7     6.4     0.000   0   55.94  108.3   10.0      --
 82  05/16/2020  0900    54.4   35.2     4.8     0.000   0   48.19  110.3    8.4      --
 83  05/16/2020  1000    59.3   37.8     3.1     0.000   0   44.82  113.4    6.9  no_inv
 84  05/16/2020  1100    63.2   36.3     4.2     0.000   0   36.64  107.6    7.7      --
 85  05/16/2020  1200    65.9   36.8     5.4     0.000   0   34.01  102.9    8.5      --
 86  05/16/2020  1300    67.8   38.2     6.5     0.000   0   33.73   99.1    9.4      --
 87  05/16/2020  1400    68.8   38.5     7.6     0.000   0   32.96   95.9   10.4      --
 88  05/16/2020  1500    69.4   39.0     8.7     0.000   0   32.93   93.3   11.3      --
 89  05/16/2020  1600    69.8   39.4     9.8     0.000   0   33.08   91.2   12.3  no_inv
 90  05/16/2020  1700    69.7   39.4     9.6     0.000   0   33.12   84.4   11.7      --
 91  05/16/2020  1800    68.8   39.2     9.4     0.000   0   33.93   77.0   11.2      --
 92  05/16/2020  1900    67.4   40.3     9.2     0.000   0   37.16   69.1   11.0      --
 93  05/16/2020  2000    66.1   41.5     8.9     0.000   0   40.81   61.0   10.9      --
 94  05/16/2020  2100    64.7   43.4     8.7     0.000   0   45.96   53.0   11.1      --
 95  05/16/2020  2200    63.3   44.7     8.5     0.000   0   50.54   45.4   11.5  no_inv
 96  05/16/2020  2300    61.5   45.9     8.5     0.000   0   56.58   62.7    8.8      --
 97  05/17/2020  0000    60.2   47.1     8.5     0.000   0   61.86   90.0    7.4      --
 98  05/17/2020  0100    59.2   48.1     8.6     0.000   0   66.52  119.6    8.2      --
 99  05/17/2020  0200    58.5   48.8     8.6     0.000   0   70.21  140.1   10.5      --
100  05/17/2020  0300    58.1   49.3     8.6     0.000   0   72.60  152.1   13.7      --
101  05/17/2020  0400    57.9   49.5     8.6     0.000   0   73.45  159.5   17.2     248
102  05/17/2020  0500    57.9   49.4     8.6     0.000   0   73.28  164.1   15.8      --
103  05/17/2020  0600    58.3   49.0     8.6     0.000   0   71.14  169.4   14.6      --
104  05/17/2020  0700    59.4   46.6     8.6     0.000   0   62.42  175.8   13.5      --
105  05/17/2020  0800    61.0   46.1     8.6     0.000   0   58.06  183.1   12.6      --
106  05/17/2020  0900    62.6   45.8     8.6     0.000   0   54.16  191.4   11.9      --
107  05/17/2020  1000    63.8   45.6     8.7     0.000   0   51.62  200.4   11.6  no_inv
108  05/17/2020  1100    64.5   45.7     8.1     0.000   0   50.53  202.2   11.5      --
109  05/17/2020  1200    64.7   45.9     7.5     0.000   0   50.42  204.0   11.5      --
110  05/17/2020  1300    64.7   47.1     6.9     0.000   0   52.88  205.9   11.5      --
111  05/17/2020  1400    64.6   48.3     6.4     0.000   0   55.50  207.7   11.5      --
112  05/17/2020  1500    61.4   51.4     5.8     0.000   0   69.69  209.5   11.6      --
113  05/17/2020  1600    58.5   53.8     5.2     0.050   8   84.10  211.3   11.6  no_inv
114  05/17/2020  1700    60.5   51.8     5.2     0.000   5   72.96  202.6   10.8      --
115  05/17/2020  1800    62.3   49.7     5.2     0.000   0   63.48  192.9   10.3      --
116  05/17/2020  1900    61.7   48.8     5.2     0.000   0   62.46  182.5   10.1      --
117  05/17/2020  2000    61.2   48.8     5.2     0.000   0   63.80  172.1   10.3      --
118  05/17/2020  2100    60.7   48.9     5.2     0.000   0   65.22  162.3   10.8      --
119  05/17/2020  2200    60.1   49.0     5.2     0.000   0   66.56  153.5   11.5    1094
120  05/17/2020  2300    57.7   49.2     5.3     0.000   0   73.27  152.6   11.8      --
121  05/18/2020  0000    55.6   49.4     5.4     0.000   0   79.79  151.6   12.0      --
122  05/18/2020  0100    53.8   49.7     5.5     0.000   0   86.12  150.7   12.2      --
123  05/18/2020  0200    52.2   49.8     5.6     0.000   5   91.20  149.9   12.4      --
124  05/18/2020  0300    51.1   49.7     5.7     0.000  10   94.86  149.0   12.6      --
125  05/18/2020  0400    50.3   49.6     5.8     0.000  10   97.45  148.2   12.9    1091
126  05/18/2020  0500    50.0   50.0     7.8     0.000  10  100.00  158.6   13.7      --
127  05/18/2020  0600    50.2   50.2     9.7     0.000   5  100.00  167.5   14.9      --
128  05/18/2020  0700    50.7   50.7    11.6     0.000   0  100.00  175.0   16.5      --
129  05/18/2020  0800    51.6   50.1    13.6     0.000   0   94.60  181.0   18.2      --
130  05/18/2020  0900    52.9   48.5    15.5     0.000   0   84.80  186.0   20.2      --
131  05/18/2020  1000    54.5   46.7    17.5     0.000   0   74.83  190.1   22.2  no_inv
132  05/18/2020  1100    56.6   44.9    16.7     0.000   0   64.88  197.5   19.6      --
133  05/18/2020  1200    58.8   43.2    16.0     0.000   0   56.14  206.9   17.4      --
134  05/18/2020  1300    60.5   41.9    15.2     0.000   0   50.32  218.6   15.8      --
135  05/18/2020  1400    61.3   41.2    14.4     0.000   0   47.50  232.2   15.0      --
136  05/18/2020  1500    61.8   41.2    13.7     0.000   0   46.80  246.5   15.1      --
137  05/18/2020  1600    62.0   42.1    12.9     0.000   0   47.91  259.7   16.1  no_inv
138  05/18/2020  1700    61.8   42.8    11.9     0.000   0   49.64  262.5   15.3      --
139  05/18/2020  1800    60.1   42.4    11.0     0.000   0   52.04  265.7   14.6      --
140  05/18/2020  1900    57.7   42.9    10.0     0.000   0   57.74  269.1   13.9      --
141  05/18/2020  2000    55.3   42.2     9.0     0.000   0   61.19  272.9   13.2      --
142  05/18/2020  2100    52.9   41.3     8.1     0.000   0   64.67  277.1   12.6      --
143  05/18/2020  2200    50.5   41.8     7.1     0.000   0   71.90  281.7   12.1     524
144  05/18/2020  2300    49.9   41.3     7.6     0.000   0   72.12  274.7   13.2      --
145  05/19/2020  0000    49.6   40.9     8.1     0.000   0   71.63  268.8   14.5      --
146  05/19/2020  0100    49.2   40.7     8.5     0.000   0   72.40  264.0   15.9      --
147  05/19/2020  0200    48.7   40.6     9.0     0.000   0   73.45  260.0   17.5      --
148  05/19/2020  0300    48.2   40.6     9.5     0.000   0   74.71  256.6   19.1      --
149  05/19/2020  0400    47.7   40.5    10.0     0.000   0   76.11  253.8   20.7     539
150  05/19/2020  0500    47.4   40.6     9.9     0.000   0   76.99  257.2   20.3      --
151  05/19/2020  0600    47.5   40.7     9.8     0.000   0   77.30  260.8   20.0      --
152  05/19/2020  0700    47.7   38.9     9.8     0.000   0   71.37  264.5   19.8      --
153  05/19/2020  0800    48.2   39.2     9.7     0.000   0   70.71  268.3   19.6      --
154  05/19/2020  0900    49.0   39.5     9.6     0.000   0   69.46  272.1   19.6      --
155  05/19/2020  1000    50.1   39.8     9.5     0.000   0   67.63  275.9   19.6  no_inv
156  05/19/2020  1100    52.8   40.2    10.0     0.000   0   62.05  271.2   18.5      --
157  05/19/2020  1200    57.1   40.5    10.4     0.000   0   53.63  266.0   17.4      --
158  05/19/2020  1300    60.0   41.2    10.9     0.000   0   49.88  260.2   16.6      --
159  05/19/2020  1400    61.0   41.8    11.3     0.000   0   49.08  253.8   15.9      --
160  05/19/2020  1500    59.4   43.8    11.8     0.000   0   56.24  247.0   15.5      --
161  05/19/2020  1600    57.2   45.5    12.2     0.010   0   65.00  239.9   15.2  no_inv
162  05/19/2020  1700    58.7   42.6    11.4     0.000   0   55.04  242.0   14.8      --
163  05/19/2020  1800    56.9   42.4    10.6     0.000   0   58.45  244.2   14.3      --
164  05/19/2020  1900    55.5   43.1     9.7     0.000   0   62.92  246.6   13.9      --
165  05/19/2020  2000    54.2   43.1     8.9     0.000   0   66.11  249.2   13.4      --
166  05/19/2020  2100    52.0   43.7     8.1     0.000   0   73.32  251.9   13.0      --
167  05/19/2020  2200    51.5   46.5     7.2     0.010   0   83.01  254.8   12.7     540
