  Generated by FoxLW on Tuesday July 14, 2020 at 09:25 PDT
-------------------------------------------------------------------------------
  WSU Tri-Cities
  46.3300:-119.2700  (46 19' 48.00"N  119 16' 12.00"W)  elev 397.0 feet    file: 100148
-------------------------------------------------------------------------------

Line#   Date     Hour   TempF  DewPtF WS(mph)  Rain(in) LW    RH%  WDir_50m WS_50m Inv(ft)
  5  07/14/2020  0400    48.9   39.2     3.2     0.000   0   68.99  346.9    7.1      74
  6  07/14/2020  0500    48.1   39.0     2.8     0.000   0   70.72  344.7    6.2      --
  7  07/14/2020  0600    49.3   38.6     2.5     0.000   0   66.41  341.7    5.3      --
  8  07/14/2020  0700    52.3   35.8     2.1     0.000   0   53.43  337.5    4.4      --
  9  07/14/2020  0800    57.1   34.9     1.7     0.000   0   43.16  331.3    3.6      --
 10  07/14/2020  0900    63.5   33.8     1.4     0.000   0   32.94  321.6    2.8      --
 11  07/14/2020  1000    70.6   32.7     1.0     0.000   0   24.56  305.6    2.2  no_inv
 12  07/14/2020  1100    77.6   31.5     1.4     0.000   0   18.59  283.8    2.8      --
 13  07/14/2020  1200    83.4   30.4     1.8     0.000   0   14.69  270.8    3.6      --
 14  07/14/2020  1300    87.6   29.5     2.2     0.000   0   12.37  262.9    4.6      --
 15  07/14/2020  1400    89.8   28.7     2.6     0.000   0   11.23  257.8    5.6      --
 16  07/14/2020  1500    90.8   28.3     3.0     0.000   0   10.67  254.2    6.6      --
 17  07/14/2020  1600    91.3   28.1     3.5     0.000   0   10.42  251.7    7.7  no_inv
 18  07/14/2020  1700    91.5   28.4     6.7     0.000   0   10.49  281.6    9.1      --
 19  07/14/2020  1800    90.3   29.1     9.9     0.000   0   11.20  299.9   12.1      --
 20  07/14/2020  1900    86.2   30.2    13.2     0.000   0   13.33  310.2   15.9      --
 21  07/14/2020  2000    81.3   31.7    16.4     0.000   0   16.58  316.4   20.0      --
 22  07/14/2020  2100    76.4   33.4    19.6     0.000   0   20.90  320.5   24.3      --
 23  07/14/2020  2200    71.4   35.3    22.9     0.000   0   26.55  323.4   28.6     729
 24  07/14/2020  2300    66.8   37.1    19.6     0.000   0   33.39  321.3   24.7      --
 25  07/15/2020  0000    64.2   38.8    16.4     0.000   0   39.10  318.5   20.9      --
 26  07/15/2020  0100    61.9   40.3    13.1     0.000   0   44.92  314.4   17.2      --
 27  07/15/2020  0200    60.0   42.7     9.9     0.000   0   52.83  308.1   13.6      --
 28  07/15/2020  0300    58.4   39.0     6.6     0.000   0   48.22  297.5   10.2      --
 29  07/15/2020  0400    57.0   33.6     1.9     0.000   0   41.03  278.2    7.5      28
 30  07/15/2020  0500    56.7   32.4     2.4     0.000   0   39.62  277.2    7.7      --
 31  07/15/2020  0600    57.6   33.0     2.9     0.000   0   39.25  276.3    7.8      --
 32  07/15/2020  0700    60.5   38.4     3.5     0.000   0   43.94  275.4    8.0      --
 33  07/15/2020  0800    65.2   43.8     3.7     0.000   0   45.84  274.5    8.2      --
 34  07/15/2020  0900    71.2   44.7     3.8     0.000   0   38.65  273.7    8.3      --
 35  07/15/2020  1000    77.8   45.4     3.8     0.000   0   31.82  272.9    8.5  no_inv
 36  07/15/2020  1100    84.1   47.7     4.7     0.000   0   28.20  270.4    9.0      --
 37  07/15/2020  1200    89.3   48.5     5.6     0.000   0   24.64  268.2    9.5      --
 38  07/15/2020  1300    93.0   48.0     6.4     0.000   0   21.59  266.2   10.1      --
 39  07/15/2020  1400    94.8   47.4     7.2     0.000   0   19.98  264.4   10.6      --
 40  07/15/2020  1500    95.6   46.8     8.1     0.000   0   19.04  262.8   11.2      --
 41  07/15/2020  1600    96.0   46.4     8.9     0.000   0   18.55  261.4   11.7   10905
 42  07/15/2020  1700    96.1   46.0    11.7     0.000   0   18.20  282.5   13.1      --
 43  07/15/2020  1800    94.9   45.4    14.5     0.000   0   18.49  298.0   15.9      --
 44  07/15/2020  1900    91.0   45.4    17.3     0.000   0   20.89  308.4   19.4      --
 45  07/15/2020  2000    86.2   46.0    20.0     0.000   0   24.74  315.5   23.4      --
 46  07/15/2020  2100    81.5   46.6    22.8     0.000   0   29.48  320.4   27.6      --
 47  07/15/2020  2200    76.8   47.2    25.6     0.000   0   35.29  324.0   32.0    2159
 48  07/15/2020  2300    72.2   47.9    22.2     0.000   0   42.12  322.4   28.0      --
 49  07/16/2020  0000    69.5   48.5    18.8     0.000   0   47.22  320.1   24.1      --
 50  07/16/2020  0100    67.1   49.0    15.3     0.000   0   52.33  317.1   20.2      --
 51  07/16/2020  0200    65.0   50.4    11.9     0.000   0   59.09  312.6   16.5      --
 52  07/16/2020  0300    63.4   51.0     8.5     0.000   0   64.22  305.5   12.8      --
 53  07/16/2020  0400    62.1   49.8     4.8     0.000   0   64.11  293.3    9.6     692
 54  07/16/2020  0500    61.5   48.7     6.0     0.000   0   62.89  284.8    9.8      --
 55  07/16/2020  0600    62.3   49.7     7.0     0.000   0   63.30  276.9   10.3      --
 56  07/16/2020  0700    64.5   48.0     8.0     0.000   0   55.14  269.8   10.9      --
 57  07/16/2020  0800    68.1   46.8     8.9     0.000   0   46.49  263.6   11.7      --
 58  07/16/2020  0900    72.9   45.4     9.9     0.000   0   37.40  258.2   12.6      --
 59  07/16/2020  1000    78.4   43.8    10.9     0.000   0   29.40  253.6   13.6    7123
 60  07/16/2020  1100    83.8   42.3     9.9     0.000   0   23.21  255.8   12.8      --
 61  07/16/2020  1200    89.0   40.9     8.9     0.000   0   18.67  258.4   12.1      --
 62  07/16/2020  1300    92.6   40.4     7.9     0.000   0   16.37  261.3   11.4      --
 63  07/16/2020  1400    94.4   40.7     6.9     0.000   0   15.66  264.5   10.7      --
 64  07/16/2020  1500    95.2   41.5     5.9     0.000   0   15.77  268.2   10.1      --
 65  07/16/2020  1600    95.6   42.7     4.9     0.000   0   16.28  272.3    9.5   11841
 66  07/16/2020  1700    95.6   42.7     7.9     0.000   0   16.26  290.4   11.6      --
 67  07/16/2020  1800    94.4   41.4    10.9     0.000   0   16.11  302.2   14.5      --
 68  07/16/2020  1900    90.2   40.5    13.9     0.000   0   17.65  309.8   17.8      --
 69  07/16/2020  2000    84.9   41.3    16.9     0.000   0   21.59  315.0   21.3      --
 70  07/16/2020  2100    79.5   42.9    19.9     0.000   0   27.34  318.7   25.0      --
 71  07/16/2020  2200    74.2   44.7    22.9     0.000   0   34.90  321.5   28.7    2910
 72  07/16/2020  2300    70.3   46.4    21.5     0.000   0   42.52  320.1   26.9      --
 73  07/17/2020  0000    68.3   48.1    20.1     0.000   0   48.43  318.6   25.1      --
 74  07/17/2020  0100    66.4   49.5    18.7     0.000   0   54.54  316.9   23.3      --
 75  07/17/2020  0200    64.6   50.6    17.3     0.000   0   60.33  314.8   21.5      --
 76  07/17/2020  0300    63.1   51.2    15.9     0.000   0   65.21  312.5   19.8      --
 77  07/17/2020  0400    61.9   51.5    14.5     0.000   0   68.66  309.6   18.2   11736
 78  07/17/2020  0500    61.3   51.3    12.6     0.000   0   69.85  307.4   16.1      --
 79  07/17/2020  0600    61.6   52.4    10.7     0.000   0   71.70  304.6   14.1      --
 80  07/17/2020  0700    62.8   50.3     8.8     0.000   0   63.63  300.8   12.1      --
 81  07/17/2020  0800    64.9   49.5     6.9     0.000   0   57.36  295.5   10.2      --
 82  07/17/2020  0900    67.9   48.5     5.0     0.000   0   49.96  288.0    8.4      --
 83  07/17/2020  1000    71.5   47.5     3.1     0.000   0   42.46  276.8    6.9    7044
 84  07/17/2020  1100    75.7   46.4     4.2     0.000   0   35.43  271.6    7.7      --
 85  07/17/2020  1200    81.4   45.5     5.3     0.000   0   28.35  267.5    8.6      --
 86  07/17/2020  1300    85.7   45.2     6.5     0.000   0   24.49  264.2    9.5      --
 87  07/17/2020  1400    87.8   45.5     7.6     0.000   0   23.18  261.5   10.4      --
 88  07/17/2020  1500    88.8   46.2     8.7     0.000   0   23.01  259.2   11.3      --
 89  07/17/2020  1600    89.3   47.1     9.9     0.000   0   23.42  257.3   12.3    8862
 90  07/17/2020  1700    89.3   46.2    11.4     0.000   0   22.66  274.4   12.5      --
 91  07/17/2020  1800    87.5   44.9    13.0     0.000   0   22.79  289.8   13.6      --
 92  07/17/2020  1900    83.5   43.9    14.6     0.000   0   24.96  302.1   15.6      --
 93  07/17/2020  2000    79.2   43.4    16.2     0.000   0   28.13  311.2   18.2      --
 94  07/17/2020  2100    74.8   43.3    17.7     0.000   0   32.42  318.0   21.0      --
 95  07/17/2020  2200    70.5   43.3    19.3     0.000   0   37.46  323.1   24.1    1380
 96  07/17/2020  2300    65.8   43.2    16.3     0.000   0   43.96  321.8   20.4      --
 97  07/18/2020  0000    62.6   43.2    13.4     0.000   0   49.12  319.8   16.6      --
 98  07/18/2020  0100    59.6   44.5    10.4     0.000   0   57.26  316.6   12.9      --
 99  07/18/2020  0200    56.5   45.2     6.8     0.000   0   65.79  310.9    9.2      --
100  07/18/2020  0300    54.2   46.1     3.6     0.000   0   74.29  298.0    5.8      --
101  07/18/2020  0400    52.7   46.5     1.1     0.000   0   79.26  259.0    3.2  no_inv
102  07/18/2020  0500    52.1   46.4     1.6     0.000   0   80.94  244.0    4.0      --
103  07/18/2020  0600    52.9   46.5     2.2     0.000   0   78.71  234.0    4.8      --
104  07/18/2020  0700    55.5   47.1     2.8     0.000   0   73.32  227.2    5.8      --
105  07/18/2020  0800    59.6   48.1     3.3     0.000   0   65.64  222.5    6.8      --
106  07/18/2020  0900    65.2   49.2     3.7     0.000   0   56.28  219.0    7.9      --
107  07/18/2020  1000    71.5   50.2     4.2     0.000   0   46.95  216.3    9.0    5391
108  07/18/2020  1100    77.9   50.9     3.8     0.000   0   38.96  220.9    7.3      --
109  07/18/2020  1200    83.8   51.1     3.3     0.000   0   32.49  228.0    5.8      --
110  07/18/2020  1300    88.0   51.1     2.9     0.000   0   28.40  240.3    4.3      --
111  07/18/2020  1400    90.2   50.0     2.5     0.000   0   25.47  262.4    3.2      --
112  07/18/2020  1500    91.2   47.1     2.1     0.000   0   22.10  295.5    3.0      --
113  07/18/2020  1600    91.8   43.5     1.7     0.000   0   18.97  324.3    3.7    1959
114  07/18/2020  1700    91.9   40.6     4.4     0.000   0   16.89  324.0    6.8      --
115  07/18/2020  1800    90.7   39.5     7.1     0.000   0   16.79  323.9   10.0      --
116  07/18/2020  1900    86.8   36.2     9.9     0.000   0   16.60  323.8   13.1      --
117  07/18/2020  2000    82.3   37.2    12.6     0.000   0   19.97  323.8   16.3      --
118  07/18/2020  2100    77.8   38.4    15.4     0.000   0   24.23  323.8   19.5      --
119  07/18/2020  2200    73.3   39.7    18.1     0.000   0   29.59  323.8   22.6     677
120  07/18/2020  2300    69.2   40.9    15.4     0.000   0   35.79  321.5   18.9      --
121  07/19/2020  0000    66.8   42.1    12.7     0.000   0   40.65  318.1   15.2      --
122  07/19/2020  0100    64.7   44.5    10.1     0.000   0   47.89  312.7   11.7      --
123  07/19/2020  0200    62.9   45.6     7.4     0.000   0   53.13  302.5    8.3      --
124  07/19/2020  0300    61.5   46.3     4.7     0.000   0   57.39  280.5    5.5      --
125  07/19/2020  0400    60.5   46.3     2.0     0.000   0   59.51  237.0    4.5  no_inv
126  07/19/2020  0500    59.8   46.2     2.2     0.000   0   60.60  235.4    4.9      --
127  07/19/2020  0600    60.7   46.2     2.4     0.000   0   58.73  233.9    5.2      --
128  07/19/2020  0700    63.1   43.8     2.5     0.000   0   49.24  232.7    5.6      --
129  07/19/2020  0800    67.1   43.2     2.7     0.000   0   41.91  231.6    6.0      --
130  07/19/2020  0900    72.4   42.5     2.9     0.000   0   34.07  230.6    6.3      --
131  07/19/2020  1000    78.3   41.7     3.0     0.000   0   27.15  229.8    6.7   10911
132  07/19/2020  1100    84.1   41.0     2.8     0.000   0   21.87  226.4    5.1      --
133  07/19/2020  1200    89.1   40.3     2.5     0.000   0   18.19  219.9    3.5      --
134  07/19/2020  1300    92.6   39.7     2.3     0.000   0   15.95  204.0    2.1      --
135  07/19/2020  1400    94.3   39.3     2.0     0.000   0   14.86  152.9    1.2      --
136  07/19/2020  1500    95.1   39.0     1.8     0.000   0   14.34   98.8    2.0      --
137  07/19/2020  1600    95.5   38.9     1.6     0.000   0   14.12   81.7    3.5  no_inv
138  07/19/2020  1700    95.5   39.0     1.5     0.000   0   14.20   71.1    2.9      --
139  07/19/2020  1800    94.2   39.5     1.5     0.000   0   15.01   56.5    2.5      --
140  07/19/2020  1900    90.1   40.2     1.5     0.000   0   17.54   38.3    2.4      --
141  07/19/2020  2000    84.8   39.4     1.5     0.000   0   20.08   19.5    2.5      --
142  07/19/2020  2100    78.2   39.7     1.4     0.000   0   25.22    3.4    2.8      --
143  07/19/2020  2200    72.0   39.9     1.2     0.000   0   31.26  351.4    3.2  no_inv
144  07/19/2020  2300    67.9   40.0     1.4     0.000   0   36.06  343.1    3.7      --
145  07/20/2020  0000    65.5   40.0     1.6     0.000   0   39.18  336.9    4.3      --
146  07/20/2020  0100    63.5   40.1     1.7     0.000   0   42.14  332.1    4.9      --
147  07/20/2020  0200    62.0   40.2     1.8     0.000   0   44.54  328.3    5.5      --
148  07/20/2020  0300    60.8   40.2     1.9     0.000   0   46.58  325.3    6.1      --
149  07/20/2020  0400    60.0   40.3     2.0     0.000   0   48.17  322.9    6.8  no_inv
150  07/20/2020  0500    59.4   40.0     2.4     0.000   0   48.48  325.1    6.7      --
151  07/20/2020  0600    60.5   39.9     2.7     0.000   0   46.56  327.4    6.7      --
152  07/20/2020  0700    63.8   45.3     3.0     0.000   0   51.04  329.7    6.6      --
153  07/20/2020  0800    68.9   46.0     3.0     0.000   0   43.78  332.0    6.6      --
154  07/20/2020  0900    75.6   45.0     3.0     0.000   0   33.69  334.3    6.6      --
155  07/20/2020  1000    82.9   44.0     3.0     0.000   0   25.51  336.6    6.6  no_inv
156  07/20/2020  1100    89.6   44.2     2.8     0.000   0   20.74  342.1    5.2      --
157  07/20/2020  1200    94.5   44.4     2.5     0.000   0   17.98  351.3    3.9      --
158  07/20/2020  1300    97.9   44.4     2.3     0.000   0   16.22    8.9    2.8      --
159  07/20/2020  1400    99.6   44.2     2.0     0.000   0   15.28   41.6    2.2      --
160  07/20/2020  1500   100.4   43.5     1.8     0.000   0   14.57   78.1    2.5      --
161  07/20/2020  1600   100.8   42.8     1.6     0.000   0   13.99   99.6    3.5  no_inv
162  07/20/2020  1700   100.8   42.2     1.6     0.000   0   13.66   88.2    3.0      --
163  07/20/2020  1800    99.5   41.9     1.6     0.000   0   14.05   72.9    2.6      --
164  07/20/2020  1900    95.5   40.1     1.6     0.000   0   14.78   54.6    2.5      --
165  07/20/2020  2000    90.3   43.3     1.6     0.000   0   19.67   36.4    2.7      --
166  07/20/2020  2100    83.6   43.5     1.5     0.000   0   24.49   21.3    3.0      --
167  07/20/2020  2200    77.1   43.5     1.4     0.000   0   30.39   10.1    3.5  no_inv
