  Generated by FoxLW on Tuesday July 14, 2020 at 09:25 PDT
-------------------------------------------------------------------------------
  WSU Prosser
  46.2600:-119.7400  (46 15' 36.00"N  119 44' 24.00"W)  elev 928.5 feet    file: 300033
-------------------------------------------------------------------------------

Line#   Date     Hour   TempF  DewPtF WS(mph)  Rain(in) LW    RH%  WDir_50m WS_50m Inv(ft)
  5  07/14/2020  0400    61.8   39.1     3.0     0.000   0   42.99  323.8    6.6     779
  6  07/14/2020  0500    61.3   39.0     2.8     0.000   0   43.61  316.8    5.4      --
  7  07/14/2020  0600    61.7   38.8     2.6     0.000   0   42.60  306.1    4.4      --
  8  07/14/2020  0700    62.8   36.3     2.4     0.000   0   37.24  289.7    3.5      --
  9  07/14/2020  0800    64.7   35.8     2.2     0.000   0   34.07  266.7    3.2      --
 10  07/14/2020  0900    67.4   35.1     2.0     0.000   0   30.25  242.3    3.3      --
 11  07/14/2020  1000    70.8   34.4     1.8     0.000   0   26.27  223.4    4.0     392
 12  07/14/2020  1100    74.6   33.8     2.0     0.000   0   22.49  234.2    4.2      --
 13  07/14/2020  1200    80.1   33.1     2.2     0.000   0   18.23  244.0    4.4      --
 14  07/14/2020  1300    84.5   32.5     2.3     0.000   0   15.51  252.6    4.8      --
 15  07/14/2020  1400    86.7   32.1     2.5     0.000   0   14.20  259.8    5.2      --
 16  07/14/2020  1500    87.7   31.9     2.7     0.000   0   13.59  265.7    5.8      --
 17  07/14/2020  1600    88.2   31.8     2.9     0.000   0   13.32  270.7    6.3  no_inv
 18  07/14/2020  1700    88.4   31.9     4.2     0.000   0   13.37  278.1    7.3      --
 19  07/14/2020  1800    87.2   32.4     5.4     0.000   0   14.16  283.7    8.4      --
 20  07/14/2020  1900    83.8   33.2     6.7     0.000   0   16.24  288.0    9.6      --
 21  07/14/2020  2000    80.4   36.2     8.0     0.000   0   20.43  291.3   10.8      --
 22  07/14/2020  2100    77.0   37.4     9.3     0.000   0   23.92  294.0   12.0      --
 23  07/14/2020  2200    73.6   38.4    10.6     0.000   0   27.92  296.1   13.3     880
 24  07/14/2020  2300    71.2   39.7    10.5     0.000   0   31.84  292.1   13.0      --
 25  07/15/2020  0000    70.1   40.9    10.4     0.000   0   34.70  287.8   12.8      --
 26  07/15/2020  0100    69.0   41.9    10.4     0.000   0   37.46  283.5   12.6      --
 27  07/15/2020  0200    68.0   42.7    10.3     0.000   0   39.89  279.0   12.6      --
 28  07/15/2020  0300    67.3   43.2    10.2     0.000   0   41.80  274.6   12.6      --
 29  07/15/2020  0400    66.7   43.4    10.1     0.000   0   43.00  270.2   12.7     522
 30  07/15/2020  0500    66.2   43.5     9.3     0.000   0   43.78  269.4   12.2      --
 31  07/15/2020  0600    66.7   43.7     8.5     0.000   0   43.37  268.4   11.7      --
 32  07/15/2020  0700    68.0   42.0     7.7     0.000   0   38.82  267.4   11.2      --
 33  07/15/2020  0800    70.2   42.3     6.9     0.000   0   36.50  266.3   10.8      --
 34  07/15/2020  0900    73.2   42.7     6.2     0.000   0   33.46  265.1   10.3      --
 35  07/15/2020  1000    76.8   43.1     5.4     0.000   0   30.12  263.8    9.8  no_inv
 36  07/15/2020  1100    80.8   43.5     5.4     0.000   0   26.86  265.0    9.8      --
 37  07/15/2020  1200    85.9   44.0     5.4     0.000   0   23.13  266.3    9.7      --
 38  07/15/2020  1300    89.7   44.8     5.4     0.000   0   21.23  267.6    9.7      --
 39  07/15/2020  1400    91.6   45.5     5.5     0.000   0   20.55  269.0    9.6      --
 40  07/15/2020  1500    92.5   46.1     5.5     0.000   0   20.41  270.3    9.6      --
 41  07/15/2020  1600    92.9   46.5     5.5     0.000   0   20.50  271.6    9.6   11377
 42  07/15/2020  1700    92.9   46.5     7.0     0.000   0   20.48  274.5   10.9      --
 43  07/15/2020  1800    91.7   46.2     8.4     0.000   0   21.06  276.7   12.3      --
 44  07/15/2020  1900    88.0   46.1     9.9     0.000   0   23.51  278.4   13.6      --
 45  07/15/2020  2000    83.7   47.1    11.3     0.000   0   27.98  279.9   15.0      --
 46  07/15/2020  2100    79.4   46.5    12.7     0.000   0   31.51  281.0   16.4      --
 47  07/15/2020  2200    75.0   47.1    14.2     0.000   0   37.18  282.0   17.8     881
 48  07/15/2020  2300    72.3   47.7    12.7     0.000   0   41.62  282.2   16.5      --
 49  07/16/2020  0000    71.1   49.7    11.2     0.000   0   46.78  282.3   15.2      --
 50  07/16/2020  0100    69.9   50.8     9.7     0.000   0   50.61  282.5   13.9      --
 51  07/16/2020  0200    68.8   51.1     8.2     0.000   0   53.33  282.8   12.6      --
 52  07/16/2020  0300    67.8   49.1     6.7     0.000   0   51.17  283.0   11.2      --
 53  07/16/2020  0400    66.9   47.8     5.2     0.000   0   50.12  283.4    9.9     900
 54  07/16/2020  0500    66.4   46.9     4.9     0.000   0   49.39  277.6    9.3      --
 55  07/16/2020  0600    66.9   45.7     4.7     0.000   0   46.40  271.0    8.7      --
 56  07/16/2020  0700    68.2   48.3     4.4     0.000   0   49.02  263.7    8.3      --
 57  07/16/2020  0800    70.5   47.6     4.2     0.000   0   44.07  255.8    8.1      --
 58  07/16/2020  0900    73.6   46.7     3.9     0.000   0   38.34  247.4    7.9      --
 59  07/16/2020  1000    77.4   45.7     3.6     0.000   0   32.67  239.1    8.0    8317
 60  07/16/2020  1100    81.3   44.8     3.5     0.000   0   27.65  246.8    7.3      --
 61  07/16/2020  1200    86.1   43.9     3.4     0.000   0   22.93  255.9    6.8      --
 62  07/16/2020  1300    89.6   43.1     3.3     0.000   0   19.97  266.3    6.4      --
 63  07/16/2020  1400    91.2   42.5     3.2     0.000   0   18.52  277.6    6.3      --
 64  07/16/2020  1500    92.0   42.1     3.2     0.000   0   17.83  288.8    6.4      --
 65  07/16/2020  1600    92.3   42.0     3.1     0.000   0   17.56  299.2    6.8   10291
 66  07/16/2020  1700    92.3   42.1     4.3     0.000   0   17.67  305.5    7.8      --
 67  07/16/2020  1800    91.0   42.5     5.5     0.000   0   18.66  310.1    8.9      --
 68  07/16/2020  1900    87.1   43.2     6.8     0.000   0   21.61  313.8   10.1      --
 69  07/16/2020  2000    82.2   46.0     8.0     0.000   0   28.12  316.6   11.3      --
 70  07/16/2020  2100    77.4   47.0     9.2     0.000   0   34.25  319.0   12.5      --
 71  07/16/2020  2200    72.5   47.9    10.4     0.000   0   41.69  320.9   13.7     835
 72  07/16/2020  2300    69.8   49.0     9.1     0.000   0   47.65  320.2   12.2      --
 73  07/17/2020  0000    68.8   49.2     7.7     0.000   0   49.73  319.4   10.7      --
 74  07/17/2020  0100    67.7   47.0     6.3     0.000   0   47.57  318.3    9.2      --
 75  07/17/2020  0200    66.6   45.5     4.9     0.000   0   46.59  316.8    7.7      --
 76  07/17/2020  0300    65.5   44.4     3.5     0.000   0   46.38  314.5    6.2      --
 77  07/17/2020  0400    64.6   42.6     2.2     0.000   0   44.75  310.9    4.8     878
 78  07/17/2020  0500    64.1   42.6     2.5     0.000   0   45.54  297.3    5.0      --
 79  07/17/2020  0600    64.2   42.6     2.7     0.000   0   45.37  285.3    5.4      --
 80  07/17/2020  0700    64.7   48.0     3.0     0.000   0   54.61  275.5    6.0      --
 81  07/17/2020  0800    65.8   49.2     3.3     0.000   0   55.01  267.7    6.8      --
 82  07/17/2020  0900    67.3   48.8     3.6     0.000   0   51.38  261.6    7.7      --
 83  07/17/2020  1000    69.3   48.3     3.9     0.000   0   47.21  256.8    8.6    6500
 84  07/17/2020  1100    71.9   47.8     3.6     0.000   0   42.45  259.6    7.9      --
 85  07/17/2020  1200    77.3   47.4     3.4     0.000   0   34.97  262.9    7.3      --
 86  07/17/2020  1300    81.8   47.1     3.1     0.000   0   29.74  266.9    6.7      --
 87  07/17/2020  1400    84.1   46.8     2.8     0.000   0   27.32  271.7    6.1      --
 88  07/17/2020  1500    85.3   46.6     2.5     0.000   0   26.16  277.5    5.5      --
 89  07/17/2020  1600    85.8   46.6     2.3     0.000   0   25.64  284.4    5.0    9285
 90  07/17/2020  1700    85.9   46.6     3.9     0.000   0   25.59  286.2    6.7      --
 91  07/17/2020  1800    84.3   46.3     5.6     0.000   0   26.62  287.3    8.4      --
 92  07/17/2020  1900    80.5   46.0     7.2     0.000   0   29.71  288.0   10.1      --
 93  07/17/2020  2000    76.4   47.5     8.8     0.000   0   36.07  288.5   11.8      --
 94  07/17/2020  2100    72.3   46.8    10.5     0.000   0   40.35  288.9   13.4      --
 95  07/17/2020  2200    68.2   44.5    12.1     0.000   0   42.39  289.2   15.1     853
 96  07/17/2020  2300    65.7   45.5    11.0     0.000   0   48.06  286.0   14.3      --
 97  07/18/2020  0000    64.5   45.4     9.8     0.000   0   49.99  282.4   13.5      --
 98  07/18/2020  0100    63.2   45.0     8.6     0.000   0   51.36  278.3   12.8      --
 99  07/18/2020  0200    62.0   45.0     7.5     0.000   0   53.66  273.8   12.1      --
100  07/18/2020  0300    60.9   45.6     6.3     0.000   0   57.09  268.8   11.5      --
101  07/18/2020  0400    59.9   46.0     5.2     0.000   0   60.10  263.4   11.0     893
102  07/18/2020  0500    59.3   46.8     4.8     0.000   0   63.10  261.7   10.4      --
103  07/18/2020  0600    59.7   46.8     4.5     0.000   0   62.27  259.8    9.7      --
104  07/18/2020  0700    60.9   41.5     4.2     0.000   0   48.70  257.6    9.1      --
105  07/18/2020  0800    63.1   40.8     3.9     0.000   0   44.09  255.1    8.5      --
106  07/18/2020  0900    66.1   40.1     3.6     0.000   0   38.57  252.2    7.9      --
107  07/18/2020  1000    69.8   39.3     3.3     0.000   0   32.92  248.9    7.3    4508
108  07/18/2020  1100    74.1   38.6     3.2     0.000   0   27.70  250.6    7.1      --
109  07/18/2020  1200    79.9   37.8     3.1     0.000   0   22.18  252.6    6.8      --
110  07/18/2020  1300    84.5   37.2     3.0     0.000   0   18.68  254.6    6.6      --
111  07/18/2020  1400    86.8   36.8     2.9     0.000   0   17.00  256.8    6.3      --
112  07/18/2020  1500    88.0   36.5     2.8     0.000   0   16.20  259.2    6.1      --
113  07/18/2020  1600    88.6   36.3     2.7     0.000   0   15.84  261.8    5.9   10327
114  07/18/2020  1700    88.7   36.5     3.8     0.000   0   15.83  268.1    7.0      --
115  07/18/2020  1800    87.5   36.8     4.9     0.000   0   16.64  272.6    8.3      --
116  07/18/2020  1900    83.9   37.2     6.0     0.000   0   19.00  275.9    9.6      --
117  07/18/2020  2000    80.0   38.9     7.1     0.000   0   23.05  278.4   10.9      --
118  07/18/2020  2100    76.1   40.6     8.2     0.000   0   27.97  280.3   12.2      --
119  07/18/2020  2200    72.2   41.4     9.3     0.000   0   32.86  281.9   13.5     751
120  07/18/2020  2300    69.6   42.2     8.4     0.000   0   37.08  280.2   12.6      --
121  07/19/2020  0000    68.3   41.9     7.5     0.000   0   38.20  278.3   11.8      --
122  07/19/2020  0100    67.2   40.3     6.6     0.000   0   37.51  276.1   10.9      --
123  07/19/2020  0200    66.1   39.1     5.7     0.000   0   37.04  273.6   10.1      --
124  07/19/2020  0300    65.2   38.2     4.8     0.000   0   36.95  270.6    9.3      --
125  07/19/2020  0400    64.5   36.8     3.8     0.000   0   35.82  267.0    8.5     192
126  07/19/2020  0500    64.0   36.8     3.5     0.000   0   36.44  264.5    7.7      --
127  07/19/2020  0600    64.5   36.8     3.2     0.000   0   35.87  261.4    6.9      --
128  07/19/2020  0700    65.9   42.1     2.8     0.000   0   41.89  257.6    6.1      --
129  07/19/2020  0800    68.3   41.8     2.5     0.000   0   38.13  252.5    5.3      --
130  07/19/2020  0900    71.7   41.5     2.2     0.000   0   33.58  245.9    4.6      --
131  07/19/2020  1000    75.8   41.2     1.8     0.000   0   28.93  237.1    4.0   10388
132  07/19/2020  1100    80.1   40.8     1.6     0.000   0   24.71  234.3    3.3      --
133  07/19/2020  1200    85.4   40.5     1.4     0.000   0   20.57  229.8    2.5      --
134  07/19/2020  1300    89.4   40.2     1.1     0.000   0   17.98  222.0    1.9      --
135  07/19/2020  1400    91.3   40.0     0.9     0.000   0   16.77  205.7    1.2      --
136  07/19/2020  1500    92.3   39.9     0.7     0.000   0   16.21  169.4    0.9      --
137  07/19/2020  1600    92.7   39.8     0.5     0.000   0   15.96  124.8    1.0    9416
138  07/19/2020  1700    92.8   40.0     0.6     0.000   0   16.04  112.5    1.2      --
139  07/19/2020  1800    91.6   40.5     0.7     0.000   0   16.99  103.9    1.5      --
140  07/19/2020  1900    88.8   41.3     0.8     0.000   0   19.07   97.7    1.7      --
141  07/19/2020  2000    86.8   40.2     0.9     0.000   0   19.47   93.1    2.0      --
142  07/19/2020  2100    84.7   40.2     1.0     0.000   0   20.81   89.7    2.3      --
143  07/19/2020  2200    82.6   40.2     1.2     0.000   0   22.26   87.0    2.6     900
144  07/19/2020  2300    80.1   40.2     1.7     0.000   0   24.09   48.7    2.5      --
145  07/20/2020  0000    78.7   40.2     2.2     0.000   0   25.27   20.2    3.3      --
146  07/20/2020  0100    77.5   40.2     2.7     0.000   0   26.29    5.5    4.7      --
147  07/20/2020  0200    76.5   40.2     3.2     0.000   0   27.12  357.6    6.2      --
148  07/20/2020  0300    75.9   40.2     3.7     0.000   0   27.73  352.8    7.7      --
149  07/20/2020  0400    75.5   40.2     4.2     0.000   0   28.10  349.6    9.3     898
150  07/20/2020  0500    75.2   40.2     3.6     0.000   0   28.37  350.3    7.7      --
151  07/20/2020  0600    75.6   40.2     2.9     0.000   0   28.02  351.3    6.1      --
152  07/20/2020  0700    76.7   45.5     2.3     0.000   0   33.15  353.1    4.4      --
153  07/20/2020  0800    78.7   46.7     1.6     0.000   0   32.44  357.0    2.8      --
154  07/20/2020  0900    81.6   45.2     1.0     0.000   0   27.93   10.9    1.2      --
155  07/20/2020  1000    84.9   43.5     0.3     0.000   0   23.54  121.6    0.7   10386
156  07/20/2020  1100    88.5   41.9     0.6     0.000   0   19.71  101.3    1.3      --
157  07/20/2020  1200    92.8   40.3     0.9     0.000   0   16.24   93.9    2.0      --
158  07/20/2020  1300    95.8   39.0     1.2     0.000   0   14.04   90.3    2.6      --
159  07/20/2020  1400    97.3   38.0     1.5     0.000   0   12.91   88.1    3.3      --
160  07/20/2020  1500    97.9   37.4     1.8     0.000   0   12.35   86.6    4.0      --
161  07/20/2020  1600    98.2   37.1     2.1     0.000   0   12.16   85.6    4.7  no_inv
162  07/20/2020  1700    98.1   37.1     2.0     0.000   0   12.18   84.2    4.5      --
163  07/20/2020  1800    96.8   37.1     2.0     0.000   0   12.67   82.8    4.3      --
164  07/20/2020  1900    94.2   37.1     1.9     0.000   0   13.71   81.2    4.2      --
165  07/20/2020  2000    92.1   38.0     1.8     0.000   0   15.14   79.5    4.0      --
166  07/20/2020  2100    90.0   38.0     1.7     0.000   0   16.15   77.6    3.8      --
167  07/20/2020  2200    87.9   38.0     1.7     0.000   0   17.25   75.6    3.7     842
