  Generated by FoxLW on Tuesday July 14, 2020 at 09:25 PDT
-------------------------------------------------------------------------------
  WSU Othello
  46.7900:-119.0400  (46 47' 24.00"N  119 2' 24.00"W)  elev 1204.1 feet    file: 300122
-------------------------------------------------------------------------------

Line#   Date     Hour   TempF  DewPtF WS(mph)  Rain(in) LW    RH%  WDir_50m WS_50m Inv(ft)
  5  07/14/2020  0400    42.0   38.0     2.0     0.000   5   85.86  201.6    6.7  no_inv
  6  07/14/2020  0500    41.5   37.2     2.2     0.000   5   84.52  202.7    6.4      --
  7  07/14/2020  0600    42.8   36.9     2.4     0.000   0   79.62  204.1    6.0      --
  8  07/14/2020  0700    46.5   36.9     2.6     0.000   0   69.05  205.5    5.7      --
  9  07/14/2020  0800    52.1   37.8     2.4     0.000   0   58.14  207.2    5.3      --
 10  07/14/2020  0900    59.2   39.0     2.3     0.000   0   46.86  209.1    5.0      --
 11  07/14/2020  1000    67.0   40.0     2.1     0.000   0   37.12  211.3    4.6  no_inv
 12  07/14/2020  1100    74.2   40.7     2.3     0.000   0   29.93  216.4    5.1      --
 13  07/14/2020  1200    79.5   40.9     2.6     0.000   0   25.34  220.7    5.7      --
 14  07/14/2020  1300    83.2   40.9     2.9     0.000   0   22.47  224.1    6.2      --
 15  07/14/2020  1400    85.1   40.2     3.1     0.000   0   20.61  227.0    6.8      --
 16  07/14/2020  1500    86.0   38.5     3.4     0.000   0   18.68  229.5    7.4      --
 17  07/14/2020  1600    86.4   36.2     3.6     0.000   0   16.88  231.6    8.0    4970
 18  07/14/2020  1700    86.5   34.5     6.4     0.000   0   15.68  265.2    7.6      --
 19  07/14/2020  1800    85.3   33.8     9.1     0.000   0   15.86  292.8    9.6      --
 20  07/14/2020  1900    80.6   31.6    11.9     0.000   0   16.89  308.5   12.9      --
 21  07/14/2020  2000    74.1   32.6    14.7     0.000   0   21.88  317.3   16.8      --
 22  07/14/2020  2100    67.5   33.9    17.4     0.000   0   28.70  322.8   21.0      --
 23  07/14/2020  2200    61.0   35.2    20.2     0.000   0   38.03  326.4   25.2  no_inv
 24  07/14/2020  2300    57.2   36.6    20.0     0.000   0   45.90  321.3   24.4      --
 25  07/15/2020  0000    55.8   37.8    19.8     0.000   0   50.91  315.8   23.9      --
 26  07/15/2020  0100    54.3   38.9    19.6     0.000   0   55.98  310.1   23.5      --
 27  07/15/2020  0200    53.0   39.8    19.4     0.000   0   60.68  304.4   23.3      --
 28  07/15/2020  0300    51.8   40.3    19.2     0.000   0   64.59  298.5   23.5      --
 29  07/15/2020  0400    50.9   40.5    19.0     0.000   0   67.32  292.9   23.8  no_inv
 30  07/15/2020  0500    50.2   40.6    18.1     0.000   0   69.29  291.3   22.5      --
 31  07/15/2020  0600    51.6   40.9    17.1     0.000   0   66.69  289.5   21.3      --
 32  07/15/2020  0700    54.8   41.3    16.2     0.000   0   60.45  287.5   20.1      --
 33  07/15/2020  0800    59.9   42.0    15.2     0.000   0   51.53  285.3   18.9      --
 34  07/15/2020  0900    66.4   42.7    14.2     0.000   0   42.05  282.7   17.8      --
 35  07/15/2020  1000    73.6   43.5    13.3     0.000   0   33.95  279.9   16.7    6345
 36  07/15/2020  1100    80.2   44.2    13.0     0.000   0   28.12  278.2   16.3      --
 37  07/15/2020  1200    85.2   45.0    12.8     0.000   0   24.58  276.5   15.9      --
 38  07/15/2020  1300    88.7   45.8    12.5     0.000   0   22.76  274.6   15.6      --
 39  07/15/2020  1400    90.4   46.4    12.2     0.000   0   22.10  272.7   15.2      --
 40  07/15/2020  1500    91.2   46.8    12.0     0.000   0   21.86  270.7   14.9      --
 41  07/15/2020  1600    91.6   47.0    11.7     0.000   0   21.78  268.7   14.6   10089
 42  07/15/2020  1700    91.6   46.8    13.6     0.000   0   21.60  281.8   15.7      --
 43  07/15/2020  1800    90.2   46.7    15.4     0.000   0   22.48  292.6   17.5      --
 44  07/15/2020  1900    85.8   46.9    17.2     0.000   0   26.02  301.3   19.8      --
 45  07/15/2020  2000    80.2   47.2    19.1     0.000   0   31.47  308.0   22.5      --
 46  07/15/2020  2100    74.7   47.6    20.9     0.000   0   38.29  313.3   25.4      --
 47  07/15/2020  2200    69.2   48.0    22.7     0.000   0   46.84  317.4   28.4     584
 48  07/15/2020  2300    65.1   48.4    21.5     0.000   0   54.71  313.4   26.4      --
 49  07/16/2020  0000    63.0   48.8    20.3     0.000   0   59.71  308.8   24.5      --
 50  07/16/2020  0100    61.1   49.1    19.1     0.000   0   64.73  303.5   22.8      --
 51  07/16/2020  0200    59.4   49.4    17.9     0.000   0   69.42  297.3   21.3      --
 52  07/16/2020  0300    58.0   49.5    16.6     0.000   0   73.46  290.4   20.1      --
 53  07/16/2020  0400    56.9   49.6    15.4     0.000   0   76.54  282.6   19.3  no_inv
 54  07/16/2020  0500    56.2   49.4    13.2     0.000   0   77.83  280.2   16.3      --
 55  07/16/2020  0600    57.1   50.3    11.0     0.000   0   78.11  276.7   13.4      --
 56  07/16/2020  0700    59.2   48.2     8.7     0.000   0   67.04  271.2   10.6      --
 57  07/16/2020  0800    62.7   47.3     6.5     0.000   0   57.20  262.0    7.9      --
 58  07/16/2020  0900    67.3   46.2     4.2     0.000   0   46.66  244.3    5.6      --
 59  07/16/2020  1000    72.7   45.0     2.0     0.000   0   37.18  211.6    4.4   10042
 60  07/16/2020  1100    78.1   43.9     3.8     0.000   0   29.72  237.2    5.4      --
 61  07/16/2020  1200    83.3   42.8     5.6     0.000   0   24.03  252.8    7.2      --
 62  07/16/2020  1300    87.1   42.5     7.4     0.000   0   21.07  261.9    9.2      --
 63  07/16/2020  1400    88.9   42.7     9.2     0.000   0   20.07  267.6   11.4      --
 64  07/16/2020  1500    89.8   43.0    11.0     0.000   0   19.71  271.5   13.6      --
 65  07/16/2020  1600    90.2   42.6    12.8     0.000   0   19.16  274.2   15.9   10020
 66  07/16/2020  1700    90.3   42.0    13.8     0.000   0   18.76  287.7   15.3      --
 67  07/16/2020  1800    89.0   41.8    14.8     0.000   0   19.29  301.5   15.6      --
 68  07/16/2020  1900    84.4   42.2    15.8     0.000   0   22.75  314.1   16.7      --
 69  07/16/2020  2000    77.9   43.4    16.8     0.000   0   29.29  324.7   18.5      --
 70  07/16/2020  2100    71.5   44.7    17.8     0.000   0   38.29  333.2   20.8      --
 71  07/16/2020  2200    65.1   46.2    18.8     0.000   0   50.52  339.9   23.5     551
 72  07/16/2020  2300    62.0   47.7    16.7     0.000   0   59.44  336.3   21.4      --
 73  07/17/2020  0000    61.0   49.1    14.6     0.000   0   64.83  332.0   19.5      --
 74  07/17/2020  0100    59.9   50.3    12.5     0.000   0   70.49  326.7   17.7      --
 75  07/17/2020  0200    58.7   52.6    10.4     0.000   0   80.15  320.4   16.1      --
 76  07/17/2020  0300    57.6   53.7     8.3     0.000   0   86.94  312.8   14.8      --
 77  07/17/2020  0400    56.5   49.7     6.2     0.000   0   77.82  303.8   13.7  no_inv
 78  07/17/2020  0500    55.9   47.1     6.0     0.000   0   72.16  298.0   12.5      --
 79  07/17/2020  0600    56.4   45.8     5.8     0.000   0   67.67  291.1   11.4      --
 80  07/17/2020  0700    57.8   50.2     5.5     0.000   0   75.72  282.8   10.5      --
 81  07/17/2020  0800    60.2   49.0     5.3     0.000   0   66.38  273.1    9.8      --
 82  07/17/2020  0900    63.6   47.5     5.1     0.000   0   55.90  262.5    9.5      --
 83  07/17/2020  1000    67.6   46.0     4.8     0.000   0   45.86  251.5    9.5    6235
 84  07/17/2020  1100    72.1   44.5     5.9     0.000   0   37.09  251.3   10.3      --
 85  07/17/2020  1200    77.7   43.0     7.0     0.000   0   29.22  251.1   11.1      --
 86  07/17/2020  1300    81.7   42.6     8.1     0.000   0   25.12  251.0   11.8      --
 87  07/17/2020  1400    83.7   42.8     9.2     0.000   0   23.83  250.9   12.6      --
 88  07/17/2020  1500    84.6   43.5    10.2     0.000   0   23.73  250.8   13.4      --
 89  07/17/2020  1600    85.1   43.8    11.3     0.000   0   23.60  250.7   14.2    8062
 90  07/17/2020  1700    85.1   43.6    11.6     0.000   0   23.43  262.0   12.9      --
 91  07/17/2020  1800    83.4   42.8    11.8     0.000   0   23.98  275.2   12.2      --
 92  07/17/2020  1900    78.7   42.1    12.1     0.000   0   27.20  289.1   12.3      --
 93  07/17/2020  2000    73.2   41.6    12.3     0.000   0   32.03  302.2   13.0      --
 94  07/17/2020  2100    67.7   41.3    12.6     0.000   0   38.11  313.3   14.3      --
 95  07/17/2020  2200    62.2   41.1    12.9     0.000   0   45.80  322.4   16.1  no_inv
 96  07/17/2020  2300    58.3   42.8    11.2     0.000   0   56.30  319.1   14.0      --
 97  07/18/2020  0000    56.0   43.6     9.5     0.000   0   62.98  314.7   12.1      --
 98  07/18/2020  0100    53.8   43.8     7.8     0.000   0   68.81  308.8   10.2      --
 99  07/18/2020  0200    50.2   44.6     4.0     0.000   0   81.23  300.3    8.5      --
100  07/18/2020  0300    48.5   45.0     2.2     0.000   5   87.62  287.9    7.1      --
101  07/18/2020  0400    47.7   45.5     1.0     0.000  10   91.84  270.6    6.1  no_inv
102  07/18/2020  0500    47.5   45.0     1.5     0.000  10   90.96  258.7    5.8      --
103  07/18/2020  0600    48.1   44.7     2.1     0.000  10   87.78  246.2    5.8      --
104  07/18/2020  0700    50.5   44.9     2.7     0.000   5   80.90  234.3    6.1      --
105  07/18/2020  0800    55.5   45.7     3.4     0.000   0   69.35  223.8    6.6      --
106  07/18/2020  0900    61.3   46.8     3.5     0.000   0   58.87  215.0    7.3      --
107  07/18/2020  1000    67.9   47.9     3.7     0.000   0   48.79  207.9    8.1    4595
108  07/18/2020  1100    74.2   48.6     3.3     0.000   0   40.47  208.0    7.4      --
109  07/18/2020  1200    79.6   48.8     3.0     0.000   0   34.20  208.1    6.6      --
110  07/18/2020  1300    83.3   48.8     2.6     0.000   0   30.23  208.2    5.8      --
111  07/18/2020  1400    85.3   47.9     2.3     0.000   0   27.42  208.3    5.0      --
112  07/18/2020  1500    86.2   45.3     1.9     0.000   0   24.19  208.5    4.2      --
113  07/18/2020  1600    86.6   42.2     1.5     0.000   0   21.15  208.8    3.4    2022
114  07/18/2020  1700    86.7   39.7     3.0     0.000   0   19.13  255.0    2.5      --
115  07/18/2020  1800    85.5   38.7     4.4     0.000   0   19.15  298.0    3.6      --
116  07/18/2020  1900    81.0   36.1     5.8     0.000   0   19.96  315.6    5.7      --
117  07/18/2020  2000    75.0   40.8     7.2     0.000   0   29.32  323.5    8.0      --
118  07/18/2020  2100    69.0   41.4     8.7     0.000   0   36.71  327.8   10.4      --
119  07/18/2020  2200    62.9   43.3    10.1     0.000   0   48.63  330.5   12.8  no_inv
120  07/18/2020  2300    59.2   45.2     8.7     0.000   0   59.71  329.0   11.2      --
121  07/19/2020  0000    57.6   46.4     7.3     0.000   0   66.19  327.1    9.6      --
122  07/19/2020  0100    55.6   46.6     5.4     0.000   0   71.55  324.4    8.1      --
123  07/19/2020  0200    53.8   46.7     3.5     0.000   0   76.75  320.5    6.6      --
124  07/19/2020  0300    52.5   46.3     2.0     0.000   0   79.26  314.3    5.1      --
125  07/19/2020  0400    51.8   47.0     1.0     0.000   5   83.65  303.4    3.8  no_inv
126  07/19/2020  0500    51.5   46.3     1.4     0.000   5   82.40  278.4    3.5      --
127  07/19/2020  0600    52.4   45.8     2.0     0.000   0   78.44  254.7    4.0      --
128  07/19/2020  0700    55.2   47.7     2.7     0.000   0   75.57  237.9    4.9      --
129  07/19/2020  0800    60.4   47.2     3.4     0.000   0   61.61  227.1    6.1      --
130  07/19/2020  0900    66.8   48.7     3.8     0.000   0   52.36  220.1    7.5      --
131  07/19/2020  1000    73.7   50.1     4.2     0.000   0   43.59  215.3    8.9    3842
132  07/19/2020  1100    80.1   51.1     3.7     0.000   0   36.52  211.6    7.3      --
133  07/19/2020  1200    85.0   51.4     3.2     0.000   0   31.56  205.9    5.7      --
134  07/19/2020  1300    88.4   51.4     2.8     0.000   0   28.33  195.8    4.2      --
135  07/19/2020  1400    90.1   50.7     2.3     0.000   0   26.16  176.0    3.0      --
136  07/19/2020  1500    90.9   48.8     1.8     0.000   0   23.79  140.3    2.4      --
137  07/19/2020  1600    91.3   46.5     1.4     0.000   0   21.55  105.0    3.0   10119
138  07/19/2020  1700    91.3   44.6     1.4     0.000   0   20.05   99.4    2.0      --
139  07/19/2020  1800    90.1   43.9     1.4     0.000   0   20.28   82.9    1.0      --
140  07/19/2020  1900    85.2   40.8     1.4     0.000   0   21.01    8.4    0.6      --
141  07/19/2020  2000    78.2   46.2     1.5     0.000   0   32.39  320.5    1.3      --
142  07/19/2020  2100    70.2   49.4     1.1     0.000   0   47.64  309.7    2.3      --
143  07/19/2020  2200    62.2   49.9     1.0     0.000   0   63.99  305.4    3.3  no_inv
144  07/19/2020  2300    59.4   49.8     1.0     0.000   0   70.51  315.9    2.1      --
145  07/20/2020  0000    58.9   49.8     1.1     0.000   0   71.71  348.2    1.1      --
146  07/20/2020  0100    58.3   49.7     1.2     0.000   0   72.99   55.1    1.2      --
147  07/20/2020  0200    57.9   49.7     1.3     0.000   0   73.94   82.5    2.3      --
148  07/20/2020  0300    57.5   49.6     1.4     0.000   0   75.01   91.9    3.5      --
149  07/20/2020  0400    57.0   49.5     1.5     0.000   0   76.14   96.3    4.8  no_inv
150  07/20/2020  0500    56.5   49.1     1.5     0.000   0   76.09   96.2    4.2      --
151  07/20/2020  0600    57.6   48.9     1.4     0.000   0   72.61   96.0    3.5      --
152  07/20/2020  0700    60.9   49.2     1.3     0.000   0   65.28   95.8    2.9      --
153  07/20/2020  0800    66.0   50.2     1.0     0.000   0   56.62   95.5    2.3      --
154  07/20/2020  0900    72.6   51.3     0.8     0.000   0   47.13   94.9    1.6      --
155  07/20/2020  1000    79.7   52.3     0.5     0.000   0   38.68   93.6    1.0  no_inv
156  07/20/2020  1100    86.1   53.0     0.6     0.000   0   32.31   79.8    1.3      --
157  07/20/2020  1200    90.6   53.2     0.8     0.000   0   28.29   71.1    1.6      --
158  07/20/2020  1300    93.6   53.2     0.9     0.000   0   25.72   65.3    2.0      --
159  07/20/2020  1400    95.1   52.3     1.1     0.000   0   23.72   61.3    2.3      --
160  07/20/2020  1500    95.8   49.8     1.2     0.000   0   21.19   58.3    2.7      --
161  07/20/2020  1600    96.1   46.7     1.4     0.000   0   18.72   56.1    3.0  no_inv
162  07/20/2020  1700    96.1   44.2     1.2     0.000   0   17.05   52.9    2.6      --
163  07/20/2020  1800    94.8   43.3     1.0     0.000   0   17.09   48.3    2.1      --
164  07/20/2020  1900    89.7   39.6     0.9     0.000   0   17.34   41.3    1.7      --
165  07/20/2020  2000    82.1   45.0     0.7     0.000   0   27.20   29.6    1.3      --
166  07/20/2020  2100    74.1   50.1     0.5     0.000   0   42.95    9.3    1.0      --
167  07/20/2020  2200    66.1   50.7     0.4     0.000   0   57.59  338.9    0.9     329
