  Generated by FoxLW on Tuesday June 2, 2020 at 09:25 PDT
-------------------------------------------------------------------------------
  WSU Tri-Cities
  46.3300:-119.2700  (46 19' 48.00"N  119 16' 12.00"W)  elev 397.0 feet    file: 100148
-------------------------------------------------------------------------------

Line#   Date     Hour   TempF  DewPtF WS(mph)  Rain(in) LW    RH%  WDir_50m WS_50m Inv(ft)
  5  06/02/2020  0400    45.0   39.0     3.0     0.000   0   79.22  290.4    9.1     534
  6  06/02/2020  0500    44.6   37.8     3.3     0.000   0   76.86  281.8    7.5      --
  7  06/02/2020  0600    45.6   37.2     3.5     0.000   0   72.15  269.1    6.1      --
  8  06/02/2020  0700    48.3   37.1     3.7     0.000   0   65.03  250.6    5.2      --
  9  06/02/2020  0800    52.4   38.1     3.5     0.000   0   58.20  227.9    5.0      --
 10  06/02/2020  0900    57.8   39.3     3.2     0.000   0   50.00  206.6    5.6      --
 11  06/02/2020  1000    64.0   40.3     3.0     0.000   0   41.76  191.1    6.7    4642
 12  06/02/2020  1100    70.3   41.0     4.0     0.000   0   34.58  208.1    6.4      --
 13  06/02/2020  1200    76.7   41.3     5.0     0.000   0   28.23  225.0    6.8      --
 14  06/02/2020  1300    81.3   38.3     6.0     0.000   0   21.53  239.3    7.6      --
 15  06/02/2020  1400    83.8   34.7     7.0     0.000   0   17.26  250.3    8.8      --
 16  06/02/2020  1500    85.1   31.3     8.0     0.000   0   14.46  258.4   10.2      --
 17  06/02/2020  1600    85.7   29.2     9.0     0.000   0   13.02  264.5   11.8  no_inv
 18  06/02/2020  1700    86.0   29.0    10.4     0.000   0   12.77  280.4   12.1      --
 19  06/02/2020  1800    85.2   28.4    11.9     0.000   0   12.76  294.6   13.3      --
 20  06/02/2020  1900    81.5   27.9    13.4     0.000   0   14.13  305.9   15.1      --
 21  06/02/2020  2000    76.5   29.2    14.8     0.000   0   17.54  314.4   17.4      --
 22  06/02/2020  2100    71.5   31.2    16.2     0.000   0   22.51  320.9   20.0      --
 23  06/02/2020  2200    66.5   33.4    17.7     0.000   0   29.16  325.9   22.8    2299
 24  06/02/2020  2300    60.6   35.6    14.9     0.000   0   39.08  325.5   19.4      --
 25  06/03/2020  0000    56.9   37.6    12.2     0.000   0   48.37  325.1   16.0      --
 26  06/03/2020  0100    53.6   40.7     9.4     0.000   0   61.67  324.4   12.6      --
 27  06/03/2020  0200    50.2   39.3     5.8     0.000   0   65.96  323.1    9.2      --
 28  06/03/2020  0300    48.0   38.2     2.9     0.000   0   68.49  320.4    5.8      --
 29  06/03/2020  0400    46.9   37.9     0.8     0.000   0   70.88  310.2    2.4     862
 30  06/03/2020  0500    46.5   35.5     0.9     0.000   0   65.28  297.5    1.8      --
 31  06/03/2020  0600    47.3   35.0     1.1     0.000   0   62.08  272.6    1.3      --
 32  06/03/2020  0700    49.5   40.4     1.2     0.000   0   70.78  234.3    1.2      --
 33  06/03/2020  0800    52.8   40.2     1.3     0.000   0   62.06  205.0    1.6      --
 34  06/03/2020  0900    57.2   41.3     1.3     0.000   0   55.16  189.9    2.2      --
 35  06/03/2020  1000    62.4   43.9     1.3     0.000   0   50.81  181.8    3.0    5401
 36  06/03/2020  1100    67.6   45.7     1.8     0.000   0   45.32  208.7    3.2      --
 37  06/03/2020  1200    73.4   46.3     2.2     0.000   0   38.12  228.7    4.0      --
 38  06/03/2020  1300    77.7   46.3     2.7     0.000   0   33.06  241.2    5.0      --
 39  06/03/2020  1400    80.0   45.6     3.2     0.000   0   29.85  249.1    6.3      --
 40  06/03/2020  1500    81.0   43.7     3.6     0.000   0   26.80  254.3    7.6      --
 41  06/03/2020  1600    81.6   41.3     4.1     0.000   0   24.00  257.9    8.9    8813
 42  06/03/2020  1700    81.8   39.4     7.5     0.000   0   22.15  284.7   10.5      --
 43  06/03/2020  1800    81.0   38.2    10.9     0.000   0   21.67  301.8   13.6      --
 44  06/03/2020  1900    77.5   35.5    14.3     0.000   0   21.84  312.0   17.5      --
 45  06/03/2020  2000    73.3   35.5    17.7     0.000   0   25.18  318.3   21.8      --
 46  06/03/2020  2100    69.1   35.6    21.1     0.000   0   29.11  322.5   26.2      --
 47  06/03/2020  2200    64.8   35.6    24.5     0.000   0   33.74  325.6   30.7    2172
 48  06/03/2020  2300    60.0   35.7    22.1     0.000   0   40.03  321.5   26.1      --
 49  06/04/2020  0000    57.1   35.7    19.6     0.000   0   44.61  315.7   21.8      --
 50  06/04/2020  0100    54.4   35.8    17.1     0.000   0   49.17  307.2   17.8      --
 51  06/04/2020  0200    52.2   35.8    14.6     0.000   0   53.40  294.2   14.4      --
 52  06/04/2020  0300    50.5   35.8    12.2     0.000   0   56.98  274.9   12.1      --
 53  06/04/2020  0400    49.3   37.2     9.7     0.000   0   63.10  250.9   11.6     745
 54  06/04/2020  0500    48.8   37.7     8.5     0.000   0   65.45  252.1   10.6      --
 55  06/04/2020  0600    49.6   38.9     7.3     0.000   0   66.50  253.7    9.5      --
 56  06/04/2020  0700    51.4   35.3     6.1     0.000   0   53.97  255.6    8.4      --
 57  06/04/2020  0800    54.2   34.9     4.8     0.000   0   47.89  258.0    7.4      --
 58  06/04/2020  0900    58.0   34.4     3.6     0.000   0   41.02  261.3    6.4      --
 59  06/04/2020  1000    62.4   34.0     2.4     0.000   0   34.40  265.8    5.4    6051
 60  06/04/2020  1100    66.9   33.5     2.1     0.000   0   28.80  265.1    4.3      --
 61  06/04/2020  1200    72.2   33.0     1.7     0.000   0   23.67  263.8    3.3      --
 62  06/04/2020  1300    76.0   32.7     1.4     0.000   0   20.51  261.4    2.3      --
 63  06/04/2020  1400    78.0   32.4     1.1     0.000   0   18.99  255.4    1.3      --
 64  06/04/2020  1500    78.9   32.2     0.7     0.000   0   18.30  216.5    0.4      --
 65  06/04/2020  1600    79.3   32.1     0.4     0.000   0   17.99  110.6    0.9    9631
 66  06/04/2020  1700    79.4   32.2     2.9     0.000   0   17.97  338.7    2.7      --
 67  06/04/2020  1800    78.6   32.3     5.3     0.000   0   18.55  332.6    5.9      --
 68  06/04/2020  1900    75.5   32.5     7.8     0.000   0   20.71  330.9    9.2      --
 69  06/04/2020  2000    72.3   34.6    10.3     0.000   0   25.09  330.0   12.5      --
 70  06/04/2020  2100    69.1   33.0    12.8     0.000   0   26.19  329.6   15.8      --
 71  06/04/2020  2200    66.0   33.3    15.3     0.000   0   29.57  329.2   19.1    8676
 72  06/04/2020  2300    63.4   33.6    14.0     0.000   0   32.68  329.5   17.8      --
 73  06/05/2020  0000    62.3   33.9    12.8     0.000   0   34.45  329.8   16.4      --
 74  06/05/2020  0100    61.2   35.5    11.6     0.000   0   38.18  330.2   15.1      --
 75  06/05/2020  0200    60.4   36.2    10.3     0.000   0   40.32  330.6   13.8      --
 76  06/05/2020  0300    59.8   36.4     9.1     0.000   0   41.57  331.1   12.5      --
 77  06/05/2020  0400    59.4   36.2     7.8     0.000   0   41.83  331.8   11.1    1281
 78  06/05/2020  0500    59.2   35.4     7.2     0.000   0   40.88  332.8   10.8      --
 79  06/05/2020  0600    59.7   35.5     6.6     0.000   0   40.32  333.9   10.4      --
 80  06/05/2020  0700    60.9   38.4     5.9     0.000   0   43.25  335.1   10.0      --
 81  06/05/2020  0800    62.8   38.4     5.3     0.000   0   40.44  336.4    9.6      --
 82  06/05/2020  0900    65.3   38.4     4.7     0.000   0   37.05  337.7    9.3      --
 83  06/05/2020  1000    68.1   36.4     4.1     0.000   0   31.10  339.2    8.9    5935
 84  06/05/2020  1100    70.9   38.4     3.9     0.000   0   30.53  343.4    6.5      --
 85  06/05/2020  1200    73.3   38.4     3.7     0.000   0   28.14  352.7    4.1      --
 86  06/05/2020  1300    75.2   38.4     3.5     0.000   0   26.49   22.5    2.1      --
 87  06/05/2020  1400    76.1   38.4     3.3     0.000   0   25.69   95.1    2.1      --
 88  06/05/2020  1500    76.6   38.4     3.1     0.000   0   25.21  123.9    4.2      --
 89  06/05/2020  1600    77.0   38.4     3.0     0.000   0   24.92  133.0    6.5  no_inv
 90  06/05/2020  1700    72.5   42.5     3.6     0.000   0   33.95  154.3    6.6      --
 91  06/05/2020  1800    67.7   46.7     4.2     0.010   0   47.03  172.6    7.5      --
 92  06/05/2020  1900    65.8   46.3     4.9     0.000   0   49.45  186.0    9.0      --
 93  06/05/2020  2000    63.5   45.0     5.5     0.000   0   50.98  195.2   10.9      --
 94  06/05/2020  2100    61.3   45.2     6.2     0.000   0   55.42  201.6   12.9      --
 95  06/05/2020  2200    62.8   50.6     6.8     0.000   0   64.36  206.3   15.1    3385
 96  06/05/2020  2300    61.3   49.2     6.3     0.000   0   64.45  212.4   12.6      --
 97  06/06/2020  0000    60.7   48.0     5.7     0.000   0   63.07  221.3   10.3      --
 98  06/06/2020  0100    59.9   46.4     5.2     0.000   0   61.02  234.7    8.4      --
 99  06/06/2020  0200    59.1   45.4     4.7     0.000   0   60.49  254.3    7.2      --
100  06/06/2020  0300    58.3   44.9     4.1     0.000   0   60.99  277.8    7.0      --
101  06/06/2020  0400    58.5   50.3     3.6     0.050  10   74.26  298.8    8.0   10227
102  06/06/2020  0500    51.0   44.9     4.8     0.000   5   79.62  281.9    7.4      --
103  06/06/2020  0600    52.5   46.6     5.9     0.000   0   80.34  264.1    7.6      --
104  06/06/2020  0700    54.2   49.0     7.1     0.000   0   82.37  248.4    8.4      --
105  06/06/2020  0800    54.1   48.2     8.2     0.000   0   80.44  236.1    9.7      --
106  06/06/2020  0900    54.2   47.4     9.4     0.000   0   77.56  227.1   11.3      --
107  06/06/2020  1000    61.2   42.0    10.5     0.000   0   49.11  220.5   13.1    6687
108  06/06/2020  1100    63.0   38.0     9.7     0.000   0   39.60  220.0   12.6      --
109  06/06/2020  1200    65.7   36.1     8.9     0.000   0   33.38  219.4   12.1      --
110  06/06/2020  1300    68.0   34.7     8.1     0.000   0   29.19  218.8   11.6      --
111  06/06/2020  1400    69.4   34.4     7.3     0.000   0   27.54  218.2   11.1      --
112  06/06/2020  1500    70.2   34.9     6.6     0.000   0   27.28  217.4   10.5      --
113  06/06/2020  1600    70.7   35.8     5.8     0.000   0   27.75  216.7   10.0   10321
114  06/06/2020  1700    71.0   35.8     8.3     0.000   0   27.46  248.0    7.6      --
115  06/06/2020  1800    70.9   34.6    10.8     0.000   0   26.36  286.4    8.4      --
116  06/06/2020  1900    68.7   33.2    13.4     0.000   0   26.73  309.9   11.8      --
117  06/06/2020  2000    65.9   32.4    15.9     0.000   0   28.52  321.7   16.3      --
118  06/06/2020  2100    63.2   32.5    18.4     0.000   0   31.61  328.2   21.2      --
119  06/06/2020  2200    60.4   32.7    21.0     0.000   0   35.13  332.3   26.2  no_inv
120  06/06/2020  2300    58.9   32.9    19.4     0.000   0   37.30  331.0   24.2      --
121  06/07/2020  0000    58.2   33.0    17.8     0.000   0   38.55  329.5   22.2      --
122  06/07/2020  0100    57.4   33.2    16.2     0.000   0   39.87  327.6   20.2      --
123  06/07/2020  0200    56.6   33.3    14.7     0.000   0   41.18  325.4   18.2      --
124  06/07/2020  0300    55.9   33.3    13.1     0.000   0   42.38  322.6   16.3      --
125  06/07/2020  0400    55.2   34.8    11.5     0.000   0   45.88  319.0   14.4    2626
126  06/07/2020  0500    55.0   35.0     9.9     0.000   0   46.66  317.6   12.6      --
127  06/07/2020  0600    55.1   35.4     8.3     0.000   0   47.20  315.9   10.9      --
128  06/07/2020  0700    55.5   33.3     6.7     0.000   0   43.01  313.4    9.2      --
129  06/07/2020  0800    56.1   33.3     5.1     0.000   0   42.03  309.8    7.5      --
130  06/07/2020  0900    57.0   33.3     3.5     0.000   0   40.64  304.1    5.9      --
131  06/07/2020  1000    58.1   33.2     2.0     0.000   0   38.91  294.3    4.3  no_inv
132  06/07/2020  1100    60.0   33.2     4.1     0.000   0   36.28  289.4    6.7      --
133  06/07/2020  1200    63.1   33.2     6.3     0.000   0   32.54  287.1    9.1      --
134  06/07/2020  1300    65.8   33.7     8.5     0.000   0   30.32  285.8   11.5      --
135  06/07/2020  1400    67.2   34.2    10.6     0.000   0   29.41  284.9   13.9      --
136  06/07/2020  1500    68.1   34.1    12.8     0.000   0   28.32  284.3   16.3      --
137  06/07/2020  1600    68.7   33.5    15.0     0.000   0   27.18  283.9   18.7   14273
138  06/07/2020  1700    68.8   33.3    15.5     0.000   0   26.83  286.0   19.4      --
139  06/07/2020  1800    67.8   33.3    16.1     0.000   0   27.73  288.0   20.0      --
140  06/07/2020  1900    66.1   33.5    16.6     0.000   0   29.76  289.9   20.7      --
141  06/07/2020  2000    64.3   33.9    17.2     0.000   0   32.05  291.6   21.4      --
142  06/07/2020  2100    62.5   34.2    17.7     0.000   0   34.61  293.2   22.1      --
143  06/07/2020  2200    60.8   34.6    18.3     0.000   0   37.42  294.8   22.9  no_inv
144  06/07/2020  2300    59.3   35.0    17.4     0.000   0   40.14  292.1   21.5      --
145  06/08/2020  0000    58.1   35.4    16.5     0.000   0   42.39  289.0   20.3      --
146  06/08/2020  0100    57.1   35.7    15.5     0.000   0   44.56  285.6   19.1      --
147  06/08/2020  0200    56.2   36.0    14.6     0.000   0   46.51  281.6   17.9      --
148  06/08/2020  0300    55.4   41.4    13.7     0.000   0   59.04  277.2   16.9      --
149  06/08/2020  0400    54.9   46.8    12.8     0.050  10   74.06  272.3   16.0  no_inv
150  06/08/2020  0500    48.6   42.5    13.6     0.000   5   79.48  279.8   16.5      --
151  06/08/2020  0600    49.6   41.6    14.5     0.000   0   73.99  286.8   17.3      --
152  06/08/2020  0700    51.4   40.1    15.3     0.000   0   65.19  293.1   18.3      --
153  06/08/2020  0800    56.1   36.2    16.2     0.000   0   46.98  298.6   19.5      --
154  06/08/2020  0900    57.3   36.1    17.0     0.000   0   44.97  303.5   20.9      --
155  06/08/2020  1000    58.8   36.1    17.9     0.000   0   42.57  307.8   22.4  no_inv
156  06/08/2020  1100    61.8   36.1    19.1     0.000   0   38.30  309.8   23.8      --
157  06/08/2020  1200    65.6   36.1    20.3     0.000   0   33.46  311.7   25.2      --
158  06/08/2020  1300    67.8   36.1    21.4     0.000   0   31.02  313.3   26.7      --
159  06/08/2020  1400    68.5   36.1    22.6     0.000   0   30.27  314.8   28.2      --
160  06/08/2020  1500    68.6   36.1    23.8     0.000   0   30.21  316.1   29.7      --
161  06/08/2020  1600    68.0   36.1    25.0     0.000   0   30.82  317.3   31.2    7379
162  06/08/2020  1700    66.0   36.1    23.0     0.000   0   32.97  311.8   27.3      --
163  06/08/2020  1800    63.7   36.1    20.9     0.000   0   35.77  304.6   23.6      --
164  06/08/2020  1900    61.5   36.1    18.9     0.000   0   38.57  294.9   20.5      --
165  06/08/2020  2000    59.4   36.1    16.9     0.000   0   41.63  282.3   18.1      --
166  06/08/2020  2100    57.2   36.1    14.9     0.000   0   45.10  266.9   16.9      --
167  06/08/2020  2200    55.1   36.1    12.9     0.000   0   48.60  250.4   16.9    6746
