  Generated by FoxLW on Tuesday June 2, 2020 at 09:25 PDT
-------------------------------------------------------------------------------
  WSU Prosser
  46.2600:-119.7400  (46 15' 36.00"N  119 44' 24.00"W)  elev 928.5 feet    file: 300033
-------------------------------------------------------------------------------

Line#   Date     Hour   TempF  DewPtF WS(mph)  Rain(in) LW    RH%  WDir_50m WS_50m Inv(ft)
  5  06/02/2020  0400    54.8   34.9     1.0     0.000   0   46.83  278.9    2.1     643
  6  06/02/2020  0500    54.4   34.8     1.4     0.000   0   47.51  242.2    2.1      --
  7  06/02/2020  0600    54.7   34.7     1.8     0.000   0   46.70  214.6    2.8      --
  8  06/02/2020  0700    55.6   32.5     2.2     0.000   0   41.29  200.0    3.8      --
  9  06/02/2020  0800    57.2   32.2     2.6     0.000   0   38.52  191.9    5.0      --
 10  06/02/2020  0900    59.5   31.9     3.0     0.000   0   35.03  187.0    6.2      --
 11  06/02/2020  1000    62.4   31.5     3.4     0.000   0   31.20  183.8    7.5    3326
 12  06/02/2020  1100    65.7   31.1     3.3     0.000   0   27.41  194.1    6.4      --
 13  06/02/2020  1200    71.8   30.8     3.3     0.000   0   21.92  207.9    5.6      --
 14  06/02/2020  1300    77.0   30.5     3.3     0.000   0   18.23  225.0    5.2      --
 15  06/02/2020  1400    79.9   30.3     3.2     0.000   0   16.43  242.9    5.4      --
 16  06/02/2020  1500    81.3   30.2     3.2     0.000   0   15.62  258.6    6.0      --
 17  06/02/2020  1600    82.0   30.1     3.1     0.000   0   15.21  270.7    6.9  no_inv
 18  06/02/2020  1700    82.3   30.3     5.2     0.000   0   15.18  284.2    8.6      --
 19  06/02/2020  1800    81.6   30.8     7.4     0.000   0   15.84  292.8   10.7      --
 20  06/02/2020  1900    78.1   31.6     9.5     0.000   0   18.38  298.6   12.9      --
 21  06/02/2020  2000    73.8   34.1    11.6     0.000   0   23.42  302.7   15.1      --
 22  06/02/2020  2100    69.5   33.9    13.8     0.000   0   26.79  305.7   17.5      --
 23  06/02/2020  2200    65.2   35.2    15.9     0.000   0   32.69  308.0   19.9  no_inv
 24  06/02/2020  2300    62.1   36.5    13.5     0.000   0   38.38  310.2   16.5      --
 25  06/03/2020  0000    60.6   39.0    11.2     0.000   0   44.67  313.5   13.2      --
 26  06/03/2020  0100    59.2   40.3     8.8     0.000   0   49.48  319.0   10.0      --
 27  06/03/2020  0200    57.9   37.1     6.4     0.000   0   45.69  329.5    7.0      --
 28  06/03/2020  0300    56.8   34.6     4.1     0.000   0   43.07  353.5    4.5      --
 29  06/03/2020  0400    56.0   33.0     1.7     0.000   0   41.62   41.3    3.8     804
 30  06/03/2020  0500    55.6   30.5     1.8     0.000   0   38.04   54.7    2.7      --
 31  06/03/2020  0600    55.9   30.5     1.9     0.000   0   37.63   82.1    1.9      --
 32  06/03/2020  0700    56.7   35.8     2.0     0.000   0   45.39  123.2    1.9      --
 33  06/03/2020  0800    58.1   39.8     2.1     0.000   0   50.41  151.4    2.7      --
 34  06/03/2020  0900    60.0   39.6     2.2     0.000   0   46.67  165.2    3.8      --
 35  06/03/2020  1000    62.5   39.4     2.3     0.000   0   42.48  172.5    5.0    4868
 36  06/03/2020  1100    65.2   39.1     2.2     0.000   0   38.28  169.5    4.8      --
 37  06/03/2020  1200    70.2   38.9     2.1     0.000   0   31.98  166.3    4.6      --
 38  06/03/2020  1300    74.2   38.8     2.0     0.000   0   27.73  162.8    4.3      --
 39  06/03/2020  1400    76.3   38.6     1.9     0.000   0   25.69  158.9    4.2      --
 40  06/03/2020  1500    77.3   38.5     1.8     0.000   0   24.82  154.6    4.0      --
 41  06/03/2020  1600    77.8   38.5     1.7     0.000   0   24.41  150.1    3.8    9216
 42  06/03/2020  1700    77.9   38.5     3.6     0.000   0   24.34  202.1    1.0      --
 43  06/03/2020  1800    77.0   38.2     5.4     0.000   0   24.73  297.3    3.0      --
 44  06/03/2020  1900    73.8   37.8     7.2     0.000   0   27.16  306.9    6.3      --
 45  06/03/2020  2000    70.0   39.3     9.1     0.000   0   32.73  309.9    9.6      --
 46  06/03/2020  2100    66.2   38.5    10.9     0.000   0   36.00  311.4   12.9      --
 47  06/03/2020  2200    62.5   36.2    12.7     0.000   0   37.48  312.2   16.2     895
 48  06/03/2020  2300    59.4   35.6    12.4     0.000   0   40.91  305.4   14.8      --
 49  06/04/2020  0000    57.6   36.4    12.0     0.000   0   44.87  297.3   13.8      --
 50  06/04/2020  0100    56.0   36.0    11.6     0.000   0   46.93  288.1   13.0      --
 51  06/04/2020  0200    54.6   35.8    11.2     0.000   0   49.01  278.0   12.6      --
 52  06/04/2020  0300    53.3   35.7    10.8     0.000   0   51.08  267.5   12.6      --
 53  06/04/2020  0400    52.3   35.7    10.4     0.000   0   53.06  257.5   13.0     803
 54  06/04/2020  0500    52.0   35.9     9.4     0.000   0   54.10  257.9   12.4      --
 55  06/04/2020  0600    52.4   35.8     8.4     0.000   0   53.06  258.3   11.7      --
 56  06/04/2020  0700    53.6   33.8     7.3     0.000   0   46.84  258.8   11.1      --
 57  06/04/2020  0800    55.6   33.7     6.3     0.000   0   43.55  259.4   10.4      --
 58  06/04/2020  0900    58.2   33.7     5.3     0.000   0   39.49  260.0    9.8      --
 59  06/04/2020  1000    61.4   33.6     4.2     0.000   0   35.18  260.8    9.1    5583
 60  06/04/2020  1100    64.8   33.5     4.2     0.000   0   31.14  261.7    9.0      --
 61  06/04/2020  1200    69.5   33.5     4.2     0.000   0   26.34  262.6    8.8      --
 62  06/04/2020  1300    73.1   33.4     4.1     0.000   0   23.29  263.5    8.7      --
 63  06/04/2020  1400    74.9   33.3     4.1     0.000   0   21.87  264.5    8.6      --
 64  06/04/2020  1500    75.7   33.3     4.0     0.000   0   21.28  265.6    8.4      --
 65  06/04/2020  1600    76.1   33.3     4.0     0.000   0   21.01  266.6    8.3   10040
 66  06/04/2020  1700    76.1   33.3     4.5     0.000   0   21.02  280.8    6.2      --
 67  06/04/2020  1800    75.2   33.4     5.0     0.000   0   21.71  306.2    4.7      --
 68  06/04/2020  1900    72.4   33.6     5.4     0.000   0   24.02  340.5    4.7      --
 69  06/04/2020  2000    69.9   34.1     5.9     0.000   0   26.74    6.3    6.1      --
 70  06/04/2020  2100    67.3   34.6     6.4     0.000   0   29.71   20.6    8.2      --
 71  06/04/2020  2200    64.8   35.2     6.9     0.000   0   33.15   28.8   10.7     751
 72  06/04/2020  2300    62.5   34.5     5.9     0.000   0   35.11   26.7    8.7      --
 73  06/05/2020  0000    61.2   34.1     4.9     0.000   0   36.11   23.4    6.7      --
 74  06/05/2020  0100    60.1   33.4     4.0     0.000   0   36.47   17.3    4.8      --
 75  06/05/2020  0200    59.2   33.4     3.0     0.000   0   37.68    3.3    2.9      --
 76  06/05/2020  0300    58.5   33.4     2.0     0.000   0   38.64  321.2    1.7      --
 77  06/05/2020  0400    58.0   33.4     1.0     0.000   0   39.30  263.4    2.3     748
 78  06/05/2020  0500    57.7   33.4     1.1     0.000   0   39.69  267.6    2.5      --
 79  06/05/2020  0600    58.1   33.4     1.2     0.000   0   39.12  271.5    2.6      --
 80  06/05/2020  0700    59.1   35.9     1.2     0.000   0   41.77  274.9    2.7      --
 81  06/05/2020  0800    60.7   35.9     1.3     0.000   0   39.42  278.0    2.9      --
 82  06/05/2020  0900    63.0   35.9     1.4     0.000   0   36.45  280.7    3.0      --
 83  06/05/2020  1000    65.6   35.9     1.5     0.000   0   33.22  283.2    3.2  no_inv
 84  06/05/2020  1100    68.7   35.9     1.5     0.000   0   29.90  277.4    3.3      --
 85  06/05/2020  1200    72.9   35.9     1.6     0.000   0   25.94  271.9    3.3      --
 86  06/05/2020  1300    75.8   35.9     1.6     0.000   0   23.50  266.6    3.5      --
 87  06/05/2020  1400    77.1   35.9     1.7     0.000   0   22.50  261.7    3.6      --
 88  06/05/2020  1500    77.7   35.9     1.7     0.000   0   22.09  257.2    3.7      --
 89  06/05/2020  1600    77.9   35.9     1.8     0.000   0   21.96  253.1    3.9  no_inv
 90  06/05/2020  1700    77.7   36.1     3.2     0.000   0   22.23  217.9    5.9      --
 91  06/05/2020  1800    76.0   36.6     4.5     0.000   0   23.99  203.0    8.8      --
 92  06/05/2020  1900    72.2   37.4     5.9     0.000   0   28.16  195.8   12.1      --
 93  06/05/2020  2000    67.9   39.5     7.3     0.000   0   35.39  191.7   15.4      --
 94  06/05/2020  2100    61.4   43.8     8.7     0.000   0   52.47  189.1   18.8      --
 95  06/05/2020  2200    59.2   49.2    10.1     0.010   0   69.45  187.3   22.3    6400
 96  06/05/2020  2300    57.3   46.6     9.8     0.000   0   67.44  196.6   18.5      --
 97  06/06/2020  0000    56.6   48.2     9.5     0.000   0   73.58  210.3   15.4      --
 98  06/06/2020  0100    55.8   50.8     9.1     0.010   0   83.46  229.1   13.5      --
 99  06/06/2020  0200    54.9   50.7     8.8     0.010   0   85.79  250.7   13.4      --
100  06/06/2020  0300    54.0   50.4     8.5     0.000   0   87.48  269.9   15.1      --
101  06/06/2020  0400    53.2   50.5     8.2     0.020   0   90.79  284.0   18.1     609
102  06/06/2020  0500    51.8   46.3     7.3     0.000   0   81.55  282.0   16.0      --
103  06/06/2020  0600    50.8   43.2     6.4     0.000   0   74.84  279.3   13.8      --
104  06/06/2020  0700    51.9   45.0     5.5     0.000   0   77.24  275.6   11.8      --
105  06/06/2020  0800    52.3   43.7     4.6     0.000   0   72.30  270.4    9.7      --
106  06/06/2020  0900    53.1   42.2     3.7     0.000   0   66.31  262.5    7.8      --
107  06/06/2020  1000    57.9   37.0     2.8     0.000   0   45.50  250.0    6.2  no_inv
108  06/06/2020  1100    60.0   34.6     2.8     0.000   0   38.35  254.3    6.1      --
109  06/06/2020  1200    64.3   32.3     2.8     0.000   0   30.10  258.6    6.1      --
110  06/06/2020  1300    67.8   30.3     2.8     0.000   0   24.67  263.0    6.1      --
111  06/06/2020  1400    69.5   28.8     2.9     0.000   0   21.84  267.2    6.2      --
112  06/06/2020  1500    70.3   27.9     2.9     0.000   0   20.48  271.4    6.3      --
113  06/06/2020  1600    70.6   27.6     2.9     0.000   0   19.99  275.4    6.4  no_inv
114  06/06/2020  1700    70.6   27.7     5.4     0.000   0   20.08  305.5    7.2      --
115  06/06/2020  1800    69.7   28.0     7.9     0.000   0   21.00  325.3    9.4      --
116  06/06/2020  1900    66.7   28.5    10.4     0.000   0   23.76  336.8   12.3      --
117  06/06/2020  2000    63.7   29.2    12.9     0.000   0   27.18  343.7   15.5      --
118  06/06/2020  2100    60.6   30.0    15.4     0.000   0   31.27  348.2   18.9      --
119  06/06/2020  2200    57.6   30.9    17.8     0.000   0   36.12  351.4   22.3    1387
120  06/06/2020  2300    55.7   31.8    16.5     0.000   0   40.03  345.8   19.5      --
121  06/07/2020  0000    54.9   32.6    15.2     0.000   0   42.54  338.5   17.0      --
122  06/07/2020  0100    54.2   33.3    13.9     0.000   0   45.02  329.0   14.9      --
123  06/07/2020  0200    53.4   33.8    12.6     0.000   0   47.27  316.6   13.3      --
124  06/07/2020  0300    52.7   35.6    11.2     0.000   0   52.11  301.8   12.4      --
125  06/07/2020  0400    52.1   36.3     9.9     0.000   0   54.60  286.0   12.5  no_inv
126  06/07/2020  0500    51.9   36.3     8.5     0.000   0   54.95  284.9   10.8      --
127  06/07/2020  0600    52.2   33.9     7.0     0.000   0   49.56  283.3    9.1      --
128  06/07/2020  0700    52.7   34.2     5.6     0.000   0   49.29  281.0    7.4      --
129  06/07/2020  0800    53.6   34.2     4.1     0.000   0   47.63  277.4    5.8      --
130  06/07/2020  0900    54.8   34.1     2.7     0.000   0   45.46  271.0    4.1      --
131  06/07/2020  1000    56.3   34.1     1.2     0.000   0   43.00  256.8    2.6  no_inv
132  06/07/2020  1100    58.0   34.0     4.9     0.000   0   40.31  280.8    6.8      --
133  06/07/2020  1200    60.0   34.0     8.5     0.000   0   37.43  286.3   11.1      --
134  06/07/2020  1300    61.6   34.3    12.2     0.000   0   35.90  288.6   15.6      --
135  06/07/2020  1400    62.4   34.0    15.9     0.000   0   34.39  290.0   20.0      --
136  06/07/2020  1500    62.9   33.9    19.5     0.000   0   33.75  290.8   24.5      --
137  06/07/2020  1600    63.2   33.9    23.2     0.000   0   33.42  291.4   29.0  no_inv
138  06/07/2020  1700    63.2   33.9    23.8     0.000   0   33.31  289.7   29.6      --
139  06/07/2020  1800    62.8   33.9    24.3     0.000   0   33.89  288.0   30.3      --
140  06/07/2020  1900    61.3   33.9    24.9     0.000   0   35.66  286.5   31.0      --
141  06/07/2020  2000    59.9   33.9    25.5     0.000   0   37.56  285.0   31.8      --
142  06/07/2020  2100    58.5   34.0    26.0     0.000   0   39.59  283.5   32.5      --
143  06/07/2020  2200    57.0   34.0    26.6     0.000   0   41.73  282.2   33.3    3698
144  06/07/2020  2300    55.8   34.0    26.0     0.000   0   43.69  281.1   32.5      --
145  06/08/2020  0000    54.9   34.0    25.4     0.000   0   45.04  280.1   31.7      --
146  06/08/2020  0100    54.2   34.0    24.8     0.000   0   46.33  279.0   30.9      --
147  06/08/2020  0200    53.5   34.0    24.2     0.000   0   47.48  277.8   30.2      --
148  06/08/2020  0300    53.0   34.0    23.6     0.000   0   48.45  276.6   29.4      --
149  06/08/2020  0400    52.6   34.1    23.0     0.000   0   49.17  275.3   28.7    4517
150  06/08/2020  0500    52.4   34.1    23.2     0.000   0   49.47  277.1   29.0      --
151  06/08/2020  0600    52.6   34.0    23.5     0.000   0   49.17  279.0   29.3      --
152  06/08/2020  0700    53.0   34.0    23.8     0.000   0   48.32  280.7   29.6      --
153  06/08/2020  0800    53.8   34.0    24.0     0.000   0   46.91  282.5   30.0      --
154  06/08/2020  0900    55.0   34.0    24.3     0.000   0   45.01  284.2   30.3      --
155  06/08/2020  1000    56.4   34.0    24.6     0.000   0   42.78  285.8   30.7    4879
156  06/08/2020  1100    58.2   34.0    24.4     0.000   0   39.99  286.5   30.5      --
157  06/08/2020  1200    60.5   34.0    24.2     0.000   0   36.83  287.1   30.3      --
158  06/08/2020  1300    62.3   34.0    24.0     0.000   0   34.59  287.7   30.1      --
159  06/08/2020  1400    63.2   34.0    23.8     0.000   0   33.53  288.4   29.9      --
160  06/08/2020  1500    63.7   34.0    23.6     0.000   0   32.88  289.0   29.7      --
161  06/08/2020  1600    64.0   34.0    23.4     0.000   0   32.55  289.7   29.5   13970
162  06/08/2020  1700    64.0   34.0    21.9     0.000   0   32.58  286.6   27.2      --
163  06/08/2020  1800    62.8   34.0    20.3     0.000   0   33.92  282.9   24.9      --
164  06/08/2020  1900    60.6   34.0    18.7     0.000   0   36.78  278.6   22.8      --
165  06/08/2020  2000    58.3   34.0    17.1     0.000   0   39.91  273.4   20.9      --
166  06/08/2020  2100    56.0   34.0    15.6     0.000   0   43.39  267.2   19.1      --
167  06/08/2020  2200    53.7   34.0    14.0     0.000   0   47.12  259.8   17.6    3918
