  Generated by FoxLW on Tuesday June 2, 2020 at 09:25 PDT
-------------------------------------------------------------------------------
  WSU Othello
  46.7900:-119.0400  (46 47' 24.00"N  119 2' 24.00"W)  elev 1204.1 feet    file: 300122
-------------------------------------------------------------------------------

Line#   Date     Hour   TempF  DewPtF WS(mph)  Rain(in) LW    RH%  WDir_50m WS_50m Inv(ft)
  5  06/02/2020  0400    40.0   38.4     0.7     0.000  10   93.77  268.5    3.1      59
  6  06/02/2020  0500    39.8   37.7     1.1     0.000  10   91.76  243.9    3.5      --
  7  06/02/2020  0600    40.6   37.5     1.7     0.000  10   88.70  226.4    4.3      --
  8  06/02/2020  0700    42.9   37.8     2.5     0.000   5   82.27  215.4    5.4      --
  9  06/02/2020  0800    47.5   38.0     3.4     0.000   0   69.38  208.2    6.7      --
 10  06/02/2020  0900    52.7   39.1     3.9     0.000   0   59.71  203.3    8.0      --
 11  06/02/2020  1000    58.7   40.1     4.4     0.000   0   50.03  199.9    9.4    3836
 12  06/02/2020  1100    64.7   40.8     5.2     0.000   0   41.62  206.0    9.5      --
 13  06/02/2020  1200    70.7   41.1     5.8     0.000   0   34.20  211.8    9.8      --
 14  06/02/2020  1300    75.1   39.1     6.6     0.000   0   27.33  217.3   10.1      --
 15  06/02/2020  1400    77.4   36.8     7.2     0.000   0   23.10  222.4   10.5      --
 16  06/02/2020  1500    78.5   34.5     7.9     0.000   0   20.37  227.1   11.0      --
 17  06/02/2020  1600    79.1   33.2     8.6     0.000   0   18.93  231.3   11.6  no_inv
 18  06/02/2020  1700    79.3   33.2     9.2     0.000   0   18.81  248.2   10.0      --
 19  06/02/2020  1800    78.6   33.3     9.8     0.000   0   19.37  268.9    9.5      --
 20  06/02/2020  1900    74.7   32.5    10.4     0.000   0   21.29  288.9   10.3      --
 21  06/02/2020  2000    69.1   33.8    10.9     0.000   0   27.10  304.5   12.1      --
 22  06/02/2020  2100    63.5   35.0    11.5     0.000   0   34.37  315.5   14.6      --
 23  06/02/2020  2200    58.0   35.2    12.1     0.000   0   42.26  323.1   17.4    2239
 24  06/02/2020  2300    53.2   38.1    10.9     0.000   0   56.57  319.8   16.1      --
 25  06/03/2020  0000    50.5   39.8     9.7     0.000   0   66.60  315.8   14.8      --
 26  06/03/2020  0100    48.1   40.9     8.5     0.000   0   76.03  311.0   13.6      --
 27  06/03/2020  0200    46.0   40.4     7.3     0.000   0   80.74  305.5   12.5      --
 28  06/03/2020  0300    44.3   38.8     6.1     0.000   0   81.07  298.9   11.6      --
 29  06/03/2020  0400    43.0   37.7     4.9     0.000   0   81.38  291.2   10.8      60
 30  06/03/2020  0500    42.5   35.9     4.8     0.000   0   77.16  284.7   10.1      --
 31  06/03/2020  0600    43.5   36.2     4.4     0.000   0   75.40  277.2    9.5      --
 32  06/03/2020  0700    45.8   40.0     4.6     0.000   0   80.02  268.9    9.1      --
 33  06/03/2020  0800    49.3   39.7     4.5     0.000   0   69.40  260.1    8.9      --
 34  06/03/2020  0900    53.8   39.4     4.4     0.000   0   57.91  251.1    8.9      --
 35  06/03/2020  1000    59.0   39.0     4.3     0.000   0   47.46  242.3    9.2    5427
 36  06/03/2020  1100    64.0   38.7     4.1     0.000   0   39.18  240.2    8.8      --
 37  06/03/2020  1200    68.9   38.3     3.9     0.000   0   32.65  237.9    8.5      --
 38  06/03/2020  1300    72.3   38.0     3.8     0.000   0   28.70  235.4    8.1      --
 39  06/03/2020  1400    74.1   37.8     3.6     0.000   0   26.82  232.7    7.8      --
 40  06/03/2020  1500    74.9   37.7     3.4     0.000   0   25.98  229.7    7.5      --
 41  06/03/2020  1600    75.3   37.6     3.3     0.000   0   25.60  226.5    7.2    8006
 42  06/03/2020  1700    75.3   37.5     6.6     0.000   0   25.38  267.3    7.4      --
 43  06/03/2020  1800    74.5   36.9    10.0     0.000   0   25.60  294.0   10.5      --
 44  06/03/2020  1900    71.0   36.1    13.3     0.000   0   27.89  307.1   14.8      --
 45  06/03/2020  2000    66.3   35.1    16.7     0.000   0   31.39  314.1   19.4      --
 46  06/03/2020  2100    61.6   33.8    20.0     0.000   0   35.20  318.4   24.3      --
 47  06/03/2020  2200    56.9   32.5    23.4     0.000   0   39.44  321.2   29.2    1987
 48  06/03/2020  2300    52.7   31.2    22.2     0.000   0   43.60  319.0   27.6      --
 49  06/04/2020  0000    50.3   29.9    21.0     0.000   0   45.27  316.5   26.0      --
 50  06/04/2020  0100    48.2   28.9    19.9     0.000   0   47.01  313.8   24.5      --
 51  06/04/2020  0200    46.3   28.1    18.7     0.000   0   48.81  310.6   23.1      --
 52  06/04/2020  0300    44.7   27.6    17.5     0.000   0   50.66  307.1   21.7      --
 53  06/04/2020  0400    43.6   27.4    16.4     0.000   0   52.52  303.1   20.5      58
 54  06/04/2020  0500    43.2   27.5    14.3     0.000   0   53.56  300.8   18.3      --
 55  06/04/2020  0600    44.2   27.6    12.2     0.000   0   51.96  297.9   16.2      --
 56  06/04/2020  0700    46.2   27.9    10.2     0.000   0   48.56  294.1   14.2      --
 57  06/04/2020  0800    49.6   28.3     8.1     0.000   0   43.60  289.1   12.2      --
 58  06/04/2020  0900    53.9   31.2     6.1     0.000   0   41.76  282.2   10.4      --
 59  06/04/2020  1000    58.7   31.2     4.0     0.000   0   35.02  272.6    8.8    5306
 60  06/04/2020  1100    63.5   31.2     3.9     0.000   0   29.55  266.1    8.1      --
 61  06/04/2020  1200    68.3   31.2     3.7     0.000   0   25.03  258.5    7.5      --
 62  06/04/2020  1300    71.7   31.2     3.6     0.000   0   22.30  249.8    7.1      --
 63  06/04/2020  1400    73.4   31.2     3.4     0.000   0   21.05  240.2    6.8      --
 64  06/04/2020  1500    74.2   31.2     3.3     0.000   0   20.52  230.2    6.8      --
 65  06/04/2020  1600    74.6   31.2     3.1     0.000   0   20.27  220.3    6.9    8831
 66  06/04/2020  1700    74.6   31.3     4.2     0.000   0   20.32  240.9    5.2      --
 67  06/04/2020  1800    73.7   31.5     5.3     0.000   0   21.14  273.5    4.5      --
 68  06/04/2020  1900    70.1   31.9     6.5     0.000   0   24.29  304.0    5.5      --
 69  06/04/2020  2000    64.9   34.0     7.6     0.000   0   31.53  322.1    7.4      --
 70  06/04/2020  2100    59.8   35.1     8.7     0.000   0   39.47  332.2    9.7      --
 71  06/04/2020  2200    54.6   35.8     9.8     0.000   0   48.81  338.2   12.3    2890
 72  06/04/2020  2300    52.3   36.4     8.5     0.000   0   54.50  341.9   10.7      --
 73  06/05/2020  0000    51.8   35.6     7.2     0.000   0   53.71  346.9    9.1      --
 74  06/05/2020  0100    51.0   33.8     5.3     0.000   0   51.52  353.8    7.7      --
 75  06/05/2020  0200    50.2   32.6     3.5     0.000   0   50.61    3.6    6.4      --
 76  06/05/2020  0300    49.7   31.4     2.1     0.000   0   49.16   17.8    5.4      --
 77  06/05/2020  0400    49.3   31.4     1.1     0.000   0   49.93   36.6    4.8  no_inv
 78  06/05/2020  0500    49.2   31.4     1.5     0.000   0   50.01   47.8    4.9      --
 79  06/05/2020  0600    50.3   31.6     2.0     0.000   0   48.61   58.4    5.1      --
 80  06/05/2020  0700    53.0   37.0     2.5     0.000   0   54.48   67.8    5.5      --
 81  06/05/2020  0800    57.6   38.8     2.9     0.000   0   49.37   75.8    6.0      --
 82  06/05/2020  0900    62.3   38.8     3.1     0.000   0   41.74   82.4    6.6      --
 83  06/05/2020  1000    66.8   38.8     3.3     0.000   0   35.83   87.9    7.3    5883
 84  06/05/2020  1100    70.0   40.1     4.3     0.000   0   33.73  100.2    7.5      --
 85  06/05/2020  1200    71.4   40.6     5.4     0.000   0   32.74  111.4    8.0      --
 86  06/05/2020  1300    72.4   40.5     6.4     0.000   0   31.51  120.9    8.8      --
 87  06/05/2020  1400    73.0   40.4     7.5     0.000   0   30.82  128.8    9.8      --
 88  06/05/2020  1500    73.3   40.3     8.5     0.000   0   30.38  135.0   10.9      --
 89  06/05/2020  1600    73.4   40.2     9.6     0.000   0   30.04  140.1   12.1  no_inv
 90  06/05/2020  1700    73.5   40.2     8.7     0.000   0   29.97  138.3   11.7      --
 91  06/05/2020  1800    73.3   40.3     7.8     0.000   0   30.36  136.4   11.3      --
 92  06/05/2020  1900    70.5   40.2     7.0     0.000   0   33.28  134.3   10.9      --
 93  06/05/2020  2000    64.2   41.0     6.1     0.000   0   42.65  132.1   10.4      --
 94  06/05/2020  2100    59.2   44.3     5.3     0.000   0   57.79  129.7   10.1      --
 95  06/05/2020  2200    58.6   49.7     4.4     0.040   7   72.23  127.1    9.7     921
 96  06/05/2020  2300    56.4   51.5     4.6     0.010   0   83.48  140.1    9.0      --
 97  06/06/2020  0000    54.9   50.3     3.7     0.000   0   84.44  154.4    8.9      --
 98  06/06/2020  0100    54.3   49.8     4.6     0.000   0   84.66  168.3    9.2      --
 99  06/06/2020  0200    53.5   49.4     5.3     0.000   0   86.12  180.5   10.1      --
100  06/06/2020  0300    52.6   49.0     5.6     0.000   0   87.46  190.4   11.4      --
101  06/06/2020  0400    52.8   51.9     5.8     0.120  10   96.74  198.1   12.9    1799
102  06/06/2020  0500    52.1   48.5     7.6     0.000   5   87.57  208.6   13.4      --
103  06/06/2020  0600    52.8   49.2     9.4     0.000   0   87.61  218.1   14.3      --
104  06/06/2020  0700    51.4   47.8    11.2     0.000   0   87.40  226.2   15.6      --
105  06/06/2020  0800    50.4   46.6    13.0     0.000   0   86.76  233.0   17.1      --
106  06/06/2020  0900    50.5   46.0    14.7     0.000   0   84.46  238.6   18.8      --
107  06/06/2020  1000    57.2   40.6    16.5     0.000   0   53.82  243.2   20.7    6726
108  06/06/2020  1100    59.7   37.4    15.1     0.000   0   43.48  243.5   19.1      --
109  06/06/2020  1200    63.8   35.2    13.6     0.000   0   34.50  243.8   17.5      --
110  06/06/2020  1300    66.8   33.8    12.1     0.000   0   29.40  244.2   15.9      --
111  06/06/2020  1400    68.1   33.7    10.6     0.000   0   27.92  244.7   14.3      --
112  06/06/2020  1500    68.6   35.0     9.2     0.000   0   28.94  245.4   12.7      --
113  06/06/2020  1600    68.8   36.4     7.7     0.000   0   30.38  246.2   11.1    9504
114  06/06/2020  1700    68.5   36.4     9.9     0.000   0   30.61  271.9   10.0      --
115  06/06/2020  1800    66.6   33.6    12.1     0.000   0   29.32  297.5   11.2      --
116  06/06/2020  1900    63.3   31.6    14.3     0.000   0   30.41  315.5   14.0      --
117  06/06/2020  2000    59.8   30.7    16.5     0.000   0   33.12  326.7   17.7      --
118  06/06/2020  2100    56.3   30.7    18.7     0.000   0   37.56  333.9   21.8      --
119  06/06/2020  2200    52.8   30.7    20.9     0.000   0   42.69  338.8   26.2    1628
120  06/06/2020  2300    50.3   30.8    20.3     0.000   0   46.86  338.2   25.4      --
121  06/07/2020  0000    48.8   30.8    19.7     0.000   0   49.57  337.5   24.6      --
122  06/07/2020  0100    47.3   30.8    19.1     0.000   0   52.41  336.8   23.8      --
123  06/07/2020  0200    46.0   30.8    18.4     0.000   0   55.23  336.1   23.0      --
124  06/07/2020  0300    44.7   30.8    17.8     0.000   0   57.86  335.3   22.3      --
125  06/07/2020  0400    43.7   30.8    17.2     0.000   0   60.18  334.4   21.5     335
126  06/07/2020  0500    43.4   30.9    16.3     0.000   0   61.02  327.0   18.7      --
127  06/07/2020  0600    43.8   31.0    15.4     0.000   0   60.56  317.3   16.3      --
128  06/07/2020  0700    44.8   31.3    14.6     0.000   0   58.94  304.8   14.6      --
129  06/07/2020  0800    46.5   31.7    13.7     0.000   0   56.11  289.8   13.7      --
130  06/07/2020  0900    48.8   32.1    12.8     0.000   0   52.29  274.0   13.8      --
131  06/07/2020  1000    51.6   32.5    11.9     0.000   0   47.95  259.4   14.9    2976
132  06/07/2020  1100    54.9   33.0    13.7     0.000   0   43.21  261.2   17.1      --
133  06/07/2020  1200    58.6   33.4    15.5     0.000   0   38.42  262.6   19.3      --
134  06/07/2020  1300    61.6   33.7    17.2     0.000   0   35.04  263.7   21.5      --
135  06/07/2020  1400    63.1   34.0    19.0     0.000   0   33.61  264.6   23.7      --
136  06/07/2020  1500    64.1   34.2    20.8     0.000   0   32.64  265.4   25.9      --
137  06/07/2020  1600    64.7   34.2    22.5     0.000   0   32.01  266.0   28.1   12417
138  06/07/2020  1700    65.1   34.3    22.8     0.000   0   31.83  270.6   28.1      --
139  06/07/2020  1800    64.2   34.8    23.2     0.000   0   33.33  275.2   28.3      --
140  06/07/2020  1900    62.4   35.4    23.5     0.000   0   36.43  279.7   28.6      --
141  06/07/2020  2000    60.6   36.3    23.8     0.000   0   40.15  284.1   29.1      --
142  06/07/2020  2100    58.8   37.3    24.1     0.000   0   44.51  288.3   29.7      --
143  06/07/2020  2200    57.1   38.3    24.4     0.000   0   49.51  292.3   30.5    2737
144  06/07/2020  2300    54.9   39.4    23.4     0.000   0   55.73  289.4   29.0      --
145  06/08/2020  0000    53.5   40.4    22.3     0.000   0   61.17  286.1   27.5      --
146  06/08/2020  0100    52.2   41.3    21.3     0.000   0   66.21  282.5   26.1      --
147  06/08/2020  0200    51.2   41.9    20.2     0.000   0   70.44  278.5   24.8      --
148  06/08/2020  0300    50.5   46.0    19.2     0.000   0   84.39  274.0   23.7      --
149  06/08/2020  0400    50.1   49.2    18.1     0.120  10   96.70  269.2   22.7  no_inv
150  06/08/2020  0500    48.1   44.5    17.4     0.000   5   87.22  273.7   22.6      --
151  06/08/2020  0600    48.1   44.4    16.6     0.030   0   86.96  278.2   22.6      --
152  06/08/2020  0700    48.2   44.3    15.8     0.000   0   86.44  282.8   22.7      --
153  06/08/2020  0800    48.1   43.8    15.1     0.000   0   85.11  287.2   23.0      --
154  06/08/2020  0900    48.7   43.5    14.3     0.000   0   82.12  291.5   23.5      --
155  06/08/2020  1000    49.2   43.3    13.5     0.010   0   79.83  295.6   24.0    5906
156  06/08/2020  1100    52.1   42.3    14.3     0.000   0   69.07  297.5   23.7      --
157  06/08/2020  1200    55.9   42.2    15.1     0.000   0   59.95  299.5   23.5      --
158  06/08/2020  1300    59.1   42.2    15.8     0.000   0   53.52  301.5   23.2      --
159  06/08/2020  1400    60.3   42.2    16.6     0.000   0   51.21  303.5   23.0      --
160  06/08/2020  1500    56.7   45.7    17.4     0.000   0   66.60  305.5   22.8      --
161  06/08/2020  1600    52.6   49.0    18.1     0.080  10   87.52  307.6   22.7    7673
162  06/08/2020  1700    57.6   43.6    18.1     0.000   5   59.51  302.4   22.1      --
163  06/08/2020  1800    56.2   42.1    18.0     0.000   0   59.28  297.0   21.7      --
164  06/08/2020  1900    54.8   42.1    18.0     0.000   0   62.21  291.4   21.5      --
165  06/08/2020  2000    53.5   42.1    17.9     0.000   0   65.29  285.7   21.5      --
166  06/08/2020  2100    52.2   42.1    17.8     0.000   0   68.55  280.2   21.8      --
167  06/08/2020  2200    50.8   42.1    17.8     0.000   0   71.99  274.7   22.2     625
