  Generated by FoxLW on Tuesday May 19, 2020 at 09:25 PDT
-------------------------------------------------------------------------------
  WSU Tri-Cities
  46.3300:-119.2700  (46 19' 48.00"N  119 16' 12.00"W)  elev 397.0 feet    file: 100148
-------------------------------------------------------------------------------

Line#   Date     Hour   TempF  DewPtF WS(mph)  Rain(in) LW    RH%  WDir_50m WS_50m Inv(ft)
  5  05/19/2020  0400    57.4   47.4     3.8     0.000   0   69.33  238.3    8.3    1143
  6  05/19/2020  0500    56.2   47.4     3.8     0.000   0   72.24  235.6    8.3      --
  7  05/19/2020  0600    56.3   47.4     3.8     0.000   0   72.10  232.9    8.3      --
  8  05/19/2020  0700    56.6   45.4     3.8     0.000   0   66.05  230.3    8.4      --
  9  05/19/2020  0800    57.2   45.3     3.8     0.000   0   64.55  227.7    8.4      --
 10  05/19/2020  0900    58.1   45.3     3.9     0.000   0   62.39  225.1    8.5      --
 11  05/19/2020  1000    59.3   45.3     3.9     0.000   0   59.68  222.6    8.6  no_inv
 12  05/19/2020  1100    61.5   45.2     4.4     0.000   0   55.20  228.7    8.7      --
 13  05/19/2020  1200    64.6   45.2     4.9     0.000   0   49.28  234.5    9.0      --
 14  05/19/2020  1300    67.3   45.8     5.4     0.000   0   45.94  239.9    9.3      --
 15  05/19/2020  1400    68.8   46.3     5.9     0.000   0   44.61  245.0    9.7      --
 16  05/19/2020  1500    69.8   47.0     6.4     0.000   0   44.16  249.6   10.1      --
 17  05/19/2020  1600    70.3   47.6     6.9     0.000   0   44.38  253.8   10.7  no_inv
 18  05/19/2020  1700    70.2   47.6     9.2     0.000   0   44.55  273.0   11.6      --
 19  05/19/2020  1800    69.0   46.4    11.6     0.000   0   44.28  287.9   13.6      --
 20  05/19/2020  1900    67.6   45.1    13.9     0.000   0   44.29  298.6   16.2      --
 21  05/19/2020  2000    66.2   44.2    16.2     0.000   0   44.90  306.0   19.3      --
 22  05/19/2020  2100    62.6   45.6    18.5     0.000   0   53.78  311.4   22.6      --
 23  05/19/2020  2200    63.4   51.0    20.8     0.010   0   63.99  315.4   26.0    2023
 24  05/19/2020  2300    61.6   46.1    18.3     0.000   0   56.71  312.6   23.0      --
 25  05/20/2020  0000    60.1   42.4    15.8     0.000   0   51.96  309.0   20.0      --
 26  05/20/2020  0100    58.7   42.0    13.3     0.000   0   53.75  304.2   17.1      --
 27  05/20/2020  0200    57.5   43.0    10.8     0.000   0   58.25  297.4   14.4      --
 28  05/20/2020  0300    56.6   46.0     8.3     0.000   0   67.60  287.8   12.0      --
 29  05/20/2020  0400    56.0   49.5     5.8     0.010   0   78.96  273.9   10.0  no_inv
 30  05/20/2020  0500    53.9   46.2     6.9     0.000   0   75.13  280.8   10.7      --
 31  05/20/2020  0600    54.1   45.3     8.0     0.000   0   72.10  286.8   11.5      --
 32  05/20/2020  0700    54.8   43.7     9.1     0.000   0   66.27  292.0   12.4      --
 33  05/20/2020  0800    57.1   43.1    10.3     0.000   0   59.50  296.4   13.4      --
 34  05/20/2020  0900    61.5   41.1    11.4     0.000   0   47.16  300.2   14.5      --
 35  05/20/2020  1000    64.1   41.0    12.5     0.000   0   42.86  303.5   15.6    3291
 36  05/20/2020  1100    66.3   40.9    14.6     0.000   0   39.44  307.0   18.2      --
 37  05/20/2020  1200    68.0   40.8    16.8     0.000   0   37.06  309.8   20.9      --
 38  05/20/2020  1300    69.1   40.7    18.9     0.000   0   35.54  311.9   23.5      --
 39  05/20/2020  1400    69.7   40.6    21.0     0.000   0   34.79  313.5   26.2      --
 40  05/20/2020  1500    70.0   40.6    23.2     0.000   0   34.37  314.9   28.9      --
 41  05/20/2020  1600    70.1   40.6    25.3     0.000   0   34.20  316.0   31.6    9505
 42  05/20/2020  1700    69.9   40.4    24.2     0.000   0   34.27  308.0   27.4      --
 43  05/20/2020  1800    68.0   40.0    23.1     0.000   0   35.85  297.4   23.9      --
 44  05/20/2020  1900    65.1   39.2    22.0     0.000   0   38.54  283.7   21.5      --
 45  05/20/2020  2000    62.2   38.2    20.9     0.000   0   41.11  267.8   20.5      --
 46  05/20/2020  2100    59.2   37.1    19.8     0.000   0   43.63  251.6   21.2      --
 47  05/20/2020  2200    56.3   35.9    18.7     0.000   0   46.21  237.5   23.4   10423
 48  05/20/2020  2300    53.3   34.7    17.2     0.000   0   49.12  238.9   21.5      --
 49  05/21/2020  0000    50.8   33.6    15.7     0.000   0   51.56  240.6   19.6      --
 50  05/21/2020  0100    48.3   32.6    14.2     0.000   0   54.36  242.7   17.8      --
 51  05/21/2020  0200    46.0   31.8    12.7     0.000   0   57.41  245.2   15.9      --
 52  05/21/2020  0300    44.1   32.8    11.2     0.000   0   64.34  248.4   14.1      --
 53  05/21/2020  0400    42.5   33.2     9.6     0.000   0   69.34  252.6   12.4     666
 54  05/21/2020  0500    42.0   33.2    10.2     0.000   0   70.62  252.9   13.0      --
 55  05/21/2020  0600    42.7   32.9    10.7     0.000   0   68.29  253.1   13.6      --
 56  05/21/2020  0700    44.4   31.1    11.2     0.000   0   59.42  253.4   14.2      --
 57  05/21/2020  0800    47.2   31.0    11.7     0.000   0   53.31  253.6   14.8      --
 58  05/21/2020  0900    50.7   31.0    12.2     0.000   0   46.52  253.9   15.4      --
 59  05/21/2020  1000    54.5   30.9    12.8     0.000   0   40.39  254.1   16.0   11259
 60  05/21/2020  1100    57.5   30.8    14.0     0.000   0   36.07  253.7   17.5      --
 61  05/21/2020  1200    59.6   30.7    15.2     0.000   0   33.35  253.4   19.0      --
 62  05/21/2020  1300    61.0   30.7    16.4     0.000   0   31.66  253.2   20.5      --
 63  05/21/2020  1400    61.7   30.6    17.6     0.000   0   30.81  253.0   22.0      --
 64  05/21/2020  1500    62.1   30.6    18.8     0.000   0   30.31  252.8   23.5      --
 65  05/21/2020  1600    62.3   30.6    20.0     0.000   0   30.10  252.6   25.0  no_inv
 66  05/21/2020  1700    62.0   30.6    18.0     0.000   0   30.40  253.9   22.7      --
 67  05/21/2020  1800    60.5   30.6    15.9     0.000   0   32.15  255.4   20.3      --
 68  05/21/2020  1900    58.5   31.2    13.9     0.000   0   35.35  257.4   18.0      --
 69  05/21/2020  2000    56.5   32.1    11.9     0.000   0   39.39  260.0   15.7      --
 70  05/21/2020  2100    54.5   32.5     9.8     0.000   0   43.03  263.4   13.4      --
 71  05/21/2020  2200    52.5   33.0     7.8     0.000   0   47.27  268.1   11.3  no_inv
 72  05/21/2020  2300    51.2   33.2     8.2     0.000   0   50.02  262.2   11.2      --
 73  05/22/2020  0000    50.3   33.3     8.6     0.000   0   51.98  256.3   11.3      --
 74  05/22/2020  0100    49.5   33.4     9.0     0.000   0   53.81  250.6   11.5      --
 75  05/22/2020  0200    48.8   33.5     9.4     0.000   0   55.42  245.1   11.9      --
 76  05/22/2020  0300    48.2   33.6     9.8     0.000   0   56.71  240.0   12.3      --
 77  05/22/2020  0400    47.8   33.5    10.2     0.000   0   57.43  235.2   12.8    1302
 78  05/22/2020  0500    47.5   33.6     9.5     0.000   0   58.24  236.6   12.3      --
 79  05/22/2020  0600    47.6   33.7     8.7     0.000   0   58.27  238.2   11.8      --
 80  05/22/2020  0700    48.1   31.8     8.0     0.000   0   53.12  239.8   11.4      --
 81  05/22/2020  0800    48.9   32.0     7.2     0.000   0   51.77  241.6   10.9      --
 82  05/22/2020  0900    50.2   32.2     6.4     0.000   0   49.71  243.6   10.4      --
 83  05/22/2020  1000    51.9   32.4     5.7     0.000   0   47.07  245.8   10.0    8504
 84  05/22/2020  1100    55.6   32.6     6.2     0.000   0   41.47  253.9    9.8      --
 85  05/22/2020  1200    61.1   32.8     6.6     0.000   0   34.30  262.3    9.7      --
 86  05/22/2020  1300    64.9   33.5     7.1     0.000   0   30.99  270.6    9.9      --
 87  05/22/2020  1400    66.4   34.2     7.5     0.000   0   30.16  278.4   10.2      --
 88  05/22/2020  1500    66.9   34.7     8.0     0.000   0   30.31  285.6   10.8      --
 89  05/22/2020  1600    66.6   35.2     8.4     0.000   0   31.34  292.1   11.4  no_inv
 90  05/22/2020  1700    64.5   35.2     8.1     0.000   0   33.69  298.9   10.9      --
 91  05/22/2020  1800    61.2   34.8     7.7     0.000   0   37.07  306.3   10.5      --
 92  05/22/2020  1900    58.0   34.3     7.3     0.000   0   40.87  314.2   10.2      --
 93  05/22/2020  2000    54.7   34.8     6.9     0.000   0   46.80  322.3   10.2      --
 94  05/22/2020  2100    51.4   34.6     6.5     0.000   0   52.38  330.2   10.4      --
 95  05/22/2020  2200    48.2   34.4     6.1     0.000   0   58.78  337.8   10.8     765
 96  05/22/2020  2300    46.8   34.4     5.8     0.000   0   61.64  327.7    8.7      --
 97  05/23/2020  0000    45.6   34.5     4.9     0.000   0   64.78  312.1    7.1      --
 98  05/23/2020  0100    44.4   34.5     4.1     0.000   0   68.04  289.9    6.2      --
 99  05/23/2020  0200    43.5   34.7     3.4     0.000   0   70.84  265.4    6.4      --
100  05/23/2020  0300    42.7   34.7     2.8     0.000   0   73.16  245.8    7.6      --
101  05/23/2020  0400    42.2   34.8     2.2     0.000   0   74.92  232.7    9.5     120
102  05/23/2020  0500    42.0   34.7     2.8     0.000   0   75.17  230.1    9.3      --
103  05/23/2020  0600    42.5   34.7     3.3     0.000   0   73.85  227.4    9.1      --
104  05/23/2020  0700    44.1   35.3     3.8     0.000   0   71.02  224.6    9.0      --
105  05/23/2020  0800    46.8   36.3     4.1     0.000   0   66.52  221.7    8.8      --
106  05/23/2020  0900    50.4   37.4     4.0     0.000   0   60.91  218.7    8.7      --
107  05/23/2020  1000    54.5   38.4     3.9     0.000   0   54.41  215.7    8.6    6963
108  05/23/2020  1100    58.8   39.1     3.6     0.000   0   47.90  210.2    7.2      --
109  05/23/2020  1200    63.8   39.4     3.3     0.000   0   40.53  201.9    5.8      --
110  05/23/2020  1300    67.5   39.4     2.9     0.000   0   35.71  189.0    4.6      --
111  05/23/2020  1400    69.3   38.8     2.6     0.000   0   32.73  169.2    3.8      --
112  05/23/2020  1500    70.2   37.3     2.2     0.000   0   30.01  143.8    3.7      --
113  05/23/2020  1600    70.6   35.5     1.9     0.000   0   27.52  120.7    4.2    7005
114  05/23/2020  1700    70.7   34.0     2.1     0.000   0   25.88  136.0    4.2      --
115  05/23/2020  1800    69.8   33.4     2.4     0.000   0   26.05  150.2    4.5      --
116  05/23/2020  1900    66.7   31.0     2.6     0.000   0   26.21  162.1    5.0      --
117  05/23/2020  2000    63.6   36.4     2.9     0.000   0   36.29  171.4    5.7      --
118  05/23/2020  2100    58.2   37.8     2.1     0.000   0   46.56  178.5    6.5      --
119  05/23/2020  2200    54.8   38.2     1.8     0.000   0   53.50  184.0    7.4     792
120  05/23/2020  2300    53.4   38.0     1.9     0.000   0   55.68  179.4    6.4      --
121  05/24/2020  0000    52.8   37.7     1.9     0.000   0   56.29  173.1    5.3      --
122  05/24/2020  0100    52.3   37.5     1.9     0.000   0   56.82  163.9    4.4      --
123  05/24/2020  0200    51.8   37.2     1.8     0.000   0   57.25  150.6    3.7      --
124  05/24/2020  0300    51.4   37.0     1.7     0.000   0   57.67  132.1    3.2      --
125  05/24/2020  0400    51.0   36.8     1.4     0.000   0   58.21  110.5    3.2      90
126  05/24/2020  0500    50.6   36.8     1.7     0.000   0   59.03  132.3    2.8      --
127  05/24/2020  0600    51.2   37.1     1.9     0.000   0   58.20  156.2    2.9      --
128  05/24/2020  0700    53.0   37.8     2.1     0.000   0   56.17  175.5    3.4      --
129  05/24/2020  0800    55.8   38.8     2.3     0.000   0   52.70  188.5    4.2      --
130  05/24/2020  0900    59.6   39.9     2.6     0.000   0   48.00  197.1    5.2      --
131  05/24/2020  1000    64.0   40.9     2.8     0.000   0   42.76  203.0    6.2    7048
132  05/24/2020  1100    68.3   41.6     3.1     0.000   0   37.75  211.6    6.5      --
133  05/24/2020  1200    72.2   41.8     3.4     0.000   0   33.48  219.5    6.9      --
134  05/24/2020  1300    75.1   41.8     3.7     0.000   0   30.35  226.4    7.4      --
135  05/24/2020  1400    76.5   41.2     4.0     0.000   0   28.22  232.4    7.9      --
136  05/24/2020  1500    77.5   39.5     4.3     0.000   0   25.61  237.5    8.6      --
137  05/24/2020  1600    78.1   37.5     4.6     0.000   0   23.15  241.9    9.3    9734
138  05/24/2020  1700    78.5   35.8     7.0     0.000   0   21.44  270.5    8.2      --
139  05/24/2020  1800    77.6   35.2     9.4     0.000   0   21.54  299.0    9.3      --
140  05/24/2020  1900    75.2   33.3    11.8     0.000   0   21.60  317.9   12.1      --
141  05/24/2020  2000    72.9   34.7    14.2     0.000   0   24.65  329.0   15.7      --
142  05/24/2020  2100    70.6   36.3    16.6     0.000   0   28.40  335.8   19.7      --
143  05/24/2020  2200    68.3   38.0    19.0     0.000   0   32.88  340.3   23.8  no_inv
144  05/24/2020  2300    64.6   39.7    16.2     0.000   0   39.93  340.0   20.6      --
145  05/25/2020  0000    61.7   41.3    13.4     0.000   0   46.93  339.7   17.3      --
146  05/25/2020  0100    59.3   43.9    10.5     0.000   0   56.75  339.2   14.1      --
147  05/25/2020  0200    57.2   44.7     7.7     0.000   0   62.93  338.5   10.9      --
148  05/25/2020  0300    55.7   42.9     4.8     0.000   0   62.22  337.2    7.7      --
149  05/25/2020  0400    54.6   41.4     2.0     0.000   0   60.95  333.9    4.5     692
150  05/25/2020  0500    54.3   40.5     2.1     0.000   0   59.37  321.6    3.1      --
151  05/25/2020  0600    54.5   39.0     2.2     0.000   0   55.61  294.8    2.1      --
152  05/25/2020  0700    55.1   44.4     2.3     0.000   0   67.06  250.3    2.0      --
153  05/25/2020  0800    56.1   49.8     2.4     0.000   0   79.23  219.8    2.9      --
154  05/25/2020  0900    57.5   55.2     2.5     0.000   5   91.80  205.8    4.2      --
155  05/25/2020  1000    59.3   56.5     2.6     0.000  10   90.46  198.7    5.7    3681
156  05/25/2020  1100    62.1   56.5     3.4     0.000   5   81.85  202.2    7.5      --
157  05/25/2020  1200    65.2   53.5     4.3     0.000   0   65.91  204.3    9.4      --
158  05/25/2020  1300    66.8   55.1     5.1     0.000   0   66.17  205.7   11.3      --
159  05/25/2020  1400    67.2   55.9     6.0     0.000   0   67.23  206.7   13.2      --
160  05/25/2020  1500    64.7   57.4     6.8     0.000   0   77.41  207.4   15.1      --
161  05/25/2020  1600    62.0   58.4     7.7     0.080  10   87.99  208.0   17.0  no_inv
162  05/25/2020  1700    62.0   57.3     7.9     0.000   5   84.48  215.9   16.8      --
163  05/25/2020  1800    62.4   56.2     8.2     0.000   0   80.25  223.8   16.8      --
164  05/25/2020  1900    60.5   56.3     8.5     0.000   0   86.08  231.5   17.2      --
165  05/25/2020  2000    58.5   57.6     8.7     0.000   0   96.48  238.7   17.9      --
166  05/25/2020  2100    56.6   56.6     9.0     0.000   5  100.00  245.3   18.9      --
167  05/25/2020  2200    54.7   54.7     9.2     0.000   5  100.00  251.2   20.0     758
