  Generated by FoxLW on Thursday August 13, 2020 at 01:47 PDT
-------------------------------------------------------------------------------
  WSU Prosser
  46.2600:-119.7400  (46 15' 36.00"N  119 44' 24.00"W)  elev 928.5 feet    file: 300033
-------------------------------------------------------------------------------

Line#   Date     Hour   TempF  DewPtF WS(mph)  Rain(in) LW    RH%  WDir_50m WS_50m Inv(ft)
  5  08/13/2020  0400    55.0   36.8     3.9     0.000   0   50.20  270.2    8.5     406
  6  08/13/2020  0500    54.2   36.7     3.9     0.000   0   51.35  266.8    8.4      --
  7  08/13/2020  0600    54.1   36.4     3.9     0.000   0   51.05  263.3    8.4      --
  8  08/13/2020  0700    54.9   35.9     3.9     0.000   0   48.54  259.8    8.5      --
  9  08/13/2020  0800    56.9   33.3     3.9     0.000   0   40.77  256.4    8.5      --
 10  08/13/2020  0900    59.9   32.5     4.0     0.000   0   35.55  253.0    8.6      --
 11  08/13/2020  1000    63.8   31.8     4.0     0.000   0   29.99  249.7    8.7    5603
 12  08/13/2020  1100    68.5   31.0     4.3     0.000   0   24.74  252.4    8.9      --
 13  08/13/2020  1200    74.3   30.3     4.7     0.000   0   19.69  254.8    9.2      --
 14  08/13/2020  1300    79.0   30.3     5.1     0.000   0   16.93  257.1    9.5      --
 15  08/13/2020  1400    81.3   30.8     5.5     0.000   0   15.96  259.4    9.8      --
 16  08/13/2020  1500    82.6   31.5     5.9     0.000   0   15.79  261.4   10.1      --
 17  08/13/2020  1600    83.2   32.4     6.2     0.000   0   16.03  263.4   10.4   10261
 18  08/13/2020  1700    83.3   32.4     7.4     0.000   0   15.97  266.2   11.3      --
 19  08/13/2020  1800    81.6   31.6     8.5     0.000   0   16.39  268.6   12.2      --
 20  08/13/2020  1900    77.6   32.2     9.6     0.000   0   19.13  270.7   13.2      --
 21  08/13/2020  2000    73.2   32.5    10.7     0.000   0   22.39  272.5   14.2      --
 22  08/13/2020  2100    68.9   33.3    11.8     0.000   0   26.71  274.0   15.1      --
 23  08/13/2020  2200    64.6   33.0    12.9     0.000   0   30.61  275.4   16.1     607
 24  08/13/2020  2300    62.7   35.5    11.4     0.000   0   36.21  275.3   14.9      --
 25  08/14/2020  0000    62.1   37.1     9.9     0.000   0   39.43  275.2   13.6      --
 26  08/14/2020  0100    61.4   38.0     8.4     0.000   0   41.77  275.0   12.3      --
 27  08/14/2020  0200    60.8   35.9     6.9     0.000   0   39.41  274.8   11.0      --
 28  08/14/2020  0300    60.1   34.2     5.4     0.000   0   37.71  274.6    9.8      --
 29  08/14/2020  0400    59.5   33.1     3.9     0.000   0   36.81  274.2    8.5     652
 30  08/14/2020  0500    59.0   31.3     3.7     0.000   0   34.90  271.6    8.2      --
 31  08/14/2020  0600    58.8   31.3     3.6     0.000   0   35.12  268.8    7.9      --
 32  08/14/2020  0700    59.7   31.3     3.5     0.000   0   34.00  265.7    7.6      --
 33  08/14/2020  0800    61.8   36.7     3.4     0.000   0   39.27  262.5    7.4      --
 34  08/14/2020  0900    64.9   37.6     3.3     0.000   0   36.34  259.0    7.2      --
 35  08/14/2020  1000    69.0   37.6     3.2     0.000   0   31.54  255.4    7.0    4148
 36  08/14/2020  1100    73.8   37.6     3.2     0.000   0   26.85  259.0    6.9      --
 37  08/14/2020  1200    79.5   37.6     3.1     0.000   0   22.23  262.7    6.8      --
 38  08/14/2020  1300    83.9   37.6     3.1     0.000   0   19.25  266.5    6.8      --
 39  08/14/2020  1400    86.2   37.6     3.1     0.000   0   17.92  270.3    6.7      --
 40  08/14/2020  1500    87.3   37.6     3.1     0.000   0   17.27  274.1    6.8      --
 41  08/14/2020  1600    87.9   37.6     3.1     0.000   0   16.96  277.9    6.8  no_inv
 42  08/14/2020  1700    88.0   37.7     3.2     0.000   0   16.97  280.9    6.9      --
 43  08/14/2020  1800    86.2   37.9     3.2     0.000   0   18.11  283.7    7.0      --
 44  08/14/2020  1900    82.7   37.6     3.3     0.000   0   20.07  286.4    7.2      --
 45  08/14/2020  2000    79.1   37.6     3.3     0.000   0   22.54  289.0    7.3      --
 46  08/14/2020  2100    75.6   37.6     3.4     0.000   0   25.37  291.5    7.5      --
 47  08/14/2020  2200    72.0   37.6     3.5     0.000   0   28.59  293.9    7.7     891
 48  08/14/2020  2300    69.9   37.6     3.5     0.000   0   30.74  293.9    7.7      --
 49  08/15/2020  0000    68.9   37.6     3.5     0.000   0   31.76  293.9    7.7      --
 50  08/15/2020  0100    68.0   37.6     3.5     0.000   0   32.77  293.8    7.6      --
 51  08/15/2020  0200    67.2   37.6     3.4     0.000   0   33.73  293.8    7.6      --
 52  08/15/2020  0300    66.4   37.6     3.4     0.000   0   34.60  293.8    7.6      --
 53  08/15/2020  0400    65.8   37.6     3.4     0.000   0   35.35  293.7    7.6     226
 54  08/15/2020  0500    65.3   37.6     3.0     0.000   0   35.94  292.4    6.0      --
 55  08/15/2020  0600    65.1   37.6     2.6     0.000   0   36.19  290.1    4.5      --
 56  08/15/2020  0700    66.1   37.6     2.1     0.000   0   35.02  285.4    3.0      --
 57  08/15/2020  0800    68.2   41.2     1.7     0.000   0   37.43  271.5    1.5      --
 58  08/15/2020  0900    71.6   40.7     1.3     0.000   0   32.67  193.1    0.7      --
 59  08/15/2020  1000    75.9   40.1     0.9     0.000   0   27.60  140.9    1.9    3384
 60  08/15/2020  1100    80.9   39.5     1.4     0.000   0   22.90  106.0    2.5      --
 61  08/15/2020  1200    86.7   39.0     2.0     0.000   0   18.62   88.7    3.6      --
 62  08/15/2020  1300    91.2   38.5     2.5     0.000   0   15.88   79.9    4.9      --
 63  08/15/2020  1400    93.4   38.1     3.1     0.000   0   14.60   74.9    6.2      --
 64  08/15/2020  1500    94.6   37.9     3.6     0.000   0   13.95   71.6    7.6      --
 65  08/15/2020  1600    95.2   37.8     4.2     0.000   0   13.66   69.4    9.0  no_inv
 66  08/15/2020  1700    95.3   37.8     5.8     0.000   0   13.59   66.1   10.3      --
 67  08/15/2020  1800    93.5   37.6     7.3     0.000   0   14.25   63.5   11.6      --
 68  08/15/2020  1900    91.1   39.3     8.9     0.000   0   16.46   61.4   13.0      --
 69  08/15/2020  2000    89.2   38.8    10.5     0.000   0   17.12   59.7   14.4      --
 70  08/15/2020  2100    87.3   36.6    12.1     0.000   0   16.64   58.4   15.7      --
 71  08/15/2020  2200    85.4   36.1    13.7     0.000   0   17.37   57.2   17.1     796
 72  08/15/2020  2300    83.2   37.0    11.8     0.000   0   19.27   60.5   13.8      --
 73  08/16/2020  0000    81.8   36.8     9.9     0.000   0   20.06   65.9   10.6      --
 74  08/16/2020  0100    80.6   36.9     8.1     0.000   0   20.91   75.6    7.6      --
 75  08/16/2020  0200    79.7   37.2     6.2     0.000   0   21.83   96.5    5.1      --
 76  08/16/2020  0300    78.9   37.5     4.3     0.000   0   22.60  138.5    4.0      --
 77  08/16/2020  0400    78.4   37.7     2.5     0.000   0   23.17  176.4    5.5      98
 78  08/16/2020  0500    78.2   38.1     3.4     0.000   0   23.69  162.9    2.8      --
 79  08/16/2020  0600    78.0   38.1     4.2     0.000   0   23.85   86.3    1.3      --
 80  08/16/2020  0700    78.6   38.0     5.1     0.000   0   23.32   32.2    3.4      --
 81  08/16/2020  0800    80.2   37.0     6.0     0.000   0   21.25   22.1    6.1      --
 82  08/16/2020  0900    82.6   37.0     6.9     0.000   0   19.61   18.3    8.9      --
 83  08/16/2020  1000    85.9   35.7     7.7     0.000   0   16.79   16.3   11.7    2930
 84  08/16/2020  1100    89.9   36.0     7.0     0.000   0   15.00    9.2   10.2      --
 85  08/16/2020  1200    95.3   37.0     6.3     0.000   0   13.17  359.9    8.9      --
 86  08/16/2020  1300    99.6   37.0     5.7     0.000   0   11.56  347.9    7.9      --
 87  08/16/2020  1400   101.8   37.0     5.0     0.000   0   10.83  333.4    7.4      --
 88  08/16/2020  1500   102.9   36.9     4.3     0.000   0   10.45  317.7    7.4      --
 89  08/16/2020  1600   103.4   37.0     3.6     0.000   0   10.30  303.1    7.9  no_inv
 90  08/16/2020  1700   103.5   37.0     4.2     0.000   0   10.31  299.4    8.3      --
 91  08/16/2020  1800   101.7   37.2     4.9     0.000   0   10.93  296.0    8.7      --
 92  08/16/2020  1900    98.5   37.5     5.6     0.000   0   12.17  293.0    9.2      --
 93  08/16/2020  2000    95.4   38.1     6.2     0.000   0   13.74  290.3    9.7      --
 94  08/16/2020  2100    92.3   39.0     6.9     0.000   0   15.63  287.8   10.2      --
 95  08/16/2020  2200    89.2   40.0     7.6     0.000   0   17.95  285.6   10.7     561
 96  08/16/2020  2300    87.2   39.8     7.1     0.000   0   18.95  290.0   10.2      --
 97  08/17/2020  0000    86.1   39.4     6.6     0.000   0   19.27  294.7    9.8      --
 98  08/17/2020  0100    85.2   38.8     6.2     0.000   0   19.45  299.8    9.5      --
 99  08/17/2020  0200    84.3   38.2     5.7     0.000   0   19.49  305.2    9.2      --
100  08/17/2020  0300    83.5   37.4     5.2     0.000   0   19.38  311.0    9.0      --
101  08/17/2020  0400    82.9   37.0     4.8     0.000   0   19.48  316.8    9.0     124
102  08/17/2020  0500    82.4   37.0     4.2     0.000   0   19.80  312.7    7.6      --
103  08/17/2020  0600    82.2   37.0     3.7     0.000   0   19.92  306.9    6.2      --
104  08/17/2020  0700    82.8   37.0     3.1     0.000   0   19.53  298.0    5.0      --
105  08/17/2020  0800    84.3   42.0     2.6     0.000   0   22.67  283.8    3.9      --
106  08/17/2020  0900    86.6   42.0     2.0     0.000   0   21.03  261.8    3.3      --
107  08/17/2020  1000    89.7   42.0     1.5     0.000   0   19.06  234.9    3.2  no_inv
108  08/17/2020  1100    93.5   42.0     1.5     0.000   0   16.97  222.4    2.9      --
109  08/17/2020  1200    98.3   42.0     1.6     0.000   0   14.64  207.6    2.7      --
110  08/17/2020  1300   102.1   42.0     1.6     0.000   0   13.07  192.0    2.8      --
111  08/17/2020  1400   103.9   42.0     1.6     0.000   0   12.37  177.8    3.0      --
112  08/17/2020  1500   104.9   42.0     1.7     0.000   0   12.04  166.1    3.4      --
113  08/17/2020  1600   105.3   42.0     1.7     0.000   0   11.89  157.1    3.8  no_inv
114  08/17/2020  1700   105.2   42.1     3.3     0.000   0   11.92  202.8    1.6      --
115  08/17/2020  1800   103.4   42.2     4.9     0.000   0   12.61  281.5    2.8      --
116  08/17/2020  1900    99.3   43.2     6.5     0.000   0   14.85  298.2    5.6      --
117  08/17/2020  2000    94.7   44.5     8.1     0.000   0   17.96  303.7    8.4      --
118  08/17/2020  2100    90.1   44.7     9.7     0.000   0   20.90  306.3   11.4      --
119  08/17/2020  2200    85.5   44.5    11.3     0.000   0   24.00  307.9   14.3     856
120  08/17/2020  2300    82.5   45.2     9.6     0.000   0   27.11  306.3   11.8      --
121  08/18/2020  0000    80.9   45.3     7.9     0.000   0   28.62  303.8    9.3      --
122  08/18/2020  0100    79.3   44.1     6.2     0.000   0   28.81  299.4    6.8      --
123  08/18/2020  0200    77.8   43.3     4.4     0.000   0   29.41  290.2    4.4      --
124  08/18/2020  0300    76.4   42.8     2.7     0.000   0   30.22  262.6    2.3      --
125  08/18/2020  0400    75.2   42.1     1.0     0.000   0   30.55  194.2    2.2     220
126  08/18/2020  0500    74.1   42.1     1.1     0.000   0   31.63  202.9    2.2      --
127  08/18/2020  0600    73.8   42.1     1.1     0.000   0   31.92  211.1    2.3      --
128  08/18/2020  0700    74.8   42.1     1.2     0.000   0   30.92  218.4    2.5      --
129  08/18/2020  0800    77.0   43.0     1.3     0.000   0   29.75  224.8    2.7      --
130  08/18/2020  0900    80.6   42.6     1.3     0.000   0   26.03  230.3    2.9      --
131  08/18/2020  1000    85.2   42.1     1.4     0.000   0   22.03  235.0    3.1  no_inv
132  08/18/2020  1100    90.5   41.6     1.8     0.000   0   18.32  224.1    3.9      --
133  08/18/2020  1200    96.4   41.2     2.3     0.000   0   15.03  217.0    4.8      --
134  08/18/2020  1300   101.0   40.8     2.7     0.000   0   12.90  212.1    5.7      --
135  08/18/2020  1400   103.3   40.6     3.1     0.000   0   11.90  208.6    6.6      --
136  08/18/2020  1500   104.6   40.4     3.6     0.000   0   11.40  206.0    7.6      --
137  08/18/2020  1600   105.2   40.3     4.0     0.000   0   11.16  203.9    8.5  no_inv
138  08/18/2020  1700   105.3   40.3     5.3     0.000   0   11.12  223.9    7.4      --
139  08/18/2020  1800   103.6   40.3     6.7     0.000   0   11.72  247.1    7.4      --
140  08/18/2020  1900    99.1   42.3     8.0     0.000   0   14.48  267.4    8.5      --
141  08/18/2020  2000    94.0   42.4     9.3     0.000   0   16.92  281.6   10.3      --
142  08/18/2020  2100    89.0   42.2    10.6     0.000   0   19.66  291.1   12.6      --
143  08/18/2020  2200    83.9   41.8    12.0     0.000   0   22.72  297.6   15.2     144
144  08/18/2020  2300    80.8   42.1    10.5     0.000   0   25.45  297.2   13.8      --
145  08/19/2020  0000    79.2   42.5     9.0     0.000   0   27.23  296.7   12.4      --
146  08/19/2020  0100    77.6   42.2     7.5     0.000   0   28.35  296.0   11.0      --
147  08/19/2020  0200    76.1   41.6     6.0     0.000   0   29.03  295.2    9.6      --
148  08/19/2020  0300    74.8   41.2     4.6     0.000   0   29.89  294.1    8.2      --
149  08/19/2020  0400    73.6   40.9     3.1     0.000   0   30.79  292.6    6.8     228
150  08/19/2020  0500    72.7   40.6     2.8     0.000   0   31.36  288.7    6.0      --
151  08/19/2020  0600    72.4   40.6     2.5     0.000   0   31.67  283.6    5.3      --
152  08/19/2020  0700    73.1   40.6     2.2     0.000   0   30.86  277.0    4.6      --
153  08/19/2020  0800    75.1   38.8     2.0     0.000   0   27.00  268.0    3.9      --
154  08/19/2020  0900    78.2   37.9     1.7     0.000   0   23.56  256.1    3.5      --
155  08/19/2020  1000    82.3   37.0     1.4     0.000   0   19.88  241.2    3.1    3664
156  08/19/2020  1100    87.1   36.1     1.6     0.000   0   16.43  258.3    3.0      --
157  08/19/2020  1200    92.9   35.2     1.8     0.000   0   13.24  275.5    3.1      --
158  08/19/2020  1300    97.5   34.5     2.0     0.000   0   11.16  290.2    3.5      --
159  08/19/2020  1400    99.9   33.9     2.1     0.000   0   10.15  301.4    4.1      --
160  08/19/2020  1500   101.2   33.6     2.3     0.000   0    9.64  309.7    4.7      --
161  08/19/2020  1600   101.8   33.5     2.5     0.000   0    9.41  315.9    5.5  no_inv
162  08/19/2020  1700   101.9   33.5     2.5     0.000   0    9.37  317.3    5.6      --
163  08/19/2020  1800   100.2   33.5     2.6     0.000   0    9.87  318.7    5.7      --
164  08/19/2020  1900    96.5   33.9     2.6     0.000   0   11.26  320.1    5.8      --
165  08/19/2020  2000    92.7   33.9     2.7     0.000   0   12.65  321.4    5.8      --
166  08/19/2020  2100    88.9   33.9     2.7     0.000   0   14.25  322.7    5.9      --
167  08/19/2020  2200    85.1   33.9     2.7     0.000   0   16.07  323.9    6.0     706
