  Generated by FoxLW on Thursday August 13, 2020 at 01:47 PDT
-------------------------------------------------------------------------------
  WSU Othello
  46.7900:-119.0400  (46 47' 24.00"N  119 2' 24.00"W)  elev 1204.1 feet    file: 300122
-------------------------------------------------------------------------------

Line#   Date     Hour   TempF  DewPtF WS(mph)  Rain(in) LW    RH%  WDir_50m WS_50m Inv(ft)
  5  08/13/2020  0400    36.3   34.6     1.2     0.000  10   93.78  281.9    7.9  no_inv
  6  08/13/2020  0500    36.0   33.9     1.8     0.000  10   91.89  269.8    6.8      --
  7  08/13/2020  0600    36.1   33.6     2.5     0.000  10   90.31  254.0    6.1      --
  8  08/13/2020  0700    38.2   34.0     3.1     0.000   5   84.65  236.0    5.9      --
  9  08/13/2020  0800    43.7   34.3     3.8     0.000   0   69.33  218.8    6.4      --
 10  08/13/2020  0900    50.9   35.5     3.8     0.000   0   55.38  204.9    7.3      --
 11  08/13/2020  1000    58.9   36.2     3.9     0.000   0   42.56  194.5    8.5    4572
 12  08/13/2020  1100    66.9   37.0     3.8     0.000   0   33.23  203.0    7.8      --
 13  08/13/2020  1200    72.7   37.5     3.8     0.000   0   27.75  212.9    7.2      --
 14  08/13/2020  1300    76.7   37.5     3.7     0.000   0   24.26  224.1    6.9      --
 15  08/13/2020  1400    78.7   36.6     3.6     0.000   0   21.98  235.8    6.9      --
 16  08/13/2020  1500    79.7   34.4     3.6     0.000   0   19.45  247.1    7.2      --
 17  08/13/2020  1600    80.2   31.6     3.5     0.000   0   17.13  257.2    7.7    8318
 18  08/13/2020  1700    80.3   29.4     5.3     0.000   0   15.62  277.8    8.3      --
 19  08/13/2020  1800    78.6   28.6     7.1     0.000   0   15.98  293.9    9.8      --
 20  08/13/2020  1900    73.0   27.8     8.9     0.000   0   18.63  305.2   11.8      --
 21  08/13/2020  2000    66.2   28.5    10.7     0.000   0   24.13  313.0   14.2      --
 22  08/13/2020  2100    59.5   27.8    12.4     0.000   0   29.69  318.4   16.7      --
 23  08/13/2020  2200    52.8   29.0    14.2     0.000   0   39.72  322.4   19.4  no_inv
 24  08/13/2020  2300    48.6   30.1    12.2     0.000   0   48.63  319.6   16.0      --
 25  08/14/2020  0000    46.5   32.7    10.2     0.000   0   58.30  315.2   12.6      --
 26  08/14/2020  0100    44.5   34.1     8.2     0.000   0   66.67  307.8    9.4      --
 27  08/14/2020  0200    42.0   34.7     5.5     0.000   0   75.17  293.2    6.5      --
 28  08/14/2020  0300    40.1   35.0     3.3     0.000   0   81.89  261.7    4.5      --
 29  08/14/2020  0400    38.8   35.3     1.5     0.000   5   87.12  218.1    4.9      22
 30  08/14/2020  0500    38.2   34.6     1.9     0.000   5   86.72  216.7    5.2      --
 31  08/14/2020  0600    38.2   34.3     2.3     0.000   0   85.77  215.5    5.6      --
 32  08/14/2020  0700    41.0   34.7     2.7     0.000   0   78.09  214.4    5.9      --
 33  08/14/2020  0800    46.6   36.7     2.8     0.000   0   68.30  213.5    6.2      --
 34  08/14/2020  0900    54.6   37.1     3.0     0.000   0   51.63  212.6    6.6      --
 35  08/14/2020  1000    62.6   37.0     3.1     0.000   0   38.67  211.8    6.9    4687
 36  08/14/2020  1100    70.6   37.3     3.0     0.000   0   29.63  219.0    6.2      --
 37  08/14/2020  1200    78.1   39.3     2.9     0.000   0   24.96  227.6    5.7      --
 38  08/14/2020  1300    82.2   39.3     2.8     0.000   0   21.81  237.7    5.3      --
 39  08/14/2020  1400    84.3   39.2     2.7     0.000   0   20.33  249.0    5.1      --
 40  08/14/2020  1500    85.4   39.0     2.5     0.000   0   19.44  260.7    5.1      --
 41  08/14/2020  1600    85.9   38.7     2.4     0.000   0   18.87  271.8    5.3    6388
 42  08/14/2020  1700    86.0   38.4     3.1     0.000   0   18.63  254.0    5.2      --
 43  08/14/2020  1800    84.3   38.3     3.7     0.000   0   19.62  237.2    5.6      --
 44  08/14/2020  1900    77.5   38.9     4.4     0.000   0   25.00  223.5    6.4      --
 45  08/14/2020  2000    69.6   38.9     5.0     0.000   0   32.68  213.3    7.5      --
 46  08/14/2020  2100    61.5   39.0     5.7     0.000   0   43.32  205.9    8.8      --
 47  08/14/2020  2200    53.6   39.3     6.3     0.000   0   58.25  200.3   10.1  no_inv
 48  08/14/2020  2300    49.8   39.2     5.9     0.000   0   66.91  196.8    9.6      --
 49  08/15/2020  0000    50.1   39.1     5.5     0.000   0   65.83  192.9    9.0      --
 50  08/15/2020  0100    50.1   38.9     5.0     0.000   0   65.34  188.5    8.5      --
 51  08/15/2020  0200    49.7   38.9     4.3     0.000   0   66.26  183.6    8.0      --
 52  08/15/2020  0300    49.2   39.0     3.6     0.000   0   67.68  178.1    7.7      --
 53  08/15/2020  0400    48.6   39.0     3.0     0.000   0   69.27  172.1    7.3  no_inv
 54  08/15/2020  0500    48.1   39.0     3.3     0.000   0   70.50  172.1    7.3      --
 55  08/15/2020  0600    48.1   39.2     3.5     0.000   0   71.16  172.1    7.2      --
 56  08/15/2020  0700    50.5   39.9     3.5     0.000   0   66.91  172.2    7.2      --
 57  08/15/2020  0800    55.4   40.9     3.4     0.000   0   58.07  172.2    7.2      --
 58  08/15/2020  0900    62.7   42.1     3.3     0.000   0   46.86  172.3    7.1      --
 59  08/15/2020  1000    70.7   42.6     3.2     0.000   0   36.30  172.3    7.1    4783
 60  08/15/2020  1100    78.7   43.3     3.0     0.000   0   28.50  165.1    6.0      --
 61  08/15/2020  1200    85.1   44.1     2.8     0.000   0   23.95  155.1    5.1      --
 62  08/15/2020  1300    89.2   44.1     2.6     0.000   0   20.98  141.4    4.4      --
 63  08/15/2020  1400    91.3   43.7     2.4     0.000   0   19.36  123.8    4.0      --
 64  08/15/2020  1500    92.4   42.7     2.2     0.000   0   17.95  104.8    4.1      --
 65  08/15/2020  1600    93.0   41.3     2.0     0.000   0   16.76   88.1    4.5  no_inv
 66  08/15/2020  1700    93.1   40.2     3.4     0.000   0   16.03   82.3    5.8      --
 67  08/15/2020  1800    91.3   39.8     4.8     0.000   0   16.66   78.6    7.2      --
 68  08/15/2020  1900    85.8   41.3     6.1     0.000   0   20.94   76.1    8.6      --
 69  08/15/2020  2000    79.2   40.1     7.5     0.000   0   24.74   74.3    9.9      --
 70  08/15/2020  2100    72.6   39.6     8.8     0.000   0   30.31   72.9   11.3      --
 71  08/15/2020  2200    66.0   39.6    10.2     0.000   0   37.97   71.9   12.7  no_inv
 72  08/15/2020  2300    64.3   39.7     9.6     0.000   0   40.43   71.5   12.4      --
 73  08/16/2020  0000    64.6   39.8     9.0     0.000   0   40.10   71.1   12.0      --
 74  08/16/2020  0100    64.7   39.8     8.4     0.000   0   40.02   70.7   11.6      --
 75  08/16/2020  0200    64.7   40.0     7.8     0.000   0   40.36   70.2   11.3      --
 76  08/16/2020  0300    64.5   40.5     7.2     0.000   0   41.37   69.7   10.9      --
 77  08/16/2020  0400    64.2   41.0     6.6     0.000   0   42.54   69.2   10.5  no_inv
 78  08/16/2020  0500    63.8   41.2     6.3     0.000   0   43.48   67.2   10.3      --
 79  08/16/2020  0600    63.6   41.4     6.1     0.000   0   44.18   65.1   10.1      --
 80  08/16/2020  0700    65.2   41.6     5.8     0.000   0   42.18   63.0   10.0      --
 81  08/16/2020  0800    68.7   37.7     5.5     0.000   0   32.10   60.8    9.8      --
 82  08/16/2020  0900    73.9   37.6     5.2     0.000   0   26.74   58.5    9.7      --
 83  08/16/2020  1000    80.5   37.5     4.9     0.000   0   21.45   56.2    9.5    2189
 84  08/16/2020  1100    87.4   37.4     4.5     0.000   0   17.10   57.8    7.1      --
 85  08/16/2020  1200    93.8   37.3     4.1     0.000   0   13.95   61.2    4.6      --
 86  08/16/2020  1300    98.6   37.2     3.7     0.000   0   12.00   72.6    2.2      --
 87  08/16/2020  1400   101.1   37.1     3.3     0.000   0   11.12  173.8    0.9      --
 88  08/16/2020  1500   102.4   37.1     2.9     0.000   0   10.67  216.9    3.1      --
 89  08/16/2020  1600   103.1   37.1     2.5     0.000   0   10.44  223.4    5.6  no_inv
 90  08/16/2020  1700   103.3   37.1     2.5     0.000   0   10.41  235.3    4.6      --
 91  08/16/2020  1800   101.6   37.3     2.5     0.000   0   11.02  252.6    3.8      --
 92  08/16/2020  1900    95.3   37.2     2.5     0.000   0   13.25  274.7    3.6      --
 93  08/16/2020  2000    87.3   37.2     2.1     0.000   0   17.04  296.2    3.9      --
 94  08/16/2020  2100    79.4   37.3     1.8     0.000   0   22.07  312.7    4.7      --
 95  08/16/2020  2200    71.4   37.3     1.5     0.000   0   28.85  323.9    5.7  no_inv
 96  08/16/2020  2300    68.0   37.3     1.4     0.000   0   32.40  327.9    3.8      --
 97  08/17/2020  0000    67.5   37.3     1.3     0.000   0   32.94  339.9    2.0      --
 98  08/17/2020  0100    67.0   37.4     1.3     0.000   0   33.58   57.6    0.8      --
 99  08/17/2020  0200    66.6   37.4     1.2     0.000   0   34.00  115.3    2.2      --
100  08/17/2020  0300    66.3   37.4     1.1     0.000   0   34.40  124.8    4.1      --
101  08/17/2020  0400    66.0   37.4     1.0     0.000   0   34.78  128.4    6.0  no_inv
102  08/17/2020  0500    65.8   37.3     1.5     0.000   0   34.89  136.6    5.6      --
103  08/17/2020  0600    65.7   37.4     1.9     0.000   0   35.20  145.8    5.3      --
104  08/17/2020  0700    66.6   38.0     2.3     0.000   0   34.94  155.8    5.2      --
105  08/17/2020  0800    69.2   40.3     2.7     0.000   0   34.99  166.0    5.3      --
106  08/17/2020  0900    73.0   40.3     2.6     0.000   0   30.67  175.7    5.5      --
107  08/17/2020  1000    78.1   41.2     2.6     0.000   0   26.84  184.5    5.8    1437
108  08/17/2020  1100    84.1   41.9     4.1     0.000   0   22.70  197.9    6.8      --
109  08/17/2020  1200    91.2   42.2     5.5     0.000   0   18.29  207.6    8.0      --
110  08/17/2020  1300    97.1   42.0     7.0     0.000   0   15.21  214.6    9.4      --
111  08/17/2020  1400   100.1   41.9     8.4     0.000   0   13.77  219.7   10.9      --
112  08/17/2020  1500   101.9   41.7     9.9     0.000   0   13.00  223.5   12.5      --
113  08/17/2020  1600   102.8   41.3    11.3     0.000   0   12.42  226.5   14.1  no_inv
114  08/17/2020  1700   103.2   41.2    12.0     0.000   0   12.24  242.2   12.0      --
115  08/17/2020  1800   101.5   41.2    12.7     0.000   0   12.88  262.4   11.1      --
116  08/17/2020  1900    95.2   41.3    13.5     0.000   0   15.63  283.2   11.7      --
117  08/17/2020  2000    87.4   41.8    14.2     0.000   0   20.34  300.1   13.5      --
118  08/17/2020  2100    79.6   42.6    14.9     0.000   0   26.92  312.1   16.3      --
119  08/17/2020  2200    71.9   43.5    15.6     0.000   0   35.99  320.4   19.5  no_inv
120  08/17/2020  2300    68.1   44.3    13.8     0.000   0   42.30  315.1   16.5      --
121  08/18/2020  0000    66.5   46.3    12.0     0.000   0   48.15  307.4   13.6      --
122  08/18/2020  0100    64.9   47.3    10.1     0.000   0   52.94  296.0   11.1      --
123  08/18/2020  0200    62.3   45.5     7.0     0.000   0   54.07  279.2    9.2      --
124  08/18/2020  0300    60.5   43.8     4.6     0.000   0   54.16  257.0    8.5      --
125  08/18/2020  0400    59.2   42.9     2.8     0.000   0   54.79  234.6    9.2  no_inv
126  08/18/2020  0500    58.5   41.9     3.2     0.000   0   54.10  230.8    8.8      --
127  08/18/2020  0600    58.4   42.3     3.7     0.000   0   55.15  226.7    8.6      --
128  08/18/2020  0700    60.7   43.8     4.0     0.000   0   53.76  222.4    8.3      --
129  08/18/2020  0800    65.8   46.1     3.9     0.000   0   48.96  217.9    8.1      --
130  08/18/2020  0900    73.2   48.5     3.8     0.000   0   41.70  213.2    8.0      --
131  08/18/2020  1000    81.2   50.1     3.6     0.000   0   34.04  208.4    7.9    3094
132  08/18/2020  1100    89.2   51.8     3.6     0.000   0   28.01  211.5    8.0      --
133  08/18/2020  1200    94.8   52.8     3.7     0.000   0   24.37  214.6    8.0      --
134  08/18/2020  1300    98.5   52.8     3.7     0.000   0   21.76  217.6    8.1      --
135  08/18/2020  1400   100.4   51.7     3.7     0.000   0   19.80  220.6    8.2      --
136  08/18/2020  1500   101.3   48.9     3.8     0.000   0   17.34  223.5    8.3      --
137  08/18/2020  1600   101.8   45.4     3.8     0.000   0   15.01  226.3    8.4  no_inv
138  08/18/2020  1700   101.8   42.6     5.9     0.000   0   13.48  255.1    6.8      --
139  08/18/2020  1800   100.0   41.5     8.0     0.000   0   13.63  288.5    7.3      --
140  08/18/2020  1900    94.1   39.0    10.1     0.000   0   14.83  310.7    9.8      --
141  08/18/2020  2000    86.7   36.5    12.2     0.000   0   16.94  323.0   13.1      --
142  08/18/2020  2100    79.3   35.9    14.3     0.000   0   20.98  330.1   16.7      --
143  08/18/2020  2200    71.9   35.2    16.5     0.000   0   26.12  334.7   20.6  no_inv
144  08/18/2020  2300    67.7   34.6    14.4     0.000   0   29.36  331.0   18.1      --
145  08/19/2020  0000    65.7   33.9    12.4     0.000   0   30.63  326.1   15.8      --
146  08/19/2020  0100    63.7   34.9    10.4     0.000   0   34.06  319.6   13.7      --
147  08/19/2020  0200    61.8   35.0     8.4     0.000   0   36.58  310.9   11.7      --
148  08/19/2020  0300    60.1   40.0     6.4     0.000   0   47.43  299.2   10.2      --
149  08/19/2020  0400    57.2   45.4     1.4     0.000   0   64.63  284.1    9.2  no_inv
150  08/19/2020  0500    57.0   49.4     2.1     0.000   0   75.67  277.7    8.4      --
151  08/19/2020  0600    56.9   49.7     2.7     0.000   0   76.84  270.0    7.7      --
152  08/19/2020  0700    58.7   48.8     3.2     0.000   0   69.70  261.1    7.2      --
153  08/19/2020  0800    63.7   47.0     3.5     0.000   0   54.62  251.0    6.8      --
154  08/19/2020  0900    70.5   48.1     3.3     0.000   0   44.96  240.3    6.8      --
155  08/19/2020  1000    78.5   49.0     3.1     0.000   0   35.59  229.7    6.9    3802
156  08/19/2020  1100    86.3   49.8     3.0     0.000   0   28.50  234.1    6.4      --
157  08/19/2020  1200    91.8   50.1     2.8     0.000   0   24.25  239.4    5.9      --
158  08/19/2020  1300    95.7   50.1     2.6     0.000   0   21.49  245.4    5.4      --
159  08/19/2020  1400    97.6   48.7     2.4     0.000   0   19.24  252.5    5.1      --
160  08/19/2020  1500    98.7   45.1     2.2     0.000   0   16.27  260.6    4.8      --
161  08/19/2020  1600    99.2   40.6     2.1     0.000   0   13.50  269.4    4.6  no_inv
162  08/19/2020  1700    99.2   37.0     2.7     0.000   0   11.69  289.6    4.6      --
163  08/19/2020  1800    97.4   35.6     3.3     0.000   0   11.68  307.6    5.2      --
164  08/19/2020  1900    93.6   41.0     3.9     0.000   0   16.22  321.1    6.1      --
165  08/19/2020  2000    89.6   43.9     4.5     0.000   0   20.54  330.6    7.2      --
166  08/19/2020  2100    85.6   43.4     5.1     0.000   0   22.94  337.4    8.6      --
167  08/19/2020  2200    80.9   42.1     5.6     0.000   0   25.33  342.3   10.0  no_inv
