  Generated by FoxLW on Tuesday June 30, 2020 at 09:25 PDT
-------------------------------------------------------------------------------
  WSU Prosser
  46.2600:-119.7400  (46 15' 36.00"N  119 44' 24.00"W)  elev 928.5 feet    file: 300033
-------------------------------------------------------------------------------

Line#   Date     Hour   TempF  DewPtF WS(mph)  Rain(in) LW    RH%  WDir_50m WS_50m Inv(ft)
  5  06/30/2020  0400    56.9   44.0    12.1     0.000   0   62.03  306.1   19.2     617
  6  06/30/2020  0500    56.6   45.5    10.5     0.000   0   66.32  303.2   16.3      --
  7  06/30/2020  0600    57.0   45.6     8.9     0.000   0   65.60  299.1   13.5      --
  8  06/30/2020  0700    58.0   43.1     7.2     0.000   0   57.46  292.8   10.7      --
  9  06/30/2020  0800    59.7   42.4     5.6     0.000   0   52.75  282.5    8.2      --
 10  06/30/2020  0900    62.0   41.6     4.0     0.000   0   47.19  264.5    6.2      --
 11  06/30/2020  1000    64.8   40.8     2.4     0.000   0   41.45  235.4    5.2  no_inv
 12  06/30/2020  1100    68.3   40.0     4.6     0.000   0   35.49  253.5    7.1      --
 13  06/30/2020  1200    73.1   39.2     6.8     0.000   0   29.34  263.5    9.4      --
 14  06/30/2020  1300    76.3   39.2     9.0     0.000   0   26.33  269.4   11.8      --
 15  06/30/2020  1400    77.7   39.3    11.2     0.000   0   25.27  273.3   14.4      --
 16  06/30/2020  1500    78.3   38.8    13.4     0.000   0   24.32  276.0   17.0      --
 17  06/30/2020  1600    78.4   37.8    15.6     0.000   0   23.25  278.0   19.6    9996
 18  06/30/2020  1700    77.9   37.6    16.9     0.000   0   23.50  282.5   20.9      --
 19  06/30/2020  1800    75.5   37.7    18.1     0.000   0   25.47  286.5   22.3      --
 20  06/30/2020  1900    71.1   37.7    19.4     0.000   0   29.60  290.0   23.9      --
 21  06/30/2020  2000    66.7   37.8    20.6     0.000   0   34.56  293.1   25.5      --
 22  06/30/2020  2100    62.3   38.0    21.9     0.000   0   40.50  295.8   27.2      --
 23  06/30/2020  2200    57.9   38.1    23.1     0.000   0   47.61  298.1   28.9    6054
 24  06/30/2020  2300    55.6   38.2    20.5     0.000   0   51.91  295.7   26.5      --
 25  07/01/2020  0000    54.4   38.3    18.0     0.000   0   54.52  292.7   24.2      --
 26  07/01/2020  0100    53.0   38.4    15.4     0.000   0   57.44  289.2   22.0      --
 27  07/01/2020  0200    51.7   38.5    12.9     0.000   0   60.48  284.8   19.8      --
 28  07/01/2020  0300    50.5   39.9    10.3     0.000   0   66.90  279.5   17.8      --
 29  07/01/2020  0400    49.3   40.2     7.7     0.000   0   70.46  272.9   16.0     793
 30  07/01/2020  0500    49.0   40.5     7.1     0.000   0   72.37  273.0   14.7      --
 31  07/01/2020  0600    49.2   40.4     6.4     0.000   0   71.40  273.3   13.4      --
 32  07/01/2020  0700    50.1   39.2     5.7     0.000   0   66.11  273.5   12.1      --
 33  07/01/2020  0800    51.6   39.2     5.1     0.000   0   62.55  273.8   10.8      --
 34  07/01/2020  0900    53.7   38.8     4.4     0.000   0   56.93  274.2    9.5      --
 35  07/01/2020  1000    56.3   39.2     3.7     0.000   0   52.64  274.8    8.2    8938
 36  07/01/2020  1100    59.8   39.0     5.5     0.000   0   46.05  276.4    9.8      --
 37  07/01/2020  1200    63.9   39.1     7.2     0.000   0   40.00  277.6   11.4      --
 38  07/01/2020  1300    67.1   39.7     9.0     0.000   0   36.72  278.4   13.0      --
 39  07/01/2020  1400    68.8   40.2    10.8     0.000   0   35.25  279.1   14.6      --
 40  07/01/2020  1500    70.0   40.2    12.6     0.000   0   33.88  279.6   16.3      --
 41  07/01/2020  1600    70.6   39.9    14.3     0.000   0   32.71  280.1   17.9    8985
 42  07/01/2020  1700    70.8   39.8    14.6     0.000   0   32.40  280.8   18.3      --
 43  07/01/2020  1800    69.0   39.7    14.9     0.000   0   34.28  281.5   18.6      --
 44  07/01/2020  1900    65.9   39.7    15.2     0.000   0   38.17  282.1   19.0      --
 45  07/01/2020  2000    62.8   39.8    15.5     0.000   0   42.73  282.7   19.4      --
 46  07/01/2020  2100    59.6   39.9    15.9     0.000   0   48.07  283.3   19.8      --
 47  07/01/2020  2200    56.5   40.2    16.1     0.000   0   54.26  283.9   20.2     754
 48  07/01/2020  2300    54.9   40.4    13.9     0.000   0   57.98  283.8   17.8      --
 49  07/02/2020  0000    53.9   41.8    11.7     0.000   0   63.63  283.8   15.4      --
 50  07/02/2020  0100    52.9   42.3     9.4     0.000   0   67.37  283.7   13.1      --
 51  07/02/2020  0200    51.9   42.3     7.2     0.000   0   69.70  283.5   10.7      --
 52  07/02/2020  0300    51.0   41.7     4.9     0.000   0   70.20  283.2    8.3      --
 53  07/02/2020  0400    50.3   41.2     2.7     0.000   0   70.96  282.8    5.9     795
 54  07/02/2020  0500    49.9   40.6     2.5     0.000   0   70.26  275.1    5.2      --
 55  07/02/2020  0600    50.4   40.6     2.4     0.000   0   68.91  265.2    4.6      --
 56  07/02/2020  0700    51.7   40.5     2.3     0.000   0   65.57  252.7    4.1      --
 57  07/02/2020  0800    53.8   40.2     2.2     0.000   0   59.79  238.2    4.0      --
 58  07/02/2020  0900    56.7   39.7     2.1     0.000   0   52.88  223.2    4.0      --
 59  07/02/2020  1000    60.3   39.2     2.0     0.000   0   45.72  209.6    4.3    5172
 60  07/02/2020  1100    64.2   38.8     1.9     0.000   0   39.04  202.1    4.0      --
 61  07/02/2020  1200    70.1   38.3     1.9     0.000   0   31.30  193.5    3.8      --
 62  07/02/2020  1300    74.7   37.9     1.9     0.000   0   26.41  183.9    3.6      --
 63  07/02/2020  1400    77.1   37.6     1.8     0.000   0   24.11  173.7    3.6      --
 64  07/02/2020  1500    78.3   37.5     1.8     0.000   0   23.04  163.6    3.6      --
 65  07/02/2020  1600    78.9   37.4     1.7     0.000   0   22.53  154.2    3.8  no_inv
 66  07/02/2020  1700    79.1   37.5     3.1     0.000   0   22.46  194.1    3.0      --
 67  07/02/2020  1800    78.1   37.6     4.4     0.000   0   23.33  233.6    3.8      --
 68  07/02/2020  1900    75.0   37.9     5.8     0.000   0   26.13  252.7    5.7      --
 69  07/02/2020  2000    72.1   39.5     7.1     0.000   0   30.64  261.9    7.9      --
 70  07/02/2020  2100    69.2   40.6     8.5     0.000   0   35.29  266.9   10.2      --
 71  07/02/2020  2200    66.4   41.0     9.8     0.000   0   39.60  270.1   12.6     508
 72  07/02/2020  2300    63.4   41.5     8.8     0.000   0   44.55  271.8   11.9      --
 73  07/03/2020  0000    61.8   41.6     7.8     0.000   0   47.54  273.7   11.1      --
 74  07/03/2020  0100    60.3   40.4     6.8     0.000   0   47.77  275.9   10.4      --
 75  07/03/2020  0200    59.2   39.4     5.8     0.000   0   47.89  278.3    9.8      --
 76  07/03/2020  0300    58.3   38.8     4.8     0.000   0   48.16  281.1    9.1      --
 77  07/03/2020  0400    57.7   37.7     3.8     0.000   0   47.12  284.4    8.5     669
 78  07/03/2020  0500    57.4   37.7     3.6     0.000   0   47.72  279.8    7.7      --
 79  07/03/2020  0600    57.8   37.7     3.3     0.000   0   46.93  274.3    7.0      --
 80  07/03/2020  0700    59.0   39.2     3.1     0.000   0   47.83  267.7    6.4      --
 81  07/03/2020  0800    60.9   38.2     2.9     0.000   0   42.91  259.9    5.9      --
 82  07/03/2020  0900    63.6   37.0     2.6     0.000   0   37.26  250.8    5.5      --
 83  07/03/2020  1000    66.9   35.7     2.4     0.000   0   31.61  240.6    5.3  no_inv
 84  07/03/2020  1100    70.6   34.5     2.5     0.000   0   26.48  251.9    5.0      --
 85  07/03/2020  1200    76.3   33.3     2.6     0.000   0   20.83  264.2    4.9      --
 86  07/03/2020  1300    80.8   32.2     2.7     0.000   0   17.26  276.4    5.0      --
 87  07/03/2020  1400    83.1   31.5     2.8     0.000   0   15.50  287.5    5.4      --
 88  07/03/2020  1500    84.2   31.0     2.9     0.000   0   14.66  297.0    5.9      --
 89  07/03/2020  1600    84.8   30.8     3.0     0.000   0   14.29  304.8    6.5  no_inv
 90  07/03/2020  1700    84.9   30.9     3.4     0.000   0   14.28  303.6    7.1      --
 91  07/03/2020  1800    83.9   31.1     3.8     0.000   0   14.89  302.7    7.8      --
 92  07/03/2020  1900    80.5   31.5     4.2     0.000   0   16.93  301.9    8.4      --
 93  07/03/2020  2000    76.7   31.5     4.7     0.000   0   19.17  301.1    8.9      --
 94  07/03/2020  2100    72.8   31.6     5.1     0.000   0   21.87  300.5    9.6      --
 95  07/03/2020  2200    69.0   32.2     5.5     0.000   0   25.47  300.0   10.2     952
 96  07/03/2020  2300    66.1   31.5     4.6     0.000   0   27.46  299.7    8.6      --
 97  07/04/2020  0000    64.6   31.5     3.8     0.000   0   28.94  299.4    6.9      --
 98  07/04/2020  0100    63.1   31.5     2.9     0.000   0   30.40  298.8    5.3      --
 99  07/04/2020  0200    61.9   31.5     2.0     0.000   0   31.76  297.7    3.7      --
100  07/04/2020  0300    60.9   31.5     1.1     0.000   0   32.95  295.0    2.1      --
101  07/04/2020  0400    60.0   31.5     0.3     0.000   0   33.90  276.8    0.6     580
102  07/04/2020  0500    59.7   31.5     0.5     0.000   0   34.39  236.1    0.8      --
103  07/04/2020  0600    60.1   31.5     0.7     0.000   0   33.84  219.3    1.3      --
104  07/04/2020  0700    61.3   35.5     0.9     0.000   0   38.07  211.6    1.8      --
105  07/04/2020  0800    63.2   35.1     1.1     0.000   0   35.04  207.4    2.3      --
106  07/04/2020  0900    65.9   34.7     1.3     0.000   0   31.37  204.7    2.8      --
107  07/04/2020  1000    69.2   34.2     1.5     0.000   0   27.50  202.9    3.4    3392
108  07/04/2020  1100    72.9   33.8     1.5     0.000   0   23.81  198.8    3.2      --
109  07/04/2020  1200    78.6   33.3     1.5     0.000   0   19.34  194.4    3.1      --
110  07/04/2020  1300    83.1   32.9     1.4     0.000   0   16.47  189.8    3.1      --
111  07/04/2020  1400    85.4   32.7     1.4     0.000   0   15.11  185.0    3.0      --
112  07/04/2020  1500    86.5   32.5     1.4     0.000   0   14.47  180.0    3.0      --
113  07/04/2020  1600    87.1   32.4     1.3     0.000   0   14.17  174.9    3.0  no_inv
114  07/04/2020  1700    87.2   32.5     2.9     0.000   0   14.14  237.9    1.6      --
115  07/04/2020  1800    86.3   32.6     4.4     0.000   0   14.69  292.6    3.2      --
116  07/04/2020  1900    83.2   32.9     5.9     0.000   0   16.37  305.9    5.7      --
117  07/04/2020  2000    80.5   34.8     7.5     0.000   0   19.28  311.1    8.2      --
118  07/04/2020  2100    77.8   35.7     9.0     0.000   0   21.82  313.8   10.8      --
119  07/04/2020  2200    75.1   36.0    10.5     0.000   0   24.14  315.4   13.4     981
120  07/04/2020  2300    71.6   36.6     9.2     0.000   0   27.81  312.0   12.0      --
121  07/05/2020  0000    69.3   37.0     8.0     0.000   0   30.48  307.6   10.6      --
122  07/05/2020  0100    67.4   35.5     6.7     0.000   0   30.73  302.0    9.3      --
123  07/05/2020  0200    65.8   34.5     5.4     0.000   0   31.22  294.7    8.1      --
124  07/05/2020  0300    64.5   33.8     4.2     0.000   0   31.75  285.0    7.1      --
125  07/05/2020  0400    63.7   32.7     2.9     0.000   0   31.29  272.6    6.3     281
126  07/05/2020  0500    63.3   32.7     2.9     0.000   0   31.71  267.0    6.3      --
127  07/05/2020  0600    63.7   32.7     3.0     0.000   0   31.25  261.3    6.3      --
128  07/05/2020  0700    64.8   35.8     3.0     0.000   0   34.10  255.7    6.4      --
129  07/05/2020  0800    66.6   35.8     3.0     0.000   0   32.01  250.3    6.5      --
130  07/05/2020  0900    69.1   35.8     3.1     0.000   0   29.34  245.1    6.7      --
131  07/05/2020  1000    72.2   35.8     3.1     0.000   0   26.40  240.2    6.9    4140
132  07/05/2020  1100    75.7   35.8     3.2     0.000   0   23.47  250.1    6.3      --
133  07/05/2020  1200    81.2   35.7     3.2     0.000   0   19.58  261.6    6.0      --
134  07/05/2020  1300    85.5   35.7     3.2     0.000   0   17.04  273.9    5.9      --
135  07/05/2020  1400    87.7   35.7     3.2     0.000   0   15.87  286.1    6.1      --
136  07/05/2020  1500    88.7   35.7     3.2     0.000   0   15.35  297.0    6.5      --
137  07/05/2020  1600    89.3   35.7     3.2     0.000   0   15.09  306.4    7.1  no_inv
138  07/05/2020  1700    89.4   35.8     4.6     0.000   0   15.09  301.1    8.2      --
139  07/05/2020  1800    88.4   36.0     5.9     0.000   0   15.74  297.1    9.4      --
140  07/05/2020  1900    84.9   36.5     7.3     0.000   0   17.86  294.0   10.6      --
141  07/05/2020  2000    80.9   39.0     8.7     0.000   0   22.43  291.5   11.8      --
142  07/05/2020  2100    77.0   39.6    10.0     0.000   0   26.16  289.5   13.1      --
143  07/05/2020  2200    73.0   39.8    11.4     0.000   0   30.12  287.9   14.3     900
144  07/05/2020  2300    69.6   41.0    10.0     0.000   0   35.38  287.1   13.0      --
145  07/06/2020  0000    67.6   41.6     8.6     0.000   0   38.75  286.2   11.6      --
146  07/06/2020  0100    65.8   40.3     7.1     0.000   0   39.25  285.1   10.3      --
147  07/06/2020  0200    64.1   38.7     5.7     0.000   0   38.97  283.7    9.0      --
148  07/06/2020  0300    62.8   37.6     4.3     0.000   0   39.17  281.8    7.7      --
149  07/06/2020  0400    61.7   35.8     2.9     0.000   0   37.87  279.0    6.3     913
150  07/06/2020  0500    61.3   35.8     2.9     0.000   0   38.48  273.9    6.3      --
151  07/06/2020  0600    61.8   35.8     3.0     0.000   0   37.80  268.7    6.3      --
152  07/06/2020  0700    63.0   39.8     3.0     0.000   0   42.48  263.6    6.4      --
153  07/06/2020  0800    65.1   39.1     3.0     0.000   0   38.43  258.7    6.5      --
154  07/06/2020  0900    67.8   38.2     3.1     0.000   0   33.74  253.9    6.7      --
155  07/06/2020  1000    71.2   37.3     3.1     0.000   0   29.00  249.4    6.9  no_inv
156  07/06/2020  1100    74.9   36.4     2.7     0.000   0   24.71  251.0    5.9      --
157  07/06/2020  1200    80.0   35.5     2.3     0.000   0   20.18  253.3    5.0      --
158  07/06/2020  1300    83.8   34.8     1.9     0.000   0   17.31  256.6    4.0      --
159  07/06/2020  1400    85.8   34.2     1.5     0.000   0   15.91  262.0    3.1      --
160  07/06/2020  1500    86.7   33.9     1.1     0.000   0   15.25  271.6    2.2      --
161  07/06/2020  1600    87.1   33.8     0.7     0.000   0   14.97  291.7    1.5  no_inv
162  07/06/2020  1700    87.2   33.8     3.7     0.000   0   14.94  291.8    5.1      --
163  07/06/2020  1800    86.1   33.8     6.6     0.000   0   15.45  291.8    8.7      --
164  07/06/2020  1900    82.7   33.8     9.6     0.000   0   17.24  291.9   12.3      --
165  07/06/2020  2000    78.7   33.8    12.6     0.000   0   19.63  291.9   15.9      --
166  07/06/2020  2100    74.7   33.8    15.5     0.000   0   22.41  291.9   19.5      --
167  07/06/2020  2200    70.7   33.8    18.5     0.000   0   25.64  291.9   23.1     815
