  Generated by FoxLW on Tuesday June 30, 2020 at 09:25 PDT
-------------------------------------------------------------------------------
  WSU Othello
  46.7900:-119.0400  (46 47' 24.00"N  119 2' 24.00"W)  elev 1204.1 feet    file: 300122
-------------------------------------------------------------------------------

Line#   Date     Hour   TempF  DewPtF WS(mph)  Rain(in) LW    RH%  WDir_50m WS_50m Inv(ft)
  5  06/30/2020  0400    51.3   44.8    16.3     0.000   0   78.42  294.4   23.7     483
  6  06/30/2020  0500    51.0   44.7    15.8     0.000   0   78.97  287.9   21.2      --
  7  06/30/2020  0600    51.7   44.3    15.3     0.000   0   75.69  279.9   19.1      --
  8  06/30/2020  0700    53.4   43.7    14.8     0.000   0   69.54  270.1   17.5      --
  9  06/30/2020  0800    56.0   42.9    14.2     0.000   0   61.24  258.7   16.4      --
 10  06/30/2020  0900    59.5   41.9    13.7     0.000   0   52.15  246.3   16.1      --
 11  06/30/2020  1000    63.5   40.9    13.2     0.000   0   43.64  234.0   16.5    9721
 12  06/30/2020  1100    67.8   39.9    14.1     0.000   0   36.15  243.3   16.7      --
 13  06/30/2020  1200    72.1   39.0    14.9     0.000   0   30.09  252.1   17.3      --
 14  06/30/2020  1300    74.8   38.2    15.8     0.000   0   26.61  260.2   18.3      --
 15  06/30/2020  1400    75.9   37.6    16.6     0.000   0   25.04  267.3   19.6      --
 16  06/30/2020  1500    76.4   37.2    17.5     0.000   0   24.27  273.5   21.1      --
 17  06/30/2020  1600    76.4   37.0    18.3     0.000   0   24.11  278.7   22.9   10696
 18  06/30/2020  1700    75.6   37.2    18.2     0.000   0   24.94  280.3   22.7      --
 19  06/30/2020  1800    72.9   37.7    18.0     0.000   0   27.82  281.9   22.4      --
 20  06/30/2020  1900    67.8   38.4    17.8     0.000   0   34.05  283.6   22.2      --
 21  06/30/2020  2000    62.7   39.1    17.7     0.000   0   41.82  285.3   22.0      --
 22  06/30/2020  2100    57.5   39.6    17.5     0.000   0   51.20  287.0   21.9      --
 23  06/30/2020  2200    52.4   39.8    17.4     0.000   0   62.17  288.7   21.7     502
 24  06/30/2020  2300    51.0   39.8    16.2     0.000   0   65.44  281.9   19.8      --
 25  07/01/2020  0000    51.0   39.8    15.1     0.000   0   65.47  273.8   18.3      --
 26  07/01/2020  0100    51.7   39.8    14.0     0.000   0   63.79  264.4   17.2      --
 27  07/01/2020  0200    52.0   39.9    12.9     0.000   0   63.33  254.1   16.6      --
 28  07/01/2020  0300    51.8   41.3    11.8     0.000   0   67.43  243.4   16.6      --
 29  07/01/2020  0400    51.2   41.7    10.6     0.000   0   69.86  233.1   17.2    2592
 30  07/01/2020  0500    51.0   41.6    11.1     0.000   0   70.20  230.2   17.1      --
 31  07/01/2020  0600    51.2   41.5    11.6     0.000   0   69.42  227.4   17.0      --
 32  07/01/2020  0700    51.8   40.1    12.1     0.000   0   64.33  224.4   16.9      --
 33  07/01/2020  0800    52.8   40.1    12.6     0.000   0   62.02  221.5   16.9      --
 34  07/01/2020  0900    54.3   40.2    13.1     0.000   0   58.83  218.6   17.0      --
 35  07/01/2020  1000    56.2   40.2    13.6     0.000   0   55.02  215.6   17.0    7748
 36  07/01/2020  1100    59.1   40.3    14.0     0.000   0   49.69  221.9   17.0      --
 37  07/01/2020  1200    62.6   40.3    14.4     0.000   0   43.87  228.2   17.2      --
 38  07/01/2020  1300    65.3   40.5    14.8     0.000   0   40.11  234.2   17.6      --
 39  07/01/2020  1400    66.8   40.5    15.1     0.000   0   38.17  239.9   18.2      --
 40  07/01/2020  1500    67.8   40.5    15.5     0.000   0   36.94  245.2   19.0      --
 41  07/01/2020  1600    68.3   40.4    15.9     0.000   0   36.17  250.0   19.8    6018
 42  07/01/2020  1700    68.1   40.4    16.3     0.000   0   36.40  255.7   20.0      --
 43  07/01/2020  1800    65.6   40.5    16.8     0.000   0   39.81  261.3   20.3      --
 44  07/01/2020  1900    62.3   40.6    17.2     0.000   0   44.90  266.7   20.8      --
 45  07/01/2020  2000    59.0   40.8    17.7     0.000   0   50.81  271.8   21.4      --
 46  07/01/2020  2100    55.7   41.0    18.1     0.000   0   57.66  276.5   22.2      --
 47  07/01/2020  2200    52.4   41.2    18.6     0.000   0   65.58  280.9   23.2     471
 48  07/01/2020  2300    51.8   41.5    17.2     0.000   0   67.71  274.6   22.3      --
 49  07/02/2020  0000    51.5   41.7    15.8     0.000   0   69.09  267.8   21.7      --
 50  07/02/2020  0100    51.0   41.8    14.4     0.000   0   70.92  260.8   21.4      --
 51  07/02/2020  0200    50.3   42.0    13.0     0.000   0   72.97  253.7   21.5      --
 52  07/02/2020  0300    49.6   43.5    11.6     0.000   0   79.25  246.7   21.8      --
 53  07/02/2020  0400    48.9   44.0    10.2     0.000   0   83.12  240.0   22.5  no_inv
 54  07/02/2020  0500    48.6   43.9    10.4     0.000   0   83.93  236.8   20.8      --
 55  07/02/2020  0600    48.9   43.7    10.6     0.000   0   82.00  232.9   19.2      --
 56  07/02/2020  0700    50.0   41.6    10.8     0.000   0   72.90  228.5   17.8      --
 57  07/02/2020  0800    51.7   41.2    10.9     0.000   0   67.53  223.2   16.4      --
 58  07/02/2020  0900    54.0   40.8    11.1     0.000   0   60.91  217.1   15.2      --
 59  07/02/2020  1000    57.0   40.4    11.3     0.000   0   53.77  209.9   14.2    5232
 60  07/02/2020  1100    60.5   40.0    10.1     0.000   0   46.62  208.9   13.2      --
 61  07/02/2020  1200    66.5   39.5     8.8     0.000   0   37.15  207.8   12.2      --
 62  07/02/2020  1300    71.4   39.8     7.6     0.000   0   31.79  206.4   11.2      --
 63  07/02/2020  1400    74.0   40.3     6.3     0.000   0   29.75  204.9   10.3      --
 64  07/02/2020  1500    75.2   41.0     5.1     0.000   0   29.28  202.9    9.3      --
 65  07/02/2020  1600    75.9   41.8     3.8     0.000   0   29.49  200.6    8.4  no_inv
 66  07/02/2020  1700    76.1   41.8     4.6     0.000   0   29.32  189.0    8.1      --
 67  07/02/2020  1800    74.9   41.1     5.3     0.000   0   29.74  177.3    8.2      --
 68  07/02/2020  1900    70.6   40.5     6.1     0.000   0   33.43  166.3    8.7      --
 69  07/02/2020  2000    65.3   40.9     6.9     0.000   0   40.86  156.6    9.4      --
 70  07/02/2020  2100    59.9   40.5     7.6     0.000   0   48.75  148.5   10.3      --
 71  07/02/2020  2200    54.5   40.0     8.4     0.000   0   57.98  141.9   11.4     499
 72  07/02/2020  2300    51.3   40.1     7.2     0.000   0   65.35  145.1    9.5      --
 73  07/03/2020  0000    49.9   40.3     6.1     0.000   0   69.48  149.8    7.6      --
 74  07/03/2020  0100    48.0   40.5     4.6     0.000   0   75.23  157.7    5.8      --
 75  07/03/2020  0200    46.2   41.0     3.0     0.000   0   82.04  172.1    4.2      --
 76  07/03/2020  0300    44.9   41.2     1.7     0.000   5   86.69  199.8    3.1      --
 77  07/03/2020  0400    44.1   41.3     0.9     0.000  10   89.89  237.6    3.2  no_inv
 78  07/03/2020  0500    43.9   41.2     1.3     0.000  10   90.15  235.3    4.1      --
 79  07/03/2020  0600    44.9   41.2     1.9     0.000  10   86.77  233.8    5.1      --
 80  07/03/2020  0700    47.7   41.7     2.6     0.000   5   79.59  232.8    6.0      --
 81  07/03/2020  0800    52.5   42.7     3.2     0.000   0   69.37  232.1    7.0      --
 82  07/03/2020  0900    58.1   43.8     3.7     0.000   0   58.94  231.6    7.9      --
 83  07/03/2020  1000    64.4   44.8     4.1     0.000   0   49.07  231.1    8.9    4545
 84  07/03/2020  1100    70.4   45.5     4.0     0.000   0   40.95  230.7    8.7      --
 85  07/03/2020  1200    75.7   45.8     4.0     0.000   0   34.61  230.2    8.6      --
 86  07/03/2020  1300    79.4   45.8     3.9     0.000   0   30.61  229.7    8.5      --
 87  07/03/2020  1400    81.3   44.8     3.8     0.000   0   27.70  229.2    8.4      --
 88  07/03/2020  1500    82.2   42.1     3.7     0.000   0   24.29  228.7    8.2      --
 89  07/03/2020  1600    82.6   38.8     3.7     0.000   0   21.04  228.2    8.1  no_inv
 90  07/03/2020  1700    82.7   36.1     5.4     0.000   0   18.88  254.9    6.1      --
 91  07/03/2020  1800    81.7   35.0     7.2     0.000   0   18.73  290.8    6.2      --
 92  07/03/2020  1900    77.5   31.6     9.0     0.000   0   18.67  316.7    8.2      --
 93  07/03/2020  2000    71.6   33.9    10.7     0.000   0   24.99  330.5   11.2      --
 94  07/03/2020  2100    65.8   32.9    12.5     0.000   0   29.31  338.3   14.6      --
 95  07/03/2020  2200    59.9   33.6    14.3     0.000   0   37.15  343.1   18.2     677
 96  07/03/2020  2300    53.8   34.4    12.6     0.000   0   47.65  342.2   16.6      --
 97  07/04/2020  0000    50.0   36.6    10.9     0.000   0   59.79  341.2   15.0      --
 98  07/04/2020  0100    46.5   37.7     9.1     0.000   0   71.23  340.0   13.4      --
 99  07/04/2020  0200    43.4   38.7     7.4     0.000   0   83.37  338.4   11.9      --
100  07/04/2020  0300    40.9   39.3     5.7     0.000   5   93.71  336.3   10.3      --
101  07/04/2020  0400    38.6   37.9     1.5     0.000  10   97.23  333.5    8.8       4
102  07/04/2020  0500    38.4   37.5     2.0     0.000  10   96.55  328.6    6.8      --
103  07/04/2020  0600    39.7   39.3     2.4     0.000  10   98.24  319.9    4.9      --
104  07/04/2020  0700    43.5   39.3     2.7     0.000   5   84.99  301.3    3.2      --
105  07/04/2020  0800    50.6   40.1     2.8     0.000   0   67.30  261.1    2.4      --
106  07/04/2020  0900    58.2   41.6     2.5     0.000   0   53.95  219.6    3.2      --
107  07/04/2020  1000    66.2   42.9     2.2     0.000   0   42.72  200.0    4.8    3877
108  07/04/2020  1100    73.6   43.9     2.2     0.000   0   34.60  201.7    4.9      --
109  07/04/2020  1200    78.7   44.3     2.3     0.000   0   29.57  203.3    5.0      --
110  07/04/2020  1300    82.3   44.3     2.3     0.000   0   26.34  204.8    5.2      --
111  07/04/2020  1400    84.1   43.9     2.4     0.000   0   24.51  206.2    5.3      --
112  07/04/2020  1500    84.9   42.9     2.5     0.000   0   22.96  207.6    5.4      --
113  07/04/2020  1600    85.4   41.7     2.5     0.000   0   21.61  208.9    5.6  no_inv
114  07/04/2020  1700    85.4   40.7     3.5     0.000   0   20.75  208.0    6.7      --
115  07/04/2020  1800    84.4   40.3     4.4     0.000   0   21.13  207.3    7.8      --
116  07/04/2020  1900    79.9   38.3     5.4     0.000   0   22.60  206.8    9.0      --
117  07/04/2020  2000    72.9   41.7     6.3     0.000   0   32.48  206.4   10.1      --
118  07/04/2020  2100    65.9   41.2     7.3     0.000   0   40.49  206.1   11.2      --
119  07/04/2020  2200    59.0   41.1     8.2     0.000   0   51.44  205.9   12.4  no_inv
120  07/04/2020  2300    53.4   41.6     7.5     0.000   0   64.18  213.1   10.2      --
121  07/05/2020  0000    50.4   42.1     6.7     0.000   0   72.89  223.9    8.4      --
122  07/05/2020  0100    46.8   42.6     5.3     0.000   0   85.23  239.9    6.9      --
123  07/05/2020  0200    43.9   42.7     3.8     0.000   5   95.27  261.4    6.3      --
124  07/05/2020  0300    42.1   41.8     2.5     0.000  10   98.69  284.1    6.6      --
125  07/05/2020  0400    41.2   40.4     1.6     0.000  10   97.15  302.1    7.8  no_inv
126  07/05/2020  0500    41.0   40.1     2.2     0.000  10   96.59  288.8    6.0      --
127  07/05/2020  0600    42.3   41.8     2.9     0.000  10   98.14  266.2    4.7      --
128  07/05/2020  0700    46.1   41.8     3.6     0.000   5   84.93  235.6    4.5      --
129  07/05/2020  0800    52.9   43.0     4.1     0.000   0   68.84  210.0    5.5      --
130  07/05/2020  0900    60.5   44.6     4.2     0.000   0   55.76  194.3    7.2      --
131  07/05/2020  1000    68.5   46.0     4.3     0.000   0   44.55  185.1    9.3    4686
132  07/05/2020  1100    75.8   47.1     5.3     0.000   0   36.26  193.0    9.5      --
133  07/05/2020  1200    81.0   47.5     6.2     0.000   0   31.00  200.4    9.9      --
134  07/05/2020  1300    84.6   44.7     7.2     0.000   0   24.78  207.2   10.4      --
135  07/05/2020  1400    86.4   41.3     8.2     0.000   0   20.54  213.3   11.0      --
136  07/05/2020  1500    87.3   38.0     9.1     0.000   0   17.59  218.6   11.8      --
137  07/05/2020  1600    87.8   36.0    10.1     0.000   0   16.04  223.2   12.7  no_inv
138  07/05/2020  1700    87.9   35.0    11.8     0.000   0   15.32  246.5   10.1      --
139  07/05/2020  1800    86.9   34.1    13.4     0.000   0   15.27  276.5   10.0      --
140  07/05/2020  1900    82.7   33.3    15.1     0.000   0   16.89  300.9   12.3      --
141  07/05/2020  2000    77.0   33.7    16.8     0.000   0   20.71  315.9   16.0      --
142  07/05/2020  2100    71.3   34.5    18.4     0.000   0   25.92  324.8   20.4      --
143  07/05/2020  2200    65.5   35.4    20.1     0.000   0   32.67  330.5   25.1     627
144  07/05/2020  2300    59.0   36.3    17.2     0.000   0   42.56  329.2   22.0      --
145  07/06/2020  0000    54.8   37.1    14.4     0.000   0   51.03  327.6   18.8      --
146  07/06/2020  0100    51.2   38.9    11.6     0.000   0   62.76  325.3   15.8      --
147  07/06/2020  0200    48.0   39.8     8.8     0.000   0   72.99  322.0   12.7      --
148  07/06/2020  0300    44.3   42.0     3.0     0.000   5   91.50  316.5    9.7      --
149  07/06/2020  0400    43.3   41.8     1.2     0.000  10   94.31  306.3    6.9  no_inv
150  07/06/2020  0500    43.2   41.3     1.8     0.000  10   92.92  293.4    6.0      --
151  07/06/2020  0600    44.3   41.4     2.3     0.000  10   89.64  276.9    5.5      --
152  07/06/2020  0700    47.5   42.0     2.9     0.000   5   81.15  258.8    5.4      --
153  07/06/2020  0800    53.6   42.2     3.5     0.000   0   65.17  242.3    6.0      --
154  07/06/2020  0900    60.3   43.3     3.6     0.000   0   53.49  229.2    6.9      --
155  07/06/2020  1000    67.6   44.4     3.7     0.000   0   43.25  219.6    8.1    4533
156  07/06/2020  1100    74.2   45.1     4.2     0.000   0   35.50  220.6    8.5      --
157  07/06/2020  1200    79.2   45.4     4.8     0.000   0   30.33  221.4    8.9      --
158  07/06/2020  1300    82.8   42.9     5.3     0.000   0   24.65  222.2    9.4      --
159  07/06/2020  1400    84.5   40.0     5.8     0.000   0   20.80  222.9    9.8      --
160  07/06/2020  1500    85.3   37.2     6.4     0.000   0   18.13  223.6   10.3      --
161  07/06/2020  1600    85.8   35.6     6.9     0.000   0   16.79  224.2   10.7  no_inv
162  07/06/2020  1700    85.8   35.6     9.0     0.000   0   16.75  248.9    9.4      --
163  07/06/2020  1800    84.8   35.0    11.0     0.000   0   16.91  275.0   10.2      --
164  07/06/2020  1900    80.7   33.0    13.0     0.000   0   17.82  294.3   12.6      --
165  07/06/2020  2000    74.9   32.1    15.0     0.000   0   20.80  306.5   15.9      --
166  07/06/2020  2100    69.2   31.9    17.0     0.000   0   25.00  314.2   19.7      --
167  07/06/2020  2200    63.4   31.9    19.0     0.000   0   30.51  319.4   23.7     535
