  Generated by FoxLW on Thursday July 9, 2020 at 04:53 PDT
-------------------------------------------------------------------------------
  WSU Prosser
  46.2600:-119.7400  (46 15' 36.00"N  119 44' 24.00"W)  elev 928.5 feet    file: 300033
-------------------------------------------------------------------------------

Line#   Date     Hour   TempF  DewPtF WS(mph)  Rain(in) LW    RH%  WDir_50m WS_50m Inv(ft)
  5  07/09/2020  0400    59.1   46.4     2.5     0.000   0   62.76  279.8    5.5     754
  6  07/09/2020  0500    58.7   46.4     2.5     0.000   0   63.62  277.5    5.5      --
  7  07/09/2020  0600    59.2   46.4     2.5     0.000   0   62.48  275.1    5.4      --
  8  07/09/2020  0700    60.5   44.4     2.4     0.000   0   55.43  272.7    5.3      --
  9  07/09/2020  0800    62.5   44.4     2.4     0.000   0   51.61  270.3    5.3      --
 10  07/09/2020  0900    65.2   44.4     2.4     0.000   0   46.91  267.8    5.2      --
 11  07/09/2020  1000    68.4   44.4     2.4     0.000   0   42.02  265.2    5.2  no_inv
 12  07/09/2020  1100    71.7   44.4     2.4     0.000   0   37.57  271.2    5.2      --
 13  07/09/2020  1200    74.7   44.4     2.5     0.000   0   33.90  277.0    5.3      --
 14  07/09/2020  1300    77.2   44.4     2.6     0.000   0   31.26  282.5    5.4      --
 15  07/09/2020  1400    78.6   44.4     2.6     0.000   0   29.84  287.8    5.6      --
 16  07/09/2020  1500    79.4   44.4     2.7     0.000   0   29.05  292.7    5.9      --
 17  07/09/2020  1600    79.9   44.4     2.8     0.000   0   28.52  297.1    6.1  no_inv
 18  07/09/2020  1700    80.3   44.5     3.9     0.000   0   28.28  298.4    7.2      --
 19  07/09/2020  1800    80.4   44.6     5.1     0.000   0   28.42  299.2    8.2      --
 20  07/09/2020  1900    78.2   45.0     6.2     0.000   0   30.90  299.9    9.2      --
 21  07/09/2020  2000    74.5   46.7     7.4     0.000   0   37.30  300.5   10.3      --
 22  07/09/2020  2100    70.9   47.8     8.5     0.000   0   43.93  301.0   11.3      --
 23  07/09/2020  2200    67.2   48.3     9.6     0.000   0   50.71  301.3   12.4     895
 24  07/09/2020  2300    64.7   48.8     8.6     0.000   0   56.40  299.5   11.5      --
 25  07/10/2020  0000    63.3   48.6     7.6     0.000   0   58.56  297.4   10.6      --
 26  07/10/2020  0100    62.0   47.1     6.5     0.000   0   58.06  295.0    9.8      --
 27  07/10/2020  0200    60.8   46.1     5.5     0.000   0   58.37  292.0    9.0      --
 28  07/10/2020  0300    59.8   45.5     4.4     0.000   0   59.09  288.5    8.2      --
 29  07/10/2020  0400    59.0   44.4     3.4     0.000   0   58.48  284.3    7.5     796
 30  07/10/2020  0500    58.5   44.4     3.2     0.000   0   59.44  277.2    6.1      --
 31  07/10/2020  0600    58.8   44.4     3.0     0.000   0   58.78  266.4    5.0      --
 32  07/10/2020  0700    59.8   46.9     2.7     0.000   0   62.36  250.0    4.1      --
 33  07/10/2020  0800    61.4   45.9     2.5     0.000   0   56.73  227.3    3.6      --
 34  07/10/2020  0900    63.8   44.8     2.3     0.000   0   50.10  203.4    3.9      --
 35  07/10/2020  1000    66.7   43.6     2.1     0.000   0   43.22  184.9    4.6    4916
 36  07/10/2020  1100    70.1   42.4     2.0     0.000   0   36.66  183.3    4.4      --
 37  07/10/2020  1200    76.1   41.3     1.9     0.000   0   28.70  181.6    4.2      --
 38  07/10/2020  1300    81.1   40.3     1.8     0.000   0   23.52  179.6    4.0      --
 39  07/10/2020  1400    83.7   39.6     1.7     0.000   0   21.00  177.4    3.8      --
 40  07/10/2020  1500    84.9   39.1     1.6     0.000   0   19.80  174.9    3.5      --
 41  07/10/2020  1600    85.6   39.0     1.5     0.000   0   19.25  172.2    3.3    7598
 42  07/10/2020  1700    85.8   39.0     1.7     0.000   0   19.20  173.3    3.7      --
 43  07/10/2020  1800    84.7   39.3     1.8     0.000   0   20.07  174.1    4.1      --
 44  07/10/2020  1900    81.8   39.7     2.0     0.000   0   22.39  174.9    4.4      --
 45  07/10/2020  2000    79.5   39.7     2.2     0.000   0   24.12  175.5    4.8      --
 46  07/10/2020  2100    77.2   39.7     2.3     0.000   0   26.04  176.1    5.1      --
 47  07/10/2020  2200    74.8   39.7     2.5     0.000   0   28.14  176.5    5.5     965
 48  07/10/2020  2300    71.6   39.7     2.4     0.000   0   31.39  184.1    4.3      --
 49  07/11/2020  0000    69.4   39.7     2.2     0.000   0   33.79  197.1    3.2      --
 50  07/11/2020  0100    67.5   39.7     2.1     0.000   0   36.03  219.9    2.5      --
 51  07/11/2020  0200    66.0   39.7     2.0     0.000   0   37.97  252.1    2.3      --
 52  07/11/2020  0300    64.9   39.7     1.9     0.000   0   39.51  279.2    2.9      --
 53  07/11/2020  0400    64.1   39.7     1.8     0.000   0   40.56  295.1    3.9     964
 54  07/11/2020  0500    63.7   39.7     1.8     0.000   0   41.15  285.3    3.6      --
 55  07/11/2020  0600    64.3   39.7     1.8     0.000   0   40.36  274.4    3.5      --
 56  07/11/2020  0700    65.7   42.5     1.8     0.000   0   42.81  263.0    3.5      --
 57  07/11/2020  0800    68.1   41.4     1.9     0.000   0   37.88  252.0    3.6      --
 58  07/11/2020  0900    71.3   40.2     1.9     0.000   0   32.34  242.1    3.9      --
 59  07/11/2020  1000    75.2   38.9     1.9     0.000   0   26.99  233.6    4.2  no_inv
 60  07/11/2020  1100    79.3   37.6     5.1     0.000   0   22.38  251.5    7.6      --
 61  07/11/2020  1200    84.3   36.3     8.2     0.000   0   18.12  258.2   11.2      --
 62  07/11/2020  1300    88.0   35.6    11.4     0.000   0   15.66  261.6   14.9      --
 63  07/11/2020  1400    89.8   34.8    14.5     0.000   0   14.31  263.6   18.6      --
 64  07/11/2020  1500    90.7   34.0    17.6     0.000   0   13.50  265.0   22.3      --
 65  07/11/2020  1600    91.1   33.8    20.8     0.000   0   13.24  265.9   26.0  no_inv
 66  07/11/2020  1700    91.1   34.0    18.9     0.000   0   13.31  267.8   23.6      --
 67  07/11/2020  1800    89.9   34.4    17.0     0.000   0   14.06  270.1   21.1      --
 68  07/11/2020  1900    85.4   35.3    15.1     0.000   0   16.79  273.1   18.7      --
 69  07/11/2020  2000    78.9   36.2    13.2     0.000   0   21.45  276.9   16.4      --
 70  07/11/2020  2100    72.5   38.2    11.3     0.000   0   28.69  282.0   14.1      --
 71  07/11/2020  2200    66.1   39.8     9.4     0.000   0   38.18  288.9   12.0    1345
 72  07/11/2020  2300    62.9   41.4     9.8     0.000   0   45.19  289.7   12.5      --
 73  07/12/2020  0000    61.8   42.3    10.2     0.000   0   48.85  290.5   13.0      --
 74  07/12/2020  0100    60.5   43.1    10.7     0.000   0   52.73  291.2   13.4      --
 75  07/12/2020  0200    59.1   43.7    11.1     0.000   0   56.59  291.9   13.9      --
 76  07/12/2020  0300    57.7   44.0    11.5     0.000   0   60.11  292.5   14.4      --
 77  07/12/2020  0400    56.4   44.0    11.9     0.000   0   63.00  293.1   14.9     331
 78  07/12/2020  0500    55.8   44.2    10.6     0.000   0   64.85  289.3   13.6      --
 79  07/12/2020  0600    56.2   44.4     9.3     0.000   0   64.44  284.7   12.5      --
 80  07/12/2020  0700    57.3   42.1     8.1     0.000   0   56.76  279.2   11.4      --
 81  07/12/2020  0800    59.1   41.7     6.8     0.000   0   52.37  272.6   10.4      --
 82  07/12/2020  0900    61.6   41.2     5.5     0.000   0   47.02  264.9    9.7      --
 83  07/12/2020  1000    64.7   40.7     4.2     0.000   0   41.37  255.9    9.1    8374
 84  07/12/2020  1100    68.2   40.2     4.2     0.000   0   35.97  258.9    9.0      --
 85  07/12/2020  1200    73.3   39.8     4.1     0.000   0   29.73  261.9    8.9      --
 86  07/12/2020  1300    77.2   39.4     4.1     0.000   0   25.73  264.9    8.8      --
 87  07/12/2020  1400    79.1   39.1     4.0     0.000   0   23.85  268.0    8.7      --
 88  07/12/2020  1500    80.0   38.9     4.0     0.000   0   23.00  271.2    8.7      --
 89  07/12/2020  1600    80.5   38.8     3.9     0.000   0   22.62  274.3    8.7    9299
 90  07/12/2020  1700    80.5   38.8     5.2     0.000   0   22.62  281.9    9.3      --
 91  07/12/2020  1800    79.3   38.9     6.4     0.000   0   23.60  288.4   10.1      --
 92  07/12/2020  1900    75.7   39.1     7.6     0.000   0   26.76  294.0   11.0      --
 93  07/12/2020  2000    71.4   41.3     8.8     0.000   0   33.65  298.6   12.0      --
 94  07/12/2020  2100    67.1   41.5    10.0     0.000   0   39.29  302.6   13.0      --
 95  07/12/2020  2200    62.8   41.4    11.3     0.000   0   45.34  305.9   14.1     740
 96  07/12/2020  2300    60.4   42.0     9.6     0.000   0   50.78  305.8   11.3      --
 97  07/13/2020  0000    59.3   42.2     7.9     0.000   0   52.93  305.6    8.6      --
 98  07/13/2020  0100    58.3   41.0     6.2     0.000   0   52.68  305.1    5.8      --
 99  07/13/2020  0200    57.2   40.3     4.5     0.000   0   53.13  303.9    3.0      --
100  07/13/2020  0300    56.3   39.8     2.8     0.000   0   53.96  274.8    0.3      --
101  07/13/2020  0400    55.5   39.1     1.2     0.000   0   53.96  129.5    2.6     530
102  07/13/2020  0500    55.0   39.1     1.3     0.000   0   54.89  147.3    1.8      --
103  07/13/2020  0600    55.4   39.1     1.4     0.000   0   54.22  181.0    1.4      --
104  07/13/2020  0700    56.4   40.0     1.5     0.000   0   54.17  218.3    1.7      --
105  07/13/2020  0800    58.1   39.5     1.6     0.000   0   49.85  239.6    2.3      --
106  07/13/2020  0900    60.5   38.8     1.8     0.000   0   44.60  250.4    3.2      --
107  07/13/2020  1000    63.5   38.2     1.9     0.000   0   39.06  256.5    4.2    6888
108  07/13/2020  1100    67.0   37.5     2.2     0.000   0   33.73  257.8    4.8      --
109  07/13/2020  1200    72.4   36.9     2.5     0.000   0   27.42  258.8    5.6      --
110  07/13/2020  1300    76.6   36.4     2.9     0.000   0   23.34  259.5    6.3      --
111  07/13/2020  1400    78.7   36.0     3.2     0.000   0   21.40  260.1    7.0      --
112  07/13/2020  1500    79.7   35.7     3.5     0.000   0   20.49  260.5    7.7      --
113  07/13/2020  1600    80.2   35.6     3.9     0.000   0   20.09  261.0    8.4   10184
114  07/13/2020  1700    80.3   35.7     5.3     0.000   0   20.15  269.5    9.4      --
115  07/13/2020  1800    79.1   36.2     6.8     0.000   0   21.27  276.3   10.5      --
116  07/13/2020  1900    75.7   36.8     8.2     0.000   0   24.49  281.8   11.8      --
117  07/13/2020  2000    71.8   39.7     9.7     0.000   0   31.21  286.1   13.1      --
118  07/13/2020  2100    67.9   40.3    11.1     0.000   0   36.50  289.6   14.5      --
119  07/13/2020  2200    64.0   39.7    12.6     0.000   0   40.88  292.5   15.9     907
120  07/13/2020  2300    61.5   40.8    12.1     0.000   0   46.47  288.7   15.5      --
121  07/14/2020  0000    60.4   43.3    11.5     0.000   0   53.20  284.7   15.2      --
122  07/14/2020  0100    59.3   44.3    11.0     0.000   0   57.52  280.6   14.9      --
123  07/14/2020  0200    58.3   45.2    10.5     0.000   0   61.56  276.3   14.8      --
124  07/14/2020  0300    57.5   45.8     9.9     0.000   0   64.93  271.9   14.7      --
125  07/14/2020  0400    56.7   45.9     9.4     0.000   0   67.04  267.5   14.6     911
126  07/14/2020  0500    56.2   45.7     8.2     0.000   0   67.72  265.8   13.1      --
127  07/14/2020  0600    56.7   42.5     7.1     0.000   0   59.01  263.6   11.5      --
128  07/14/2020  0700    57.9   42.3     6.0     0.000   0   56.07  260.8   10.0      --
129  07/14/2020  0800    60.0   41.2     4.8     0.000   0   49.84  256.9    8.5      --
130  07/14/2020  0900    62.9   39.9     3.7     0.000   0   42.73  251.4    7.1      --
131  07/14/2020  1000    66.5   38.5     2.6     0.000   0   35.71  243.2    5.7    4852
132  07/14/2020  1100    70.5   37.1     2.4     0.000   0   29.45  243.8    5.4      --
133  07/14/2020  1200    76.2   35.8     2.3     0.000   0   23.14  244.6    5.1      --
134  07/14/2020  1300    80.5   34.7     2.2     0.000   0   19.19  245.4    4.7      --
135  07/14/2020  1400    82.8   33.8     2.0     0.000   0   17.25  246.3    4.4      --
136  07/14/2020  1500    83.8   33.3     1.9     0.000   0   16.31  247.4    4.1      --
137  07/14/2020  1600    84.4   33.1     1.7     0.000   0   15.91  248.6    3.8  no_inv
138  07/14/2020  1700    84.5   33.2     2.1     0.000   0   15.89  228.2    3.8      --
139  07/14/2020  1800    83.4   33.4     2.4     0.000   0   16.62  210.2    4.2      --
140  07/14/2020  1900    80.5   33.8     2.7     0.000   0   18.50  196.7    5.0      --
141  07/14/2020  2000    78.1   33.9     3.1     0.000   0   20.17  187.2    6.0      --
142  07/14/2020  2100    75.6   33.9     3.4     0.000   0   21.85  180.4    7.1      --
143  07/14/2020  2200    73.2   33.9     3.8     0.000   0   23.69  175.6    8.3     883
144  07/14/2020  2300    70.2   33.9     3.8     0.000   0   26.26  188.0    6.8      --
145  07/15/2020  0000    68.2   33.9     3.8     0.000   0   28.06  205.9    5.8      --
146  07/15/2020  0100    66.6   33.9     3.9     0.000   0   29.72  228.2    5.5      --
147  07/15/2020  0200    65.2   33.9     3.9     0.000   0   31.15  249.5    6.1      --
148  07/15/2020  0300    64.2   33.9     4.0     0.000   0   32.29  265.3    7.3      --
149  07/15/2020  0400    63.5   33.9     4.0     0.000   0   33.06  276.1    8.9     880
150  07/15/2020  0500    63.1   33.9     3.8     0.000   0   33.50  271.9    8.3      --
151  07/15/2020  0600    63.5   33.9     3.7     0.000   0   33.07  267.1    7.8      --
152  07/15/2020  0700    64.6   38.7     3.5     0.000   0   38.53  261.7    7.3      --
153  07/15/2020  0800    66.4   38.7     3.3     0.000   0   36.11  255.6    6.9      --
154  07/15/2020  0900    69.1   38.7     3.1     0.000   0   33.00  248.8    6.7      --
155  07/15/2020  1000    72.2   38.7     2.9     0.000   0   29.61  241.6    6.4    2314
156  07/15/2020  1100    75.8   38.7     2.9     0.000   0   26.27  245.2    6.4      --
157  07/15/2020  1200    80.9   38.7     2.9     0.000   0   22.27  249.0    6.3      --
158  07/15/2020  1300    84.7   38.7     2.9     0.000   0   19.70  252.8    6.3      --
159  07/15/2020  1400    86.6   38.7     2.9     0.000   0   18.54  256.5    6.3      --
160  07/15/2020  1500    87.4   38.7     2.9     0.000   0   18.03  260.3    6.4      --
161  07/15/2020  1600    87.8   38.7     2.9     0.000   0   17.80  264.0    6.4  no_inv
162  07/15/2020  1700    87.9   38.7     4.4     0.000   0   17.79  275.9    7.5      --
163  07/15/2020  1800    86.7   38.7     6.0     0.000   0   18.46  284.5    8.8      --
164  07/15/2020  1900    83.4   38.7     7.5     0.000   0   20.51  290.8   10.3      --
165  07/15/2020  2000    79.9   40.7     9.0     0.000   0   24.87  295.5   11.8      --
166  07/15/2020  2100    76.3   40.5    10.6     0.000   0   27.73  299.1   13.4      --
167  07/15/2020  2200    72.8   38.7    12.1     0.000   0   29.07  301.9   15.1     847
