  Generated by FoxLW on Thursday July 23, 2020 at 09:25 PDT
-------------------------------------------------------------------------------
  WSU Prosser
  46.2600:-119.7400  (46 15' 36.00"N  119 44' 24.00"W)  elev 928.5 feet    file: 300033
-------------------------------------------------------------------------------

Line#   Date     Hour   TempF  DewPtF WS(mph)  Rain(in) LW    RH%  WDir_50m WS_50m Inv(ft)
  5  07/23/2020  0400    63.2   45.6     0.6     0.000   0   52.47  255.8    1.3     477
  6  07/23/2020  0500    62.7   45.5     0.9     0.000   0   53.36  260.8    1.9      --
  7  07/23/2020  0600    63.0   45.2     1.1     0.000   0   52.28  263.3    2.5      --
  8  07/23/2020  0700    64.2   44.9     1.4     0.000   0   49.41  264.8    3.2      --
  9  07/23/2020  0800    66.4   42.4     1.7     0.000   0   41.72  265.8    3.8      --
 10  07/23/2020  0900    69.4   41.8     2.0     0.000   0   36.80  266.5    4.4      --
 11  07/23/2020  1000    73.0   41.2     2.3     0.000   0   31.76  267.1    5.1  no_inv
 12  07/23/2020  1100    77.1   40.6     2.5     0.000   0   27.14  269.2    5.6      --
 13  07/23/2020  1200    82.0   40.1     2.8     0.000   0   22.61  271.0    6.2      --
 14  07/23/2020  1300    85.6   39.6     3.1     0.000   0   19.76  272.5    6.8      --
 15  07/23/2020  1400    87.3   39.2     3.3     0.000   0   18.41  273.8    7.3      --
 16  07/23/2020  1500    88.2   39.0     3.6     0.000   0   17.78  274.8    7.9      --
 17  07/23/2020  1600    88.5   38.9     3.8     0.000   0   17.53  275.8    8.5   12130
 18  07/23/2020  1700    88.5   38.9     6.2     0.000   0   17.55  290.0   10.1      --
 19  07/23/2020  1800    87.1   39.0     8.5     0.000   0   18.37  299.8   12.2      --
 20  07/23/2020  1900    83.2   39.0    10.8     0.000   0   20.90  306.7   14.5      --
 21  07/23/2020  2000    78.4   39.1    13.1     0.000   0   24.50  311.6   17.0      --
 22  07/23/2020  2100    73.6   39.2    15.5     0.000   0   28.84  315.2   19.6      --
 23  07/23/2020  2200    68.8   39.3    17.8     0.000   0   34.06  318.0   22.2     789
 24  07/23/2020  2300    66.1   39.4    15.1     0.000   0   37.54  317.5   19.1      --
 25  07/24/2020  0000    64.9   39.5    12.4     0.000   0   39.25  316.7   15.9      --
 26  07/24/2020  0100    63.7   41.0     9.7     0.000   0   43.36  315.6   12.8      --
 27  07/24/2020  0200    62.5   40.6     7.0     0.000   0   44.54  313.8    9.6      --
 28  07/24/2020  0300    61.4   40.2     4.3     0.000   0   45.55  310.2    6.5      --
 29  07/24/2020  0400    60.5   39.8     1.6     0.000   0   46.44  300.2    3.5     830
 30  07/24/2020  0500    59.8   39.2     1.8     0.000   0   46.40  290.1    3.8      --
 31  07/24/2020  0600    60.1   39.2     2.0     0.000   0   46.02  281.8    4.2      --
 32  07/24/2020  0700    61.0   39.2     2.2     0.000   0   44.47  275.0    4.7      --
 33  07/24/2020  0800    62.8   38.3     2.5     0.000   0   40.30  269.5    5.2      --
 34  07/24/2020  0900    65.3   37.6     2.7     0.000   0   35.93  265.1    5.8      --
 35  07/24/2020  1000    68.3   36.8     2.9     0.000   0   31.34  261.5    6.4    7340
 36  07/24/2020  1100    71.9   36.0     2.9     0.000   0   26.99  259.8    6.3      --
 37  07/24/2020  1200    76.7   35.3     2.9     0.000   0   22.34  258.1    6.3      --
 38  07/24/2020  1300    80.3   34.7     2.8     0.000   0   19.37  256.3    6.2      --
 39  07/24/2020  1400    82.1   34.3     2.8     0.000   0   17.94  254.5    6.2      --
 40  07/24/2020  1500    82.9   34.0     2.8     0.000   0   17.27  252.7    6.2      --
 41  07/24/2020  1600    83.2   33.9     2.8     0.000   0   17.01  250.9    6.2    9218
 42  07/24/2020  1700    83.2   34.0     4.5     0.000   0   17.12  267.8    7.2      --
 43  07/24/2020  1800    81.8   34.4     6.2     0.000   0   18.20  279.6    8.8      --
 44  07/24/2020  1900    77.8   35.1     7.9     0.000   0   21.28  287.6   10.6      --
 45  07/24/2020  2000    72.9   37.9     9.6     0.000   0   28.02  293.3   12.5      --
 46  07/24/2020  2100    68.0   38.4    11.3     0.000   0   33.79  297.4   14.5      --
 47  07/24/2020  2200    63.1   37.9    13.1     0.000   0   39.26  300.5   16.6     859
 48  07/24/2020  2300    60.5   39.0    12.4     0.000   0   44.81  296.4   15.6      --
 49  07/25/2020  0000    59.5   41.4    11.6     0.000   0   51.11  291.8   14.7      --
 50  07/25/2020  0100    58.3   42.5    10.9     0.000   0   55.47  286.6   13.9      --
 51  07/25/2020  0200    57.2   43.3    10.2     0.000   0   59.79  280.8   13.2      --
 52  07/25/2020  0300    56.1   43.8     9.5     0.000   0   63.37  274.5   12.7      --
 53  07/25/2020  0400    55.0   43.9     8.8     0.000   0   66.10  267.7   12.3     373
 54  07/25/2020  0500    54.3   42.9     7.7     0.000   0   65.26  265.1   10.9      --
 55  07/25/2020  0600    54.6   39.3     6.6     0.000   0   56.11  261.8    9.5      --
 56  07/25/2020  0700    55.9   37.1     5.5     0.000   0   49.25  257.4    8.2      --
 57  07/25/2020  0800    58.1   40.0     4.4     0.000   0   50.77  251.3    6.9      --
 58  07/25/2020  0900    61.4   39.0     3.3     0.000   0   43.61  242.5    5.7      --
 59  07/25/2020  1000    65.4   38.0     2.2     0.000   0   36.43  229.8    4.8    4844
 60  07/25/2020  1100    69.9   37.0     1.9     0.000   0   29.98  228.3    4.2      --
 61  07/25/2020  1200    75.7   36.0     1.6     0.000   0   23.76  226.4    3.6      --
 62  07/25/2020  1300    80.1   35.2     1.4     0.000   0   19.87  223.6    3.0      --
 63  07/25/2020  1400    82.4   34.6     1.1     0.000   0   17.99  219.5    2.4      --
 64  07/25/2020  1500    83.5   34.2     0.8     0.000   0   17.09  212.6    1.8      --
 65  07/25/2020  1600    84.1   34.1     0.6     0.000   0   16.70  199.9    1.3    6585
 66  07/25/2020  1700    84.2   34.3     0.7     0.000   0   16.76  182.2    1.2      --
 67  07/25/2020  1800    82.9   34.8     0.7     0.000   0   17.89  165.0    1.3      --
 68  07/25/2020  1900    80.1   35.7     0.8     0.000   0   20.28  150.9    1.5      --
 69  07/25/2020  2000    77.9   34.8     0.9     0.000   0   20.98  140.2    1.7      --
 70  07/25/2020  2100    75.7   34.8     1.0     0.000   0   22.58  132.4    2.0      --
 71  07/25/2020  2200    73.4   34.8     1.1     0.000   0   24.30  126.7    2.4     510
 72  07/25/2020  2300    71.0   34.8     1.3     0.000   0   26.39  116.4    1.1      --
 73  07/26/2020  0000    69.6   34.8     1.5     0.000   0   27.71   13.0    0.4      --
 74  07/26/2020  0100    68.4   34.8     1.8     0.000   0   28.87  329.1    1.6      --
 75  07/26/2020  0200    67.4   34.8     2.0     0.000   0   29.82  323.0    2.8      --
 76  07/26/2020  0300    66.7   34.8     2.2     0.000   0   30.54  320.7    4.1      --
 77  07/26/2020  0400    66.3   34.8     2.4     0.000   0   30.99  319.5    5.4     703
 78  07/26/2020  0500    66.0   34.8     2.6     0.000   0   31.35  335.3    4.1      --
 79  07/26/2020  0600    66.3   34.8     2.7     0.000   0   30.99    1.6    3.3      --
 80  07/26/2020  0700    67.7   34.8     2.9     0.000   0   29.59   32.7    3.5      --
 81  07/26/2020  0800    70.1   40.2     3.1     0.000   0   33.70   55.3    4.5      --
 82  07/26/2020  0900    73.5   39.8     3.2     0.000   0   29.64   68.4    5.9      --
 83  07/26/2020  1000    77.6   38.0     3.4     0.000   0   24.01   76.2    7.5    6661
 84  07/26/2020  1100    82.1   36.1     3.6     0.000   0   19.27   73.8    7.8      --
 85  07/26/2020  1200    87.2   34.3     3.8     0.000   0   15.26   71.6    8.1      --
 86  07/26/2020  1300    90.9   32.8     4.0     0.000   0   12.76   69.5    8.4      --
 87  07/26/2020  1400    92.8   31.7     4.1     0.000   0   11.50   67.6    8.7      --
 88  07/26/2020  1500    93.7   30.9     4.3     0.000   0   10.87   65.8    9.0      --
 89  07/26/2020  1600    94.1   30.7     4.5     0.000   0   10.63   64.1    9.3    7562
 90  07/26/2020  1700    94.1   30.7     5.5     0.000   0   10.64   53.4    9.6      --
 91  07/26/2020  1800    92.7   30.9     6.5     0.000   0   11.17   43.5   10.1      --
 92  07/26/2020  1900    90.3   31.1     7.5     0.000   0   12.13   34.9   11.0      --
 93  07/26/2020  2000    88.8   33.4     8.6     0.000   0   13.97   27.6   12.0      --
 94  07/26/2020  2100    87.2   33.7     9.6     0.000   0   14.88   21.6   13.2      --
 95  07/26/2020  2200    85.6   33.9    10.6     0.000   0   15.74   16.6   14.5     881
 96  07/26/2020  2300    83.1   34.4     9.3     0.000   0   17.44   11.9   11.9      --
 97  07/27/2020  0000    81.4   34.7     8.0     0.000   0   18.64    4.5    9.3      --
 98  07/27/2020  0100    80.0   33.7     6.7     0.000   0   18.72  352.0    7.0      --
 99  07/27/2020  0200    78.9   33.0     5.4     0.000   0   18.85  329.9    5.4      --
100  07/27/2020  0300    78.2   32.5     4.1     0.000   0   18.97  297.8    5.0      --
101  07/27/2020  0400    77.7   31.7     2.8     0.000   0   18.65  270.0    6.1     876
102  07/27/2020  0500    77.4   31.7     2.6     0.000   0   18.83  273.5    4.5      --
103  07/27/2020  0600    77.7   31.7     2.5     0.000   0   18.69  281.1    2.8      --
104  07/27/2020  0700    78.7   31.7     2.3     0.000   0   18.09  305.8    1.4      --
105  07/27/2020  0800    80.5   35.8     2.2     0.000   0   20.10   25.7    1.2      --
106  07/27/2020  0900    83.1   35.8     2.0     0.000   0   18.47   58.1    2.6      --
107  07/27/2020  1000    86.3   35.8     1.9     0.000   0   16.67   67.0    4.2    5768
108  07/27/2020  1100    89.8   35.8     1.9     0.000   0   14.91   58.2    3.1      --
109  07/27/2020  1200    94.3   35.8     1.8     0.000   0   12.98   40.7    2.1      --
110  07/27/2020  1300    97.6   35.8     1.8     0.000   0   11.75    5.7    1.6      --
111  07/27/2020  1400    99.1   35.8     1.8     0.000   0   11.21  326.3    1.9      --
112  07/27/2020  1500    99.8   35.8     1.8     0.000   0   10.97  304.8    2.8      --
113  07/27/2020  1600   100.1   35.8     1.8     0.000   0   10.89  294.2    3.9  no_inv
114  07/27/2020  1700   100.0   36.0     2.0     0.000   0   10.96  300.0    4.3      --
115  07/27/2020  1800    98.6   36.3     2.2     0.000   0   11.61  304.7    4.9      --
116  07/27/2020  1900    95.2   36.9     2.5     0.000   0   13.16  308.4    5.4      --
117  07/27/2020  2000    91.6   35.9     2.7     0.000   0   14.18  311.4    5.9      --
118  07/27/2020  2100    87.9   35.9     3.0     0.000   0   15.91  314.0    6.5      --
119  07/27/2020  2200    84.2   35.9     3.2     0.000   0   17.89  316.1    7.1     302
120  07/27/2020  2300    81.2   35.9     4.0     0.000   0   19.69  313.8    7.8      --
121  07/28/2020  0000    79.5   35.9     4.9     0.000   0   20.80  311.8    8.5      --
122  07/28/2020  0100    77.9   37.8     5.7     0.000   0   23.64  310.2    9.2      --
123  07/28/2020  0200    76.4   40.4     6.5     0.000   0   27.43  308.8    9.9      --
124  07/28/2020  0300    75.2   43.1     7.3     0.000   0   31.79  307.5   10.6      --
125  07/28/2020  0400    74.1   45.2     8.2     0.000   0   35.75  306.5   11.3      19
126  07/28/2020  0500    73.4   42.3     7.1     0.000   0   32.69  303.7    9.8      --
127  07/28/2020  0600    73.6   39.6     6.0     0.000   0   29.33  299.9    8.3      --
128  07/28/2020  0700    74.5   38.0     4.9     0.000   0   26.71  294.4    6.9      --
129  07/28/2020  0800    76.3   41.8     3.8     0.000   0   29.21  286.2    5.5      --
130  07/28/2020  0900    78.8   41.2     2.7     0.000   0   26.14  273.2    4.4      --
131  07/28/2020  1000    82.1   40.5     1.6     0.000   0   22.84  252.8    3.6    4656
132  07/28/2020  1100    86.0   39.7     1.8     0.000   0   19.63  265.5    3.5      --
133  07/28/2020  1200    91.6   39.0     1.9     0.000   0   16.02  277.8    3.7      --
134  07/28/2020  1300    96.1   38.5     2.0     0.000   0   13.65  288.7    4.0      --
135  07/28/2020  1400    98.4   38.0     2.2     0.000   0   12.50  297.9    4.4      --
136  07/28/2020  1500    99.5   37.7     2.3     0.000   0   11.95  305.4    4.9      --
137  07/28/2020  1600   100.1   37.7     2.5     0.000   0   11.71  311.4    5.4  no_inv
138  07/28/2020  1700   100.2   37.8     2.9     0.000   0   11.75  312.4    6.1      --
139  07/28/2020  1800    98.8   38.4     3.3     0.000   0   12.50  313.1    6.8      --
140  07/28/2020  1900    94.8   39.2     3.7     0.000   0   14.60  313.8    7.4      --
141  07/28/2020  2000    90.1   38.2     4.1     0.000   0   16.21  314.3    8.1      --
142  07/28/2020  2100    85.4   38.2     4.4     0.000   0   18.81  314.8    8.7      --
143  07/28/2020  2200    80.7   38.2     4.8     0.000   0   21.88  315.2    9.4     695
144  07/28/2020  2300    77.3   38.2     4.2     0.000   0   24.47  312.9    8.0      --
145  07/29/2020  0000    75.4   38.2     3.5     0.000   0   26.00  309.7    6.6      --
146  07/29/2020  0100    73.7   38.2     2.9     0.000   0   27.60  304.8    5.2      --
147  07/29/2020  0200    72.0   38.2     2.2     0.000   0   29.19  296.5    4.0      --
148  07/29/2020  0300    70.5   38.2     1.6     0.000   0   30.69  281.1    2.8      --
149  07/29/2020  0400    69.3   38.2     1.0     0.000   0   32.02  251.3    2.1     233
150  07/29/2020  0500    68.4   38.2     1.1     0.000   0   32.95  232.4    2.0      --
151  07/29/2020  0600    68.7   38.2     1.3     0.000   0   32.71  214.4    2.2      --
152  07/29/2020  0700    69.9   38.2     1.4     0.000   0   31.38  199.9    2.5      --
153  07/29/2020  0800    72.1   43.6     1.6     0.000   0   35.83  189.4    3.0      --
154  07/29/2020  0900    75.4   47.0     1.7     0.000   0   36.52  181.9    3.5      --
155  07/29/2020  1000    79.5   46.5     1.9     0.000   0   31.36  176.4    4.1    3900
156  07/29/2020  1100    84.0   46.0     1.9     0.000   0   26.56  184.7    2.8      --
157  07/29/2020  1200    89.8   45.5     1.9     0.000   0   21.78  205.5    1.7      --
158  07/29/2020  1300    94.1   45.2     2.0     0.000   0   18.73  259.4    1.2      --
159  07/29/2020  1400    96.4   44.8     2.0     0.000   0   17.28  301.9    2.0      --
160  07/29/2020  1500    97.5   44.7     2.0     0.000   0   16.59  317.0    3.2      --
161  07/29/2020  1600    98.1   44.6     2.0     0.000   0   16.28  323.6    4.5  no_inv
162  07/29/2020  1700    98.2   44.6     5.6     0.000   0   16.23  310.0    8.5      --
163  07/29/2020  1800    96.8   44.6     9.1     0.000   0   16.90  305.1   12.6      --
164  07/29/2020  1900    92.9   44.6    12.7     0.000   0   19.07  302.7   16.7      --
165  07/29/2020  2000    88.3   44.6    16.2     0.000   0   21.97  301.2   20.9      --
166  07/29/2020  2100    83.8   44.6    19.8     0.000   0   25.38  300.2   25.0      --
167  07/29/2020  2200    79.3   44.6    23.4     0.000   0   29.40  299.5   29.2     742
