  Generated by FoxLW on Thursday July 23, 2020 at 09:25 PDT
-------------------------------------------------------------------------------
  WSU Othello
  46.7900:-119.0400  (46 47' 24.00"N  119 2' 24.00"W)  elev 1204.1 feet    file: 300122
-------------------------------------------------------------------------------

Line#   Date     Hour   TempF  DewPtF WS(mph)  Rain(in) LW    RH%  WDir_50m WS_50m Inv(ft)
  5  07/23/2020  0400    52.2   45.0    12.9     0.000   0   76.36  296.4   16.1  no_inv
  6  07/23/2020  0500    51.5   46.4    11.7     0.000   0   82.68  289.3   13.5      --
  7  07/23/2020  0600    52.2   46.5    10.5     0.000   0   81.02  278.9   11.1      --
  8  07/23/2020  0700    54.3   44.3     9.3     0.000   0   68.69  263.7    9.2      --
  9  07/23/2020  0800    58.1   43.7     8.1     0.000   0   58.80  243.1    8.3      --
 10  07/23/2020  0900    63.1   43.1     6.9     0.000   0   47.93  221.0    8.6      --
 11  07/23/2020  1000    69.0   42.4     5.7     0.000   0   38.11  202.8   10.0    5325
 12  07/23/2020  1100    74.9   41.7     7.1     0.000   0   30.41  216.4   10.3      --
 13  07/23/2020  1200    80.4   41.1     8.5     0.000   0   24.74  228.7   11.1      --
 14  07/23/2020  1300    84.4   41.2     9.9     0.000   0   21.88  238.9   12.4      --
 15  07/23/2020  1400    86.4   41.3    11.4     0.000   0   20.62  247.0   14.0      --
 16  07/23/2020  1500    87.3   41.2    12.8     0.000   0   19.92  253.3   15.8      --
 17  07/23/2020  1600    87.8   40.8    14.2     0.000   0   19.33  258.3   17.7   10095
 18  07/23/2020  1700    87.9   40.0    15.7     0.000   0   18.66  272.4   17.6      --
 19  07/23/2020  1800    86.5   39.9    17.2     0.000   0   19.40  286.0   18.5      --
 20  07/23/2020  1900    81.5   40.0    18.8     0.000   0   22.86  297.6   20.4      --
 21  07/23/2020  2000    74.8   40.1    20.3     0.000   0   28.65  307.0   22.9      --
 22  07/23/2020  2100    68.1   40.2    21.9     0.000   0   36.16  314.4   25.9      --
 23  07/23/2020  2200    61.4   40.4    23.4     0.000   0   45.96  320.2   29.2     511
 24  07/23/2020  2300    56.9   40.6    20.0     0.000   0   54.35  318.0   25.0      --
 25  07/24/2020  0000    54.6   40.7    16.6     0.000   0   59.48  315.0   20.9      --
 26  07/24/2020  0100    52.3   40.9    13.2     0.000   0   65.06  310.6   16.9      --
 27  07/24/2020  0200    50.1   42.3     9.9     0.000   0   74.37  303.3   13.0      --
 28  07/24/2020  0300    46.7   42.6     3.1     0.000   0   85.56  290.4    9.4      --
 29  07/24/2020  0400    45.8   43.0     1.1     0.000   5   90.17  265.5    6.9  no_inv
 30  07/24/2020  0500    45.5   42.8     2.3     0.000  10   90.30  258.5    8.1      --
 31  07/24/2020  0600    46.0   42.6     4.0     0.000   5   87.71  253.4    9.4      --
 32  07/24/2020  0700    48.1   40.6     6.3     0.000   0   74.96  249.5   10.7      --
 33  07/24/2020  0800    52.8   39.2     9.0     0.000   0   59.92  246.5   12.1      --
 34  07/24/2020  0900    58.3   38.4    10.5     0.000   0   47.44  244.1   13.5      --
 35  07/24/2020  1000    64.5   37.4    11.9     0.000   0   36.68  242.1   14.9    5322
 36  07/24/2020  1100    70.5   36.5    12.6     0.000   0   28.70  249.1   15.4      --
 37  07/24/2020  1200    75.7   35.6    13.4     0.000   0   23.33  255.6   16.0      --
 38  07/24/2020  1300    79.3   35.1    14.1     0.000   0   20.28  261.4   16.8      --
 39  07/24/2020  1400    81.1   34.6    14.8     0.000   0   18.78  266.7   17.8      --
 40  07/24/2020  1500    81.9   34.1    15.5     0.000   0   17.94  271.4   19.0      --
 41  07/24/2020  1600    82.3   33.8    16.2     0.000   0   17.45  275.5   20.2    8927
 42  07/24/2020  1700    82.3   33.9    17.4     0.000   0   17.52  285.5   20.5      --
 43  07/24/2020  1800    80.9   34.2    18.6     0.000   0   18.56  294.9   21.4      --
 44  07/24/2020  1900    75.9   34.7    19.8     0.000   0   22.34  303.4   22.8      --
 45  07/24/2020  2000    69.1   35.4    21.0     0.000   0   28.88  310.7   24.7      --
 46  07/24/2020  2100    62.3   36.2    22.2     0.000   0   37.76  316.9   26.9      --
 47  07/24/2020  2200    55.5   37.1    23.5     0.000   0   49.83  322.2   29.3  no_inv
 48  07/24/2020  2300    51.5   37.9    20.8     0.000   0   59.62  320.0   26.9      --
 49  07/25/2020  0000    49.7   38.7    18.1     0.000   0   65.73  317.4   24.6      --
 50  07/25/2020  0100    47.9   39.4    15.4     0.000   0   72.31  314.3   22.3      --
 51  07/25/2020  0200    46.1   39.9    12.7     0.000   0   78.91  310.5   20.1      --
 52  07/25/2020  0300    44.5   41.6    10.0     0.000   0   89.62  305.8   18.1      --
 53  07/25/2020  0400    43.0   40.9     7.3     0.000   0   92.11  299.9   16.1  no_inv
 54  07/25/2020  0500    42.0   39.8     6.7     0.000   0   91.65  296.0   14.4      --
 55  07/25/2020  0600    42.9   38.5     6.1     0.000   0   84.40  290.9   12.7      --
 56  07/25/2020  0700    45.6   39.7     5.5     0.000   0   79.57  284.5   11.2      --
 57  07/25/2020  0800    50.2   39.2     4.9     0.000   0   65.65  276.0    9.8      --
 58  07/25/2020  0900    56.4   38.6     4.2     0.000   0   51.11  265.2    8.7      --
 59  07/25/2020  1000    63.5   38.0     3.6     0.000   0   38.83  251.9    8.0    4587
 60  07/25/2020  1100    70.3   37.4     3.1     0.000   0   29.97  251.0    6.8      --
 61  07/25/2020  1200    75.9   36.8     2.5     0.000   0   24.28  249.6    5.5      --
 62  07/25/2020  1300    79.8   36.3     2.0     0.000   0   20.89  247.3    4.2      --
 63  07/25/2020  1400    81.8   35.9     1.5     0.000   0   19.28  243.2    3.0      --
 64  07/25/2020  1500    82.8   35.7     0.9     0.000   0   18.51  233.5    1.8      --
 65  07/25/2020  1600    83.3   35.6     0.4     0.000   0   18.16  195.1    0.8    7204
 66  07/25/2020  1700    83.4   35.6     0.5     0.000   0   18.12  218.5    0.9      --
 67  07/25/2020  1800    82.1   35.7     0.6     0.000   0   18.97  236.9    1.0      --
 68  07/25/2020  1900    76.3   35.7     0.7     0.000   0   22.99  249.2    1.3      --
 69  07/25/2020  2000    68.3   35.9     0.8     0.000   0   30.33  257.4    1.5      --
 70  07/25/2020  2100    60.3   37.0     0.6     0.000   0   41.87  263.0    1.9      --
 71  07/25/2020  2200    52.3   37.4     0.6     0.000   0   56.75  267.0    2.2  no_inv
 72  07/25/2020  2300    45.2   37.3     0.7     0.000   0   73.60  293.8    1.6      --
 73  07/26/2020  0000    44.9   37.1     0.8     0.000   0   74.12  333.1    1.5      --
 74  07/26/2020  0100    44.5   37.0     1.0     0.000   0   74.79    1.0    2.1      --
 75  07/26/2020  0200    44.2   36.8     1.2     0.000   0   75.17   15.1    3.0      --
 76  07/26/2020  0300    43.7   36.7     1.4     0.000   0   76.10   22.7    3.9      --
 77  07/26/2020  0400    43.1   36.5     1.7     0.000   0   77.54   27.3    4.9  no_inv
 78  07/26/2020  0500    42.4   36.3     1.8     0.000   0   78.97   32.7    4.6      --
 79  07/26/2020  0600    43.7   36.3     1.9     0.000   0   75.12   38.8    4.3      --
 80  07/26/2020  0700    47.8   36.9     2.0     0.000   0   65.64   45.6    4.1      --
 81  07/26/2020  0800    54.6   37.9     1.9     0.000   0   53.18   53.1    4.0      --
 82  07/26/2020  0900    62.6   38.2     1.8     0.000   0   40.47   60.9    3.9      --
 83  07/26/2020  1000    70.6   37.8     1.8     0.000   0   30.28   68.9    3.9    7642
 84  07/26/2020  1100    78.6   38.4     2.0     0.000   0   23.67   62.6    4.3      --
 85  07/26/2020  1200    86.0   40.9     2.2     0.000   0   20.59   57.5    4.8      --
 86  07/26/2020  1300    89.5   40.9     2.5     0.000   0   18.41   53.3    5.3      --
 87  07/26/2020  1400    91.3   40.5     2.7     0.000   0   17.11   49.9    5.8      --
 88  07/26/2020  1500    92.1   39.3     2.9     0.000   0   15.90   47.0    6.4      --
 89  07/26/2020  1600    92.5   37.8     3.1     0.000   0   14.80   44.7    6.9    7316
 90  07/26/2020  1700    92.6   36.6     4.6     0.000   0   14.10   52.3    8.1      --
 91  07/26/2020  1800    91.2   36.1     6.1     0.000   0   14.44   57.9    9.4      --
 92  07/26/2020  1900    86.4   34.3     7.6     0.000   0   15.63   62.1   10.8      --
 93  07/26/2020  2000    80.0   37.1     9.1     0.000   0   21.46   65.3   12.2      --
 94  07/26/2020  2100    73.6   37.8    10.6     0.000   0   27.29   67.9   13.7      --
 95  07/26/2020  2200    67.2   37.1    12.1     0.000   0   32.91   70.0   15.2  no_inv
 96  07/26/2020  2300    64.7   39.7    10.9     0.000   0   39.82   72.0   14.1      --
 97  07/27/2020  0000    64.3   41.1     9.6     0.000   0   42.54   74.3   13.1      --
 98  07/27/2020  0100    64.0   41.9     8.3     0.000   0   44.47   77.0   12.1      --
 99  07/27/2020  0200    63.6   41.3     7.0     0.000   0   44.00   80.2   11.1      --
100  07/27/2020  0300    63.3   40.5     5.7     0.000   0   43.14   84.0   10.1      --
101  07/27/2020  0400    62.8   40.3     2.8     0.000   0   43.59   88.6    9.2  no_inv
102  07/27/2020  0500    62.5   39.4     3.1     0.000   0   42.56   82.9    8.2      --
103  07/27/2020  0600    63.1   39.5     3.3     0.000   0   41.82   75.7    7.3      --
104  07/27/2020  0700    65.4   40.4     3.5     0.000   0   39.92   66.8    6.6      --
105  07/27/2020  0800    69.3   42.0     3.2     0.000   0   37.15   55.9    6.0      --
106  07/27/2020  0900    74.6   43.8     2.9     0.000   0   33.29   43.3    5.8      --
107  07/27/2020  1000    80.6   45.4     2.6     0.000   0   29.03   30.2    5.8  no_inv
108  07/27/2020  1100    86.4   46.5     2.4     0.000   0   25.07   26.7    5.3      --
109  07/27/2020  1200    91.4   46.9     2.2     0.000   0   21.77   22.6    4.8      --
110  07/27/2020  1300    94.9   46.9     2.1     0.000   0   19.55   17.7    4.4      --
111  07/27/2020  1400    96.6   46.2     1.9     0.000   0   18.07   11.7    4.0      --
112  07/27/2020  1500    97.4   44.4     1.7     0.000   0   16.48    4.5    3.7      --
113  07/27/2020  1600    97.8   42.2     1.5     0.000   0   14.98  356.0    3.4  no_inv
114  07/27/2020  1700    97.8   40.4     2.0     0.000   0   13.98  329.9    1.7      --
115  07/27/2020  1800    96.4   39.8     2.4     0.000   0   14.20  251.6    1.5      --
116  07/27/2020  1900    91.3   37.0     2.9     0.000   0   14.94  220.4    3.2      --
117  07/27/2020  2000    84.2   42.4     3.3     0.000   0   23.07  211.5    5.1      --
118  07/27/2020  2100    76.2   45.6     1.9     0.000   0   33.77  207.5    7.1      --
119  07/27/2020  2200    68.2   46.2     1.3     0.000   0   45.23  205.3    9.1  no_inv
120  07/27/2020  2300    62.3   45.6     2.5     0.000   0   54.33  220.9    6.7      --
121  07/28/2020  0000    62.3   45.0     4.0     0.000   0   53.06  248.6    5.2      --
122  07/28/2020  0100    62.1   43.8     5.9     0.000   0   51.08  282.8    5.5      --
123  07/28/2020  0200    61.5   41.9     8.2     0.000   0   48.42  306.5    7.3      --
124  07/28/2020  0300    60.0   42.1     9.2     0.000   0   51.49  319.6    9.9      --
125  07/28/2020  0400    58.6   42.1    10.2     0.000   0   54.14  327.0   12.7  no_inv
126  07/28/2020  0500    57.5   42.0     9.8     0.000   0   56.13  316.9   10.5      --
127  07/28/2020  0600    58.4   42.3     9.4     0.000   0   54.96  302.1    8.7      --
128  07/28/2020  0700    61.2   42.9     9.0     0.000   0   51.12  282.0    7.8      --
129  07/28/2020  0800    65.9   43.5     8.6     0.000   0   44.22  260.0    8.0      --
130  07/28/2020  0900    72.3   44.6     8.2     0.000   0   37.02  241.5    9.2      --
131  07/28/2020  1000    79.5   45.6     7.9     0.000   0   30.27  228.4   11.2    5393
132  07/28/2020  1100    86.2   46.2     7.5     0.000   0   24.95  228.9   11.0      --
133  07/28/2020  1200    91.3   46.4     7.2     0.000   0   21.39  229.5   10.8      --
134  07/28/2020  1300    94.9   44.5     6.8     0.000   0   17.83  230.1   10.6      --
135  07/28/2020  1400    96.6   42.2     6.5     0.000   0   15.52  230.7   10.4      --
136  07/28/2020  1500    97.5   40.2     6.1     0.000   0   13.95  231.3   10.2      --
137  07/28/2020  1600    97.9   39.0     5.8     0.000   0   13.19  232.0   10.0  no_inv
138  07/28/2020  1700    97.9   39.0     8.4     0.000   0   13.18  263.4    8.1      --
139  07/28/2020  1800    96.5   38.4    11.0     0.000   0   13.43  298.2    9.2      --
140  07/28/2020  1900    92.0   37.0    13.6     0.000   0   14.59  319.5   12.6      --
141  07/28/2020  2000    86.1   37.0    16.2     0.000   0   17.60  330.9   17.0      --
142  07/28/2020  2100    80.2   37.9    18.8     0.000   0   21.99  337.4   21.8      --
143  07/28/2020  2200    74.3   38.8    21.4     0.000   0   27.66  341.6   26.7     428
144  07/28/2020  2300    69.1   39.7    18.4     0.000   0   34.16  341.1   23.6      --
145  07/29/2020  0000    66.0   40.5    15.5     0.000   0   39.24  340.5   20.5      --
146  07/29/2020  0100    63.1   41.2    12.5     0.000   0   44.62  339.7   17.3      --
147  07/29/2020  0200    60.6   43.1     9.5     0.000   0   52.56  338.6   14.2      --
148  07/29/2020  0300    58.4   42.9     6.6     0.000   0   56.27  336.8   11.1      --
149  07/29/2020  0400    56.1   44.3     2.1     0.000   0   64.57  333.6    8.0  no_inv
150  07/29/2020  0500    55.5   43.5     2.3     0.000   0   63.85  329.0    6.4      --
151  07/29/2020  0600    56.2   43.1     2.5     0.000   0   61.54  321.5    4.9      --
152  07/29/2020  0700    58.9   43.5     2.5     0.000   0   56.41  307.7    3.5      --
153  07/29/2020  0800    63.8   44.9     2.3     0.000   0   50.07  280.9    2.6      --
154  07/29/2020  0900    70.3   46.2     1.9     0.000   0   42.09  242.6    2.6      --
155  07/29/2020  1000    77.5   47.5     1.6     0.000   0   34.76  215.4    3.5    4504
156  07/29/2020  1100    84.4   48.5     1.8     0.000   0   28.84  220.8    3.8      --
157  07/29/2020  1200    89.5   48.8     1.9     0.000   0   24.78  225.2    4.2      --
158  07/29/2020  1300    93.2   48.8     2.1     0.000   0   22.13  228.9    4.6      --
159  07/29/2020  1400    95.0   48.6     2.3     0.000   0   20.77  232.1    5.0      --
160  07/29/2020  1500    95.9   48.0     2.5     0.000   0   19.82  234.7    5.4      --
161  07/29/2020  1600    96.3   47.4     2.6     0.000   0   19.09  237.0    5.8  no_inv
162  07/29/2020  1700    96.3   46.9     5.6     0.000   0   18.69  271.6    7.3      --
163  07/29/2020  1800    95.0   46.7     8.6     0.000   0   19.34  290.3   10.3      --
164  07/29/2020  1900    90.2   44.9    11.6     0.000   0   20.96  299.9   14.0      --
165  07/29/2020  2000    83.9   44.9    14.6     0.000   0   25.59  305.5   17.8      --
166  07/29/2020  2100    77.6   44.9    17.6     0.000   0   31.42  309.0   21.8      --
167  07/29/2020  2200    71.3   44.9    20.6     0.000   0   38.79  311.5   25.8  no_inv
