  Generated by FoxLW on Tuesday June 16, 2020 at 04:52 PDT
-------------------------------------------------------------------------------
  WSU Othello
  46.7900:-119.0400  (46 47' 24.00"N  119 2' 24.00"W)  elev 1204.1 feet    file: 300122
-------------------------------------------------------------------------------

Line#   Date     Hour   TempF  DewPtF WS(mph)  Rain(in) LW    RH%  WDir_50m WS_50m Inv(ft)
  5  06/16/2020  0400    47.2   44.6     1.2     0.000  10   90.54  268.8    6.1     604
  6  06/16/2020  0500    46.2   43.2     2.0     0.000  10   89.16  259.8    6.5      --
  7  06/16/2020  0600    46.5   42.7     2.9     0.000   5   86.69  252.2    7.1      --
  8  06/16/2020  0700    47.5   42.8     4.0     0.000   0   83.60  245.9    7.8      --
  9  06/16/2020  0800    49.4   43.3     5.1     0.000   0   79.22  240.6    8.6      --
 10  06/16/2020  0900    51.8   44.4     5.7     0.000   0   75.76  236.3    9.5      --
 11  06/16/2020  1000    54.6   45.4     6.3     0.000   0   71.02  232.7   10.4  no_inv
 12  06/16/2020  1100    57.9   46.1     6.3     0.000   0   64.74  239.4   10.0      --
 13  06/16/2020  1200    61.3   46.4     6.3     0.000   0   57.96  246.6    9.7      --
 14  06/16/2020  1300    63.8   44.0     6.3     0.000   0   48.63  254.0    9.6      --
 15  06/16/2020  1400    65.1   41.3     6.3     0.000   0   41.76  261.4    9.7      --
 16  06/16/2020  1500    65.9   38.6     6.3     0.000   0   36.52  268.5   10.0      --
 17  06/16/2020  1600    66.4   37.0     6.3     0.000   0   33.80  275.3   10.4  no_inv
 18  06/16/2020  1700    66.3   37.0     7.8     0.000   0   33.84  283.2   11.8      --
 19  06/16/2020  1800    64.4   37.1     9.4     0.000   0   36.22  289.4   13.5      --
 20  06/16/2020  1900    61.4   35.6    10.9     0.000   0   38.03  294.1   15.2      --
 21  06/16/2020  2000    58.3   35.1    12.5     0.000   0   41.69  297.9   17.1      --
 22  06/16/2020  2100    55.2   35.2    14.0     0.000   0   46.74  300.9   19.0      --
 23  06/16/2020  2200    52.1   35.7    15.6     0.000   0   53.25  303.3   20.9     688
 24  06/16/2020  2300    49.9   36.2    14.3     0.000   0   59.21  299.9   19.3      --
 25  06/17/2020  0000    48.1   36.8    13.0     0.000   0   64.56  295.9   17.8      --
 26  06/17/2020  0100    46.4   38.6    11.7     0.000   0   74.07  291.2   16.4      --
 27  06/17/2020  0200    44.9   39.2    10.5     0.000   0   80.45  285.7   15.1      --
 28  06/17/2020  0300    43.5   39.8     9.2     0.000   0   86.64  279.1   13.9      --
 29  06/17/2020  0400    42.4   39.9     7.9     0.000   0   90.58  271.6   13.0       7
 30  06/17/2020  0500    42.0   39.9     8.4     0.000   0   92.18  264.2   12.6      --
 31  06/17/2020  0600    43.2   40.1     8.9     0.000   0   88.57  256.4   12.4      --
 32  06/17/2020  0700    45.8   38.3     9.5     0.000   0   75.08  248.6   12.5      --
 33  06/17/2020  0800    49.7   38.7    10.0     0.000   0   65.50  240.9   12.8      --
 34  06/17/2020  0900    54.9   39.0    10.5     0.000   0   55.03  233.7   13.3      --
 35  06/17/2020  1000    60.6   39.4    11.1     0.000   0   45.57  227.1   14.0    6301
 36  06/17/2020  1100    65.9   39.8    10.5     0.000   0   38.37  226.3   13.6      --
 37  06/17/2020  1200    70.1   40.2    10.0     0.000   0   33.68  225.4   13.1      --
 38  06/17/2020  1300    73.3   41.1     9.5     0.000   0   31.26  224.4   12.8      --
 39  06/17/2020  1400    75.0   41.8     9.0     0.000   0   30.34  223.4   12.4      --
 40  06/17/2020  1500    76.2   42.3     8.4     0.000   0   29.85  222.4   12.0      --
 41  06/17/2020  1600    76.9   42.8     7.9     0.000   0   29.65  221.2   11.6  no_inv
 42  06/17/2020  1700    77.4   42.8     8.6     0.000   0   29.15  237.5   10.0      --
 43  06/17/2020  1800    76.9   42.3     9.2     0.000   0   29.13  257.5    9.4      --
 44  06/17/2020  1900    72.4   41.7     9.9     0.000   0   33.02  277.4   10.1      --
 45  06/17/2020  2000    67.9   41.7    10.5     0.000   0   38.58  293.3   11.8      --
 46  06/17/2020  2100    63.4   40.6    11.2     0.000   0   43.20  304.6   14.1      --
 47  06/17/2020  2200    58.8   39.2    11.8     0.000   0   48.05  312.5   16.8     755
 48  06/17/2020  2300    54.2   38.6    10.4     0.000   0   55.43  308.9   14.9      --
 49  06/18/2020  0000    51.0   38.2     9.1     0.000   0   61.59  304.2   13.1      --
 50  06/18/2020  0100    47.9   38.1     7.7     0.000   0   68.48  298.2   11.4      --
 51  06/18/2020  0200    44.2   40.3     4.7     0.000   0   85.87  290.1    9.9      --
 52  06/18/2020  0300    42.3   40.8     3.0     0.000   5   94.11  279.4    8.6      --
 53  06/18/2020  0400    41.4   40.3     1.6     0.000  10   95.84  265.7    7.7      57
 54  06/18/2020  0500    41.2   40.4     2.1     0.000  10   96.61  259.3    7.0      --
 55  06/18/2020  0600    42.5   41.8     2.5     0.000  10   97.34  251.5    6.4      --
 56  06/18/2020  0700    45.8   41.5     2.8     0.000   5   84.77  242.4    6.0      --
 57  06/18/2020  0800    51.3   42.3     2.9     0.000   0   71.32  232.1    5.7      --
 58  06/18/2020  0900    57.5   43.4     2.8     0.000   0   59.28  221.3    5.7      --
 59  06/18/2020  1000    64.2   44.4     2.6     0.000   0   48.56  210.5    5.8    3873
 60  06/18/2020  1100    70.5   45.1     2.5     0.000   0   40.22  212.8    5.5      --
 61  06/18/2020  1200    75.5   45.4     2.4     0.000   0   34.28  215.4    5.3      --
 62  06/18/2020  1300    79.0   45.4     2.3     0.000   0   30.54  218.2    5.0      --
 63  06/18/2020  1400    80.8   44.8     2.2     0.000   0   28.15  221.3    4.8      --
 64  06/18/2020  1500    81.6   43.2     2.1     0.000   0   25.81  224.8    4.5      --
 65  06/18/2020  1600    82.0   41.2     2.0     0.000   0   23.62  228.6    4.3  no_inv
 66  06/18/2020  1700    82.1   39.7     2.8     0.000   0   22.18  213.5    5.0      --
 67  06/18/2020  1800    81.2   39.1     3.6     0.000   0   22.30  202.5    5.9      --
 68  06/18/2020  1900    77.3   37.0     4.4     0.000   0   23.35  194.7    7.0      --
 69  06/18/2020  2000    71.7   42.4     5.2     0.000   0   34.80  189.0    8.2      --
 70  06/18/2020  2100    66.0   42.1     6.1     0.000   0   41.78  184.8    9.4      --
 71  06/18/2020  2200    60.4   42.5     6.9     0.000   0   51.61  181.6   10.7  no_inv
 72  06/18/2020  2300    55.7   43.0     6.1     0.000   0   62.31  185.0    8.2      --
 73  06/19/2020  0000    53.2   43.1     5.4     0.000   0   68.44  191.4    5.7      --
 74  06/19/2020  0100    50.2   43.1     4.0     0.000   0   76.50  206.7    3.5      --
 75  06/19/2020  0200    48.0   43.6     2.7     0.000   0   84.70  253.8    2.1      --
 76  06/19/2020  0300    46.7   44.1     1.7     0.000   5   90.74  309.2    3.1      --
 77  06/19/2020  0400    46.1   44.5     1.0     0.000  10   94.12  327.8    5.3  no_inv
 78  06/19/2020  0500    45.9   43.9     1.5     0.000  10   92.65  307.6    4.0      --
 79  06/19/2020  0600    47.1   43.8     2.1     0.000  10   88.25  276.8    3.6      --
 80  06/19/2020  0700    50.2   44.1     2.9     0.000   5   79.50  247.8    4.2      --
 81  06/19/2020  0800    56.0   44.8     3.7     0.000   0   66.12  229.7    5.6      --
 82  06/19/2020  0900    62.2   46.0     4.0     0.000   0   55.45  219.4    7.3      --
 83  06/19/2020  1000    68.8   47.1     4.3     0.000   0   45.83  213.1    9.1  no_inv
 84  06/19/2020  1100    75.1   47.9     4.2     0.000   0   38.25  213.6    9.0      --
 85  06/19/2020  1200    80.1   48.2     4.1     0.000   0   32.77  214.2    8.8      --
 86  06/19/2020  1300    83.5   48.2     4.0     0.000   0   29.28  214.8    8.6      --
 87  06/19/2020  1400    85.3   47.4     3.9     0.000   0   26.91  215.4    8.5      --
 88  06/19/2020  1500    86.1   45.5     3.8     0.000   0   24.39  216.0    8.3      --
 89  06/19/2020  1600    86.5   43.1     3.7     0.000   0   21.98  216.7    8.1  no_inv
 90  06/19/2020  1700    86.6   41.2     5.9     0.000   0   20.37  246.9    6.7      --
 91  06/19/2020  1800    85.7   40.4     8.1     0.000   0   20.37  279.3    7.6      --
 92  06/19/2020  1900    82.4   38.0    10.3     0.000   0   20.58  299.9   10.2      --
 93  06/19/2020  2000    78.6   38.9    12.5     0.000   0   24.14  311.3   13.6      --
 94  06/19/2020  2100    74.8   40.0    14.7     0.000   0   28.54  318.0   17.3      --
 95  06/19/2020  2200    71.1   41.2    16.9     0.000   0   33.91  322.3   21.1     556
 96  06/19/2020  2300    67.4   42.4    15.8     0.000   0   40.27  322.4   19.7      --
 97  06/20/2020  0000    65.4   43.5    14.6     0.000   0   44.95  322.5   18.3      --
 98  06/20/2020  0100    63.8   44.5    13.5     0.000   0   49.31  322.5   16.9      --
 99  06/20/2020  0200    62.6   45.2    12.4     0.000   0   52.95  322.6   15.5      --
100  06/20/2020  0300    61.7   47.2    11.3     0.000   0   58.82  322.8   14.1      --
101  06/20/2020  0400    61.2   47.7    10.1     0.000   0   61.12  322.9   12.7  no_inv
102  06/20/2020  0500    61.0   47.8     9.5     0.000   0   61.86  313.8   10.1      --
103  06/20/2020  0600    61.6   47.8     8.9     0.000   0   60.62  298.9    7.9      --
104  06/20/2020  0700    63.0   45.9     8.2     0.000   0   53.63  275.5    6.5      --
105  06/20/2020  0800    65.2   45.9     7.6     0.000   0   49.73  247.5    6.6      --
106  06/20/2020  0900    68.1   46.0     6.9     0.000   0   45.00  225.2    8.1      --
107  06/20/2020  1000    71.6   46.0     6.3     0.000   0   40.13  211.2   10.4  no_inv
108  06/20/2020  1100    75.2   46.1     7.1     0.000   0   35.59  219.2   10.6      --
109  06/20/2020  1200    78.7   46.2     8.0     0.000   0   31.77  226.8   11.0      --
110  06/20/2020  1300    81.4   46.8     8.8     0.000   0   29.80  233.7   11.6      --
111  06/20/2020  1400    82.8   47.4     9.6     0.000   0   29.23  239.9   12.3      --
112  06/20/2020  1500    83.7   47.9    10.5     0.000   0   28.87  245.3   13.2      --
113  06/20/2020  1600    84.2   48.1    11.3     0.000   0   28.60  250.0   14.1  no_inv
114  06/20/2020  1700    84.4   47.7    12.4     0.000   0   27.99  265.5   13.3      --
115  06/20/2020  1800    83.3   47.4    13.5     0.000   0   28.64  281.6   13.6      --
116  06/20/2020  1900    80.3   47.5    14.6     0.000   0   31.80  296.2   14.8      --
117  06/20/2020  2000    77.2   48.1    15.6     0.000   0   35.93  307.9   16.8      --
118  06/20/2020  2100    74.2   49.0    16.7     0.000   0   41.08  316.8   19.3      --
119  06/20/2020  2200    71.1   49.9    17.8     0.000   0   47.15  323.5   22.2  no_inv
120  06/20/2020  2300    66.9   50.9    16.3     0.000   0   56.44  317.6   19.3      --
121  06/21/2020  0000    63.4   51.8    14.8     0.000   0   65.74  309.7   16.7      --
122  06/21/2020  0100    60.2   52.5    13.3     0.000   0   75.59  299.1   14.5      --
123  06/21/2020  0200    57.5   54.4    11.8     0.000   0   89.44  285.4   12.9      --
124  06/21/2020  0300    55.3   55.0    10.3     0.000   0   99.12  269.1   12.3      --
125  06/21/2020  0400    53.7   53.7     8.8     0.000   5  100.00  252.5   12.6     636
126  06/21/2020  0500    53.3   53.3     8.9     0.000  10  100.00  250.6   12.5      --
127  06/21/2020  0600    54.4   54.4     9.1     0.000  10  100.00  248.7   12.4      --
128  06/21/2020  0700    56.8   53.2     9.2     0.000   5   87.47  246.8   12.4      --
129  06/21/2020  0800    60.6   52.9     9.3     0.000   0   75.58  244.8   12.3      --
130  06/21/2020  0900    65.4   52.5     9.5     0.000   0   63.04  242.9   12.3      --
131  06/21/2020  1000    70.6   52.2     9.6     0.000   0   52.11  240.9   12.2   13099
132  06/21/2020  1100    75.8   51.8    10.3     0.000   0   43.20  249.6   12.5      --
133  06/21/2020  1200    79.9   51.5    11.0     0.000   0   37.23  257.7   13.0      --
134  06/21/2020  1300    82.1   51.6    11.7     0.000   0   34.85  265.1   13.8      --
135  06/21/2020  1400    83.0   51.8    12.4     0.000   0   34.13  271.6   14.8      --
136  06/21/2020  1500    83.1   51.9    13.1     0.000   0   34.05  277.2   15.9      --
137  06/21/2020  1600    82.6   51.8    13.8     0.000   0   34.61  282.0   17.2   10009
138  06/21/2020  1700    80.6   52.1    13.1     0.000   0   37.36  286.6   16.2      --
139  06/21/2020  1800    76.0   52.0    12.3     0.000   0   43.13  291.8   15.3      --
140  06/21/2020  1900    70.6   51.5    11.6     0.000   0   50.82  297.6   14.6      --
141  06/21/2020  2000    65.2   51.6    10.9     0.000   0   61.57  303.9   14.0      --
142  06/21/2020  2100    59.8   50.8    10.1     0.000   0   72.21  310.7   13.6      --
143  06/21/2020  2200    54.3   49.2     9.4     0.000   0   82.79  317.8   13.4     723
144  06/21/2020  2300    52.5   48.3     8.9     0.000   0   85.58  314.6   13.3      --
145  06/22/2020  0000    51.2   47.4     8.4     0.000   0   86.75  311.4   13.4      --
146  06/22/2020  0100    49.8   46.8     7.8     0.000   0   89.46  308.3   13.4      --
147  06/22/2020  0200    48.3   46.4     7.3     0.000   5   93.24  305.1   13.5      --
148  06/22/2020  0300    46.8   45.8     6.8     0.000  10   96.41  302.0   13.6      --
149  06/22/2020  0400    45.4   45.0     6.2     0.000  10   98.43  299.0   13.8      24
150  06/22/2020  0500    44.9   44.5     6.0     0.000  10   98.29  291.8   12.1      --
151  06/22/2020  0600    46.2   45.1     5.7     0.000  10   96.20  282.5   10.7      --
152  06/22/2020  0700    48.6   41.6     5.4     0.000   5   76.72  270.9    9.7      --
153  06/22/2020  0800    52.4   40.2     5.2     0.000   0   63.02  257.1    9.1      --
154  06/22/2020  0900    57.3   38.5     4.9     0.000   0   49.26  242.5    9.1      --
155  06/22/2020  1000    63.0   36.7     4.6     0.000   0   37.50  228.8    9.7    3818
156  06/22/2020  1100    68.8   34.8     5.4     0.000   0   28.59  228.0   10.0      --
157  06/22/2020  1200    74.9   33.2     6.1     0.000   0   21.70  227.3   10.4      --
158  06/22/2020  1300    79.4   32.6     6.8     0.000   0   18.25  226.6   10.7      --
159  06/22/2020  1400    81.8   32.9     7.6     0.000   0   17.11  225.9   11.1      --
160  06/22/2020  1500    83.0   33.9     8.3     0.000   0   17.15  225.3   11.4      --
161  06/22/2020  1600    83.6   35.2     9.0     0.000   0   17.72  224.7   11.8    7223
162  06/22/2020  1700    83.8   34.8    10.4     0.000   0   17.32  245.7   10.1      --
163  06/22/2020  1800    83.0   32.7    11.8     0.000   0   16.36  270.1   10.2      --
164  06/22/2020  1900    79.1   31.2    13.2     0.000   0   17.46  290.7   11.9      --
165  06/22/2020  2000    73.7   30.1    14.7     0.000   0   20.00  304.8   14.7      --
166  06/22/2020  2100    68.3   29.6    16.1     0.000   0   23.51  314.0   18.1      --
167  06/22/2020  2200    63.0   29.6    17.5     0.000   0   28.32  320.2   21.8     640
