  Generated by FoxLW on Tuesday August 18, 2020 at 14:37 PDT
-------------------------------------------------------------------------------
  WSU Tri-Cities
  46.3300:-119.2700  (46 19' 48.00"N  119 16' 12.00"W)  elev 397.0 feet    file: 100148
-------------------------------------------------------------------------------

Line#   Date     Hour   TempF  DewPtF WS(mph)  Rain(in) LW    RH%  WDir_50m WS_50m Inv(ft)
  5  08/18/2020  0400    73.7   48.8     3.1     0.000   0   41.43  311.4    7.5       8
  6  08/18/2020  0500    73.0   46.4     3.0     0.000   0   38.76  308.8    6.8      --
  7  08/18/2020  0600    72.8   45.9     2.8     0.000   0   38.25  305.6    6.1      --
  8  08/18/2020  0700    74.2   46.6     2.5     0.000   0   37.40  301.5    5.4      --
  9  08/18/2020  0800    77.5   47.6     2.2     0.000   0   34.91  296.3    4.8      --
 10  08/18/2020  0900    82.3   48.7     1.9     0.000   0   31.06  289.5    4.2      --
 11  08/18/2020  1000    88.2   49.7     1.6     0.000   0   26.77  280.6    3.6  no_inv
 12  08/18/2020  1100    93.9   50.4     2.5     0.000   0   22.96  258.6    4.1      --
 13  08/18/2020  1200    98.5   50.7     3.3     0.000   0   20.14  243.1    5.1      --
 14  08/18/2020  1300   101.8   50.7     4.1     0.000   0   18.27  233.0    6.3      --
 15  08/18/2020  1400   103.3   50.1     4.9     0.000   0   17.09  226.2    7.6      --
 16  08/18/2020  1500   104.1   48.6     5.8     0.000   0   15.79  221.5    9.0      --
 17  08/18/2020  1600   104.4   46.7     6.6     0.000   0   14.59  218.1   10.5  no_inv
 18  08/18/2020  1700   104.3   45.2     8.7     0.000   0   13.81  245.4    8.1      --
 19  08/18/2020  1800   102.4   44.2    10.8     0.000   0   14.08  280.7    8.3      --
 20  08/18/2020  1900    97.4   42.0    12.9     0.000   0   15.05  305.5   11.1      --
 21  08/18/2020  2000    91.6   42.3    15.1     0.000   0   18.19  319.0   15.1      --
 22  08/18/2020  2100    85.7   42.6    17.2     0.000   0   22.12  326.5   19.5      --
 23  08/18/2020  2200    79.9   43.0    19.3     0.000   0   27.04  331.3   24.1    1044
 24  08/18/2020  2300    75.5   43.3    16.4     0.000   0   31.66  329.4   20.5      --
 25  08/19/2020  0000    72.9   43.6    13.6     0.000   0   34.96  326.8   16.9      --
 26  08/19/2020  0100    70.4   45.2    10.7     0.000   0   40.40  322.8   13.4      --
 27  08/19/2020  0200    68.0   45.7     7.8     0.000   0   44.78  316.0   10.0      --
 28  08/19/2020  0300    64.9   48.0     3.8     0.000   0   54.11  302.7    6.9      --
 29  08/19/2020  0400    63.4   48.7     1.5     0.000   0   58.79  272.9    4.6  no_inv
 30  08/19/2020  0500    62.5   48.4     1.6     0.000   0   59.94  262.2    3.9      --
 31  08/19/2020  0600    62.3   48.4     1.9     0.000   0   60.32  247.4    3.4      --
 32  08/19/2020  0700    63.6   48.6     2.0     0.000   0   58.06  228.7    3.1      --
 33  08/19/2020  0800    66.7   49.6     2.0     0.000   0   54.17  209.2    3.2      --
 34  08/19/2020  0900    71.5   50.7     2.0     0.000   0   47.89  192.8    3.7      --
 35  08/19/2020  1000    77.6   51.7     2.0     0.000   0   40.55  180.6    4.3    4077
 36  08/19/2020  1100    84.2   52.4     3.4     0.000   0   33.62  191.2    5.6      --
 37  08/19/2020  1200    90.4   52.7     4.8     0.000   0   27.88  197.8    7.0      --
 38  08/19/2020  1300    95.1   49.1     6.1     0.000   0   21.12  202.1    8.4      --
 39  08/19/2020  1400    97.4   44.9     7.5     0.000   0   16.76  205.2    9.9      --
 40  08/19/2020  1500    98.7   40.8     8.9     0.000   0   13.77  207.5   11.4      --
 41  08/19/2020  1600    99.4   38.1    10.3     0.000   0   12.16  209.2   12.9  no_inv
 42  08/19/2020  1700    99.5   37.5    11.2     0.000   0   11.82  226.4   10.6      --
 43  08/19/2020  1800    97.7   37.2    12.0     0.000   0   12.38  249.5    9.7      --
 44  08/19/2020  1900    92.1   36.5    12.8     0.000   0   14.25  272.9   10.5      --
 45  08/19/2020  2000    85.6   37.4    13.7     0.000   0   18.18  290.5   12.7      --
 46  08/19/2020  2100    79.1   39.2    14.5     0.000   0   24.01  302.3   15.7      --
 47  08/19/2020  2200    72.6   41.1    15.3     0.000   0   32.17  310.0   19.1     588
 48  08/19/2020  2300    70.3   43.1    13.2     0.000   0   37.43  307.7   16.8      --
 49  08/20/2020  0000    69.9   46.3    11.1     0.000   0   42.82  304.6   14.4      --
 50  08/20/2020  0100    69.3   48.1     9.1     0.000   0   46.78  300.3   12.1      --
 51  08/20/2020  0200    68.4   47.7     6.3     0.000   0   47.48  294.0    9.9      --
 52  08/20/2020  0300    67.5   47.3     3.9     0.000   0   48.40  284.4    7.9      --
 53  08/20/2020  0400    66.8   47.5     2.0     0.000   0   50.00  269.0    6.2     617
 54  08/20/2020  0500    66.3   45.3     2.3     0.000   0   46.71  258.8    5.4      --
 55  08/20/2020  0600    66.1   44.6     2.5     0.000   0   45.82  245.3    4.7      --
 56  08/20/2020  0700    66.7   45.2     2.7     0.000   0   45.89  228.6    4.4      --
 57  08/20/2020  0800    68.2   47.2     2.7     0.000   0   47.05  211.2    4.5      --
 58  08/20/2020  0900    70.8   49.5     2.6     0.000   0   46.99  195.7    5.0      --
 59  08/20/2020  1000    74.2   51.6     2.6     0.000   0   45.21  183.7    5.7  no_inv
 60  08/20/2020  1100    78.6   53.0     3.9     0.000   0   41.15  196.2    6.6      --
 61  08/20/2020  1200    84.1   53.5     5.2     0.000   0   35.03  205.5    7.6      --
 62  08/20/2020  1300    88.4   51.5     6.5     0.000   0   28.45  212.4    8.9      --
 63  08/20/2020  1400    90.4   49.3     7.8     0.000   0   24.56  217.6   10.2      --
 64  08/20/2020  1500    91.5   47.0     9.1     0.000   0   21.84  221.5   11.6      --
 65  08/20/2020  1600    91.9   45.5    10.4     0.000   0   20.33  224.6   13.0  no_inv
 66  08/20/2020  1700    91.4   44.8    11.9     0.000   0   20.09  237.3   13.8      --
 67  08/20/2020  1800    88.8   44.5    13.3     0.000   0   21.56  248.1   15.1      --
 68  08/20/2020  1900    85.5   44.5    14.8     0.000   0   23.94  256.9   17.0      --
 69  08/20/2020  2000    82.2   45.7    16.2     0.000   0   27.80  263.9   19.1      --
 70  08/20/2020  2100    78.9   47.2    17.7     0.000   0   32.75  269.4   21.4      --
 71  08/20/2020  2200    75.7   48.8    19.1     0.000   0   38.79  273.8   23.9  no_inv
 72  08/20/2020  2300    74.5   50.4    17.5     0.000   0   42.78  269.4   21.1      --
 73  08/21/2020  0000    74.2   51.9    15.8     0.000   0   45.70  263.8   18.5      --
 74  08/21/2020  0100    73.9   53.2    14.2     0.000   0   48.52  256.4   16.1      --
 75  08/21/2020  0200    73.5   54.2    12.5     0.000   0   50.98  246.6   14.1      --
 76  08/21/2020  0300    73.1   56.3    10.9     0.000   0   55.79  234.1   12.6      --
 77  08/21/2020  0400    72.7   57.0     9.2     0.000   0   58.01  219.1   11.9   14859
 78  08/21/2020  0500    72.3   57.0     8.3     0.000   0   58.52  218.9   11.2      --
 79  08/21/2020  0600    72.1   55.0     7.4     0.000   0   54.89  218.5   10.6      --
 80  08/21/2020  0700    72.3   52.2     6.5     0.000   0   49.33  218.1   10.1      --
 81  08/21/2020  0800    72.9   53.6     5.6     0.000   0   50.84  217.7    9.4      --
 82  08/21/2020  0900    74.0   52.9     4.7     0.000   0   47.82  217.3    8.9      --
 83  08/21/2020  1000    75.5   52.2     3.7     0.000   0   44.21  216.7    8.3    6136
 84  08/21/2020  1100    78.1   51.4     4.9     0.000   0   39.56  222.5    9.0      --
 85  08/21/2020  1200    81.6   50.8     6.2     0.000   0   34.38  227.3    9.9      --
 86  08/21/2020  1300    84.6   50.8     7.4     0.000   0   31.28  231.3   10.8      --
 87  08/21/2020  1400    86.4   51.3     8.6     0.000   0   30.01  234.7   11.8      --
 88  08/21/2020  1500    87.7   52.0     9.8     0.000   0   29.63  237.6   12.8      --
 89  08/21/2020  1600    88.4   52.2    11.0     0.000   0   29.20  240.0   13.8  no_inv
 90  08/21/2020  1700    88.4   51.8    11.9     0.000   0   28.70  254.6   12.8      --
 91  08/21/2020  1800    86.3   50.8    12.7     0.000   0   29.62  270.5   12.8      --
 92  08/21/2020  1900    83.4   50.2    13.6     0.000   0   31.76  285.4   13.6      --
 93  08/21/2020  2000    80.4   49.8    14.4     0.000   0   34.48  297.7   15.3      --
 94  08/21/2020  2100    77.5   49.8    15.3     0.000   0   37.86  307.3   17.5      --
 95  08/21/2020  2200    74.6   50.0    16.1     0.000   0   41.97  314.5   20.1   12792
 96  08/21/2020  2300    70.8   50.1    14.7     0.000   0   47.93  314.7   18.8      --
 97  08/22/2020  0000    67.6   50.3    13.4     0.000   0   53.79  314.9   17.4      --
 98  08/22/2020  0100    64.6   51.7    12.0     0.000   0   63.10  315.1   16.0      --
 99  08/22/2020  0200    61.8   52.1    10.6     0.000   0   70.48  315.3   14.6      --
100  08/22/2020  0300    59.4   52.5     9.2     0.000   0   78.10  315.6   13.3      --
101  08/22/2020  0400    57.4   52.5     7.8     0.000   0   83.78  316.0   11.9     705
102  08/22/2020  0500    55.9   52.2     6.8     0.000   0   87.31  312.0   10.1      --
103  08/22/2020  0600    55.5   51.8     5.9     0.000   0   87.43  306.2    8.4      --
104  08/22/2020  0700    56.6   51.6     4.9     0.000   0   83.19  297.7    6.8      --
105  08/22/2020  0800    59.5   47.7     3.9     0.000   0   64.93  284.4    5.4      --
106  08/22/2020  0900    64.1   46.3     3.0     0.000   0   52.50  264.2    4.5      --
107  08/22/2020  1000    69.8   44.8     2.0     0.000   0   40.72  238.9    4.4    5377
108  08/22/2020  1100    75.8   43.3     2.0     0.000   0   31.39  242.6    4.3      --
109  08/22/2020  1200    81.3   42.0     2.0     0.000   0   24.89  246.4    4.3      --
110  08/22/2020  1300    85.3   40.8     2.0     0.000   0   20.86  250.3    4.3      --
111  08/22/2020  1400    87.3   39.8     2.0     0.000   0   18.89  254.1    4.3      --
112  08/22/2020  1500    88.4   39.3     2.0     0.000   0   17.87  257.9    4.3      --
113  08/22/2020  1600    88.9   39.1     2.0     0.000   0   17.44  261.6    4.4    7086
114  08/22/2020  1700    88.9   39.1     1.9     0.000   0   17.46  266.7    4.2      --
115  08/22/2020  1800    87.1   39.3     1.9     0.000   0   18.65  272.2    4.0      --
116  08/22/2020  1900    82.6   39.9     1.8     0.000   0   22.01  278.2    3.9      --
117  08/22/2020  2000    77.7   39.9     1.8     0.000   0   25.81  284.5    3.8      --
118  08/22/2020  2100    72.8   39.9     1.7     0.000   0   30.38  291.1    3.7      --
119  08/22/2020  2200    67.9   39.9     1.7     0.000   0   35.88  297.7    3.7     644
120  08/22/2020  2300    63.9   39.9     2.8     0.000   0   41.25  304.3    4.9      --
121  08/23/2020  0000    61.5   39.9     3.8     0.000   0   44.92  308.3    6.2      --
122  08/23/2020  0100    59.2   39.9     4.9     0.000   0   48.75  310.9    7.5      --
123  08/23/2020  0200    57.1   41.3     6.0     0.000   0   55.53  312.7    8.8      --
124  08/23/2020  0300    55.2   43.0     7.1     0.000   0   63.16  314.1   10.0      --
125  08/23/2020  0400    53.7   44.3     8.2     0.000   0   70.33  315.2   11.3  no_inv
126  08/23/2020  0500    52.5   42.8     7.1     0.000   0   69.47  312.0    9.2      --
127  08/23/2020  0600    52.1   41.5     6.0     0.000   0   67.03  306.9    7.2      --
128  08/23/2020  0700    53.8   40.7     4.9     0.000   0   60.92  297.8    5.2      --
129  08/23/2020  0800    58.1   40.1     3.8     0.000   0   51.07  279.2    3.5      --
130  08/23/2020  0900    64.6   39.0     2.7     0.000   0   38.89  240.9    2.7      --
131  08/23/2020  1000    72.5   37.8     1.5     0.000   0   28.35  201.1    3.4    4554
132  08/23/2020  1100    80.2   36.7     1.8     0.000   0   21.01  213.1    3.8      --
133  08/23/2020  1200    85.7   35.6     2.1     0.000   0   16.82  222.8    4.2      --
134  08/23/2020  1300    89.8   34.7     2.3     0.000   0   14.26  230.3    4.8      --
135  08/23/2020  1400    91.8   34.0     2.6     0.000   0   13.02  236.1    5.5      --
136  08/23/2020  1500    92.9   33.5     2.8     0.000   0   12.37  240.7    6.1      --
137  08/23/2020  1600    93.4   33.4     3.1     0.000   0   12.09  244.3    6.9  no_inv
138  08/23/2020  1700    93.5   33.5     6.2     0.000   0   12.14  280.1    7.6      --
139  08/23/2020  1800    91.6   34.0     9.2     0.000   0   13.09  302.6   10.5      --
140  08/23/2020  1900    86.8   34.7    12.3     0.000   0   15.64  314.4   14.2      --
141  08/23/2020  2000    81.5   35.6    15.4     0.000   0   19.25  321.2   18.3      --
142  08/23/2020  2100    76.1   36.6    18.4     0.000   0   23.94  325.4   22.5      --
143  08/23/2020  2200    70.8   37.8    21.5     0.000   0   29.96  328.3   26.9     605
144  08/23/2020  2300    66.8   38.9    19.2     0.000   0   35.95  325.8   23.9      --
145  08/24/2020  0000    64.5   40.0    16.8     0.000   0   40.54  322.5   21.0      --
146  08/24/2020  0100    62.4   40.9    14.5     0.000   0   45.26  318.2   18.2      --
147  08/24/2020  0200    60.4   41.6    12.1     0.000   0   49.80  312.4   15.5      --
148  08/24/2020  0300    58.8   43.5     9.8     0.000   0   56.89  304.3   13.0      --
149  08/24/2020  0400    57.4   42.4     7.5     0.000   0   57.41  292.8   11.0  no_inv
150  08/24/2020  0500    56.3   40.0     6.8     0.000   0   54.18  289.1   10.1      --
151  08/24/2020  0600    55.9   37.5     6.1     0.000   0   49.79  284.7    9.4      --
152  08/24/2020  0700    57.3   36.0     5.3     0.000   0   44.70  279.6    8.6      --
153  08/24/2020  0800    60.6   40.1     4.6     0.000   0   46.85  273.7    8.0      --
154  08/24/2020  0900    65.6   39.2     3.9     0.000   0   37.78  266.8    7.5      --
155  08/24/2020  1000    71.6   38.1     3.2     0.000   0   29.52  259.0    7.1    6143
156  08/24/2020  1100    77.2   37.0     5.4     0.000   0   23.44  279.6    8.3      --
157  08/24/2020  1200    81.2   36.0     7.7     0.000   0   19.79  293.8   10.2      --
158  08/24/2020  1300    84.0   35.9     9.9     0.000   0   18.01  303.0   12.6      --
159  08/24/2020  1400    85.2   35.7    12.1     0.000   0   17.13  309.1   15.2      --
160  08/24/2020  1500    85.8   34.9    14.4     0.000   0   16.32  313.5   18.0      --
161  08/24/2020  1600    86.1   34.0    16.6     0.000   0   15.62  316.6   20.8    9735
162  08/24/2020  1700    85.9   34.0    17.4     0.000   0   15.70  317.6   21.8      --
163  08/24/2020  1800    84.0   34.0    18.3     0.000   0   16.67  318.4   22.8      --
164  08/24/2020  1900    79.3   34.0    19.1     0.000   0   19.45  319.2   23.9      --
165  08/24/2020  2000    73.7   34.0    19.9     0.000   0   23.37  319.9   24.9      --
166  08/24/2020  2100    68.2   34.0    20.8     0.000   0   28.19  320.6   25.9      --
167  08/24/2020  2200    62.7   34.0    21.6     0.000   0   34.17  321.2   27.0     682
