  Generated by FoxLW on Wednesday June 10, 2020 at 09:25 PDT
-------------------------------------------------------------------------------
  WSU Tri-Cities
  46.3300:-119.2700  (46 19' 48.00"N  119 16' 12.00"W)  elev 397.0 feet    file: 100148
-------------------------------------------------------------------------------

Line#   Date     Hour   TempF  DewPtF WS(mph)  Rain(in) LW    RH%  WDir_50m WS_50m Inv(ft)
  5  06/10/2020  0400    48.9   48.8     3.9     0.000  10   99.65  260.1    8.7     880
  6  06/10/2020  0500    48.4   48.4     3.8     0.000  10  100.00  266.0    7.9      --
  7  06/10/2020  0600    48.9   48.8     3.6     0.000  10   99.66  273.0    7.3      --
  8  06/10/2020  0700    50.3   47.2     3.4     0.000  10   89.07  281.3    6.8      --
  9  06/10/2020  0800    52.6   47.2     3.2     0.000   5   81.84  290.7    6.4      --
 10  06/10/2020  0900    55.8   47.2     3.0     0.000   0   72.82  300.9    6.2      --
 11  06/10/2020  1000    59.8   47.2     2.8     0.000   0   63.16  311.4    6.3   10790
 12  06/10/2020  1100    64.6   47.2     2.7     0.000   0   53.24  319.6    5.0      --
 13  06/10/2020  1200    71.9   47.2     2.6     0.000   0   41.43  332.9    3.9      --
 14  06/10/2020  1300    77.7   47.2     2.5     0.000   0   34.14  354.5    3.1      --
 15  06/10/2020  1400    80.7   47.2     2.3     0.000   0   31.01   23.1    3.0      --
 16  06/10/2020  1500    82.2   47.2     2.2     0.000   0   29.48   47.8    3.6      --
 17  06/10/2020  1600    83.1   47.2     2.1     0.000   0   28.69   63.5    4.6  no_inv
 18  06/10/2020  1700    83.3   47.2     2.0     0.000   0   28.48   60.3    4.2      --
 19  06/10/2020  1800    81.5   47.2     1.8     0.000   0   30.16   56.5    3.9      --
 20  06/10/2020  1900    78.5   47.2     1.7     0.000   0   33.31   52.2    3.7      --
 21  06/10/2020  2000    75.8   47.2     1.6     0.000   0   36.40   47.0    3.4      --
 22  06/10/2020  2100    71.3   47.2     1.2     0.000   0   42.32   41.1    3.1      --
 23  06/10/2020  2200    67.8   47.2     1.0     0.000   0   47.62   34.2    2.9      44
 24  06/10/2020  2300    65.8   47.2     2.6     0.000   0   51.01    5.1    4.5      --
 25  06/11/2020  0000    64.6   47.2     4.6     0.000   0   53.27  352.5    6.6      --
 26  06/11/2020  0100    63.3   48.6     7.1     0.000   0   58.63  346.2    8.9      --
 27  06/11/2020  0200    62.0   49.2     9.0     0.000   0   62.97  342.5   11.2      --
 28  06/11/2020  0300    61.1   49.0    10.9     0.000   0   64.40  340.1   13.6      --
 29  06/11/2020  0400    60.5   47.2    12.8     0.000   0   61.53  338.4   16.0      12
 30  06/11/2020  0500    60.2   48.7    11.2     0.000   0   65.78  341.0   14.2      --
 31  06/11/2020  0600    60.9   49.5     9.6     0.000   0   65.88  344.4   12.6      --
 32  06/11/2020  0700    62.6   49.7     7.9     0.000   0   62.83  348.9   11.0      --
 33  06/11/2020  0800    65.2   50.6     6.3     0.000   0   59.17  354.7    9.4      --
 34  06/11/2020  0900    68.7   51.5     4.7     0.000   0   54.33    2.8    8.1      --
 35  06/11/2020  1000    72.8   52.4     3.1     0.000   0   48.84   13.8    6.9    4528
 36  06/11/2020  1100    77.0   53.0     3.7     0.000   0   43.37  357.7    6.2      --
 37  06/11/2020  1200    82.0   53.2     4.3     0.000   0   37.03  339.8    6.2      --
 38  06/11/2020  1300    85.7   52.2     4.9     0.000   0   31.80  323.1    6.7      --
 39  06/11/2020  1400    87.6   51.1     5.4     0.000   0   28.77  309.8    7.7      --
 40  06/11/2020  1500    88.4   50.1     6.0     0.000   0   26.92  299.9    9.0      --
 41  06/11/2020  1600    88.8   49.5     6.6     0.000   0   26.00  292.7   10.5  no_inv
 42  06/11/2020  1700    88.9   49.5     8.9     0.000   0   25.96  304.9   12.3      --
 43  06/11/2020  1800    88.0   49.0    11.1     0.000   0   26.17  313.7   14.6      --
 44  06/11/2020  1900    84.8   47.7    13.4     0.000   0   27.57  320.0   17.0      --
 45  06/11/2020  2000    81.3   47.0    15.6     0.000   0   30.13  324.8   19.6      --
 46  06/11/2020  2100    77.9   46.9    17.9     0.000   0   33.63  328.4   22.4      --
 47  06/11/2020  2200    74.4   46.9    20.1     0.000   0   37.69  331.1   25.1    2100
 48  06/11/2020  2300    70.0   46.8    18.8     0.000   0   43.67  328.6   23.4      --
 49  06/12/2020  0000    67.1   46.8    17.6     0.000   0   48.14  325.8   21.6      --
 50  06/12/2020  0100    64.5   46.8    16.3     0.000   0   52.54  322.4   20.0      --
 51  06/12/2020  0200    62.4   46.8    15.0     0.000   0   56.60  318.4   18.4      --
 52  06/12/2020  0300    60.7   46.7    13.8     0.000   0   60.04  313.7   16.9      --
 53  06/12/2020  0400    59.5   46.7    12.5     0.000   0   62.58  308.1   15.6     542
 54  06/12/2020  0500    59.3   48.3    11.4     0.000   0   66.83  301.1   13.5      --
 55  06/12/2020  0600    60.6   48.7    10.3     0.000   0   64.90  291.6   11.6      --
 56  06/12/2020  0700    63.2   47.0     9.2     0.000   0   55.40  279.1   10.2      --
 57  06/12/2020  0800    66.9   47.0     8.2     0.000   0   48.83  263.6    9.4      --
 58  06/12/2020  0900    71.2   47.1     7.1     0.000   0   42.39  246.7    9.4      --
 59  06/12/2020  1000    75.0   47.2     6.0     0.000   0   37.34  231.1   10.2    4361
 60  06/12/2020  1100    77.8   47.1     8.0     0.000   0   33.91  221.2   11.8      --
 61  06/12/2020  1200    79.4   46.8    10.0     0.000   0   31.83  213.8   13.7      --
 62  06/12/2020  1300    79.9   46.6    12.0     0.000   0   31.00  208.3   15.8      --
 63  06/12/2020  1400    72.4   46.1    14.0     0.000   0   39.15  204.1   17.9      --
 64  06/12/2020  1500    67.4   51.1    16.0     0.000   0   55.98  200.8   20.2      --
 65  06/12/2020  1600    62.4   56.4    18.0     0.060   9   80.87  198.1   22.5  no_inv
 66  06/12/2020  1700    67.4   51.0    16.3     0.000   5   55.78  204.4   20.6      --
 67  06/12/2020  1800    65.8   49.2    14.6     0.010   0   54.89  211.7   19.0      --
 68  06/12/2020  1900    63.8   48.2    12.8     0.010   0   56.89  220.3   17.8      --
 69  06/12/2020  2000    66.5   43.4    11.1     0.000   0   43.22  229.9   17.0      --
 70  06/12/2020  2100    61.3   44.7     9.4     0.000   0   54.49  240.1   16.7      --
 71  06/12/2020  2200    60.0   49.6     7.7     0.010   0   68.43  250.3   16.9    6810
 72  06/12/2020  2300    57.5   47.3    10.0     0.000   0   68.59  246.9   18.5      --
 73  06/13/2020  0000    55.8   41.9    12.4     0.000   0   59.43  244.1   20.2      --
 74  06/13/2020  0100    54.2   36.9    14.7     0.000   0   51.88  241.7   21.9      --
 75  06/13/2020  0200    52.7   36.5    17.1     0.000   0   53.96  239.6   23.7      --
 76  06/13/2020  0300    51.3   41.4    19.4     0.000   0   68.84  237.8   25.4      --
 77  06/13/2020  0400    50.2   45.9    21.8     0.040   0   84.84  236.3   27.2   17829
 78  06/13/2020  0500    47.3   40.5    21.0     0.000   0   77.00  235.4   26.1      --
 79  06/13/2020  0600    48.8   37.6    20.1     0.000   0   65.16  234.3   25.1      --
 80  06/13/2020  0700    51.4   35.5    19.2     0.000   0   54.39  233.2   24.0      --
 81  06/13/2020  0800    53.1   35.0    18.4     0.000   0   50.20  231.9   23.0      --
 82  06/13/2020  0900    55.4   34.5    17.6     0.000   0   45.20  230.6   21.9      --
 83  06/13/2020  1000    58.1   34.0    16.7     0.000   0   40.04  229.1   20.9  no_inv
 84  06/13/2020  1100    61.3   33.4    15.0     0.000   0   35.04  228.5   19.1      --
 85  06/13/2020  1200    64.5   32.9    13.2     0.000   0   30.63  227.8   17.4      --
 86  06/13/2020  1300    67.0   32.9    11.5     0.000   0   28.08  227.0   15.6      --
 87  06/13/2020  1400    68.2   33.2     9.8     0.000   0   27.33  225.9   13.9      --
 88  06/13/2020  1500    69.0   34.2     8.0     0.000   0   27.56  224.5   12.1      --
 89  06/13/2020  1600    69.5   34.9     6.3     0.000   0   27.95  222.7   10.4  no_inv
 90  06/13/2020  1700    69.7   34.9     8.4     0.000   0   27.79  233.3   12.0      --
 91  06/13/2020  1800    68.8   34.3    10.4     0.000   0   28.02  241.1   14.0      --
 92  06/13/2020  1900    67.0   34.0    12.4     0.000   0   29.40  247.0   16.1      --
 93  06/13/2020  2000    65.2   34.8    14.5     0.000   0   32.18  251.4   18.4      --
 94  06/13/2020  2100    63.5   36.1    16.5     0.000   0   36.17  254.8   20.8      --
 95  06/13/2020  2200    61.7   37.7    18.5     0.000   0   40.85  257.5   23.2  no_inv
 96  06/13/2020  2300    59.4   39.2    16.2     0.000   0   47.05  255.8   21.0      --
 97  06/14/2020  0000    57.6   40.6    13.9     0.000   0   52.89  253.5   18.7      --
 98  06/14/2020  0100    56.1   43.0    11.6     0.000   0   61.30  250.7   16.6      --
 99  06/14/2020  0200    54.9   44.2     9.3     0.000   0   67.23  247.1   14.4      --
100  06/14/2020  0300    54.0   45.3     7.0     0.000   0   72.34  242.2   12.4      --
101  06/14/2020  0400    53.4   47.4     4.7     0.020   0   80.14  235.5   10.5  no_inv
102  06/14/2020  0500    49.3   42.0     4.7     0.000   0   75.90  234.9   10.3      --
103  06/14/2020  0600    48.9   39.2     4.7     0.000   0   69.22  234.2   10.1      --
104  06/14/2020  0700    51.3   44.4     4.6     0.000   0   77.12  233.6    9.9      --
105  06/14/2020  0800    51.9   44.0     4.6     0.000   0   74.20  232.9    9.7      --
106  06/14/2020  0900    52.9   43.6     4.5     0.000   0   70.44  232.1    9.5      --
107  06/14/2020  1000    59.0   38.7     4.5     0.000   0   46.71  231.4    9.3    8602
108  06/14/2020  1100    61.8   37.4     5.3     0.000   0   40.27  240.4    9.2      --
109  06/14/2020  1200    65.1   36.3     6.1     0.000   0   34.39  249.3    9.4      --
110  06/14/2020  1300    67.4   36.0     6.9     0.000   0   31.30  257.7    9.7      --
111  06/14/2020  1400    68.7   36.3     7.7     0.000   0   30.33  265.4   10.3      --
112  06/14/2020  1500    69.5   37.0     8.5     0.000   0   30.42  272.1   11.0      --
113  06/14/2020  1600    69.9   38.0     9.3     0.000   0   31.18  278.0   11.9   11485
114  06/14/2020  1700    69.7   37.8    10.3     0.000   0   31.10  289.7   12.4      --
115  06/14/2020  1800    68.1   36.6    11.4     0.000   0   31.34  300.1   13.5      --
116  06/14/2020  1900    65.8   35.8    12.4     0.000   0   32.87  308.7   14.9      --
117  06/14/2020  2000    63.6   35.6    13.5     0.000   0   35.24  315.8   16.6      --
118  06/14/2020  2100    61.4   35.9    14.6     0.000   0   38.48  321.4   18.5      --
119  06/14/2020  2200    59.2   36.4    15.6     0.000   0   42.58  326.0   20.5    2199
120  06/14/2020  2300    56.0   37.1    13.4     0.000   0   48.92  323.1   17.1      --
121  06/15/2020  0000    53.3   39.0    11.2     0.000   0   58.25  318.7   13.8      --
122  06/15/2020  0100    50.8   39.8     9.0     0.000   0   65.95  311.6   10.7      --
123  06/15/2020  0200    48.3   39.1     6.2     0.000   0   70.54  299.0    7.8      --
124  06/15/2020  0300    46.4   38.5     3.7     0.000   0   73.61  274.9    5.7      --
125  06/15/2020  0400    45.3   38.1     1.7     0.000   0   75.73  238.0    5.3     765
126  06/15/2020  0500    45.1   37.4     1.9     0.000   0   74.15  238.0    5.0      --
127  06/15/2020  0600    46.1   37.5     2.0     0.000   0   71.77  237.9    4.8      --
128  06/15/2020  0700    48.5   38.5     2.0     0.000   0   68.23  237.8    4.5      --
129  06/15/2020  0800    52.1   40.2     1.9     0.000   0   63.81  237.7    4.2      --
130  06/15/2020  0900    56.6   42.0     1.8     0.000   0   58.11  237.6    3.9      --
131  06/15/2020  1000    61.5   43.7     1.6     0.000   0   51.92  237.5    3.6    6113
132  06/15/2020  1100    66.1   44.8     3.1     0.000   0   46.18  233.8    5.2      --
133  06/15/2020  1200    69.4   45.2     4.6     0.000   0   41.89  231.7    6.7      --
134  06/15/2020  1300    71.9   43.1     6.0     0.000   0   35.37  230.5    8.3      --
135  06/15/2020  1400    73.4   40.5     7.5     0.000   0   30.51  229.6    9.8      --
136  06/15/2020  1500    74.2   38.0     8.9     0.000   0   26.89  229.0   11.4      --
137  06/15/2020  1600    74.8   36.3    10.4     0.000   0   24.66  228.5   13.0  no_inv
138  06/15/2020  1700    75.2   36.3    10.3     0.000   0   24.43  230.6   13.5      --
139  06/15/2020  1800    75.2   36.5    10.2     0.000   0   24.58  232.5   14.1      --
140  06/15/2020  1900    72.8   35.8    10.1     0.000   0   25.96  234.3   14.7      --
141  06/15/2020  2000    68.9   37.5    10.0     0.000   0   31.59  235.9   15.4      --
142  06/15/2020  2100    65.1   39.1     9.9     0.000   0   38.34  237.4   16.0      --
143  06/15/2020  2200    61.3   44.5     9.8     0.000   0   53.99  238.8   16.6  no_inv
144  06/15/2020  2300    59.0   49.9     9.2     0.010   0   71.77  238.4   16.2      --
145  06/16/2020  0000    58.1   50.3     8.7     0.000   0   75.30  237.9   15.9      --
146  06/16/2020  0100    57.3   50.3     8.1     0.000   0   77.40  237.5   15.5      --
147  06/16/2020  0200    56.6   49.7     7.6     0.000   0   77.69  237.0   15.1      --
148  06/16/2020  0300    56.1   48.7     7.1     0.000   0   76.23  236.5   14.8      --
149  06/16/2020  0400    55.7   49.0     6.5     0.010   0   78.31  235.9   14.4   12699
150  06/16/2020  0500    53.5   45.2     6.4     0.000   0   73.61  239.2   13.5      --
151  06/16/2020  0600    53.4   44.7     6.2     0.000   0   72.08  242.9   12.7      --
152  06/16/2020  0700    53.9   45.4     6.1     0.000   0   73.00  247.1   11.9      --
153  06/16/2020  0800    54.1   44.2     5.9     0.000   0   69.14  251.9   11.2      --
154  06/16/2020  0900    54.4   42.6     5.8     0.000   0   64.39  257.3   10.5      --
155  06/16/2020  1000    53.7   42.4     5.7     0.010   0   65.48  263.3   10.0  no_inv
156  06/16/2020  1100    58.7   37.0     7.5     0.000   0   44.29  275.7   11.2      --
157  06/16/2020  1200    63.7   34.8     9.4     0.000   0   33.98  285.4   12.7      --
158  06/16/2020  1300    69.3   33.8    11.3     0.000   0   26.91  292.8   14.6      --
159  06/16/2020  1400    70.8   33.0    13.1     0.000   0   24.84  298.4   16.6      --
160  06/16/2020  1500    71.2   32.0    15.0     0.000   0   23.42  302.8   18.8      --
161  06/16/2020  1600    70.8   31.1    16.9     0.000   0   22.93  306.3   21.0   11464
162  06/16/2020  1700    68.8   31.1    16.0     0.000   0   24.60  307.5   20.1      --
163  06/16/2020  1800    66.5   31.6    15.2     0.000   0   27.18  308.8   19.1      --
164  06/16/2020  1900    64.6   31.9    14.4     0.000   0   29.37  310.3   18.2      --
165  06/16/2020  2000    62.6   31.9    13.6     0.000   0   31.41  311.9   17.2      --
166  06/16/2020  2100    60.7   31.6    12.8     0.000   0   33.25  313.7   16.3      --
167  06/16/2020  2200    58.8   31.1    12.0     0.000   0   34.84  315.7   15.4  no_inv
