  Generated by FoxLW on Wednesday May 6, 2020 at 04:52 PDT
-------------------------------------------------------------------------------
  WSU Tri-Cities
  46.3300:-119.2700  (46 19' 48.00"N  119 16' 12.00"W)  elev 397.0 feet    file: 100148
-------------------------------------------------------------------------------

Line#   Date     Hour   TempF  DewPtF WS(mph)  Rain(in) LW    RH%  WDir_50m WS_50m Inv(ft)
  5  05/06/2020  0400    46.3   45.4     5.8     0.130  10   96.65  288.8   12.9    4488
  6  05/06/2020  0500    48.5   44.9     8.7     0.080  10   87.45  280.5   15.2      --
  7  05/06/2020  0600    48.0   44.4    11.5     0.030   5   87.45  274.5   17.6      --
  8  05/06/2020  0700    47.0   43.4    14.3     0.000   0   87.18  269.9   20.2      --
  9  05/06/2020  0800    47.1   43.2    17.1     0.000   0   86.21  266.4   22.9      --
 10  05/06/2020  0900    47.6   42.4    19.9     0.000   0   81.95  263.6   25.6      --
 11  05/06/2020  1000    55.6   37.0    22.8     0.000   0   49.45  261.4   28.5  no_inv
 12  05/06/2020  1100    59.4   31.6    22.1     0.000   0   34.85  263.4   27.5      --
 13  05/06/2020  1200    62.9   28.6    21.4     0.000   0   27.30  265.5   26.6      --
 14  05/06/2020  1300    65.2   26.2    20.7     0.000   0   22.70  267.7   25.7      --
 15  05/06/2020  1400    66.4   24.3    20.0     0.000   0   20.18  270.1   24.9      --
 16  05/06/2020  1500    66.8   23.1    19.3     0.000   0   18.91  272.6   24.0      --
 17  05/06/2020  1600    66.9   22.7    18.6     0.000   0   18.50  275.3   23.3  no_inv
 18  05/06/2020  1700    66.8   22.8    16.9     0.000   0   18.68  276.5   22.2      --
 19  05/06/2020  1800    65.8   23.9    15.2     0.000   0   20.22  277.7   21.0      --
 20  05/06/2020  1900    62.4   25.1    13.4     0.000   0   23.94  279.1   19.9      --
 21  05/06/2020  2000    57.5   26.4    11.7     0.000   0   30.13  280.6   18.8      --
 22  05/06/2020  2100    52.6   27.0     9.9     0.000   0   36.98  282.4   17.7      --
 23  05/06/2020  2200    47.6   28.4     8.2     0.000   0   46.98  284.4   16.6   12473
 24  05/06/2020  2300    43.8   29.1     7.1     0.000   0   55.89  281.2   14.7      --
 25  05/07/2020  0000    41.8   29.2     6.1     0.000   0   60.75  277.2   12.8      --
 26  05/07/2020  0100    39.7   29.1     5.1     0.000   0   65.35  271.8   11.0      --
 27  05/07/2020  0200    36.4   30.7     2.7     0.000   0   79.42  264.3    9.3      --
 28  05/07/2020  0300    34.9   31.5     1.6     0.000   0   87.29  253.9    7.9      --
 29  05/07/2020  0400    34.1   32.0     0.8     0.000   5   91.85  239.7    6.8    1055
 30  05/07/2020  0500    33.8   30.9     1.0     0.000  10   88.90  238.8    5.9      --
 31  05/07/2020  0600    34.4   30.4     1.1     0.000   5   85.36  237.7    4.9      --
 32  05/07/2020  0700    36.6   30.4     1.1     0.000   0   77.97  236.0    4.0      --
 33  05/07/2020  0800    41.4   32.5     1.0     0.000   0   70.42  233.2    3.0      --
 34  05/07/2020  0900    47.2   32.5     0.8     0.000   0   56.59  227.9    2.1      --
 35  05/07/2020  1000    53.6   33.1     0.6     0.000   0   45.61  214.8    1.2    8035
 36  05/07/2020  1100    59.8   33.9     1.0     0.000   0   37.73   97.7    0.5      --
 37  05/07/2020  1200    64.6   34.2     1.5     0.000   0   32.18   61.5    1.8      --
 38  05/07/2020  1300    68.0   34.2     2.0     0.000   0   28.60   56.8    3.3      --
 39  05/07/2020  1400    69.8   34.2     2.5     0.000   0   26.92   54.9    4.8      --
 40  05/07/2020  1500    70.6   34.2     3.0     0.000   0   26.19   54.0    6.3      --
 41  05/07/2020  1600    71.0   34.2     3.5     0.000   0   25.84   53.4    7.8    6326
 42  05/07/2020  1700    71.0   34.2     4.6     0.000   0   25.78   56.9    8.6      --
 43  05/07/2020  1800    70.2   34.2     5.8     0.000   0   26.57   59.8    9.4      --
 44  05/07/2020  1900    67.1   35.0     6.9     0.000   0   30.43   62.2   10.3      --
 45  05/07/2020  2000    64.0   36.0     8.0     0.000   0   35.36   64.2   11.1      --
 46  05/07/2020  2100    60.9   36.8     9.1     0.000   0   40.58   66.0   12.0      --
 47  05/07/2020  2200    57.8   37.4    10.3     0.000   0   46.57   67.5   12.9     934
 48  05/07/2020  2300    53.1   38.3     9.2     0.000   0   57.09   59.5   10.7      --
 49  05/08/2020  0000    49.9   39.0     8.2     0.000   0   66.02   47.8    8.7      --
 50  05/08/2020  0100    46.7   37.2     6.7     0.000   0   69.41   30.7    7.4      --
 51  05/08/2020  0200    44.0   35.8     4.8     0.000   0   72.83    8.7    6.9      --
 52  05/08/2020  0300    42.3   35.0     3.3     0.000   0   75.16  347.1    7.5      --
 53  05/08/2020  0400    41.5   34.2     2.1     0.000   0   75.20  330.5    8.9     802
 54  05/08/2020  0500    41.1   34.2     3.3     0.000   0   76.15  344.1    8.4      --
 55  05/08/2020  0600    41.8   34.5     4.8     0.000   0   75.11  358.7    8.3      --
 56  05/08/2020  0700    44.2   36.9     6.6     0.000   0   75.56   12.4    8.8      --
 57  05/08/2020  0800    48.6   37.8     8.0     0.000   0   66.22   24.2    9.8      --
 58  05/08/2020  0900    54.3   39.2     9.0     0.000   0   56.57   33.6   11.0      --
 59  05/08/2020  1000    60.7   40.3    10.0     0.000   0   46.98   40.9   12.5    5485
 60  05/08/2020  1100    66.9   41.1     9.8     0.000   0   38.90   40.5   12.4      --
 61  05/08/2020  1200    72.1   41.2     9.5     0.000   0   32.85   40.1   12.2      --
 62  05/08/2020  1300    75.8   40.2     9.3     0.000   0   27.89   39.8   12.1      --
 63  05/08/2020  1400    77.7   39.0     9.1     0.000   0   25.02   39.4   11.9      --
 64  05/08/2020  1500    78.6   38.0     8.8     0.000   0   23.31   39.0   11.8      --
 65  05/08/2020  1600    79.0   37.5     8.6     0.000   0   22.51   38.5   11.6    6292
 66  05/08/2020  1700    79.1   37.5     8.1     0.000   0   22.44   40.7   11.3      --
 67  05/08/2020  1800    78.2   37.3     7.6     0.000   0   22.92   42.9   11.0      --
 68  05/08/2020  1900    74.8   37.8     7.1     0.000   0   26.12   45.2   10.8      --
 69  05/08/2020  2000    70.7   38.1     6.6     0.000   0   30.43   47.7   10.5      --
 70  05/08/2020  2100    66.6   38.5     6.1     0.000   0   35.57   50.3   10.2      --
 71  05/08/2020  2200    62.4   38.7     5.6     0.000   0   41.42   53.0   10.0      95
 72  05/08/2020  2300    59.3   38.9     6.6     0.000   0   46.77   33.3    9.1      --
 73  05/09/2020  0000    57.8   39.5     7.7     0.000   0   50.45   12.1    9.4      --
 74  05/09/2020  0100    56.5   40.0     8.7     0.000   0   53.98  354.4   10.8      --
 75  05/09/2020  0200    55.3   40.3     9.8     0.000   0   56.93  341.7   13.0      --
 76  05/09/2020  0300    54.4   40.3    10.8     0.000   0   58.68  333.0   15.6      --
 77  05/09/2020  0400    53.8   40.0    11.9     0.000   0   59.47  326.8   18.5    1544
 78  05/09/2020  0500    53.3   40.0    11.7     0.000   0   60.61  329.8   17.5      --
 79  05/09/2020  0600    53.6   40.0    11.5     0.000   0   59.87  333.2   16.6      --
 80  05/09/2020  0700    54.8   39.9    11.3     0.000   0   57.08  336.9   15.7      --
 81  05/09/2020  0800    57.0   38.2    11.2     0.000   0   49.26  341.0   14.9      --
 82  05/09/2020  0900    60.2   38.0    11.0     0.000   0   43.64  345.6   14.2      --
 83  05/09/2020  1000    64.1   37.8    10.8     0.000   0   37.67  350.7   13.6    3838
 84  05/09/2020  1100    68.5   37.5     9.7     0.000   0   32.13  354.8   12.5      --
 85  05/09/2020  1200    74.6   37.3     8.6     0.000   0   25.95  359.5   11.6      --
 86  05/09/2020  1300    79.4   37.8     7.5     0.000   0   22.51    5.1   10.8      --
 87  05/09/2020  1400    82.1   38.3     6.4     0.000   0   21.10   11.5   10.0      --
 88  05/09/2020  1500    83.3   39.0     5.3     0.000   0   20.76   18.8    9.5      --
 89  05/09/2020  1600    84.0   39.7     4.2     0.000   0   20.84   26.9    9.1  no_inv
 90  05/09/2020  1700    84.3   39.7     6.8     0.000   0   20.67   33.4   11.5      --
 91  05/09/2020  1800    83.5   38.9     9.3     0.000   0   20.58   37.6   14.0      --
 92  05/09/2020  1900    80.1   38.2    11.8     0.000   0   22.36   40.5   16.5      --
 93  05/09/2020  2000    76.3   36.3    14.4     0.000   0   23.43   42.7   19.1      --
 94  05/09/2020  2100    72.6   35.6    16.9     0.000   0   25.86   44.3   21.7      --
 95  05/09/2020  2200    68.8   35.1    19.5     0.000   0   28.85   45.5   24.3  no_inv
 96  05/09/2020  2300    65.2   34.6    18.6     0.000   0   32.02   39.3   22.1      --
 97  05/10/2020  0000    63.2   34.2    17.7     0.000   0   33.79   31.9   20.2      --
 98  05/10/2020  0100    61.3   33.8    16.8     0.000   0   35.53   23.0   18.7      --
 99  05/10/2020  0200    59.7   33.5    15.9     0.000   0   37.17   12.9   17.7      --
100  05/10/2020  0300    58.4   33.3    15.0     0.000   0   38.67    2.0   17.3      --
101  05/10/2020  0400    57.4   33.3    14.1     0.000   0   39.96  351.0   17.6     950
102  05/10/2020  0500    56.8   33.3    13.9     0.000   0   40.93  354.5   17.1      --
103  05/10/2020  0600    57.3   33.5    13.6     0.000   0   40.65  358.2   16.8      --
104  05/10/2020  0700    58.6   33.9    13.4     0.000   0   39.18    2.0   16.4      --
105  05/10/2020  0800    61.0   34.3    13.2     0.000   0   36.58    6.0   16.2      --
106  05/10/2020  0900    64.4   34.8    13.0     0.000   0   33.15   10.0   16.0      --
107  05/10/2020  1000    68.4   35.3    12.8     0.000   0   29.44   14.2   15.9    3708
108  05/10/2020  1100    72.6   35.8    13.4     0.000   0   26.01   18.0   16.5      --
109  05/10/2020  1200    77.7   36.2    14.0     0.000   0   22.42   21.6   17.2      --
110  05/10/2020  1300    81.4   36.8    14.6     0.000   0   20.26   24.9   18.0      --
111  05/10/2020  1400    83.3   37.1    15.2     0.000   0   19.26   27.9   18.8      --
112  05/10/2020  1500    84.2   37.2    15.8     0.000   0   18.81   30.7   19.6      --
113  05/10/2020  1600    84.6   37.2    16.4     0.000   0   18.58   33.2   20.5    7821
114  05/10/2020  1700    84.7   37.2    16.4     0.000   0   18.48   33.3   20.5      --
115  05/10/2020  1800    83.8   37.0    16.3     0.000   0   18.87   33.4   20.4      --
116  05/10/2020  1900    80.5   36.7    16.2     0.000   0   20.78   33.5   20.3      --
117  05/10/2020  2000    76.4   36.3    16.2     0.000   0   23.37   33.6   20.2      --
118  05/10/2020  2100    72.4   35.8    16.1     0.000   0   26.27   33.7   20.1      --
119  05/10/2020  2200    68.3   35.3    16.0     0.000   0   29.55   33.8   20.1    1911
120  05/10/2020  2300    65.7   34.8    17.2     0.000   0   31.65   21.7   19.6      --
121  05/11/2020  0000    64.7   34.3    18.3     0.000   0   32.25    9.5   20.0      --
122  05/11/2020  0100    63.6   33.9    19.5     0.000   0   32.92  358.3   21.2      --
123  05/11/2020  0200    62.6   33.6    20.6     0.000   0   33.63  348.6   23.2      --
124  05/11/2020  0300    61.8   33.4    21.8     0.000   0   34.38  340.7   25.7      --
125  05/11/2020  0400    61.1   33.3    22.9     0.000   0   35.15  334.2   28.6    2726
126  05/11/2020  0500    60.8   33.5    21.4     0.000   0   35.81  336.4   26.6      --
127  05/11/2020  0600    60.7   34.1    19.9     0.000   0   36.73  339.0   24.5      --
128  05/11/2020  0700    60.7   35.0    18.3     0.000   0   38.16  342.0   22.5      --
129  05/11/2020  0800    60.7   36.3    16.8     0.000   0   40.08  345.5   20.6      --
130  05/11/2020  0900    60.7   37.7    15.2     0.000   0   42.39  349.8   18.8      --
131  05/11/2020  1000    60.7   39.2    13.7     0.000   0   44.98  355.0   17.1    3527
132  05/11/2020  1100    60.8   40.7    13.4     0.000   0   47.53  359.7   16.4      --
133  05/11/2020  1200    63.1   42.1    13.1     0.000   0   46.29    4.9   15.8      --
134  05/11/2020  1300    68.1   43.5    12.9     0.000   0   41.07   10.3   15.4      --
135  05/11/2020  1400    72.1   44.5    12.6     0.000   0   37.07   16.0   15.1      --
136  05/11/2020  1500    74.8   44.9    12.3     0.000   0   34.51   21.9   15.0      --
137  05/11/2020  1600    76.2   45.0    12.0     0.000   0   32.96   27.9   15.0    5931
138  05/11/2020  1700    76.7   44.9    12.0     0.000   0   32.43   24.3   14.8      --
139  05/11/2020  1800    74.6   44.8    11.9     0.000   0   34.59   20.6   14.6      --
140  05/11/2020  1900    71.9   45.3    11.9     0.000   0   38.53   16.8   14.6      --
141  05/11/2020  2000    69.6   45.2    11.8     0.000   0   41.52   13.1   14.5      --
142  05/11/2020  2100    67.3   44.9    11.8     0.000   0   44.41    9.3   14.6      --
143  05/11/2020  2200    65.1   44.4    11.8     0.000   0   47.13    5.5   14.7     411
144  05/11/2020  2300    63.4   44.4    10.1     0.000   0   49.86    3.4   12.9      --
145  05/12/2020  0000    62.5   43.9     8.6     0.000   0   50.59    0.6   11.1      --
146  05/12/2020  0100    61.7   43.8     6.9     0.000   0   51.86  356.8    9.4      --
147  05/12/2020  0200    60.8   43.9     5.3     0.000   0   53.50  351.2    7.7      --
148  05/12/2020  0300    60.2   44.0     3.8     0.000   0   55.12  342.7    6.1      --
149  05/12/2020  0400    60.5   44.3     2.2     0.000   0   55.16  328.8    4.8    3384
150  05/12/2020  0500    59.2   44.3     3.9     0.000   0   57.66  297.4    5.0      --
151  05/12/2020  0600    59.3   43.9     5.6     0.000   0   56.75  274.9    6.4      --
152  05/12/2020  0700    59.7   40.0     7.4     0.000   0   48.16  261.8    8.5      --
153  05/12/2020  0800    60.4   39.4     9.1     0.000   0   45.76  254.0   10.8      --
154  05/12/2020  0900    61.5   38.7    10.8     0.000   0   42.74  249.0   13.2      --
155  05/12/2020  1000    63.0   37.9    12.6     0.000   0   39.34  245.6   15.7    6686
156  05/12/2020  1100    65.3   37.1    11.2     0.000   0   35.32  249.4   14.3      --
157  05/12/2020  1200    69.7   36.4     9.8     0.000   0   29.46  254.0   12.9      --
158  05/12/2020  1300    73.3   36.5     8.4     0.000   0   26.18  259.7   11.7      --
159  05/12/2020  1400    75.0   37.1     6.9     0.000   0   25.25  266.6   10.6      --
160  05/12/2020  1500    75.8   37.9     5.5     0.000   0   25.38  274.9    9.7      --
161  05/12/2020  1600    76.1   38.8     4.1     0.000   0   26.11  284.8    9.0  no_inv
162  05/12/2020  1700    75.8   38.8     4.0     0.000   0   26.32  284.9    8.7      --
163  05/12/2020  1800    73.8   37.8     3.8     0.000   0   27.17  285.1    8.4      --
164  05/12/2020  1900    71.6   37.6     3.7     0.000   0   28.92  285.2    8.2      --
165  05/12/2020  2000    69.8   37.6     3.6     0.000   0   30.75  285.4    7.9      --
166  05/12/2020  2100    68.0   37.6     3.4     0.000   0   32.72  285.6    7.6      --
167  05/12/2020  2200    66.2   37.6     3.3     0.000   0   34.83  285.8    7.3  no_inv
