  Generated by FoxLW on Wednesday May 6, 2020 at 04:52 PDT
-------------------------------------------------------------------------------
  WSU Prosser
  46.2600:-119.7400  (46 15' 36.00"N  119 44' 24.00"W)  elev 928.5 feet    file: 300033
-------------------------------------------------------------------------------

Line#   Date     Hour   TempF  DewPtF WS(mph)  Rain(in) LW    RH%  WDir_50m WS_50m Inv(ft)
  5  05/06/2020  0400    46.5   45.5     2.3     0.140  10   96.65  265.8    5.1    1038
  6  05/06/2020  0500    46.3   42.8     5.8     0.090  10   87.34  264.8    9.1      --
  7  05/06/2020  0600    46.0   42.4     9.2     0.030   5   87.32  264.3   13.0      --
  8  05/06/2020  0700    44.9   41.3    12.7     0.000   0   87.07  264.1   17.0      --
  9  05/06/2020  0800    44.9   41.2    16.1     0.000   0   86.51  264.0   20.9      --
 10  05/06/2020  0900    45.5   41.0    19.6     0.000   0   84.19  263.9   24.9      --
 11  05/06/2020  1000    52.2   35.6    23.0     0.000   0   52.97  263.8   28.8  no_inv
 12  05/06/2020  1100    55.0   31.4    22.8     0.000   0   40.34  266.4   28.4      --
 13  05/06/2020  1200    59.2   29.3    22.6     0.000   0   31.97  269.0   28.0      --
 14  05/06/2020  1300    62.2   27.5    22.4     0.000   0   26.63  271.6   27.7      --
 15  05/06/2020  1400    63.8   26.1    22.1     0.000   0   23.84  274.4   27.4      --
 16  05/06/2020  1500    64.4   25.3    21.9     0.000   0   22.48  277.2   27.2      --
 17  05/06/2020  1600    64.7   25.0    21.6     0.000   0   22.00  280.0   27.0  no_inv
 18  05/06/2020  1700    64.7   25.0    21.1     0.000   0   22.07  281.0   26.3      --
 19  05/06/2020  1800    63.7   25.1    20.5     0.000   0   22.94  282.2   25.6      --
 20  05/06/2020  1900    60.7   25.3    20.0     0.000   0   25.68  283.3   24.9      --
 21  05/06/2020  2000    57.5   25.6    19.4     0.000   0   29.11  284.6   24.2      --
 22  05/06/2020  2100    54.3   25.9    18.8     0.000   0   33.11  285.9   23.5      --
 23  05/06/2020  2200    51.0   26.2    18.3     0.000   0   37.76  287.3   22.8     527
 24  05/06/2020  2300    48.8   26.5    16.7     0.000   0   41.64  287.4   21.0      --
 25  05/07/2020  0000    47.7   26.8    15.1     0.000   0   43.92  287.6   19.1      --
 26  05/07/2020  0100    46.6   27.0    13.6     0.000   0   46.21  287.8   17.3      --
 27  05/07/2020  0200    45.6   27.2    12.0     0.000   0   48.36  288.1   15.4      --
 28  05/07/2020  0300    44.7   28.9    10.4     0.000   0   53.60  288.4   13.6      --
 29  05/07/2020  0400    44.0   29.4     8.9     0.000   0   56.20  288.8   11.8     522
 30  05/07/2020  0500    43.4   29.4     7.6     0.000   0   57.45  287.5   10.1      --
 31  05/07/2020  0600    43.7   29.5     6.3     0.000   0   57.15  285.6    8.5      --
 32  05/07/2020  0700    44.7   29.5     5.0     0.000   0   55.10  282.9    6.9      --
 33  05/07/2020  0800    46.5   28.7     3.7     0.000   0   49.66  278.5    5.3      --
 34  05/07/2020  0900    49.1   28.7     2.4     0.000   0   44.95  270.3    3.7      --
 35  05/07/2020  1000    52.5   28.7     1.1     0.000   0   39.72  252.0    2.4    4218
 36  05/07/2020  1100    56.2   28.7     2.5     0.000   0   34.63  339.3    0.4      --
 37  05/07/2020  1200    61.9   28.7     3.9     0.000   0   28.31   51.6    2.5      --
 38  05/07/2020  1300    66.4   29.1     5.3     0.000   0   24.55   56.5    4.9      --
 39  05/07/2020  1400    68.9   29.7     6.7     0.000   0   23.14   58.2    7.2      --
 40  05/07/2020  1500    70.1   30.3     8.1     0.000   0   22.76   59.0    9.6      --
 41  05/07/2020  1600    70.7   30.8     9.5     0.000   0   22.78   59.5   12.0    9317
 42  05/07/2020  1700    70.9   30.8    10.2     0.000   0   22.56   60.9   12.9      --
 43  05/07/2020  1800    70.1   30.3    10.9     0.000   0   22.72   62.2   13.8      --
 44  05/07/2020  1900    67.3   31.0    11.7     0.000   0   25.76   63.3   14.6      --
 45  05/07/2020  2000    65.4   30.9    12.4     0.000   0   27.34   64.2   15.5      --
 46  05/07/2020  2100    63.5   31.9    13.1     0.000   0   30.48   65.1   16.4      --
 47  05/07/2020  2200    61.7   33.1    13.9     0.000   0   34.08   65.9   17.3     387
 48  05/07/2020  2300    59.6   34.2    13.8     0.000   0   38.38   61.1   17.0      --
 49  05/08/2020  0000    58.4   35.2    13.8     0.000   0   41.76   56.2   16.7      --
 50  05/08/2020  0100    57.4   36.2    13.7     0.000   0   44.84   51.2   16.5      --
 51  05/08/2020  0200    56.6   36.8    13.6     0.000   0   47.41   46.1   16.5      --
 52  05/08/2020  0300    56.1   37.3    13.6     0.000   0   49.23   41.0   16.7      --
 53  05/08/2020  0400    55.7   37.4    13.5     0.000   0   50.14   36.1   16.9     391
 54  05/08/2020  0500    55.5   37.4    14.0     0.000   0   50.44   37.8   17.5      --
 55  05/08/2020  0600    55.6   37.2    14.4     0.000   0   49.80   39.3   18.0      --
 56  05/08/2020  0700    56.3   36.9    14.9     0.000   0   48.03   40.8   18.5      --
 57  05/08/2020  0800    57.5   36.5    15.3     0.000   0   45.23   42.3   19.1      --
 58  05/08/2020  0900    59.3   36.0    15.8     0.000   0   41.66   43.6   19.7      --
 59  05/08/2020  1000    61.6   35.5    16.2     0.000   0   37.69   44.8   20.2    4133
 60  05/08/2020  1100    64.2   35.0    15.7     0.000   0   33.75   45.8   19.6      --
 61  05/08/2020  1200    68.6   34.6    15.2     0.000   0   28.43   46.8   19.0      --
 62  05/08/2020  1300    72.2   34.3    14.8     0.000   0   24.94   47.8   18.4      --
 63  05/08/2020  1400    74.0   34.3    14.3     0.000   0   23.41   49.0   17.8      --
 64  05/08/2020  1500    74.8   34.5    13.8     0.000   0   22.97   50.2   17.2      --
 65  05/08/2020  1600    75.1   34.9    13.3     0.000   0   23.09   51.5   16.6    5739
 66  05/08/2020  1700    75.2   34.7    13.7     0.000   0   22.93   48.8   17.1      --
 67  05/08/2020  1800    74.2   34.5    14.1     0.000   0   23.44   46.3   17.6      --
 68  05/08/2020  1900    71.8   34.5    14.6     0.000   0   25.46   44.0   18.1      --
 69  05/08/2020  2000    70.6   34.8    15.0     0.000   0   26.79   41.8   18.6      --
 70  05/08/2020  2100    69.4   35.3    15.4     0.000   0   28.40   39.7   19.2      --
 71  05/08/2020  2200    68.3   35.8    15.9     0.000   0   30.25   37.7   19.8     383
 72  05/08/2020  2300    65.8   36.4    16.8     0.000   0   33.68   33.7   20.8      --
 73  05/09/2020  0000    64.0   36.9    17.8     0.000   0   36.61   30.1   21.9      --
 74  05/09/2020  0100    62.5   37.4    18.7     0.000   0   39.34   26.9   23.1      --
 75  05/09/2020  0200    61.2   37.7    19.7     0.000   0   41.70   24.0   24.3      --
 76  05/09/2020  0300    60.2   38.0    20.6     0.000   0   43.52   21.4   25.6      --
 77  05/09/2020  0400    59.6   38.0    21.5     0.000   0   44.66   19.0   27.0     401
 78  05/09/2020  0500    59.2   38.0    20.5     0.000   0   45.21   17.9   25.6      --
 79  05/09/2020  0600    59.3   38.0    19.4     0.000   0   45.07   16.8   24.3      --
 80  05/09/2020  0700    59.8   38.0    18.4     0.000   0   44.19   15.5   22.9      --
 81  05/09/2020  0800    60.8   38.0    17.3     0.000   0   42.59   14.0   21.6      --
 82  05/09/2020  0900    62.3   37.9    16.3     0.000   0   40.35   12.3   20.3      --
 83  05/09/2020  1000    64.3   37.9    15.2     0.000   0   37.63   10.5   19.0    4647
 84  05/09/2020  1100    66.6   37.9    14.4     0.000   0   34.65   13.0   17.8      --
 85  05/09/2020  1200    71.7   37.8    13.5     0.000   0   29.10   15.8   16.7      --
 86  05/09/2020  1300    76.2   38.1    12.7     0.000   0   25.31   19.1   15.6      --
 87  05/09/2020  1400    78.7   38.5    11.8     0.000   0   23.68   22.9   14.5      --
 88  05/09/2020  1500    79.8   39.0    11.0     0.000   0   23.28   27.2   13.6      --
 89  05/09/2020  1600    80.4   39.8    10.1     0.000   0   23.50   32.1   12.7  no_inv
 90  05/09/2020  1700    80.6   39.2    11.6     0.000   0   22.88   31.1   14.6      --
 91  05/09/2020  1800    79.8   38.3    13.1     0.000   0   22.64   30.3   16.5      --
 92  05/09/2020  1900    77.0   37.3    14.7     0.000   0   23.91   29.7   18.5      --
 93  05/09/2020  2000    75.0   36.5    16.2     0.000   0   24.71   29.2   20.4      --
 94  05/09/2020  2100    73.0   35.8    17.7     0.000   0   25.77   28.8   22.3      --
 95  05/09/2020  2200    71.0   35.2    19.2     0.000   0   26.85   28.5   24.2     918
 96  05/09/2020  2300    68.4   34.5    19.5     0.000   0   28.56   26.9   24.5      --
 97  05/10/2020  0000    66.7   33.9    19.8     0.000   0   29.53   25.3   24.8      --
 98  05/10/2020  0100    65.2   33.4    20.0     0.000   0   30.44   23.8   25.1      --
 99  05/10/2020  0200    64.0   33.0    20.3     0.000   0   31.28   22.4   25.4      --
100  05/10/2020  0300    63.0   32.7    20.6     0.000   0   32.05   20.9   25.7      --
101  05/10/2020  0400    62.3   32.6    20.8     0.000   0   32.74   19.5   26.1     286
102  05/10/2020  0500    61.9   32.7    21.2     0.000   0   33.25   20.1   26.6      --
103  05/10/2020  0600    62.0   32.8    21.6     0.000   0   33.37   20.8   27.1      --
104  05/10/2020  0700    62.5   33.1    22.0     0.000   0   33.13   21.3   27.7      --
105  05/10/2020  0800    63.4   33.4    22.5     0.000   0   32.50   21.9   28.2      --
106  05/10/2020  0900    64.7   33.8    22.9     0.000   0   31.47   22.4   28.7      --
107  05/10/2020  1000    66.5   34.2    23.3     0.000   0   30.08   23.0   29.3    2191
108  05/10/2020  1100    68.6   34.6    22.9     0.000   0   28.44   25.5   28.6      --
109  05/10/2020  1200    73.3   35.0    22.4     0.000   0   24.65   28.2   27.9      --
110  05/10/2020  1300    77.3   35.3    22.0     0.000   0   21.83   31.1   27.3      --
111  05/10/2020  1400    79.5   35.5    21.6     0.000   0   20.50   34.0   26.8      --
112  05/10/2020  1500    80.5   35.7    21.2     0.000   0   19.97   37.1   26.4      --
113  05/10/2020  1600    81.0   35.7    20.8     0.000   0   19.70   40.2   26.0  no_inv
114  05/10/2020  1700    81.1   35.7    21.7     0.000   0   19.60   38.8   27.1      --
115  05/10/2020  1800    80.2   35.5    22.6     0.000   0   20.05   37.4   28.2      --
116  05/10/2020  1900    77.3   35.3    23.5     0.000   0   21.84   36.1   29.3      --
117  05/10/2020  2000    74.7   35.0    24.3     0.000   0   23.49   35.0   30.4      --
118  05/10/2020  2100    72.2   34.6    25.2     0.000   0   25.23   33.9   31.5      --
119  05/10/2020  2200    69.6   34.2    26.1     0.000   0   27.09   32.9   32.6    1428
120  05/10/2020  2300    66.6   33.8    25.2     0.000   0   29.61   29.7   31.2      --
121  05/11/2020  0000    64.6   33.5    24.3     0.000   0   31.25   26.2   29.9      --
122  05/11/2020  0100    62.8   33.2    23.4     0.000   0   32.85   22.5   28.7      --
123  05/11/2020  0200    61.2   32.9    22.5     0.000   0   34.37   18.4   27.6      --
124  05/11/2020  0300    60.0   32.8    21.6     0.000   0   35.75   14.0   26.7      --
125  05/11/2020  0400    59.0   32.7    20.7     0.000   0   36.94    9.3   25.9     695
126  05/11/2020  0500    58.6   32.8    19.7     0.000   0   37.69   10.1   24.6      --
127  05/11/2020  0600    58.5   33.2    18.6     0.000   0   38.31   10.9   23.3      --
128  05/11/2020  0700    58.6   33.7    17.6     0.000   0   39.06   11.9   21.9      --
129  05/11/2020  0800    58.8   34.5    16.5     0.000   0   39.91   13.1   20.6      --
130  05/11/2020  0900    59.2   35.3    15.5     0.000   0   40.76   14.3   19.3      --
131  05/11/2020  1000    59.7   36.2    14.4     0.000   0   41.51   15.8   18.0    5418
132  05/11/2020  1100    60.8   37.1    14.6     0.000   0   41.33   20.2   18.0      --
133  05/11/2020  1200    64.9   38.0    14.9     0.000   0   36.91   24.7   18.2      --
134  05/11/2020  1300    69.6   38.8    15.1     0.000   0   32.43   29.1   18.4      --
135  05/11/2020  1400    72.1   39.3    15.3     0.000   0   30.44   33.3   18.8      --
136  05/11/2020  1500    73.5   39.7    15.6     0.000   0   29.47   37.4   19.2      --
137  05/11/2020  1600    74.0   39.8    15.8     0.000   0   29.04   41.2   19.7  no_inv
138  05/11/2020  1700    73.9   39.7    16.6     0.000   0   29.16   42.3   20.7      --
139  05/11/2020  1800    71.6   39.8    17.4     0.000   0   31.51   43.3   21.8      --
140  05/11/2020  1900    70.4   39.8    18.2     0.000   0   32.86   44.2   22.8      --
141  05/11/2020  2000    69.6   39.8    19.1     0.000   0   33.82   45.0   23.8      --
142  05/11/2020  2100    68.7   39.8    19.9     0.000   0   34.81   45.7   24.9      --
143  05/11/2020  2200    67.9   39.9    20.7     0.000   0   35.84   46.4   25.9    7451
144  05/11/2020  2300    65.6   39.9    19.0     0.000   0   38.94   45.1   23.6      --
145  05/12/2020  0000    63.7   39.9    17.2     0.000   0   41.66   43.6   21.4      --
146  05/12/2020  0100    62.0   40.0    15.4     0.000   0   44.18   41.7   19.2      --
147  05/12/2020  0200    60.7   40.0    13.7     0.000   0   46.38   39.3   17.0      --
148  05/12/2020  0300    59.6   41.2    11.9     0.000   0   50.56   36.2   14.8      --
149  05/12/2020  0400    58.9   41.5    10.2     0.000   0   52.45   32.0   12.8    3107
150  05/12/2020  0500    58.7   41.9    10.1     0.000   0   53.69   22.3    9.5      --
151  05/12/2020  0600    59.5   41.8    10.0     0.000   0   51.79    4.0    6.9      --
152  05/12/2020  0700    58.6   39.5     9.9     0.000   0   48.87  331.3    5.5      --
153  05/12/2020  0800    58.8   39.1     9.8     0.000   0   47.94  296.4    6.5      --
154  05/12/2020  0900    59.0   38.6     9.7     0.000   0   46.75  275.7    9.0      --
155  05/12/2020  1000    59.3   38.2     9.6     0.000   0   45.37  264.8   12.1    6149
156  05/12/2020  1100    60.2   37.7     8.7     0.000   0   43.20  268.6   11.4      --
157  05/12/2020  1200    63.8   37.3     7.7     0.000   0   37.40  272.8   10.7      --
158  05/12/2020  1300    68.0   37.5     6.8     0.000   0   32.64  277.6   10.1      --
159  05/12/2020  1400    70.3   38.0     5.8     0.000   0   30.78  283.0    9.5      --
160  05/12/2020  1500    71.4   38.7     4.9     0.000   0   30.40  288.9    9.1      --
161  05/12/2020  1600    71.9   39.5     3.9     0.000   0   30.87  295.5    8.7  no_inv
162  05/12/2020  1700    71.6   39.5     3.7     0.000   0   31.18  299.0    8.1      --
163  05/12/2020  1800    69.2   38.7     3.5     0.000   0   32.78  303.0    7.5      --
164  05/12/2020  1900    66.9   38.5     3.3     0.000   0   35.14  307.7    7.0      --
165  05/12/2020  2000    64.7   38.5     3.0     0.000   0   37.91  313.1    6.5      --
166  05/12/2020  2100    62.5   38.5     2.8     0.000   0   40.92  319.4    6.1      --
167  05/12/2020  2200    60.3   38.5     2.6     0.000   0   44.20  326.5    5.7  no_inv
