  Generated by FoxLW on Wednesday May 6, 2020 at 04:52 PDT
-------------------------------------------------------------------------------
  WSU Othello
  46.7900:-119.0400  (46 47' 24.00"N  119 2' 24.00"W)  elev 1204.1 feet    file: 300122
-------------------------------------------------------------------------------

Line#   Date     Hour   TempF  DewPtF WS(mph)  Rain(in) LW    RH%  WDir_50m WS_50m Inv(ft)
  5  05/06/2020  0400    44.2   43.3     5.7     0.120  10   96.62  260.7   12.6    2959
  6  05/06/2020  0500    46.6   43.0     8.3     0.070  10   87.35  265.4   14.8      --
  7  05/06/2020  0600    46.4   42.8    10.9     0.020   5   87.37  268.9   17.1      --
  8  05/06/2020  0700    45.1   41.5    13.4     0.000   0   87.21  271.5   19.4      --
  9  05/06/2020  0800    44.5   40.9    16.0     0.010   0   87.00  273.5   21.8      --
 10  05/06/2020  0900    44.0   40.5    18.6     0.070  10   87.22  275.2   24.2      --
 11  05/06/2020  1000    44.6   38.9    21.2     0.030   5   80.38  276.5   26.6  no_inv
 12  05/06/2020  1100    49.0   33.9    21.3     0.000   0   55.71  279.2   26.6      --
 13  05/06/2020  1200    53.8   31.8    21.5     0.000   0   42.83  281.8   26.7      --
 14  05/06/2020  1300    58.0   29.9    21.6     0.000   0   34.26  284.4   26.8      --
 15  05/06/2020  1400    59.7   28.5    21.7     0.000   0   30.38  287.0   27.0      --
 16  05/06/2020  1500    60.6   27.7    21.8     0.000   0   28.40  289.6   27.2      --
 17  05/06/2020  1600    60.8   27.4    22.0     0.000   0   27.85  292.1   27.5  no_inv
 18  05/06/2020  1700    59.9   27.4    21.2     0.000   0   28.78  290.2   26.6      --
 19  05/06/2020  1800    57.2   27.4    20.4     0.000   0   31.79  288.3   25.7      --
 20  05/06/2020  1900    54.0   27.5    19.6     0.000   0   35.74  286.2   24.9      --
 21  05/06/2020  2000    50.9   27.6    18.8     0.000   0   40.28  283.9   24.0      --
 22  05/06/2020  2100    47.8   27.7    18.0     0.000   0   45.50  281.5   23.3      --
 23  05/06/2020  2200    44.6   27.9    17.2     0.000   0   51.50  279.0   22.6    8042
 24  05/06/2020  2300    42.3   28.0    16.3     0.000   0   56.63  277.6   21.2      --
 25  05/07/2020  0000    40.7   28.1    15.4     0.000   0   60.54  276.0   19.8      --
 26  05/07/2020  0100    39.1   28.2    14.5     0.000   0   64.58  274.2   18.5      --
 27  05/07/2020  0200    37.7   28.3    13.5     0.000   0   68.55  272.0   17.2      --
 28  05/07/2020  0300    36.4   28.3    12.6     0.000   0   72.23  269.6   15.9      --
 29  05/07/2020  0400    35.3   29.8    11.7     0.000   0   80.00  266.7   14.6  no_inv
 30  05/07/2020  0500    34.6   30.4    10.1     0.000   0   84.50  267.3   12.9      --
 31  05/07/2020  0600    35.2   30.7     8.5     0.000   0   83.40  268.1   11.2      --
 32  05/07/2020  0700    37.1   32.8     6.9     0.000   0   84.06  269.2    9.6      --
 33  05/07/2020  0800    40.5   33.3     5.3     0.000   0   75.15  270.8    7.9      --
 34  05/07/2020  0900    45.1   33.3     3.7     0.000   0   62.98  273.2    6.2      --
 35  05/07/2020  1000    50.4   33.3     2.1     0.000   0   51.55  277.3    4.6    8719
 36  05/07/2020  1100    55.8   33.3     2.2     0.000   0   42.39  294.8    3.5      --
 37  05/07/2020  1200    60.8   33.3     2.4     0.000   0   35.45  322.4    3.0      --
 38  05/07/2020  1300    64.3   33.3     2.6     0.000   0   31.24  352.3    3.3      --
 39  05/07/2020  1400    66.2   33.3     2.8     0.000   0   29.28   12.8    4.2      --
 40  05/07/2020  1500    67.1   33.3     3.0     0.000   0   28.43   24.8    5.5      --
 41  05/07/2020  1600    67.5   33.3     3.1     0.000   0   28.02   32.0    6.9    6370
 42  05/07/2020  1700    67.6   33.3     4.3     0.000   0   28.05   41.2    7.6      --
 43  05/07/2020  1800    66.7   33.6     5.4     0.000   0   29.22   48.9    8.3      --
 44  05/07/2020  1900    63.2   34.7     6.5     0.000   0   34.47   55.1    9.2      --
 45  05/07/2020  2000    58.6   36.2     7.6     0.000   0   42.96   60.2   10.2      --
 46  05/07/2020  2100    54.1   37.2     8.8     0.000   0   52.76   64.3   11.3      --
 47  05/07/2020  2200    49.5   37.9     9.9     0.000   0   64.09   67.7   12.4     147
 48  05/07/2020  2300    46.8   38.6     9.8     0.000   0   72.93   64.6   13.7      --
 49  05/08/2020  0000    45.8   39.2     9.6     0.000   0   77.82   61.9   14.9      --
 50  05/08/2020  0100    44.8   39.8     9.5     0.000   0   82.66   59.7   16.2      --
 51  05/08/2020  0200    43.8   40.2     9.4     0.000   0   87.09   57.9   17.6      --
 52  05/08/2020  0300    43.0   40.5     9.3     0.000   0   90.80   56.2   18.9      --
 53  05/08/2020  0400    42.3   40.6     9.2     0.000   0   93.52   54.9   20.2     139
 54  05/08/2020  0500    41.8   40.5     9.6     0.000   0   95.34   54.0   19.3      --
 55  05/08/2020  0600    42.2   40.3    10.1     0.000   0   92.77   53.0   18.4      --
 56  05/08/2020  0700    43.9   38.0    10.5     0.000   0   79.53   52.0   17.5      --
 57  05/08/2020  0800    46.9   37.6    10.9     0.000   0   70.03   50.8   16.6      --
 58  05/08/2020  0900    51.0   37.2    11.4     0.000   0   59.02   49.5   15.7      --
 59  05/08/2020  1000    55.9   36.7    11.8     0.000   0   48.40   48.0   14.8    4696
 60  05/08/2020  1100    61.0   36.2    11.6     0.000   0   39.54   50.7   14.5      --
 61  05/08/2020  1200    66.5   35.7    11.3     0.000   0   31.96   53.5   14.2      --
 62  05/08/2020  1300    70.7   35.8    11.0     0.000   0   27.88   56.4   13.9      --
 63  05/08/2020  1400    72.9   36.3    10.8     0.000   0   26.31   59.4   13.6      --
 64  05/08/2020  1500    73.9   36.9    10.5     0.000   0   26.09   62.6   13.5      --
 65  05/08/2020  1600    74.5   37.8    10.3     0.000   0   26.48   65.8   13.3    6361
 66  05/08/2020  1700    74.6   37.2    11.3     0.000   0   25.78   68.1   14.9      --
 67  05/08/2020  1800    73.8   36.3    12.4     0.000   0   25.53   69.9   16.6      --
 68  05/08/2020  1900    70.6   35.8    13.5     0.000   0   27.85   71.3   18.2      --
 69  05/08/2020  2000    67.3   35.7    14.5     0.000   0   31.00   72.6   19.9      --
 70  05/08/2020  2100    64.1   35.9    15.6     0.000   0   35.02   73.6   21.6      --
 71  05/08/2020  2200    60.8   36.3    16.7     0.000   0   39.90   74.5   23.3     756
 72  05/08/2020  2300    57.4   36.7    17.1     0.000   0   45.78   72.4   23.7      --
 73  05/09/2020  0000    55.4   37.0    17.6     0.000   0   49.95   70.3   24.2      --
 74  05/09/2020  0100    53.6   37.3    18.0     0.000   0   53.94   68.4   24.7      --
 75  05/09/2020  0200    52.1   37.6    18.5     0.000   0   57.51   66.5   25.3      --
 76  05/09/2020  0300    50.9   37.7    19.0     0.000   0   60.41   64.7   25.8      --
 77  05/09/2020  0400    50.1   37.8    19.4     0.000   0   62.42   62.9   26.4     754
 78  05/09/2020  0500    49.6   37.8    18.0     0.000   0   63.67   62.7   24.4      --
 79  05/09/2020  0600    50.0   37.8    16.7     0.000   0   62.78   62.4   22.3      --
 80  05/09/2020  0700    51.3   37.8    15.3     0.000   0   59.72   62.1   20.3      --
 81  05/09/2020  0800    53.7   37.8    13.9     0.000   0   54.73   61.7   18.2      --
 82  05/09/2020  0900    57.0   37.8    12.5     0.000   0   48.46   61.2   16.2      --
 83  05/09/2020  1000    61.2   37.8    11.1     0.000   0   41.87   60.6   14.2    3855
 84  05/09/2020  1100    65.6   37.8    10.9     0.000   0   35.86   59.4   13.9      --
 85  05/09/2020  1200    71.2   37.8    10.7     0.000   0   29.59   58.2   13.6      --
 86  05/09/2020  1300    75.5   38.3    10.4     0.000   0   26.07   56.9   13.3      --
 87  05/09/2020  1400    77.9   38.8    10.2     0.000   0   24.62   55.5   13.1      --
 88  05/09/2020  1500    78.9   39.3    10.0     0.000   0   24.26   54.1   12.8      --
 89  05/09/2020  1600    79.5   39.8     9.8     0.000   0   24.27   52.7   12.6  no_inv
 90  05/09/2020  1700    79.7   39.2    11.7     0.000   0   23.58   54.3   15.0      --
 91  05/09/2020  1800    78.9   38.2    13.6     0.000   0   23.22   55.5   17.4      --
 92  05/09/2020  1900    75.4   37.1    15.6     0.000   0   24.97   56.3   19.8      --
 93  05/09/2020  2000    71.3   36.4    17.5     0.000   0   27.91   57.0   22.2      --
 94  05/09/2020  2100    67.1   35.7    19.5     0.000   0   31.28   57.6   24.6      --
 95  05/09/2020  2200    63.0   35.0    21.4     0.000   0   35.06   58.0   27.0     665
 96  05/09/2020  2300    59.7   34.2    21.0     0.000   0   38.25   58.8   26.4      --
 97  05/10/2020  0000    58.0   33.5    20.5     0.000   0   39.56   59.5   25.7      --
 98  05/10/2020  0100    56.4   32.9    20.0     0.000   0   40.91   60.3   25.1      --
 99  05/10/2020  0200    55.0   32.5    19.5     0.000   0   42.28   61.1   24.4      --
100  05/10/2020  0300    53.8   32.2    19.0     0.000   0   43.65   62.0   23.8      --
101  05/10/2020  0400    52.8   32.1    18.5     0.000   0   45.00   62.9   23.2     640
102  05/10/2020  0500    52.2   32.1    18.7     0.000   0   46.08   62.7   23.4      --
103  05/10/2020  0600    52.8   32.3    19.0     0.000   0   45.50   62.6   23.7      --
104  05/10/2020  0700    54.4   32.6    19.2     0.000   0   43.43   62.4   24.0      --
105  05/10/2020  0800    57.1   33.0    19.4     0.000   0   39.98   62.2   24.2      --
106  05/10/2020  0900    60.8   33.4    19.6     0.000   0   35.69   62.1   24.5      --
107  05/10/2020  1000    65.0   33.9    19.8     0.000   0   31.34   61.9   24.8    2920
108  05/10/2020  1100    69.3   34.4    19.4     0.000   0   27.59   61.0   24.3      --
109  05/10/2020  1200    73.5   34.8    19.0     0.000   0   24.34   60.0   23.8      --
110  05/10/2020  1300    76.5   35.2    18.6     0.000   0   22.38   59.0   23.2      --
111  05/10/2020  1400    77.9   35.5    18.2     0.000   0   21.56   58.0   22.8      --
112  05/10/2020  1500    78.6   35.7    17.8     0.000   0   21.27   56.8   22.3      --
113  05/10/2020  1600    78.9   35.8    17.4     0.000   0   21.14   55.7   21.8    4418
114  05/10/2020  1700    78.8   35.7    19.2     0.000   0   21.10   57.0   24.0      --
115  05/10/2020  1800    77.9   35.5    21.1     0.000   0   21.60   58.0   26.3      --
116  05/10/2020  1900    74.7   35.2    22.9     0.000   0   23.68   58.9   28.6      --
117  05/10/2020  2000    71.1   34.8    24.7     0.000   0   26.37   59.7   30.8      --
118  05/10/2020  2100    67.4   34.3    26.5     0.000   0   29.35   60.4   33.1      --
119  05/10/2020  2200    63.7   33.8    28.3     0.000   0   32.68   60.9   35.4    1196
120  05/10/2020  2300    60.1   33.3    27.9     0.000   0   36.41   59.1   34.8      --
121  05/11/2020  0000    57.9   32.8    27.5     0.000   0   38.61   57.1   34.2      --
122  05/11/2020  0100    55.9   32.5    27.1     0.000   0   40.81   55.2   33.7      --
123  05/11/2020  0200    54.2   32.1    26.7     0.000   0   42.93   53.1   33.3      --
124  05/11/2020  0300    52.8   32.0    26.4     0.000   0   44.89   51.0   32.8      --
125  05/11/2020  0400    51.7   31.9    26.0     0.000   0   46.61   48.8   32.5    1171
126  05/11/2020  0500    51.2   32.0    23.7     0.000   0   47.71   48.4   29.6      --
127  05/11/2020  0600    51.1   32.4    21.4     0.000   0   48.51   47.8   26.7      --
128  05/11/2020  0700    51.4   33.0    19.1     0.000   0   49.23   47.2   23.8      --
129  05/11/2020  0800    52.0   33.8    16.8     0.000   0   49.78   46.3   21.0      --
130  05/11/2020  0900    50.0   37.8    14.5     0.000   0   62.94   45.2   18.1      --
131  05/11/2020  1000    48.1   41.9    12.2     0.050   8   79.19   43.7   15.2    2740
132  05/11/2020  1100    53.1   36.7    12.1     0.000   5   53.66   46.0   15.1      --
133  05/11/2020  1200    58.1   37.6    12.1     0.000   0   46.43   48.5   15.0      --
134  05/11/2020  1300    66.1   37.8    12.0     0.000   0   35.23   50.9   14.9      --
135  05/11/2020  1400    69.7   39.4    11.9     0.000   0   33.14   53.4   14.8      --
136  05/11/2020  1500    71.2   39.8    11.9     0.000   0   32.04   55.9   14.8      --
137  05/11/2020  1600    71.8   40.0    11.8     0.000   0   31.57   58.4   14.8    1386
138  05/11/2020  1700    71.7   39.9    12.7     0.000   0   31.58   57.7   15.9      --
139  05/11/2020  1800    69.3   39.7    13.6     0.000   0   34.06   57.2   17.0      --
140  05/11/2020  1900    66.8   39.6    14.5     0.000   0   36.81   56.7   18.2      --
141  05/11/2020  2000    64.5   39.4    15.4     0.000   0   39.67   56.3   19.3      --
142  05/11/2020  2100    62.2   39.3    16.4     0.000   0   42.86   55.9   20.4      --
143  05/11/2020  2200    59.8   39.2    17.2     0.000   0   46.37   55.6   21.6     354
144  05/11/2020  2300    58.3   39.2    18.1     0.000   0   48.76   58.9   22.4      --
145  05/12/2020  0000    57.5   39.1    18.9     0.000   0   50.07   61.9   23.4      --
146  05/12/2020  0100    56.8   39.0    19.7     0.000   0   51.36   64.7   24.3      --
147  05/12/2020  0200    56.0   39.0    20.5     0.000   0   52.56   67.3   25.4      --
148  05/12/2020  0300    55.5   38.9    21.3     0.000   0   53.64   69.6   26.5      --
149  05/12/2020  0400    55.0   38.9    22.1     0.000   0   54.56   71.8   27.6    1065
150  05/12/2020  0500    54.7   38.9    20.4     0.000   0   55.04   76.2   21.1      --
151  05/12/2020  0600    54.7   38.8    18.8     0.000   0   54.71   84.3   14.8      --
152  05/12/2020  0700    55.1   38.6    17.1     0.000   0   53.65  103.2    9.2      --
153  05/12/2020  0800    55.7   38.3    15.5     0.000   0   51.90  150.3    6.6      --
154  05/12/2020  0900    54.7   40.0    13.9     0.000   0   57.44  195.1    9.6      --
155  05/12/2020  1000    53.6   42.0    12.2     0.010   0   64.77  212.7   15.3    5313
156  05/12/2020  1100    58.6   37.5    11.2     0.000   0   45.31  218.9   13.7      --
157  05/12/2020  1200    63.6   37.2    10.2     0.000   0   37.56  226.6   12.3      --
158  05/12/2020  1300    67.5   37.5     9.3     0.000   0   33.19  236.1   11.2      --
159  05/12/2020  1400    69.2   38.0     8.3     0.000   0   31.90  247.2   10.5      --
160  05/12/2020  1500    69.9   38.5     7.3     0.000   0   31.77  259.4   10.2      --
161  05/12/2020  1600    70.2   39.1     6.3     0.000   0   32.23  271.8   10.4  no_inv
162  05/12/2020  1700    70.1   39.1     7.1     0.000   0   32.34  285.9    9.3      --
163  05/12/2020  1800    68.4   38.5     7.9     0.000   0   33.48  302.3    9.0      --
164  05/12/2020  1900    65.4   38.9     8.6     0.000   0   37.68  318.6    9.4      --
165  05/12/2020  2000    62.4   38.8     9.4     0.000   0   41.55  332.6   10.4      --
166  05/12/2020  2100    59.5   38.6    10.2     0.000   0   45.76  343.5   12.0      --
167  05/12/2020  2200    56.6   38.3    11.0     0.000   0   50.33  351.6   13.9     363
