  Generated by FoxLW on Tuesday June 16, 2020 at 04:52 PDT
-------------------------------------------------------------------------------
  WSU Tri-Cities
  46.3300:-119.2700  (46 19' 48.00"N  119 16' 12.00"W)  elev 397.0 feet    file: 100148
-------------------------------------------------------------------------------

Line#   Date     Hour   TempF  DewPtF WS(mph)  Rain(in) LW    RH%  WDir_50m WS_50m Inv(ft)
  5  06/16/2020  0400    52.1   40.6     7.5     0.000   0   64.77  278.4   11.0     711
  6  06/16/2020  0500    51.8   40.5     6.8     0.000   0   65.11  274.1   10.0      --
  7  06/16/2020  0600    52.2   40.2     6.0     0.000   0   63.53  269.0    9.2      --
  8  06/16/2020  0700    53.1   37.7     5.3     0.000   0   55.76  263.0    8.4      --
  9  06/16/2020  0800    54.6   37.0     4.6     0.000   0   51.46  255.8    7.8      --
 10  06/16/2020  0900    56.6   36.3     3.8     0.000   0   46.33  247.4    7.2      --
 11  06/16/2020  1000    59.1   35.5     3.1     0.000   0   41.02  238.0    6.9  no_inv
 12  06/16/2020  1100    62.2   34.6     3.0     0.000   0   35.58  245.2    6.3      --
 13  06/16/2020  1200    65.5   33.9     2.9     0.000   0   30.76  253.8    5.8      --
 14  06/16/2020  1300    67.9   33.2     2.8     0.000   0   27.58  263.7    5.4      --
 15  06/16/2020  1400    69.2   32.7     2.7     0.000   0   25.88  274.7    5.2      --
 16  06/16/2020  1500    70.0   32.4     2.6     0.000   0   24.85  285.9    5.3      --
 17  06/16/2020  1600    70.5   32.3     2.5     0.000   0   24.37  296.6    5.5  no_inv
 18  06/16/2020  1700    70.3   32.4     4.5     0.000   0   24.59  304.5    7.8      --
 19  06/16/2020  1800    68.6   32.7     6.6     0.000   0   26.36  308.8   10.1      --
 20  06/16/2020  1900    66.3   33.2     8.7     0.000   0   29.16  311.5   12.5      --
 21  06/16/2020  2000    63.9   35.6    10.7     0.000   0   34.83  313.2   15.0      --
 22  06/16/2020  2100    61.5   34.6    12.8     0.000   0   36.34  314.5   17.4      --
 23  06/16/2020  2200    59.2   35.4    14.8     0.000   0   40.79  315.5   19.8  no_inv
 24  06/16/2020  2300    56.0   36.2    14.0     0.000   0   47.23  308.9   17.1      --
 25  06/17/2020  0000    53.2   36.9    13.1     0.000   0   53.70  299.9   14.7      --
 26  06/17/2020  0100    50.7   37.5    12.2     0.000   0   60.41  287.8   12.7      --
 27  06/17/2020  0200    48.5   39.5    11.4     0.000   0   70.99  272.4   11.6      --
 28  06/17/2020  0300    46.7   40.2    10.5     0.000   0   77.68  255.0   11.3      --
 29  06/17/2020  0400    45.4   40.4     9.6     0.000   0   82.49  238.5   12.1     838
 30  06/17/2020  0500    45.0   40.4     9.4     0.000   0   83.92  236.9   12.0      --
 31  06/17/2020  0600    46.3   40.5     9.1     0.000   0   79.93  235.1   11.8      --
 32  06/17/2020  0700    49.0   38.5     8.9     0.000   0   66.86  233.4   11.7      --
 33  06/17/2020  0800    53.3   38.6     8.7     0.000   0   57.32  231.6   11.6      --
 34  06/17/2020  0900    58.7   38.7     8.4     0.000   0   47.28  229.7   11.4      --
 35  06/17/2020  1000    64.6   38.8     8.2     0.000   0   38.49  227.9   11.3  no_inv
 36  06/17/2020  1100    70.1   38.9     8.3     0.000   0   32.02  229.3   11.4      --
 37  06/17/2020  1200    74.0   38.9     8.3     0.000   0   28.11  230.8   11.4      --
 38  06/17/2020  1300    77.1   39.6     8.4     0.000   0   26.09  232.2   11.5      --
 39  06/17/2020  1400    78.7   40.2     8.4     0.000   0   25.31  233.6   11.5      --
 40  06/17/2020  1500    79.8   40.8     8.5     0.000   0   25.02  235.0   11.6      --
 41  06/17/2020  1600    80.5   41.4     8.6     0.000   0   25.00  236.4   11.6  no_inv
 42  06/17/2020  1700    80.9   41.4     9.7     0.000   0   24.60  254.4   10.7      --
 43  06/17/2020  1800    80.8   40.7    10.9     0.000   0   24.03  273.5   10.9      --
 44  06/17/2020  1900    77.8   40.0    12.1     0.000   0   25.85  290.1   12.3      --
 45  06/17/2020  2000    74.2   39.5    13.3     0.000   0   28.63  302.6   14.4      --
 46  06/17/2020  2100    70.5   39.2    14.5     0.000   0   31.98  311.6   17.0      --
 47  06/17/2020  2200    66.9   39.1    15.7     0.000   0   36.05  318.0   20.0    1576
 48  06/17/2020  2300    62.6   39.1    13.5     0.000   0   41.91  314.9   16.8      --
 49  06/18/2020  0000    59.6   40.4    11.3     0.000   0   48.94  310.3   13.8      --
 50  06/18/2020  0100    57.1   40.7     9.1     0.000   0   54.22  303.2   10.8      --
 51  06/18/2020  0200    55.0   40.9     6.9     0.000   0   58.91  291.1    8.1      --
 52  06/18/2020  0300    53.4   40.7     4.7     0.000   0   61.97  269.5    6.2      --
 53  06/18/2020  0400    52.4   40.6     2.5     0.000   0   64.05  237.2    5.6     162
 54  06/18/2020  0500    52.0   40.5     2.5     0.000   0   64.67  238.4    5.6      --
 55  06/18/2020  0600    53.3   40.5     2.6     0.000   0   61.72  239.6    5.7      --
 56  06/18/2020  0700    55.8   38.9     2.6     0.000   0   52.88  240.8    5.7      --
 57  06/18/2020  0800    59.7   38.7     2.6     0.000   0   45.67  242.0    5.7      --
 58  06/18/2020  0900    64.7   38.5     2.6     0.000   0   37.99  243.2    5.8      --
 59  06/18/2020  1000    70.2   38.3     2.6     0.000   0   31.12  244.3    5.8  no_inv
 60  06/18/2020  1100    75.6   38.0     2.4     0.000   0   25.74  245.8    5.3      --
 61  06/18/2020  1200    80.7   37.8     2.2     0.000   0   21.63  247.6    4.7      --
 62  06/18/2020  1300    84.2   37.7     1.9     0.000   0   19.16  249.8    4.2      --
 63  06/18/2020  1400    86.0   37.5     1.7     0.000   0   18.00  252.7    3.7      --
 64  06/18/2020  1500    86.8   37.5     1.5     0.000   0   17.48  256.4    3.2      --
 65  06/18/2020  1600    87.2   37.4     1.2     0.000   0   17.24  261.6    2.7  no_inv
 66  06/18/2020  1700    87.3   37.5     1.5     0.000   0   17.28  243.2    3.0      --
 67  06/18/2020  1800    86.4   37.8     1.8     0.000   0   17.99  229.4    3.6      --
 68  06/18/2020  1900    82.8   38.3     2.2     0.000   0   20.56  219.7    4.3      --
 69  06/18/2020  2000    78.1   37.6     2.5     0.000   0   23.33  212.9    5.1      --
 70  06/18/2020  2100    70.1   38.0     1.5     0.000   0   30.91  208.0    5.9      --
 71  06/18/2020  2200    62.1   38.1     1.2     0.000   0   40.96  204.3    6.8       0
 72  06/18/2020  2300    58.8   38.0     1.9     0.000   0   45.80  220.9    5.0      --
 73  06/19/2020  0000    58.1   37.8     2.8     0.000   0   46.77  250.0    4.0      --
 74  06/19/2020  0100    57.1   37.7     3.8     0.000   0   48.16  283.8    4.4      --
 75  06/19/2020  0200    55.8   37.6     4.9     0.000   0   50.34  306.1    5.9      --
 76  06/19/2020  0300    54.0   38.5     5.3     0.000   0   55.60  318.4    7.8      --
 77  06/19/2020  0400    52.7   39.6     5.8     0.000   0   61.09  325.5   10.1     343
 78  06/19/2020  0500    52.2   38.1     5.2     0.000   0   58.56  320.2    8.0      --
 79  06/19/2020  0600    53.8   38.5     4.6     0.000   0   55.87  311.3    6.0      --
 80  06/19/2020  0700    57.0   42.0     4.1     0.000   0   57.30  294.9    4.3      --
 81  06/19/2020  0800    61.8   41.1     3.5     0.000   0   46.57  264.6    3.4      --
 82  06/19/2020  0900    67.8   42.1     2.9     0.000   0   39.27  228.4    3.7      --
 83  06/19/2020  1000    74.3   43.4     2.3     0.000   0   33.14  205.5    5.1  no_inv
 84  06/19/2020  1100    80.3   44.3     2.3     0.000   0   28.10  210.9    5.1      --
 85  06/19/2020  1200    85.3   44.7     2.4     0.000   0   24.28  216.2    5.1      --
 86  06/19/2020  1300    88.7   44.7     2.4     0.000   0   21.80  221.5    5.2      --
 87  06/19/2020  1400    90.4   44.0     2.5     0.000   0   20.16  226.7    5.3      --
 88  06/19/2020  1500    91.2   42.4     2.5     0.000   0   18.48  231.6    5.4      --
 89  06/19/2020  1600    91.6   40.4     2.5     0.000   0   16.89  236.2    5.6  no_inv
 90  06/19/2020  1700    91.6   38.8     5.2     0.000   0   15.83  276.9    5.8      --
 91  06/19/2020  1800    90.7   38.1     7.8     0.000   0   15.90  303.4    8.2      --
 92  06/19/2020  1900    87.7   36.5    10.4     0.000   0   16.39  316.3   11.5      --
 93  06/19/2020  2000    84.8   38.1    13.0     0.000   0   19.16  323.3   15.2      --
 94  06/19/2020  2100    81.9   40.0    15.6     0.000   0   22.64  327.5   19.0      --
 95  06/19/2020  2200    79.0   42.0    18.2     0.000   0   26.92  330.3   22.8    2118
 96  06/19/2020  2300    74.8   44.1    16.0     0.000   0   33.39  328.8   20.5      --
 97  06/20/2020  0000    72.2   46.0    13.8     0.000   0   39.15  326.8   18.2      --
 98  06/20/2020  0100    70.1   48.8    11.5     0.000   0   46.88  324.2   15.9      --
 99  06/20/2020  0200    68.5   50.4     9.3     0.000   0   52.49  320.8   13.7      --
100  06/20/2020  0300    67.4   48.6     7.1     0.000   0   51.02  316.1   11.5      --
101  06/20/2020  0400    66.7   45.5     3.3     0.000   0   46.49  309.3    9.5     516
102  06/20/2020  0500    66.5   44.4     4.1     0.000   0   44.80  296.8    7.4      --
103  06/20/2020  0600    67.1   44.9     5.0     0.000   0   44.74  276.1    5.8      --
104  06/20/2020  0700    68.6   49.4     5.8     0.000   0   50.35  247.6    5.5      --
105  06/20/2020  0800    70.9   49.0     6.1     0.000   0   45.94  221.8    6.4      --
106  06/20/2020  0900    74.0   51.4     6.4     0.000   0   45.20  205.1    8.3      --
107  06/20/2020  1000    77.5   53.7     6.7     0.000   0   43.78  195.1   10.6  no_inv
108  06/20/2020  1100    81.1   55.3     6.4     0.000   0   41.22  205.3    9.0      --
109  06/20/2020  1200    84.4   55.9     6.1     0.000   0   37.80  219.1    7.8      --
110  06/20/2020  1300    86.9   54.2     5.8     0.000   0   32.88  236.3    7.3      --
111  06/20/2020  1400    88.2   52.3     5.6     0.000   0   29.47  254.5    7.4      --
112  06/20/2020  1500    89.1   50.5     5.3     0.000   0   26.78  270.5    8.2      --
113  06/20/2020  1600    89.6   49.3     5.0     0.000   0   25.30  282.8    9.6  no_inv
114  06/20/2020  1700    89.8   49.3     7.2     0.000   0   25.11  294.9   11.2      --
115  06/20/2020  1800    88.8   49.5     9.4     0.000   0   25.99  303.6   13.2      --
116  06/20/2020  1900    85.8   48.5    11.6     0.000   0   27.56  309.9   15.4      --
117  06/20/2020  2000    82.8   48.8    13.8     0.000   0   30.72  314.6   17.8      --
118  06/20/2020  2100    79.9   49.9    16.0     0.000   0   35.13  318.1   20.2      --
119  06/20/2020  2200    76.9   51.0    18.2     0.000   0   40.47  320.9   22.7    1693
120  06/20/2020  2300    74.4   52.2    15.5     0.000   0   45.96  318.6   18.9      --
121  06/21/2020  0000    72.6   53.3    12.8     0.000   0   50.78  315.2   15.1      --
122  06/21/2020  0100    71.0   55.6    10.1     0.000   0   58.35  309.5   11.4      --
123  06/21/2020  0200    69.5   55.8     7.4     0.000   0   61.67  298.5    8.0      --
124  06/21/2020  0300    68.3   54.4     4.8     0.000   0   61.16  273.9    5.2      --
125  06/21/2020  0400    67.5   53.3     2.1     0.000   0   60.57  227.2    4.6     714
126  06/21/2020  0500    67.2   51.6     3.8     0.000   0   57.26  229.1    6.4      --
127  06/21/2020  0600    67.8   52.6     5.6     0.000   0   58.41  230.2    8.3      --
128  06/21/2020  0700    69.1   54.5     7.3     0.000   0   59.76  230.9   10.2      --
129  06/21/2020  0800    71.2   53.7     9.1     0.000   0   54.12  231.3   12.0      --
130  06/21/2020  0900    73.9   52.8    10.9     0.000   0   47.77  231.7   13.9      --
131  06/21/2020  1000    76.9   51.8    12.6     0.000   0   41.64  231.9   15.8    3128
132  06/21/2020  1100    79.9   50.8    13.5     0.000   0   36.40  238.1   16.5      --
133  06/21/2020  1200    82.5   49.9    14.3     0.000   0   32.37  243.7   17.4      --
134  06/21/2020  1300    84.3   49.2    15.2     0.000   0   29.75  248.7   18.4      --
135  06/21/2020  1400    85.2   48.5    16.0     0.000   0   28.17  253.2   19.5      --
136  06/21/2020  1500    85.8   48.2    16.9     0.000   0   27.26  257.1   20.8      --
137  06/21/2020  1600    86.1   48.0    17.7     0.000   0   26.87  260.6   22.1   11840
138  06/21/2020  1700    86.1   48.0    17.1     0.000   0   26.83  268.5   20.1      --
139  06/21/2020  1800    84.2   47.8    16.6     0.000   0   28.26  278.1   18.4      --
140  06/21/2020  1900    80.2   47.5    16.0     0.000   0   31.85  289.1   17.4      --
141  06/21/2020  2000    76.2   47.3    15.4     0.000   0   36.08  301.0   17.1      --
142  06/21/2020  2100    72.2   46.9    14.9     0.000   0   40.65  312.9   17.5      --
143  06/21/2020  2200    68.2   46.3    14.3     0.000   0   45.48  323.7   18.6    1537
144  06/21/2020  2300    64.7   45.8    12.5     0.000   0   50.43  322.7   16.9      --
145  06/22/2020  0000    61.8   46.9    10.7     0.000   0   58.00  321.5   15.1      --
146  06/22/2020  0100    59.0   47.0     9.0     0.000   0   64.53  319.9   13.3      --
147  06/22/2020  0200    56.3   47.8     7.2     0.000   0   73.04  317.9   11.6      --
148  06/22/2020  0300    53.4   49.6     4.2     0.000   0   87.15  315.1    9.9      --
149  06/22/2020  0400    51.9   50.1     2.4     0.000   5   93.76  311.2    8.1     837
150  06/22/2020  0500    51.6   50.7     2.9     0.000  10   96.73  300.1    7.2      --
151  06/22/2020  0600    52.5   51.0     3.3     0.000  10   94.55  286.5    6.7      --
152  06/22/2020  0700    54.9   51.6     3.8     0.000  10   88.57  271.4    6.6      --
153  06/22/2020  0800    58.5   52.6     3.8     0.000   5   80.89  256.8    6.9      --
154  06/22/2020  0900    63.1   53.7     3.9     0.000   0   71.46  244.3    7.6      --
155  06/22/2020  1000    68.4   54.7     3.9     0.000   0   61.60  234.3    8.6    5443
156  06/22/2020  1100    73.9   55.4     3.7     0.000   0   52.55  233.8    8.1      --
157  06/22/2020  1200    79.8   55.7     3.4     0.000   0   43.59  233.3    7.5      --
158  06/22/2020  1300    84.2   55.7     3.2     0.000   0   37.88  232.7    7.0      --
159  06/22/2020  1400    86.4   54.0     2.9     0.000   0   33.20  232.0    6.4      --
160  06/22/2020  1500    87.5   49.8     2.7     0.000   0   27.43  231.1    5.9      --
161  06/22/2020  1600    88.1   44.5     2.4     0.000   0   22.08  230.1    5.3    7139
162  06/22/2020  1700    88.2   40.2     5.5     0.000   0   18.64  276.3    6.1      --
163  06/22/2020  1800    87.4   38.6     8.6     0.000   0   17.96  300.6    9.3      --
164  06/22/2020  1900    84.1   33.2    11.8     0.000   0   16.13  311.5   13.3      --
165  06/22/2020  2000    80.4   33.1    14.9     0.000   0   18.08  317.2   17.6      --
166  06/22/2020  2100    76.7   33.1    18.0     0.000   0   20.39  320.7   22.0      --
167  06/22/2020  2200    73.1   33.1    21.1     0.000   0   23.04  323.0   26.4    1450
