  Generated by FoxLW on Tuesday June 16, 2020 at 04:52 PDT
-------------------------------------------------------------------------------
  WSU Prosser
  46.2600:-119.7400  (46 15' 36.00"N  119 44' 24.00"W)  elev 928.5 feet    file: 300033
-------------------------------------------------------------------------------

Line#   Date     Hour   TempF  DewPtF WS(mph)  Rain(in) LW    RH%  WDir_50m WS_50m Inv(ft)
  5  06/16/2020  0400    49.2   39.0     4.0     0.000   0   67.88  286.5    8.7     883
  6  06/16/2020  0500    49.0   39.0     3.6     0.000   0   68.41  281.7    7.5      --
  7  06/16/2020  0600    49.3   38.9     3.2     0.000   0   67.28  275.1    6.4      --
  8  06/16/2020  0700    50.2   36.8     2.9     0.000   0   59.81  266.0    5.4      --
  9  06/16/2020  0800    51.8   36.6     2.5     0.000   0   56.19  253.2    4.6      --
 10  06/16/2020  0900    53.8   36.5     2.2     0.000   0   51.69  236.3    4.1      --
 11  06/16/2020  1000    56.2   36.2     1.8     0.000   0   46.90  217.0    4.1  no_inv
 12  06/16/2020  1100    59.1   36.0     3.5     0.000   0   41.97  248.5    4.6      --
 13  06/16/2020  1200    62.1   35.8     5.2     0.000   0   37.52  268.8    6.1      --
 14  06/16/2020  1300    64.2   36.3     6.8     0.000   0   35.40  280.2    8.1      --
 15  06/16/2020  1400    65.3   36.8     8.5     0.000   0   34.82  287.0   10.2      --
 16  06/16/2020  1500    66.0   37.4    10.1     0.000   0   34.80  291.4   12.5      --
 17  06/16/2020  1600    66.4   37.3    11.8     0.000   0   34.22  294.4   14.8  no_inv
 18  06/16/2020  1700    66.4   37.1    12.3     0.000   0   33.97  292.8   15.4      --
 19  06/16/2020  1800    65.2   36.7    12.8     0.000   0   34.85  291.3   16.0      --
 20  06/16/2020  1900    63.3   36.5    13.3     0.000   0   36.87  289.9   16.6      --
 21  06/16/2020  2000    61.4   36.4    13.8     0.000   0   39.35  288.6   17.3      --
 22  06/16/2020  2100    59.5   36.6    14.4     0.000   0   42.31  287.5   17.9      --
 23  06/16/2020  2200    57.6   36.8    14.9     0.000   0   45.75  286.4   18.6  no_inv
 24  06/16/2020  2300    55.9   37.2    14.0     0.000   0   49.44  286.4   18.1      --
 25  06/17/2020  0000    54.6   37.5    13.2     0.000   0   52.52  286.5   17.7      --
 26  06/17/2020  0100    53.4   37.8    12.4     0.000   0   55.46  286.5   17.2      --
 27  06/17/2020  0200    52.4   39.5    11.6     0.000   0   61.50  286.6   16.7      --
 28  06/17/2020  0300    51.6   40.0    10.7     0.000   0   64.36  286.7   16.3      --
 29  06/17/2020  0400    51.0   40.3     9.9     0.000   0   66.49  286.8   15.8     303
 30  06/17/2020  0500    50.7   40.3     9.9     0.000   0   67.29  282.2   14.9      --
 31  06/17/2020  0600    51.6   40.3     9.8     0.000   0   65.17  277.0   14.0      --
 32  06/17/2020  0700    53.5   38.4     9.8     0.000   0   56.40  271.2   13.3      --
 33  06/17/2020  0800    56.4   38.4     9.7     0.000   0   50.87  264.9   12.7      --
 34  06/17/2020  0900    60.2   38.5     9.7     0.000   0   44.58  258.0   12.3      --
 35  06/17/2020  1000    64.4   38.6     9.6     0.000   0   38.57  250.7   12.1    2136
 36  06/17/2020  1100    68.5   38.7     8.6     0.000   0   33.63  249.2   11.5      --
 37  06/17/2020  1200    71.7   38.8     7.7     0.000   0   30.22  247.6   10.9      --
 38  06/17/2020  1300    74.2   39.5     6.7     0.000   0   28.52  245.8   10.2      --
 39  06/17/2020  1400    75.6   40.1     5.8     0.000   0   27.91  243.7    9.7      --
 40  06/17/2020  1500    76.4   40.7     4.8     0.000   0   27.77  241.4    9.1      --
 41  06/17/2020  1600    77.0   41.2     3.9     0.000   0   27.84  238.8    8.5  no_inv
 42  06/17/2020  1700    77.3   41.2     5.6     0.000   0   27.53  250.8    9.6      --
 43  06/17/2020  1800    77.3   40.8     7.4     0.000   0   27.08  260.1   11.0      --
 44  06/17/2020  1900    74.8   40.3     9.2     0.000   0   28.92  267.2   12.6      --
 45  06/17/2020  2000    71.2   40.7    11.0     0.000   0   33.07  272.6   14.4      --
 46  06/17/2020  2100    67.6   39.0    12.7     0.000   0   35.09  276.8   16.2      --
 47  06/17/2020  2200    64.0   38.7    14.5     0.000   0   39.21  280.1   18.1    1039
 48  06/17/2020  2300    61.7   38.6    13.7     0.000   0   42.42  279.8   17.1      --
 49  06/18/2020  0000    60.6   38.5    12.8     0.000   0   44.02  279.5   16.1      --
 50  06/18/2020  0100    59.5   39.8    11.9     0.000   0   48.03  279.1   15.1      --
 51  06/18/2020  0200    58.6   40.0    11.1     0.000   0   50.00  278.7   14.1      --
 52  06/18/2020  0300    57.9   40.3    10.2     0.000   0   51.89  278.2   13.1      --
 53  06/18/2020  0400    57.4   40.4     9.4     0.000   0   53.03  277.7   12.1     333
 54  06/18/2020  0500    57.0   40.4     8.2     0.000   0   53.62  275.1   10.8      --
 55  06/18/2020  0600    57.6   40.3     7.0     0.000   0   52.43  271.9    9.5      --
 56  06/18/2020  0700    58.9   38.3     5.8     0.000   0   46.25  267.6    8.2      --
 57  06/18/2020  0800    61.0   38.2     4.6     0.000   0   42.87  261.7    6.9      --
 58  06/18/2020  0900    63.8   38.2     3.4     0.000   0   38.74  253.4    5.8      --
 59  06/18/2020  1000    67.1   38.1     2.2     0.000   0   34.38  241.6    4.9  no_inv
 60  06/18/2020  1100    70.8   38.0     2.0     0.000   0   30.28  238.1    4.2      --
 61  06/18/2020  1200    76.0   38.0     1.7     0.000   0   25.31  233.3    3.5      --
 62  06/18/2020  1300    80.0   37.9     1.5     0.000   0   22.16  226.1    2.8      --
 63  06/18/2020  1400    82.0   37.8     1.2     0.000   0   20.69  214.8    2.2      --
 64  06/18/2020  1500    83.0   37.8     1.0     0.000   0   20.06  196.9    1.8      --
 65  06/18/2020  1600    83.4   37.8     0.7     0.000   0   19.75  171.7    1.6  no_inv
 66  06/18/2020  1700    83.5   37.8     1.0     0.000   0   19.72  179.4    2.2      --
 67  06/18/2020  1800    82.6   37.9     1.3     0.000   0   20.36  183.7    2.8      --
 68  06/18/2020  1900    79.9   38.0     1.6     0.000   0   22.33  186.5    3.5      --
 69  06/18/2020  2000    78.1   37.9     1.9     0.000   0   23.56  188.4    4.1      --
 70  06/18/2020  2100    76.2   37.9     2.2     0.000   0   25.03  189.8    4.8      --
 71  06/18/2020  2200    74.4   37.9     2.5     0.000   0   26.62  190.9    5.4     620
 72  06/18/2020  2300    71.2   37.9     2.6     0.000   0   29.64  204.9    4.8      --
 73  06/19/2020  0000    69.0   37.9     2.7     0.000   0   31.93  221.8    4.5      --
 74  06/19/2020  0100    67.2   37.9     2.8     0.000   0   34.00  239.4    4.6      --
 75  06/19/2020  0200    65.8   37.9     2.9     0.000   0   35.72  254.6    5.1      --
 76  06/19/2020  0300    64.7   37.9     3.0     0.000   0   37.01  266.4    5.9      --
 77  06/19/2020  0400    64.2   37.9     3.2     0.000   0   37.77  275.1    6.9     853
 78  06/19/2020  0500    63.8   37.9     3.0     0.000   0   38.16  269.8    6.5      --
 79  06/19/2020  0600    64.4   37.9     2.9     0.000   0   37.42  263.7    6.1      --
 80  06/19/2020  0700    65.7   39.1     2.8     0.000   0   37.56  256.8    5.7      --
 81  06/19/2020  0800    67.7   38.8     2.7     0.000   0   34.73  249.1    5.5      --
 82  06/19/2020  0900    70.3   38.5     2.5     0.000   0   31.32  241.0    5.3      --
 83  06/19/2020  1000    73.6   38.2     2.4     0.000   0   27.75  232.6    5.3  no_inv
 84  06/19/2020  1100    77.1   37.9     2.6     0.000   0   24.41  241.3    5.5      --
 85  06/19/2020  1200    82.1   37.6     2.8     0.000   0   20.47  249.3    5.8      --
 86  06/19/2020  1300    85.9   37.4     3.0     0.000   0   17.96  256.4    6.2      --
 87  06/19/2020  1400    87.8   37.2     3.1     0.000   0   16.76  262.6    6.6      --
 88  06/19/2020  1500    88.7   37.1     3.3     0.000   0   16.24  268.0    7.2      --
 89  06/19/2020  1600    89.1   37.0     3.5     0.000   0   16.00  272.5    7.8  no_inv
 90  06/19/2020  1700    89.1   37.2     4.7     0.000   0   16.11  284.2    8.1      --
 91  06/19/2020  1800    88.2   37.9     5.9     0.000   0   17.01  294.6    8.8      --
 92  06/19/2020  1900    85.2   38.9     7.1     0.000   0   19.48  303.2    9.7      --
 93  06/19/2020  2000    82.3   42.2     8.3     0.000   0   24.36  310.2   10.8      --
 94  06/19/2020  2100    79.3   43.8     9.5     0.000   0   28.45  315.9   12.0      --
 95  06/19/2020  2200    76.4   45.2    10.7     0.000   0   33.11  320.5   13.3  no_inv
 96  06/19/2020  2300    73.5   47.1     9.2     0.000   0   39.10  317.9   11.7      --
 97  06/20/2020  0000    71.9   48.0     7.8     0.000   0   42.76  314.5   10.1      --
 98  06/20/2020  0100    70.5   44.5     6.4     0.000   0   39.29  309.8    8.6      --
 99  06/20/2020  0200    69.3   42.0     5.0     0.000   0   37.17  303.1    7.1      --
100  06/20/2020  0300    68.3   40.3     3.6     0.000   0   35.91  293.3    5.8      --
101  06/20/2020  0400    67.7   37.3     2.2     0.000   0   32.77  278.5    4.8     847
102  06/20/2020  0500    67.4   37.3     2.4     0.000   0   33.03  262.0    4.3      --
103  06/20/2020  0600    67.8   37.3     2.6     0.000   0   32.66  243.4    4.3      --
104  06/20/2020  0700    68.6   42.7     2.8     0.000   0   39.16  226.2    4.7      --
105  06/20/2020  0800    70.0   48.1     3.0     0.000   0   45.86  212.6    5.4      --
106  06/20/2020  0900    71.8   49.2     3.2     0.000   0   44.84  202.7    6.3      --
107  06/20/2020  1000    74.1   49.0     3.4     0.000   0   41.17  195.5    7.4  no_inv
108  06/20/2020  1100    76.9   48.8     3.6     0.000   0   37.27  210.0    6.2      --
109  06/20/2020  1200    80.1   48.6     3.8     0.000   0   33.32  229.2    5.6      --
110  06/20/2020  1300    82.6   48.4     4.1     0.000   0   30.48  250.4    5.7      --
111  06/20/2020  1400    83.9   48.3     4.3     0.000   0   29.08  268.5    6.5      --
112  06/20/2020  1500    84.8   48.2     4.6     0.000   0   28.21  281.6    7.8      --
113  06/20/2020  1600    85.3   48.2     4.8     0.000   0   27.72  290.7    9.4  no_inv
114  06/20/2020  1700    85.5   48.3     5.8     0.000   0   27.60  292.5   10.0      --
115  06/20/2020  1800    84.7   48.6     6.7     0.000   0   28.68  294.0   10.7      --
116  06/20/2020  1900    81.6   49.1     7.7     0.000   0   32.25  295.4   11.4      --
117  06/20/2020  2000    78.5   51.7     8.6     0.000   0   39.31  296.6   12.1      --
118  06/20/2020  2100    75.4   52.4     9.5     0.000   0   44.71  297.7   12.7      --
119  06/20/2020  2200    72.3   53.0    10.5     0.000   0   50.72  298.7   13.4  no_inv
120  06/20/2020  2300    70.6   54.0     8.9     0.000   0   55.68  298.0   10.9      --
121  06/21/2020  0000    69.5   53.1     7.2     0.000   0   55.92  296.8    8.5      --
122  06/21/2020  0100    68.4   51.5     5.6     0.000   0   54.78  294.6    6.0      --
123  06/21/2020  0200    67.3   50.3     4.0     0.000   0   54.54  289.5    3.6      --
124  06/21/2020  0300    66.3   48.4     2.4     0.000   0   52.36  264.9    1.3      --
125  06/21/2020  0400    65.5   48.4     0.7     0.000   0   53.86  150.5    1.6     906
126  06/21/2020  0500    65.3   48.4     1.3     0.000   0   54.36  215.5    1.5      --
127  06/21/2020  0600    65.7   48.4     1.9     0.000   0   53.61  249.2    2.7      --
128  06/21/2020  0700    66.6   53.5     2.5     0.000   0   62.80  260.2    4.2      --
129  06/21/2020  0800    68.2   53.1     3.1     0.000   0   58.50  265.3    5.8      --
130  06/21/2020  0900    70.4   52.6     3.7     0.000   0   53.32  268.1    7.5      --
131  06/21/2020  1000    73.0   52.0     4.2     0.000   0   47.90  269.9    9.1   14478
132  06/21/2020  1100    76.3   51.5     6.2     0.000   0   41.93  269.3   11.0      --
133  06/21/2020  1200    80.3   51.0     8.2     0.000   0   36.11  268.9   12.8      --
134  06/21/2020  1300    82.8   51.0    10.1     0.000   0   33.35  268.6   14.6      --
135  06/21/2020  1400    83.7   51.0    12.1     0.000   0   32.33  268.3   16.5      --
136  06/21/2020  1500    84.0   50.6    14.1     0.000   0   31.56  268.1   18.3      --
137  06/21/2020  1600    83.9   49.9    16.0     0.000   0   30.86  268.0   20.1  no_inv
138  06/21/2020  1700    82.8   50.3    14.9     0.000   0   32.44  272.3   18.3      --
139  06/21/2020  1800    80.2   50.3    13.8     0.000   0   35.47  277.5   16.5      --
140  06/21/2020  1900    76.7   50.1    12.6     0.000   0   39.43  283.9   14.9      --
141  06/21/2020  2000    73.2   50.3    11.5     0.000   0   44.68  291.7   13.6      --
142  06/21/2020  2100    69.7   49.8    10.4     0.000   0   49.31  301.0   12.5      --
143  06/21/2020  2200    66.2   48.4     9.3     0.000   0   52.85  311.6   11.9     637
144  06/21/2020  2300    64.0   47.5     8.3     0.000   0   55.16  308.1   11.0      --
145  06/22/2020  0000    62.5   47.8     7.3     0.000   0   58.71  304.1   10.2      --
146  06/22/2020  0100    61.0   49.1     6.4     0.000   0   64.78  299.4    9.4      --
147  06/22/2020  0200    59.6   50.0     5.4     0.000   0   70.48  293.8    8.7      --
148  06/22/2020  0300    58.3   51.8     4.4     0.000   0   78.77  287.4    8.1      --
149  06/22/2020  0400    57.2   51.8     3.4     0.000   0   81.96  280.1    7.6     479
150  06/22/2020  0500    56.8   51.8     3.3     0.000   0   83.12  272.9    6.8      --
151  06/22/2020  0600    57.3   51.8     3.2     0.000   0   81.61  264.1    6.2      --
152  06/22/2020  0700    58.5   46.3     3.0     0.000   0   63.96  253.6    5.8      --
153  06/22/2020  0800    60.4   41.0     2.9     0.000   0   48.59  241.7    5.5      --
154  06/22/2020  0900    63.0   38.1     2.8     0.000   0   39.60  229.4    5.5      --
155  06/22/2020  1000    66.3   36.4     2.6     0.000   0   33.08  217.7    5.8    4091
156  06/22/2020  1100    69.9   34.7     2.7     0.000   0   27.30  226.6    5.7      --
157  06/22/2020  1200    75.9   33.1     2.8     0.000   0   20.93  235.5    5.8      --
158  06/22/2020  1300    80.7   31.7     2.9     0.000   0   16.91  244.1    6.0      --
159  06/22/2020  1400    83.3   30.6     3.0     0.000   0   14.90  251.9    6.3      --
160  06/22/2020  1500    84.5   30.0     3.2     0.000   0   13.95  258.9    6.7      --
161  06/22/2020  1600    85.2   29.8     3.2     0.000   0   13.53  265.0    7.2    8415
162  06/22/2020  1700    85.4   29.8     4.1     0.000   0   13.44  272.9    7.7      --
163  06/22/2020  1800    84.6   29.8     4.9     0.000   0   13.79  279.8    8.2      --
164  06/22/2020  1900    81.5   29.8     5.8     0.000   0   15.25  285.7    8.9      --
165  06/22/2020  2000    78.6   31.3     6.6     0.000   0   17.80  290.7    9.7      --
166  06/22/2020  2100    75.7   31.6     7.4     0.000   0   19.81  294.9   10.5      --
167  06/22/2020  2200    72.9   31.8     8.3     0.000   0   21.98  298.5   11.4     915
