  Generated by FoxLW on Tuesday May 11, 2021 at 13:22 PDT
-------------------------------------------------------------------------------
  WSU Tri-Cities
  46.3300:-119.2700  (46 19' 48.00"N  119 16' 12.00"W)  elev 397.0 feet    file: 100148
-------------------------------------------------------------------------------

Line#   Date     Hour   TempF  DewPtF WS(mph)  Rain(in) LW    RH%  WDir_50m WS_50m Inv(ft)
  5  05/11/2021  0400    39.6   33.7     2.5     0.000   0   79.21  302.6    9.2     841
  6  05/11/2021  0500    39.1   32.2     2.6     0.000   0   76.06  302.0    7.8      --
  7  05/11/2021  0600    39.9   31.3     2.6     0.000   0   71.14  301.2    6.4      --
  8  05/11/2021  0700    42.6   30.8     2.3     0.000   0   62.55  299.9    5.1      --
  9  05/11/2021  0800    47.2   31.5     1.8     0.000   0   54.05  297.8    3.8      --
 10  05/11/2021  0900    53.2   32.6     1.1     0.000   0   45.29  293.2    2.4      --
 11  05/11/2021  1000    59.9   33.6     0.5     0.000   0   37.03  277.9    1.1  no_inv
 12  05/11/2021  1100    66.3   34.3     0.5     0.000   0   30.41  289.5    1.1      --
 13  05/11/2021  1200    71.4   34.5     0.6     0.000   0   25.78  301.2    1.1      --
 14  05/11/2021  1300    75.1   34.5     0.6     0.000   0   22.82  312.0    1.2      --
 15  05/11/2021  1400    77.0   34.0     0.6     0.000   0   21.02  321.5    1.3      --
 16  05/11/2021  1500    77.8   32.8     0.7     0.000   0   19.41  329.3    1.4      --
 17  05/11/2021  1600    78.3   31.2     0.7     0.000   0   17.96  335.7    1.6  no_inv
 18  05/11/2021  1700    78.4   30.0     1.4     0.000   0   17.00  244.7    0.9      --
 19  05/11/2021  1800    77.5   29.5     2.1     0.000   0   17.13  204.3    2.4      --
 20  05/11/2021  1900    73.9   32.4     2.8     0.000   0   21.73  196.2    4.2      --
 21  05/11/2021  2000    68.4   32.5     3.2     0.000   0   26.35  193.0    6.0      --
 22  05/11/2021  2100    63.1   32.8     3.4     0.000   0   32.05  191.3    7.9      --
 23  05/11/2021  2200    58.5   33.1     3.5     0.000   0   38.12  190.2    9.7      65
 24  05/11/2021  2300    57.1   33.1     3.0     0.000   0   40.17  193.8    7.5      --
 25  05/12/2021  0000    57.1   33.2     2.7     0.000   0   40.27  200.3    5.4      --
 26  05/12/2021  0100    57.0   33.2     2.3     0.000   0   40.43  214.4    3.5      --
 27  05/12/2021  0200    57.0   33.2     1.9     0.000   0   40.59  251.8    2.2      --
 28  05/12/2021  0300    56.9   33.3     1.6     0.000   0   40.77  305.3    2.7      --
 29  05/12/2021  0400    56.8   33.3     1.3     0.000   0   40.96  329.0    4.4     792
 30  05/12/2021  0500    56.6   33.0     1.3     0.000   0   40.71  329.2    3.6      --
 31  05/12/2021  0600    57.0   32.9     1.2     0.000   0   40.05  329.6    2.8      --
 32  05/12/2021  0700    58.4   35.8     1.0     0.000   0   42.69  330.3    2.0      --
 33  05/12/2021  0800    60.8   35.5     0.8     0.000   0   38.66  331.8    1.2      --
 34  05/12/2021  0900    64.1   35.4     0.4     0.000   0   34.39  338.5    0.5      --
 35  05/12/2021  1000    68.0   36.4     0.2     0.000   0   31.22  132.0    0.3  no_inv
 36  05/12/2021  1100    72.3   37.1     1.1     0.000   0   27.75  252.4    1.5      --
 37  05/12/2021  1200    77.1   37.4     2.1     0.000   0   23.91  257.4    3.3      --
 38  05/12/2021  1300    80.4   37.4     3.1     0.000   0   21.42  258.9    5.0      --
 39  05/12/2021  1400    81.9   37.2     4.1     0.000   0   20.21  259.6    6.7      --
 40  05/12/2021  1500    82.7   36.6     5.1     0.000   0   19.33  260.1    8.5      --
 41  05/12/2021  1600    82.9   36.0     6.0     0.000   0   18.66  260.4   10.2  no_inv
 42  05/12/2021  1700    82.8   35.4     7.9     0.000   0   18.33  279.8   10.6      --
 43  05/12/2021  1800    81.0   35.2     9.8     0.000   0   19.30  296.2   12.0      --
 44  05/12/2021  1900    77.3   35.6    11.6     0.000   0   22.12  308.3   14.2      --
 45  05/12/2021  2000    73.4   35.1    13.5     0.000   0   24.72  316.9   16.9      --
 46  05/12/2021  2100    69.4   36.2    15.4     0.000   0   29.51  323.1   19.8      --
 47  05/12/2021  2200    65.5   37.4    17.3     0.000   0   35.41  327.6   22.9    2238
 48  05/12/2021  2300    62.3   38.6    15.1     0.000   0   41.40  326.2   20.5      --
 49  05/13/2021  0000    60.5   39.7    12.9     0.000   0   46.16  324.4   18.2      --
 50  05/13/2021  0100    58.7   42.0    10.7     0.000   0   53.81  322.1   15.8      --
 51  05/13/2021  0200    57.2   43.0     8.5     0.000   0   59.14  319.0   13.5      --
 52  05/13/2021  0300    55.8   40.9     6.3     0.000   0   57.23  314.6   11.3      --
 53  05/13/2021  0400    54.5   38.6     2.9     0.000   0   54.83  308.1    9.1     830
 54  05/13/2021  0500    54.1   37.9     3.1     0.000   0   54.24  307.0    8.3      --
 55  05/13/2021  0600    54.4   38.5     3.2     0.000   0   54.69  305.6    7.5      --
 56  05/13/2021  0700    55.7   41.2     3.1     0.000   0   58.14  304.0    6.7      --
 57  05/13/2021  0800    57.9   42.1     2.7     0.000   0   55.54  301.8    5.9      --
 58  05/13/2021  0900    60.9   44.4     2.3     0.000   0   54.49  299.0    5.1      --
 59  05/13/2021  1000    64.5   46.5     2.0     0.000   0   51.92  295.3    4.4  no_inv
 60  05/13/2021  1100    68.3   47.9     1.8     0.000   0   48.02  302.2    3.5      --
 61  05/13/2021  1200    73.0   48.4     1.7     0.000   0   41.80  313.0    2.8      --
 62  05/13/2021  1300    76.4   48.4     1.6     0.000   0   37.28  330.4    2.2      --
 63  05/13/2021  1400    78.2   47.6     1.5     0.000   0   34.18  355.5    2.0      --
 64  05/13/2021  1500    78.9   45.6     1.3     0.000   0   30.90   21.8    2.1      --
 65  05/13/2021  1600    79.3   43.1     1.2     0.000   0   27.77   40.9    2.7  no_inv
 66  05/13/2021  1700    79.3   41.1     2.7     0.000   0   25.68  357.4    3.1      --
 67  05/13/2021  1800    78.4   40.3     4.2     0.000   0   25.66  334.0    4.6      --
 68  05/13/2021  1900    75.4   43.6     5.7     0.000   0   32.16  323.2    6.5      --
 69  05/13/2021  2000    72.3   41.0     7.2     0.000   0   32.28  317.4    8.6      --
 70  05/13/2021  2100    69.3   40.0     8.7     0.000   0   34.41  313.8   10.6      --
 71  05/13/2021  2200    66.2   40.3    10.2     0.000   0   38.74  311.4   12.8     290
 72  05/13/2021  2300    61.8   40.8     9.8     0.000   0   45.93  309.5   12.6      --
 73  05/14/2021  0000    58.9   41.2     9.4     0.000   0   51.79  307.6   12.5      --
 74  05/14/2021  0100    56.2   41.5     9.0     0.000   0   57.70  305.6   12.4      --
 75  05/14/2021  0200    53.9   41.7     8.7     0.000   0   63.27  303.6   12.3      --
 76  05/14/2021  0300    52.1   41.9     8.3     0.000   0   68.06  301.5   12.3      --
 77  05/14/2021  0400    50.8   42.0     7.9     0.000   0   71.96  299.5   12.2      50
 78  05/14/2021  0500    50.0   43.0     6.9     0.000   0   76.56  297.7   10.8      --
 79  05/14/2021  0600    50.8   43.5     5.8     0.000   0   76.05  295.4    9.3      --
 80  05/14/2021  0700    53.0   38.4     4.8     0.000   0   57.42  292.2    7.9      --
 81  05/14/2021  0800    56.6   37.3     3.8     0.000   0   48.17  287.6    6.5      --
 82  05/14/2021  0900    61.5   36.0     2.8     0.000   0   38.47  280.6    5.1      --
 83  05/14/2021  1000    67.1   34.6     1.8     0.000   0   29.99  269.0    3.9    2400
 84  05/14/2021  1100    72.6   33.2     1.7     0.000   0   23.54  272.7    3.8      --
 85  05/14/2021  1200    77.5   31.9     1.7     0.000   0   18.93  276.7    3.7      --
 86  05/14/2021  1300    81.1   30.8     1.6     0.000   0   16.11  280.9    3.5      --
 87  05/14/2021  1400    82.9   30.0     1.6     0.000   0   14.67  285.4    3.4      --
 88  05/14/2021  1500    83.8   29.4     1.5     0.000   0   13.97  290.1    3.4      --
 89  05/14/2021  1600    84.2   29.2     1.5     0.000   0   13.68  295.0    3.3  no_inv
 90  05/14/2021  1700    84.2   29.4     5.3     0.000   0   13.72  314.3    7.6      --
 91  05/14/2021  1800    83.4   29.7     9.1     0.000   0   14.32  319.5   12.1      --
 92  05/14/2021  1900    79.9   30.3    12.9     0.000   0   16.41  321.9   16.7      --
 93  05/14/2021  2000    75.3   31.1    16.8     0.000   0   19.67  323.2   21.3      --
 94  05/14/2021  2100    70.8   32.0    20.6     0.000   0   23.75  324.1   25.9      --
 95  05/14/2021  2200    66.2   32.9    24.4     0.000   0   28.85  324.7   30.5    2163
 96  05/14/2021  2300    62.1   33.8    21.4     0.000   0   34.61  322.4   26.8      --
 97  05/15/2021  0000    59.8   34.7    18.5     0.000   0   38.90  319.3   23.2      --
 98  05/15/2021  0100    57.7   35.5    15.5     0.000   0   43.22  315.2   19.7      --
 99  05/15/2021  0200    55.8   36.0    12.6     0.000   0   47.26  309.2   16.3      --
100  05/15/2021  0300    54.3   37.7     9.6     0.000   0   53.39  300.4   13.2      --
101  05/15/2021  0400    53.2   35.4     6.7     0.000   0   50.79  286.6   10.5      15
102  05/15/2021  0500    52.5   33.1     6.1     0.000   0   47.37  282.8    9.8      --
103  05/15/2021  0600    53.3   31.8     5.5     0.000   0   43.64  278.4    9.1      --
104  05/15/2021  0700    55.5   35.3     4.9     0.000   0   46.42  273.4    8.5      --
105  05/15/2021  0800    59.1   34.4     4.4     0.000   0   39.36  267.5    7.9      --
106  05/15/2021  0900    63.9   33.4     3.8     0.000   0   31.87  260.9    7.4      --
107  05/15/2021  1000    69.4   32.3     3.2     0.000   0   25.24  253.5    7.1  no_inv
108  05/15/2021  1100    74.8   31.2     3.1     0.000   0   20.14  252.4    6.8      --
109  05/15/2021  1200    79.7   30.2     3.0     0.000   0   16.46  251.3    6.6      --
110  05/15/2021  1300    83.1   29.3     2.9     0.000   0   14.20  250.1    6.3      --
111  05/15/2021  1400    84.9   28.6     2.8     0.000   0   13.06  248.8    6.1      --
112  05/15/2021  1500    85.7   28.2     2.6     0.000   0   12.51  247.3    5.8      --
113  05/15/2021  1600    86.0   28.1     2.5     0.000   0   12.28  245.8    5.6  no_inv
114  05/15/2021  1700    86.1   28.3     5.1     0.000   0   12.37  277.3    6.7      --
115  05/15/2021  1800    85.2   28.9     7.6     0.000   0   13.04  295.8    9.2      --
116  05/15/2021  1900    81.6   31.8    10.1     0.000   0   16.51  305.9   12.2      --
117  05/15/2021  2000    76.6   31.2    12.7     0.000   0   18.95  311.9   15.4      --
118  05/15/2021  2100    71.6   32.7    15.2     0.000   0   23.82  315.8   18.8      --
119  05/15/2021  2200    66.5   34.3    17.7     0.000   0   30.18  318.5   22.2     651
120  05/15/2021  2300    61.5   35.9    15.2     0.000   0   38.37  315.7   18.7      --
121  05/16/2021  0000    58.4   37.4    12.6     0.000   0   45.34  311.7   15.3      --
122  05/16/2021  0100    55.6   40.0    10.1     0.000   0   55.66  305.5   12.0      --
123  05/16/2021  0200    52.2   36.3     5.9     0.000   0   54.60  294.7    8.9      --
124  05/16/2021  0300    50.2   33.1     3.3     0.000   0   51.70  274.5    6.5      --
125  05/16/2021  0400    49.1   32.0     1.4     0.000   0   51.56  240.4    5.5  no_inv
126  05/16/2021  0500    48.7   30.1     1.8     0.000   0   48.45  239.4    5.7      --
127  05/16/2021  0600    49.6   30.2     2.2     0.000   0   47.11  238.4    6.0      --
128  05/16/2021  0700    52.4   35.6     2.6     0.000   0   52.72  237.5    6.2      --
129  05/16/2021  0800    57.4   38.5     2.9     0.000   0   49.34  236.7    6.4      --
130  05/16/2021  0900    63.6   39.1     3.0     0.000   0   40.47  235.9    6.7      --
131  05/16/2021  1000    70.6   42.5     3.1     0.000   0   36.25  235.2    6.9    5370
132  05/16/2021  1100    77.3   44.8     2.8     0.000   0   31.59  234.2    6.3      --
133  05/16/2021  1200    83.1   45.7     2.6     0.000   0   27.08  232.9    5.7      --
134  05/16/2021  1300    87.2   45.7     2.3     0.000   0   23.76  231.4    5.1      --
135  05/16/2021  1400    89.3   44.8     2.0     0.000   0   21.47  229.4    4.5      --
136  05/16/2021  1500    90.3   42.5     1.8     0.000   0   19.07  226.8    3.9      --
137  05/16/2021  1600    90.9   39.8     1.5     0.000   0   16.82  223.4    3.3    7984
138  05/16/2021  1700    91.1   37.5     1.6     0.000   0   15.32  215.7    3.4      --
139  05/16/2021  1800    90.3   36.6     1.7     0.000   0   15.17  208.6    3.6      --
140  05/16/2021  1900    86.2   41.8     1.8     0.000   0   21.14  202.2    3.8      --
141  05/16/2021  2000    78.2   42.8     1.5     0.000   0   28.47  196.5    4.1      --
142  05/16/2021  2100    70.2   43.5     1.3     0.000   0   38.12  191.6    4.4      --
143  05/16/2021  2200    62.2   44.1     1.1     0.000   0   51.51  187.4    4.7  no_inv
144  05/16/2021  2300    56.6   44.2     1.0     0.000   0   63.14  194.5    3.6      --
145  05/17/2021  0000    54.7   44.2     1.0     0.000   0   67.83  207.1    2.7      --
146  05/17/2021  0100    53.2   44.3     0.9     0.000   0   71.82  230.6    2.0      --
147  05/17/2021  0200    52.4   44.4     0.9     0.000   0   74.16  266.2    1.8      --
148  05/17/2021  0300    51.8   44.5     0.8     0.000   0   76.09  295.2    2.4      --
149  05/17/2021  0400    51.3   44.5     0.8     0.000   0   77.57  311.1    3.2  no_inv
150  05/17/2021  0500    51.0   43.8     0.9     0.000   0   76.25  318.5    2.5      --
151  05/17/2021  0600    51.9   43.3     1.0     0.000   0   72.22  332.4    1.8      --
152  05/17/2021  0700    55.0   43.2     1.2     0.000   0   64.35    0.1    1.3      --
153  05/17/2021  0800    61.2   43.8     1.2     0.000   0   52.73   40.0    1.3      --
154  05/17/2021  0900    68.3   44.9     1.2     0.000   0   42.92   67.2    1.8      --
155  05/17/2021  1000    76.2   45.9     1.1     0.000   0   34.13   80.8    2.5  no_inv
156  05/17/2021  1100    83.8   46.6     1.4     0.000   0   27.39   77.8    3.1      --
157  05/17/2021  1200    89.7   46.8     1.6     0.000   0   22.90   75.8    3.6      --
158  05/17/2021  1300    94.0   46.8     1.9     0.000   0   20.06   74.3    4.2      --
159  05/17/2021  1400    96.2   46.0     2.2     0.000   0   18.14   73.2    4.8      --
160  05/17/2021  1500    97.3   43.9     2.4     0.000   0   16.21   72.3    5.4      --
161  05/17/2021  1600    97.9   41.3     2.7     0.000   0   14.40   71.6    5.9  no_inv
162  05/17/2021  1700    98.1   39.2     6.5     0.000   0   13.19   13.3    5.9      --
163  05/17/2021  1800    97.4   38.2    10.4     0.000   0   12.97  343.1   10.1      --
164  05/17/2021  1900    93.8   35.1    14.2     0.000   0   12.79  332.0   15.3      --
165  05/17/2021  2000    89.3   35.1    18.1     0.000   0   14.71  326.6   20.9      --
166  05/17/2021  2100    84.8   35.1    21.9     0.000   0   16.96  323.5   26.5      --
167  05/17/2021  2200    80.3   35.1    25.8     0.000   0   19.61  321.5   32.2    1324
