  Generated by FoxLW on Tuesday May 11, 2021 at 13:22 PDT
-------------------------------------------------------------------------------
  WSU Prosser
  46.2600:-119.7400  (46 15' 36.00"N  119 44' 24.00"W)  elev 928.5 feet    file: 300033
-------------------------------------------------------------------------------

Line#   Date     Hour   TempF  DewPtF WS(mph)  Rain(in) LW    RH%  WDir_50m WS_50m Inv(ft)
  5  05/11/2021  0400    51.5   29.4     2.6     0.000   0   42.38  287.9    5.8     377
  6  05/11/2021  0500    50.9   29.3     2.6     0.000   0   43.11  281.0    5.6      --
  7  05/11/2021  0600    51.2   29.1     2.6     0.000   0   42.37  273.6    5.4      --
  8  05/11/2021  0700    52.2   28.8     2.6     0.000   0   40.35  265.9    5.3      --
  9  05/11/2021  0800    54.0   26.5     2.6     0.000   0   34.28  258.1    5.3      --
 10  05/11/2021  0900    56.6   26.1     2.6     0.000   0   30.70  250.5    5.4      --
 11  05/11/2021  1000    59.7   25.6     2.6     0.000   0   26.90  243.3    5.7  no_inv
 12  05/11/2021  1100    63.2   25.1     2.5     0.000   0   23.36  245.8    5.4      --
 13  05/11/2021  1200    68.1   24.7     2.4     0.000   0   19.36  248.5    5.2      --
 14  05/11/2021  1300    71.8   24.4     2.3     0.000   0   16.77  251.5    4.9      --
 15  05/11/2021  1400    73.8   24.1     2.2     0.000   0   15.51  254.8    4.7      --
 16  05/11/2021  1500    74.7   23.9     2.0     0.000   0   14.95  258.4    4.5      --
 17  05/11/2021  1600    75.1   23.9     2.0     0.000   0   14.70  262.3    4.3  no_inv
 18  05/11/2021  1700    75.2   24.0     2.0     0.000   0   14.76  260.3    4.3      --
 19  05/11/2021  1800    74.3   24.4     2.0     0.000   0   15.46  258.4    4.3      --
 20  05/11/2021  1900    71.5   24.2     2.0     0.000   0   16.85  256.4    4.3      --
 21  05/11/2021  2000    69.2   24.2     2.0     0.000   0   18.26  254.5    4.4      --
 22  05/11/2021  2100    66.8   24.2     2.0     0.000   0   19.80  252.6    4.4      --
 23  05/11/2021  2200    64.4   24.2     2.0     0.000   0   21.49  250.8    4.4     439
 24  05/11/2021  2300    62.5   24.2     1.9     0.000   0   23.01  257.0    4.1      --
 25  05/12/2021  0000    61.5   24.2     1.9     0.000   0   23.80  264.3    3.8      --
 26  05/12/2021  0100    60.7   24.2     1.8     0.000   0   24.53  272.6    3.6      --
 27  05/12/2021  0200    59.9   24.2     1.7     0.000   0   25.17  281.8    3.5      --
 28  05/12/2021  0300    59.4   24.2     1.6     0.000   0   25.68  291.5    3.4      --
 29  05/12/2021  0400    59.0   24.2     1.6     0.000   0   26.06  301.0    3.5     857
 30  05/12/2021  0500    58.7   24.2     1.7     0.000   0   26.34  289.0    3.3      --
 31  05/12/2021  0600    58.9   24.2     1.8     0.000   0   26.12  276.4    3.3      --
 32  05/12/2021  0700    59.8   29.6     1.8     0.000   0   31.65  264.3    3.5      --
 33  05/12/2021  0800    61.3   33.8     1.9     0.000   0   35.46  253.7    3.8      --
 34  05/12/2021  0900    63.6   33.8     2.0     0.000   0   32.79  244.8    4.2      --
 35  05/12/2021  1000    66.3   33.8     2.1     0.000   0   29.82  237.6    4.6  no_inv
 36  05/12/2021  1100    69.4   33.8     2.8     0.000   0   26.76  253.4    5.1      --
 37  05/12/2021  1200    73.8   33.8     3.6     0.000   0   23.10  265.6    5.9      --
 38  05/12/2021  1300    77.0   33.6     4.3     0.000   0   20.65  274.6    6.9      --
 39  05/12/2021  1400    78.4   33.8     5.1     0.000   0   19.79  281.2    8.1      --
 40  05/12/2021  1500    79.1   33.8     5.8     0.000   0   19.42  286.1    9.3      --
 41  05/12/2021  1600    79.3   33.9     6.6     0.000   0   19.28  289.9   10.6  no_inv
 42  05/12/2021  1700    79.2   33.9     7.7     0.000   0   19.35  296.0   11.4      --
 43  05/12/2021  1800    77.7   34.0     8.9     0.000   0   20.46  301.1   12.4      --
 44  05/12/2021  1900    74.2   35.5    10.1     0.000   0   24.35  305.5   13.6      --
 45  05/12/2021  2000    70.4   36.7    11.3     0.000   0   29.16  309.2   14.7      --
 46  05/12/2021  2100    66.5   37.0    12.4     0.000   0   33.64  312.3   15.9      --
 47  05/12/2021  2200    62.7   38.2    13.6     0.000   0   40.22  315.0   17.2     968
 48  05/12/2021  2300    60.1   39.3    12.6     0.000   0   46.13  312.8   16.4      --
 49  05/13/2021  0000    58.7   41.8    11.5     0.000   0   53.44  310.5   15.7      --
 50  05/13/2021  0100    57.3   43.1    10.4     0.000   0   58.92  307.9   15.0      --
 51  05/13/2021  0200    56.1   43.9     9.4     0.000   0   63.69  305.1   14.3      --
 52  05/13/2021  0300    54.9   44.4     8.3     0.000   0   67.50  302.0   13.7      --
 53  05/13/2021  0400    54.0   41.8     7.2     0.000   0   63.33  298.6   13.1     304
 54  05/13/2021  0500    53.4   38.7     6.4     0.000   0   57.29  295.3   11.4      --
 55  05/13/2021  0600    53.7   36.6     5.5     0.000   0   52.19  290.7    9.7      --
 56  05/13/2021  0700    54.8   41.1     4.7     0.000   0   59.85  284.4    8.1      --
 57  05/13/2021  0800    56.6   40.0     3.8     0.000   0   53.84  275.0    6.6      --
 58  05/13/2021  0900    59.1   38.8     3.0     0.000   0   46.86  261.0    5.4      --
 59  05/13/2021  1000    62.2   37.5     2.1     0.000   0   39.89  241.2    4.7    5715
 60  05/13/2021  1100    65.6   36.3     2.0     0.000   0   33.70  240.7    4.5      --
 61  05/13/2021  1200    70.2   35.1     1.9     0.000   0   27.46  240.1    4.2      --
 62  05/13/2021  1300    73.6   34.0     1.8     0.000   0   23.48  239.5    4.0      --
 63  05/13/2021  1400    75.4   33.2     1.7     0.000   0   21.45  238.8    3.7      --
 64  05/13/2021  1500    76.1   32.8     1.6     0.000   0   20.50  237.9    3.5      --
 65  05/13/2021  1600    76.5   32.6     1.5     0.000   0   20.13  237.0    3.3  no_inv
 66  05/13/2021  1700    76.5   32.6     1.9     0.000   0   20.15  267.3    2.5      --
 67  05/13/2021  1800    75.6   32.8     2.2     0.000   0   20.86  305.3    2.7      --
 68  05/13/2021  1900    72.9   33.3     2.6     0.000   0   23.32  329.3    3.7      --
 69  05/13/2021  2000    71.0   33.3     3.0     0.000   0   24.92  341.5    5.1      --
 70  05/13/2021  2100    69.0   33.3     3.4     0.000   0   26.65  348.3    6.7      --
 71  05/13/2021  2200    67.0   33.3     3.7     0.000   0   28.51  352.5    8.3     460
 72  05/13/2021  2300    63.9   33.3     4.5     0.000   0   31.78  338.9    7.7      --
 73  05/14/2021  0000    61.7   33.6     5.2     0.000   0   34.66  324.1    7.6      --
 74  05/14/2021  0100    59.8   34.4     6.0     0.000   0   38.39  310.0    8.1      --
 75  05/14/2021  0200    58.3   35.4     6.8     0.000   0   42.21  297.9    8.9      --
 76  05/14/2021  0300    57.1   36.4     7.5     0.000   0   45.90  288.3   10.1      --
 77  05/14/2021  0400    56.2   37.1     8.3     0.000   0   48.55  280.9   11.5     936
 78  05/14/2021  0500    55.7   36.3     7.5     0.000   0   47.89  278.5   10.8      --
 79  05/14/2021  0600    56.0   35.1     6.7     0.000   0   45.12  275.9   10.2      --
 80  05/14/2021  0700    57.1   33.7     5.9     0.000   0   41.02  272.8    9.5      --
 81  05/14/2021  0800    59.1   32.7     5.1     0.000   0   36.77  269.4    8.9      --
 82  05/14/2021  0900    61.8   31.5     4.3     0.000   0   31.81  265.5    8.4      --
 83  05/14/2021  1000    65.3   30.3     3.5     0.000   0   26.81  261.0    7.8  no_inv
 84  05/14/2021  1100    69.1   29.0     5.0     0.000   0   22.32  268.8    8.9      --
 85  05/14/2021  1200    74.9   27.9     6.4     0.000   0   17.48  274.8   10.0      --
 86  05/14/2021  1300    79.6   27.6     7.8     0.000   0   14.82  279.6   11.3      --
 87  05/14/2021  1400    82.2   27.9     9.3     0.000   0   13.83  283.4   12.6      --
 88  05/14/2021  1500    83.4   28.4    10.7     0.000   0   13.53  286.5   13.9      --
 89  05/14/2021  1600    84.1   28.2    12.2     0.000   0   13.17  289.0   15.3  no_inv
 90  05/14/2021  1700    84.3   27.9    12.6     0.000   0   12.94  286.8   15.9      --
 91  05/14/2021  1800    83.5   27.4    13.1     0.000   0   12.96  284.6   16.4      --
 92  05/14/2021  1900    79.9   27.4    13.6     0.000   0   14.57  282.7   17.0      --
 93  05/14/2021  2000    75.1   27.9    14.1     0.000   0   17.38  280.8   17.6      --
 94  05/14/2021  2100    70.4   28.8    14.6     0.000   0   21.16  279.1   18.2      --
 95  05/14/2021  2200    65.7   30.0    15.1     0.000   0   26.11  277.5   18.8     895
 96  05/14/2021  2300    62.8   31.1    14.2     0.000   0   30.25  277.0   17.8      --
 97  05/15/2021  0000    61.7   32.2    13.3     0.000   0   32.91  276.5   16.7      --
 98  05/15/2021  0100    60.5   33.1    12.5     0.000   0   35.59  275.9   15.6      --
 99  05/15/2021  0200    59.4   35.3    11.6     0.000   0   40.35  275.3   14.6      --
100  05/15/2021  0300    58.4   36.0    10.8     0.000   0   43.03  274.5   13.5      --
101  05/15/2021  0400    57.6   36.5     9.9     0.000   0   45.08  273.6   12.5     617
102  05/15/2021  0500    57.0   36.3     8.7     0.000   0   45.61  271.7   11.3      --
103  05/15/2021  0600    57.4   34.6     7.5     0.000   0   42.08  269.3   10.2      --
104  05/15/2021  0700    58.6   32.8     6.3     0.000   0   37.62  266.4    9.1      --
105  05/15/2021  0800    60.7   31.7     5.1     0.000   0   33.40  262.7    8.0      --
106  05/15/2021  0900    63.5   30.4     3.9     0.000   0   28.61  257.9    7.0      --
107  05/15/2021  1000    67.0   29.0     2.7     0.000   0   23.90  251.4    6.0  no_inv
108  05/15/2021  1100    70.8   27.5     2.8     0.000   0   19.80  254.4    6.1      --
109  05/15/2021  1200    76.0   26.2     2.9     0.000   0   15.77  257.2    6.2      --
110  05/15/2021  1300    79.9   25.1     2.9     0.000   0   13.22  259.9    6.4      --
111  05/15/2021  1400    81.9   24.2     3.0     0.000   0   11.92  262.5    6.5      --
112  05/15/2021  1500    82.9   23.6     3.0     0.000   0   11.31  265.0    6.7      --
113  05/15/2021  1600    83.3   23.5     3.1     0.000   0   11.05  267.4    6.9  no_inv
114  05/15/2021  1700    83.4   23.7     4.5     0.000   0   11.15  268.8    8.1      --
115  05/15/2021  1800    82.6   24.5     5.9     0.000   0   11.85  269.8    9.4      --
116  05/15/2021  1900    79.2   27.1     7.3     0.000   0   14.70  270.6   10.6      --
117  05/15/2021  2000    75.0   29.5     8.8     0.000   0   18.66  271.2   11.9      --
118  05/15/2021  2100    70.8   31.4    10.1     0.000   0   23.21  271.7   13.1      --
119  05/15/2021  2200    66.6   33.0    11.6     0.000   0   28.61  272.1   14.4     842
120  05/15/2021  2300    64.2   35.6    10.1     0.000   0   34.45  272.3   13.1      --
121  05/16/2021  0000    63.4   37.6     8.7     0.000   0   38.45  272.5   11.8      --
122  05/16/2021  0100    62.5   35.8     7.3     0.000   0   36.82  272.8   10.5      --
123  05/16/2021  0200    61.7   31.8     5.9     0.000   0   32.38  273.1    9.2      --
124  05/16/2021  0300    60.9   29.1     4.4     0.000   0   29.77  273.6    7.9      --
125  05/16/2021  0400    60.2   24.4     3.0     0.000   0   25.13  274.3    6.6     157
126  05/16/2021  0500    59.7   24.4     3.0     0.000   0   25.57  270.0    6.5      --
127  05/16/2021  0600    60.1   24.4     3.0     0.000   0   25.21  265.6    6.4      --
128  05/16/2021  0700    61.4   29.8     3.0     0.000   0   30.14  261.1    6.4      --
129  05/16/2021  0800    63.5   35.2     3.0     0.000   0   34.71  256.6    6.4      --
130  05/16/2021  0900    66.6   37.7     3.0     0.000   0   34.42  252.1    6.4      --
131  05/16/2021  1000    70.3   37.0     2.9     0.000   0   29.46  247.7    6.5    5117
132  05/16/2021  1100    74.4   36.2     2.8     0.000   0   24.97  252.1    6.0      --
133  05/16/2021  1200    80.0   35.6     2.6     0.000   0   20.19  257.2    5.6      --
134  05/16/2021  1300    84.4   35.0     2.5     0.000   0   17.13  263.1    5.2      --
135  05/16/2021  1400    86.8   34.6     2.3     0.000   0   15.62  270.0    4.8      --
136  05/16/2021  1500    87.9   34.3     2.2     0.000   0   14.93  277.8    4.6      --
137  05/16/2021  1600    88.5   34.2     2.0     0.000   0   14.60  286.3    4.4  no_inv
138  05/16/2021  1700    88.6   34.3     2.0     0.000   0   14.57  276.2    3.3      --
139  05/16/2021  1800    87.8   34.5     2.0     0.000   0   15.06  257.1    2.3      --
140  05/16/2021  1900    84.8   34.7     2.0     0.000   0   16.67  223.4    1.9      --
141  05/16/2021  2000    82.1   34.7     2.0     0.000   0   18.20  189.1    2.3      --
142  05/16/2021  2100    79.4   34.7     2.0     0.000   0   19.88  169.3    3.2      --
143  05/16/2021  2200    76.7   34.7     2.0     0.000   0   21.74  158.9    4.3     219
144  05/16/2021  2300    73.9   34.7     1.9     0.000   0   23.82  167.1    3.3      --
145  05/17/2021  0000    72.4   34.7     1.9     0.000   0   25.10  182.5    2.3      --
146  05/17/2021  0100    71.0   34.7     1.8     0.000   0   26.27  212.2    1.8      --
147  05/17/2021  0200    69.9   34.7     1.7     0.000   0   27.28  250.6    1.9      --
148  05/17/2021  0300    69.1   34.7     1.7     0.000   0   28.09  275.1    2.6      --
149  05/17/2021  0400    68.5   34.7     1.6     0.000   0   28.65  287.6    3.6     108
150  05/17/2021  0500    68.1   34.7     1.7     0.000   0   29.06  286.8    2.2      --
151  05/17/2021  0600    68.5   34.7     1.8     0.000   0   28.58  283.2    0.8      --
152  05/17/2021  0700    69.9   37.6     1.9     0.000   0   30.59  117.3    0.6      --
153  05/17/2021  0800    72.3   36.8     2.0     0.000   0   27.43  111.4    2.0      --
154  05/17/2021  0900    75.6   36.0     2.0     0.000   0   23.75  110.4    3.3      --
155  05/17/2021  1000    79.6   35.1     2.1     0.000   0   20.10  110.0    4.7  no_inv
156  05/17/2021  1100    83.9   34.2     2.2     0.000   0   16.89  123.4    4.0      --
157  05/17/2021  1200    89.3   33.4     2.3     0.000   0   13.75  140.8    3.7      --
158  05/17/2021  1300    93.4   32.6     2.3     0.000   0   11.76  160.0    3.7      --
159  05/17/2021  1400    95.6   32.1     2.4     0.000   0   10.75  177.2    4.1      --
160  05/17/2021  1500    96.6   31.7     2.5     0.000   0   10.29  190.4    4.8      --
161  05/17/2021  1600    97.1   31.6     2.5     0.000   0   10.08  199.9    5.6  no_inv
162  05/17/2021  1700    97.2   31.6     4.3     0.000   0   10.04  232.4    4.9      --
163  05/17/2021  1800    96.4   31.6     6.0     0.000   0   10.29  263.3    5.9      --
164  05/17/2021  1900    93.0   33.5     7.7     0.000   0   12.32  281.6    8.0      --
165  05/17/2021  2000    88.8   33.6     9.5     0.000   0   14.09  291.8   10.6      --
166  05/17/2021  2100    84.7   33.2    11.2     0.000   0   15.81  297.8   13.3      --
167  05/17/2021  2200    80.6   31.6    12.9     0.000   0   16.93  301.8   16.2     801
