  Generated by FoxLW on Tuesday May 11, 2021 at 13:22 PDT
-------------------------------------------------------------------------------
  WSU Othello
  46.7900:-119.0400  (46 47' 24.00"N  119 2' 24.00"W)  elev 1204.1 feet    file: 300122
-------------------------------------------------------------------------------

Line#   Date     Hour   TempF  DewPtF WS(mph)  Rain(in) LW    RH%  WDir_50m WS_50m Inv(ft)
  5  05/11/2021  0400    44.4   40.2     1.5     0.000  10   85.16  329.0    7.8      26
  6  05/11/2021  0500    44.2   38.4     2.0     0.000   5   79.82  318.7    6.7      --
  7  05/11/2021  0600    44.6   37.0     2.5     0.000   0   74.29  304.9    5.8      --
  8  05/11/2021  0700    46.3   36.1     3.0     0.000   0   67.17  288.0    5.4      --
  9  05/11/2021  0800    49.8   35.7     3.3     0.000   0   58.09  270.4    5.6      --
 10  05/11/2021  0900    54.0   36.8     3.3     0.000   0   52.03  254.9    6.2      --
 11  05/11/2021  1000    58.8   37.8     3.2     0.000   0   45.52  242.9    7.2  no_inv
 12  05/11/2021  1100    63.5   38.5     3.1     0.000   0   39.55  243.0    6.9      --
 13  05/11/2021  1200    68.0   38.8     3.0     0.000   0   34.24  243.1    6.7      --
 14  05/11/2021  1300    71.1   38.8     2.9     0.000   0   30.77  243.3    6.4      --
 15  05/11/2021  1400    72.7   38.0     2.8     0.000   0   28.28  243.5    6.2      --
 16  05/11/2021  1500    73.4   35.9     2.7     0.000   0   25.47  243.6    6.0      --
 17  05/11/2021  1600    73.7   33.3     2.6     0.000   0   22.77  243.9    5.7  no_inv
 18  05/11/2021  1700    73.7   31.3     2.5     0.000   0   20.95  239.6    5.6      --
 19  05/11/2021  1800    72.8   30.5     2.5     0.000   0   20.91  235.2    5.4      --
 20  05/11/2021  1900    68.9   35.2     2.5     0.000   0   28.87  230.5    5.3      --
 21  05/11/2021  2000    60.9   36.4     1.7     0.000   0   40.03  225.6    5.2      --
 22  05/11/2021  2100    53.6   37.1     1.4     0.000   0   53.50  220.7    5.2      --
 23  05/11/2021  2200    48.9   37.8     1.0     0.000   0   65.35  215.7    5.2  no_inv
 24  05/11/2021  2300    47.7   37.5     1.1     0.000   0   67.77  212.0    5.0      --
 25  05/12/2021  0000    47.7   37.3     1.2     0.000   0   67.20  208.0    4.8      --
 26  05/12/2021  0100    48.0   37.1     1.2     0.000   0   65.84  203.7    4.7      --
 27  05/12/2021  0200    48.2   36.9     1.3     0.000   0   64.84  199.1    4.5      --
 28  05/12/2021  0300    48.2   36.7     1.4     0.000   0   64.26  194.4    4.4      --
 29  05/12/2021  0400    48.0   36.5     1.4     0.000   0   64.18  189.5    4.4  no_inv
 30  05/12/2021  0500    47.7   36.0     1.5     0.000   0   63.87  193.7    4.1      --
 31  05/12/2021  0600    48.2   35.8     1.7     0.000   0   61.95  198.6    3.8      --
 32  05/12/2021  0700    50.3   36.2     1.7     0.000   0   58.24  204.0    3.6      --
 33  05/12/2021  0800    53.6   37.2     1.6     0.000   0   53.59  210.1    3.4      --
 34  05/12/2021  0900    58.1   38.3     1.5     0.000   0   47.58  216.9    3.3      --
 35  05/12/2021  1000    63.2   39.3     1.5     0.000   0   41.30  224.1    3.2  no_inv
 36  05/12/2021  1100    68.3   40.0     1.8     0.000   0   35.56  232.7    3.9      --
 37  05/12/2021  1200    72.8   40.2     2.2     0.000   0   30.79  238.6    4.7      --
 38  05/12/2021  1300    75.8   40.2     2.5     0.000   0   27.86  242.8    5.5      --
 39  05/12/2021  1400    77.1   39.8     2.9     0.000   0   26.23  245.9    6.4      --
 40  05/12/2021  1500    77.7   38.5     3.3     0.000   0   24.49  248.2    7.2      --
 41  05/12/2021  1600    77.8   37.0     3.7     0.000   0   22.95  250.1    8.1  no_inv
 42  05/12/2021  1700    77.3   35.7     6.3     0.000   0   22.20  279.5    8.6      --
 43  05/12/2021  1800    75.0   35.2     9.0     0.000   0   23.53  300.9   10.9      --
 44  05/12/2021  1900    71.9   34.9    11.7     0.000   0   25.70  313.8   14.1      --
 45  05/12/2021  2000    68.8   34.3    14.3     0.000   0   27.87  321.5   17.8      --
 46  05/12/2021  2100    65.8   35.3    17.0     0.000   0   32.24  326.6   21.7      --
 47  05/12/2021  2200    62.7   36.4    19.7     0.000   0   37.46  330.1   25.7  no_inv
 48  05/12/2021  2300    58.7   37.4    17.5     0.000   0   45.01  330.7   23.9      --
 49  05/13/2021  0000    55.8   38.4    15.3     0.000   0   51.95  331.4   22.1      --
 50  05/13/2021  0100    53.2   39.3    13.2     0.000   0   59.02  332.2   20.2      --
 51  05/13/2021  0200    51.0   41.3    11.0     0.000   0   69.21  333.2   18.4      --
 52  05/13/2021  0300    49.3   42.0     8.9     0.000   0   75.81  334.4   16.6      --
 53  05/13/2021  0400    48.0   40.8     6.7     0.000   0   75.77  335.9   14.8      28
 54  05/13/2021  0500    47.4   39.7     6.1     0.000   0   74.44  331.3   12.9      --
 55  05/13/2021  0600    48.0   39.0     5.5     0.000   0   70.90  325.1   11.0      --
 56  05/13/2021  0700    49.6   39.7     4.9     0.000   0   68.57  316.6    9.3      --
 57  05/13/2021  0800    52.4   39.1     4.3     0.000   0   60.52  304.8    7.9      --
 58  05/13/2021  0900    56.1   38.4     3.7     0.000   0   51.39  289.0    7.0      --
 59  05/13/2021  1000    60.5   37.7     3.0     0.000   0   42.69  270.2    6.7     693
 60  05/13/2021  1100    65.0   37.0     2.9     0.000   0   35.48  274.8    6.2      --
 61  05/13/2021  1200    69.6   36.3     2.7     0.000   0   29.46  280.2    5.8      --
 62  05/13/2021  1300    72.9   35.7     2.6     0.000   0   25.73  286.5    5.3      --
 63  05/13/2021  1400    74.6   35.3     2.4     0.000   0   23.88  293.8    5.0      --
 64  05/13/2021  1500    75.3   35.0     2.2     0.000   0   23.04  301.9    4.8      --
 65  05/13/2021  1600    75.7   34.9     2.1     0.000   0   22.69  310.7    4.6    5691
 66  05/13/2021  1700    75.7   35.0     3.2     0.000   0   22.75  305.8    5.8      --
 67  05/13/2021  1800    74.8   35.2     4.4     0.000   0   23.65  302.6    7.0      --
 68  05/13/2021  1900    71.6   35.8     5.6     0.000   0   26.96  300.3    8.2      --
 69  05/13/2021  2000    67.7   36.9     6.7     0.000   0   32.27  298.6    9.4      --
 70  05/13/2021  2100    63.7   38.6     7.9     0.000   0   39.41  297.3   10.6      --
 71  05/13/2021  2200    59.8   39.3     9.0     0.000   0   46.62  296.3   11.8     667
 72  05/13/2021  2300    57.5   39.9     9.2     0.000   0   51.89  302.9   11.6      --
 73  05/14/2021  0000    56.6   40.5     9.4     0.000   0   54.73  309.7   11.5      --
 74  05/14/2021  0100    55.8   41.0     9.5     0.000   0   57.50  316.4   11.6      --
 75  05/14/2021  0200    55.0   41.4     9.7     0.000   0   60.00  323.0   11.9      --
 76  05/14/2021  0300    54.3   41.6     9.9     0.000   0   62.07  329.2   12.3      --
 77  05/14/2021  0400    53.8   41.7    10.0     0.000   0   63.53  334.9   12.8  no_inv
 78  05/14/2021  0500    53.3   41.5     9.0     0.000   0   64.19  328.3   11.4      --
 79  05/14/2021  0600    53.9   41.0     8.0     0.000   0   61.72  319.9   10.1      --
 80  05/14/2021  0700    55.4   38.3     7.0     0.000   0   52.37  309.5    9.2      --
 81  05/14/2021  0800    58.0   37.3     6.0     0.000   0   45.85  297.1    8.6      --
 82  05/14/2021  0900    61.5   36.1     5.0     0.000   0   38.61  283.7    8.4      --
 83  05/14/2021  1000    65.6   34.8     4.0     0.000   0   31.82  270.4    8.7  no_inv
 84  05/14/2021  1100    69.8   33.6     4.0     0.000   0   26.21  272.6    8.7      --
 85  05/14/2021  1200    74.2   32.4     4.0     0.000   0   21.53  274.9    8.7      --
 86  05/14/2021  1300    77.4   31.4     4.0     0.000   0   18.61  277.1    8.7      --
 87  05/14/2021  1400    79.0   30.6     4.0     0.000   0   17.11  279.4    8.7      --
 88  05/14/2021  1500    79.7   30.1     4.1     0.000   0   16.41  281.7    8.7      --
 89  05/14/2021  1600    80.0   29.9     4.1     0.000   0   16.13  283.9    8.7  no_inv
 90  05/14/2021  1700    80.0   30.0     7.1     0.000   0   16.21  302.2   10.9      --
 91  05/14/2021  1800    79.1   30.4    10.1     0.000   0   16.93  313.6   13.8      --
 92  05/14/2021  1900    75.7   30.9    13.1     0.000   0   19.35  320.9   17.1      --
 93  05/14/2021  2000    71.1   31.6    16.2     0.000   0   23.16  325.7   20.6      --
 94  05/14/2021  2100    66.6   32.4    19.2     0.000   0   27.92  329.2   24.1      --
 95  05/14/2021  2200    62.1   33.3    22.2     0.000   0   33.85  331.7   27.8    2124
 96  05/14/2021  2300    57.5   34.2    20.8     0.000   0   41.26  334.1   25.9      --
 97  05/15/2021  0000    54.7   35.0    19.4     0.000   0   47.16  336.9   24.0      --
 98  05/15/2021  0100    52.1   35.7    18.0     0.000   0   53.34  340.1   22.1      --
 99  05/15/2021  0200    49.8   36.2    16.6     0.000   0   59.34  344.0   20.4      --
100  05/15/2021  0300    47.9   36.5    15.2     0.000   0   64.62  348.5   18.8      --
101  05/15/2021  0400    46.4   36.6    13.8     0.000   0   68.69  353.8   17.3  no_inv
102  05/15/2021  0500    45.6   36.5    12.1     0.000   0   70.44  349.8   15.0      --
103  05/15/2021  0600    46.7   37.7    10.3     0.000   0   70.84  344.4   12.7      --
104  05/15/2021  0700    49.4   35.7     8.5     0.000   0   58.96  336.8   10.6      --
105  05/15/2021  0800    53.8   35.0     6.7     0.000   0   48.77  325.8    8.8      --
106  05/15/2021  0900    59.5   34.2     4.9     0.000   0   38.43  310.1    7.5      --
107  05/15/2021  1000    65.7   33.3     3.1     0.000   0   29.82  289.8    6.9  no_inv
108  05/15/2021  1100    71.5   32.4     3.3     0.000   0   23.61  279.3    6.8      --
109  05/15/2021  1200    75.9   31.6     3.5     0.000   0   19.70  268.7    6.9      --
110  05/15/2021  1300    79.0   30.9     3.7     0.000   0   17.32  258.8    7.2      --
111  05/15/2021  1400    80.6   30.4     3.9     0.000   0   16.11  250.0    7.7      --
112  05/15/2021  1500    81.2   30.0     4.1     0.000   0   15.55  242.4    8.4      --
113  05/15/2021  1600    81.6   29.9     4.3     0.000   0   15.32  236.0    9.2  no_inv
114  05/15/2021  1700    81.6   30.1     6.3     0.000   0   15.40  258.4    8.7      --
115  05/15/2021  1800    80.7   30.5     8.2     0.000   0   16.10  279.7    9.6      --
116  05/15/2021  1900    76.6   33.0    10.2     0.000   0   20.39  295.6   11.5      --
117  05/15/2021  2000    69.9   31.9    12.1     0.000   0   24.41  306.4   14.1      --
118  05/15/2021  2100    63.2   32.8    14.1     0.000   0   31.96  313.7   17.0      --
119  05/15/2021  2200    56.5   33.8    16.0     0.000   0   42.25  318.9   20.0  no_inv
120  05/15/2021  2300    51.5   34.8    13.6     0.000   0   52.88  317.9   17.0      --
121  05/16/2021  0000    48.9   37.1    11.1     0.000   0   63.58  316.6   14.0      --
122  05/16/2021  0100    46.3   38.2     8.6     0.000   0   72.97  314.5   11.0      --
123  05/16/2021  0200    42.5   34.9     4.2     0.000   0   74.29  310.9    8.1      --
124  05/16/2021  0300    40.7   33.5     2.0     0.000   0   75.38  303.2    5.2      --
125  05/16/2021  0400    39.7   33.0     0.7     0.000   0   76.79  278.1    2.6  no_inv
126  05/16/2021  0500    39.4   31.9     1.0     0.000   0   74.27  255.2    3.0      --
127  05/16/2021  0600    40.4   31.9     1.5     0.000   0   71.31  240.2    3.8      --
128  05/16/2021  0700    43.6   36.7     2.1     0.000   0   76.60  230.8    4.8      --
129  05/16/2021  0800    49.9   37.0     2.8     0.000   0   61.17  224.6    5.9      --
130  05/16/2021  0900    57.1   38.5     3.3     0.000   0   49.72  220.4    7.0      --
131  05/16/2021  1000    65.0   41.1     3.7     0.000   0   41.66  217.4    8.1    4558
132  05/16/2021  1100    72.3   43.0     3.6     0.000   0   34.76  221.1    7.8      --
133  05/16/2021  1200    77.7   43.6     3.5     0.000   0   29.76  225.2    7.5      --
134  05/16/2021  1300    81.6   43.6     3.4     0.000   0   26.27  229.5    7.3      --
135  05/16/2021  1400    83.6   43.1     3.3     0.000   0   24.10  234.1    7.1      --
136  05/16/2021  1500    84.5   41.6     3.2     0.000   0   22.13  239.0    6.9      --
137  05/16/2021  1600    85.0   39.9     3.1     0.000   0   20.34  244.0    6.8  no_inv
138  05/16/2021  1700    85.2   38.5     3.1     0.000   0   19.16  232.9    6.0      --
139  05/16/2021  1800    84.4   37.9     3.1     0.000   0   19.24  218.9    5.4      --
140  05/16/2021  1900    80.2   41.2     3.1     0.000   0   24.98  202.6    5.2      --
141  05/16/2021  2000    72.2   42.0     2.2     0.000   0   33.65  186.6    5.4      --
142  05/16/2021  2100    64.2   42.5     1.7     0.000   0   45.05  172.8    6.1      --
143  05/16/2021  2200    56.2   42.9     1.2     0.000   0   60.90  162.0    6.9  no_inv
144  05/16/2021  2300    52.2   43.0     1.2     0.000   0   70.76  160.6    6.9      --
145  05/17/2021  0000    51.1   43.0     1.1     0.000   0   73.67  159.2    6.9      --
146  05/17/2021  0100    50.2   43.0     1.1     0.000   0   76.02  157.7    6.9      --
147  05/17/2021  0200    49.9   43.0     1.1     0.000   0   77.10  156.3    6.9      --
148  05/17/2021  0300    49.6   43.0     1.1     0.000   0   78.01  154.9    6.9      --
149  05/17/2021  0400    49.3   43.0     1.1     0.000   0   78.74  153.4    6.9  no_inv
150  05/17/2021  0500    49.2   42.6     1.6     0.000   0   77.86  155.2    6.7      --
151  05/17/2021  0600    50.2   42.2     2.0     0.000   0   74.13  157.1    6.5      --
152  05/17/2021  0700    53.5   42.4     2.4     0.000   0   66.00  159.1    6.3      --
153  05/17/2021  0800    60.2   43.1     2.8     0.000   0   53.16  161.2    6.1      --
154  05/17/2021  0900    67.7   44.2     2.7     0.000   0   42.77  163.4    5.9      --
155  05/17/2021  1000    75.7   45.2     2.6     0.000   0   33.95  165.8    5.8  no_inv
156  05/17/2021  1100    82.9   45.9     2.7     0.000   0   27.51  174.3    5.7      --
157  05/17/2021  1200    87.8   46.2     2.8     0.000   0   23.71  182.8    5.7      --
158  05/17/2021  1300    91.3   46.2     2.9     0.000   0   21.27  191.1    5.8      --
159  05/17/2021  1400    93.1   45.1     3.0     0.000   0   19.31  198.8    6.1      --
160  05/17/2021  1500    93.9   42.3     3.0     0.000   0   16.90  205.7    6.5      --
161  05/17/2021  1600    94.3   38.8     3.1     0.000   0   14.58  211.8    6.9  no_inv
162  05/17/2021  1700    94.4   36.0     3.9     0.000   0   13.02  226.9    4.5      --
163  05/17/2021  1800    93.6   34.9     4.7     0.000   0   12.80  264.5    3.0      --
164  05/17/2021  1900    88.8   40.2     5.4     0.000   0   18.27  314.2    3.6      --
165  05/17/2021  2000    80.8   38.1     6.2     0.000   0   21.70  337.1    5.8      --
166  05/17/2021  2100    72.8   35.9     6.9     0.000   0   25.98  346.9    8.4      --
167  05/17/2021  2200    64.8   33.8     7.7     0.000   0   31.36  352.0   11.1  no_inv
