  Generated by FoxLW on Monday May 4, 2020 at 09:25 PDT
-------------------------------------------------------------------------------
  WSU Tri-Cities
  46.3300:-119.2700  (46 19' 48.00"N  119 16' 12.00"W)  elev 397.0 feet    file: 100148
-------------------------------------------------------------------------------

Line#   Date     Hour   TempF  DewPtF WS(mph)  Rain(in) LW    RH%  WDir_50m WS_50m Inv(ft)
  5  05/04/2020  0400    34.3   31.2     2.6     0.000   0   88.02  313.3    8.2     948
  6  05/04/2020  0500    33.8   30.6     2.6     0.000   0   88.03  315.9    6.6      --
  7  05/04/2020  0600    34.2   30.5     2.6     0.000   0   86.13  320.1    5.0      --
  8  05/04/2020  0700    36.3   30.9     2.4     0.000   0   80.67  328.0    3.5      --
  9  05/04/2020  0800    39.9   31.9     1.9     0.000   0   73.03  346.7    2.2      --
 10  05/04/2020  0900    44.9   33.0     1.5     0.000   0   63.00   35.4    1.5      --
 11  05/04/2020  1000    50.8   34.0     1.0     0.000   0   52.48   81.3    2.3  no_inv
 12  05/04/2020  1100    56.9   34.8     1.1     0.000   0   43.16   75.4    2.4      --
 13  05/04/2020  1200    62.9   35.0     1.2     0.000   0   35.25   70.4    2.6      --
 14  05/04/2020  1300    67.4   35.0     1.3     0.000   0   30.18   66.1    2.8      --
 15  05/04/2020  1400    69.8   34.6     1.4     0.000   0   27.33   62.3    3.0      --
 16  05/04/2020  1500    70.9   33.4     1.5     0.000   0   25.10   59.0    3.2      --
 17  05/04/2020  1600    71.5   32.0     1.6     0.000   0   23.22   56.2    3.5  no_inv
 18  05/04/2020  1700    71.8   30.9     1.5     0.000   0   22.01   65.1    2.9      --
 19  05/04/2020  1800    71.0   30.5     1.5     0.000   0   22.20   78.2    2.4      --
 20  05/04/2020  1900    67.8   33.0     1.4     0.000   0   27.50   96.8    2.0      --
 21  05/04/2020  2000    63.6   33.6     1.1     0.000   0   32.48  119.3    2.0      --
 22  05/04/2020  2100    60.2   33.9     0.9     0.000   0   37.08  139.8    2.2      --
 23  05/04/2020  2200    57.5   34.2     0.8     0.000   0   41.37  154.7    2.7     737
 24  05/04/2020  2300    56.6   33.9     1.1     0.000   0   42.17  182.0    2.9      --
 25  05/05/2020  0000    56.4   33.6     1.6     0.000   0   41.89  201.6    3.7      --
 26  05/05/2020  0100    56.3   33.2     2.3     0.000   0   41.56  213.6    4.7      --
 27  05/05/2020  0200    56.2   33.0     2.9     0.000   0   41.43  221.1    5.8      --
 28  05/05/2020  0300    56.1   33.0     3.3     0.000   0   41.53  226.1    7.1      --
 29  05/05/2020  0400    56.1   33.0     3.8     0.000   0   41.50  229.6    8.3  no_inv
 30  05/05/2020  0500    56.0   33.0     3.3     0.000   0   41.61  231.2    7.2      --
 31  05/05/2020  0600    56.0   33.0     2.8     0.000   0   41.61  233.4    6.2      --
 32  05/05/2020  0700    56.4   33.0     2.4     0.000   0   41.03  236.5    5.1      --
 33  05/05/2020  0800    57.2   38.5     1.9     0.000   0   49.45  241.2    4.1      --
 34  05/05/2020  0900    58.4   39.9     1.5     0.000   0   50.15  249.1    3.1      --
 35  05/05/2020  1000    60.0   39.3     1.0     0.000   0   46.26  263.9    2.2  no_inv
 36  05/05/2020  1100    62.0   38.6     1.3     0.000   0   42.06  283.0    0.8      --
 37  05/05/2020  1200    66.8   38.1     1.6     0.000   0   34.68   47.2    0.9      --
 38  05/05/2020  1300    71.3   37.6     2.0     0.000   0   29.19   63.9    2.3      --
 39  05/05/2020  1400    73.8   37.2     2.3     0.000   0   26.41   67.7    3.7      --
 40  05/05/2020  1500    75.0   36.9     2.7     0.000   0   25.14   69.4    5.2      --
 41  05/05/2020  1600    75.6   36.9     3.0     0.000   0   24.55   70.3    6.6  no_inv
 42  05/05/2020  1700    75.8   37.0     3.1     0.000   0   24.57   62.0    6.5      --
 43  05/05/2020  1800    74.8   37.5     3.2     0.000   0   25.88   53.7    6.5      --
 44  05/05/2020  1900    72.2   37.3     3.3     0.000   0   27.97   45.5    6.7      --
 45  05/05/2020  2000    70.2   37.5     3.1     0.000   0   30.17   37.8    6.9      --
 46  05/05/2020  2100    67.8   37.7     2.9     0.000   0   33.14   30.9    7.3      --
 47  05/05/2020  2200    65.2   38.0     2.6     0.000   0   36.55   24.7    7.8     757
 48  05/05/2020  2300    61.5   37.7     3.8     0.000   0   41.20  357.6    8.2      --
 49  05/06/2020  0000    58.0   38.4     5.4     0.000   0   47.90  337.0   10.1      --
 50  05/06/2020  0100    54.4   43.3     7.0     0.000   0   66.03  324.0   12.9      --
 51  05/06/2020  0200    51.1   47.1     8.1     0.000   0   86.02  315.8   16.0      --
 52  05/06/2020  0300    48.6   47.5     9.2     0.000   0   96.30  310.4   19.4      --
 53  05/06/2020  0400    46.8   46.7    10.4     0.010   0   99.68  306.6   22.9    1213
 54  05/06/2020  0500    46.6   46.5    10.8     0.000   0   99.54  301.9   21.2      --
 55  05/06/2020  0600    47.6   44.2    11.2     0.060  10   87.70  296.4   19.7      --
 56  05/06/2020  0700    47.0   43.4    11.6     0.010   5   87.47  290.1   18.4      --
 57  05/06/2020  0800    45.8   41.9    12.1     0.000   0   86.08  282.9   17.3      --
 58  05/06/2020  0900    45.9   40.5    12.5     0.000   0   81.47  274.9   16.5      --
 59  05/06/2020  1000    44.7   41.0    12.9     0.130  10   87.09  266.3   16.1  no_inv
 60  05/06/2020  1100    49.7   35.7    14.1     0.000   5   58.39  275.6   16.8      --
 61  05/06/2020  1200    54.7   30.5    15.2     0.000   0   39.57  283.9   17.8      --
 62  05/06/2020  1300    59.7   28.5    16.4     0.000   0   30.35  291.3   19.2      --
 63  05/06/2020  1400    63.8   26.9    17.5     0.000   0   24.50  297.5   20.9      --
 64  05/06/2020  1500    65.1   25.9    18.6     0.000   0   22.53  302.8   22.7      --
 65  05/06/2020  1600    65.5   25.5    19.8     0.000   0   21.90  307.3   24.7  no_inv
 66  05/06/2020  1700    64.8   25.6    17.6     0.000   0   22.45  303.5   22.4      --
 67  05/06/2020  1800    62.0   26.2    15.4     0.000   0   25.40  298.8   20.1      --
 68  05/06/2020  1900    58.2   27.3    13.2     0.000   0   30.47  293.0   18.0      --
 69  05/06/2020  2000    54.5   28.2    11.1     0.000   0   36.25  285.8   16.2      --
 70  05/06/2020  2100    50.7   28.2     8.9     0.000   0   41.64  276.9   14.7      --
 71  05/06/2020  2200    46.9   29.6     6.7     0.000   0   50.76  266.3   13.6   12612
 72  05/06/2020  2300    44.7   30.1     6.0     0.000   0   56.51  263.9   12.8      --
 73  05/07/2020  0000    43.2   30.4     5.3     0.000   0   60.22  261.2   12.0      --
 74  05/07/2020  0100    41.8   30.6     4.6     0.000   0   64.04  258.1   11.3      --
 75  05/07/2020  0200    40.5   30.6     3.8     0.000   0   67.50  254.7   10.6      --
 76  05/07/2020  0300    38.6   32.1     2.3     0.000   0   77.25  250.7    9.9      --
 77  05/07/2020  0400    37.8   32.5     1.6     0.000   0   81.08  246.3    9.3    2481
 78  05/07/2020  0500    37.3   31.9     1.7     0.000   0   80.40  247.1    7.6      --
 79  05/07/2020  0600    37.8   31.4     1.6     0.000   0   77.43  248.5    5.9      --
 80  05/07/2020  0700    39.8   31.5     1.5     0.000   0   71.86  250.9    4.3      --
 81  05/07/2020  0800    43.2   32.5     1.1     0.000   0   65.83  256.4    2.6      --
 82  05/07/2020  0900    47.7   33.6     0.8     0.000   0   57.90  279.5    1.0      --
 83  05/07/2020  1000    53.0   34.6     0.5     0.000   0   49.48   26.1    1.1    4730
 84  05/07/2020  1100    58.4   35.3     0.9     0.000   0   41.91   45.1    2.0      --
 85  05/07/2020  1200    63.5   35.6     1.4     0.000   0   35.37   51.8    2.9      --
 86  05/07/2020  1300    67.1   35.6     1.8     0.000   0   31.15   55.2    3.9      --
 87  05/07/2020  1400    69.0   35.0     2.3     0.000   0   28.52   57.2    4.9      --
 88  05/07/2020  1500    69.9   33.5     2.7     0.000   0   26.05   58.5    5.9      --
 89  05/07/2020  1600    70.3   31.6     3.1     0.000   0   23.79   59.5    6.9    8921
 90  05/07/2020  1700    70.4   30.1     3.8     0.000   0   22.31   67.0    7.3      --
 91  05/07/2020  1800    69.5   29.5     4.3     0.000   0   22.44   73.7    7.8      --
 92  05/07/2020  1900    66.4   33.0     4.9     0.000   0   28.72   79.5    8.4      --
 93  05/07/2020  2000    63.3   32.5     5.6     0.000   0   31.45   84.5    9.1      --
 94  05/07/2020  2100    60.2   32.5     6.2     0.000   0   35.08   88.8    9.8      --
 95  05/07/2020  2200    57.1   33.0     6.8     0.000   0   40.04   92.6   10.6     947
 96  05/07/2020  2300    52.9   33.5     6.2     0.000   0   47.56   84.3    9.0      --
 97  05/08/2020  0000    50.2   33.6     5.7     0.000   0   52.77   72.8    7.7      --
 98  05/08/2020  0100    47.8   33.1     5.1     0.000   0   56.65   57.5    6.8      --
 99  05/08/2020  0200    45.8   33.0     4.6     0.000   0   60.74   39.3    6.4      --
100  05/08/2020  0300    44.1   33.1     3.9     0.000   0   64.97   21.2    6.8      --
101  05/08/2020  0400    43.0   33.3     3.2     0.000   0   68.36    6.3    7.8     249
102  05/08/2020  0500    42.3   33.0     4.4     0.000   0   69.42   14.2    8.3      --
103  05/08/2020  0600    43.1   34.0     5.6     0.000   0   69.92   21.1    8.9      --
104  05/08/2020  0700    45.6   35.6     6.7     0.000   0   67.90   27.0    9.6      --
105  05/08/2020  0800    49.8   35.4     7.8     0.000   0   57.55   32.0   10.5      --
106  05/08/2020  0900    55.5   35.9     8.8     0.000   0   47.63   36.2   11.4      --
107  05/08/2020  1000    61.9   36.5     9.9     0.000   0   38.72   39.8   12.3    6352
108  05/08/2020  1100    68.1   36.8    10.1     0.000   0   31.62   39.4   12.6      --
109  05/08/2020  1200    73.1   36.8    10.2     0.000   0   26.58   39.0   12.8      --
110  05/08/2020  1300    76.8   36.3    10.4     0.000   0   23.13   38.6   13.0      --
111  05/08/2020  1400    78.6   35.8    10.6     0.000   0   21.35   38.2   13.2      --
112  05/08/2020  1500    79.5   35.4    10.8     0.000   0   20.43   37.9   13.5      --
113  05/08/2020  1600    79.9   35.2    11.0     0.000   0   20.00   37.5   13.7    6350
114  05/08/2020  1700    80.0   35.1    11.5     0.000   0   19.81   36.9   14.4      --
115  05/08/2020  1800    79.2   34.9    12.0     0.000   0   20.21   36.3   15.0      --
116  05/08/2020  1900    75.8   34.5    12.6     0.000   0   22.20   35.8   15.7      --
117  05/08/2020  2000    72.0   34.5    13.1     0.000   0   25.32   35.3   16.4      --
118  05/08/2020  2100    68.1   34.8    13.6     0.000   0   29.17   34.8   17.1      --
119  05/08/2020  2200    64.2   35.2    14.2     0.000   0   33.91   34.4   17.7     203
120  05/08/2020  2300    60.5   35.6    14.0     0.000   0   39.39   25.2   15.9      --
121  05/09/2020  0000    58.3   36.0    13.8     0.000   0   43.17   13.8   14.5      --
122  05/09/2020  0100    56.4   36.4    13.6     0.000   0   46.82    0.7   13.8      --
123  05/09/2020  0200    54.8   36.6    13.4     0.000   0   50.10  347.0   13.9      --
124  05/09/2020  0300    53.6   36.8    13.1     0.000   0   52.79  334.2   14.7      --
125  05/09/2020  0400    52.7   36.8    12.9     0.000   0   54.66  323.2   16.2     941
126  05/09/2020  0500    52.1   36.7    13.1     0.000   0   55.63  335.3   13.5      --
127  05/09/2020  0600    52.6   36.4    13.2     0.000   0   54.02  352.1   11.7      --
128  05/09/2020  0700    54.2   35.9    13.3     0.000   0   49.89   12.5   11.2      --
129  05/09/2020  0800    57.1   35.3    13.4     0.000   0   43.83   32.2   12.1      --
130  05/09/2020  0900    61.1   34.6    13.5     0.000   0   36.84   47.6   14.2      --
131  05/09/2020  1000    66.0   33.8    13.6     0.000   0   30.10   58.5   17.1    3968
132  05/09/2020  1100    71.2   33.0    13.8     0.000   0   24.45   58.7   17.3      --
133  05/09/2020  1200    77.0   32.2    13.9     0.000   0   19.49   58.9   17.5      --
134  05/09/2020  1300    81.5   31.8    14.1     0.000   0   16.53   59.2   17.7      --
135  05/09/2020  1400    83.9   31.5    14.2     0.000   0   15.14   59.4   17.9      --
136  05/09/2020  1500    85.0   31.4    14.4     0.000   0   14.55   59.6   18.2      --
137  05/09/2020  1600    85.7   31.5    14.6     0.000   0   14.29   59.8   18.4  no_inv
138  05/09/2020  1700    85.8   31.6    14.3     0.000   0   14.27   59.8   18.1      --
139  05/09/2020  1800    85.1   31.4    14.0     0.000   0   14.54   59.9   17.9      --
140  05/09/2020  1900    81.4   31.1    13.8     0.000   0   16.18   59.9   17.7      --
141  05/09/2020  2000    76.6   30.7    13.5     0.000   0   18.62   59.9   17.5      --
142  05/09/2020  2100    71.8   30.2    13.2     0.000   0   21.38   59.9   17.2      --
143  05/09/2020  2200    67.0   30.0    13.0     0.000   0   24.99   59.9   17.0     964
144  05/09/2020  2300    63.2   29.8    13.6     0.000   0   28.30   45.7   14.8      --
145  05/10/2020  0000    61.3   29.7    14.2     0.000   0   30.10   28.2   13.8      --
146  05/10/2020  0100    59.5   29.5    14.8     0.000   0   31.92    9.8   14.2      --
147  05/10/2020  0200    57.8   29.4    15.4     0.000   0   33.68  354.0   15.9      --
148  05/10/2020  0300    56.5   29.4    16.1     0.000   0   35.28  341.9   18.6      --
149  05/10/2020  0400    55.4   29.3    16.7     0.000   0   36.65  333.1   21.9     837
150  05/10/2020  0500    54.7   29.3    15.2     0.000   0   37.58  336.2   19.8      --
151  05/10/2020  0600    55.1   29.4    13.8     0.000   0   37.07  340.0   17.8      --
152  05/10/2020  0700    56.6   29.4    12.3     0.000   0   35.21  344.8   15.9      --
153  05/10/2020  0800    59.1   29.4    10.8     0.000   0   32.16  350.8   14.2      --
154  05/10/2020  0900    62.8   29.5     9.4     0.000   0   28.32  358.3   12.6      --
155  05/10/2020  1000    67.3   29.5     7.9     0.000   0   24.29    7.7   11.4    3829
156  05/10/2020  1100    72.1   29.6     9.6     0.000   0   20.62   22.7   12.1      --
157  05/10/2020  1200    78.4   29.6    11.4     0.000   0   16.77   35.3   13.5      --
158  05/10/2020  1300    83.3   29.9    13.1     0.000   0   14.47   45.1   15.4      --
159  05/10/2020  1400    86.0   29.9    14.9     0.000   0   13.27   52.5   17.7      --
160  05/10/2020  1500    87.3   29.8    16.6     0.000   0   12.65   58.2   20.3      --
161  05/10/2020  1600    88.0   29.8    18.4     0.000   0   12.37   62.6   22.9  no_inv
162  05/10/2020  1700    88.3   29.8    20.0     0.000   0   12.26   62.2   25.0      --
163  05/10/2020  1800    87.5   29.8    21.6     0.000   0   12.55   61.8   27.0      --
164  05/10/2020  1900    83.7   29.8    23.2     0.000   0   14.18   61.5   29.0      --
165  05/10/2020  2000    78.6   29.8    24.8     0.000   0   16.72   61.3   31.0      --
166  05/10/2020  2100    73.6   29.8    26.4     0.000   0   19.79   61.1   33.0      --
167  05/10/2020  2200    68.5   29.8    28.0     0.000   0   23.51   60.9   35.1    2181
