  Generated by FoxLW on Monday May 4, 2020 at 09:25 PDT
-------------------------------------------------------------------------------
  WSU Prosser
  46.2600:-119.7400  (46 15' 36.00"N  119 44' 24.00"W)  elev 928.5 feet    file: 300033
-------------------------------------------------------------------------------

Line#   Date     Hour   TempF  DewPtF WS(mph)  Rain(in) LW    RH%  WDir_50m WS_50m Inv(ft)
  5  05/04/2020  0400    43.1   28.8     1.2     0.000   0   56.83  309.4    2.7     410
  6  05/04/2020  0500    42.5   28.8     1.5     0.000   0   58.20  325.5    1.5      --
  7  05/04/2020  0600    42.6   28.8     1.7     0.000   0   57.76   33.6    0.8      --
  8  05/04/2020  0700    43.6   28.8     1.9     0.000   0   55.53   84.9    1.7      --
  9  05/04/2020  0800    45.5   26.7     2.1     0.000   0   47.60   97.1    3.0      --
 10  05/04/2020  0900    48.1   26.7     2.3     0.000   0   42.94  101.8    4.3      --
 11  05/04/2020  1000    51.5   26.6     2.6     0.000   0   37.78  104.3    5.7  no_inv
 12  05/04/2020  1100    55.3   26.5     2.5     0.000   0   32.81  101.7    5.6      --
 13  05/04/2020  1200    60.8   26.5     2.5     0.000   0   26.84   99.0    5.5      --
 14  05/04/2020  1300    65.2   26.4     2.5     0.000   0   22.93   96.2    5.4      --
 15  05/04/2020  1400    67.7   26.4     2.4     0.000   0   21.07   93.3    5.3      --
 16  05/04/2020  1500    68.8   26.4     2.4     0.000   0   20.25   90.3    5.2      --
 17  05/04/2020  1600    69.4   26.4     2.3     0.000   0   19.83   87.2    5.2  no_inv
 18  05/04/2020  1700    69.6   26.5     3.7     0.000   0   19.83   59.3    2.9      --
 19  05/04/2020  1800    68.8   27.0     5.1     0.000   0   20.76  357.4    2.7      --
 20  05/04/2020  1900    65.9   28.0     6.4     0.000   0   23.93  325.2    4.8      --
 21  05/04/2020  2000    63.7   30.3     7.8     0.000   0   28.33  314.0    7.5      --
 22  05/04/2020  2100    61.5   31.6     9.2     0.000   0   32.27  308.8   10.3      --
 23  05/04/2020  2200    59.3   32.5    10.5     0.000   0   36.22  305.8   13.2      45
 24  05/04/2020  2300    56.9   33.8     9.0     0.000   0   41.65  303.5   11.3      --
 25  05/05/2020  0000    55.5   33.6     7.5     0.000   0   43.38  300.2    9.4      --
 26  05/05/2020  0100    54.2   31.2     6.0     0.000   0   41.27  295.3    7.6      --
 27  05/05/2020  0200    53.2   29.5     4.5     0.000   0   40.04  287.5    5.9      --
 28  05/05/2020  0300    52.4   28.4     3.0     0.000   0   39.36  273.9    4.4      --
 29  05/05/2020  0400    51.8   26.5     1.5     0.000   0   37.14  249.3    3.3     948
 30  05/05/2020  0500    51.5   26.5     1.4     0.000   0   37.59  243.6    2.9      --
 31  05/05/2020  0600    51.5   26.5     1.3     0.000   0   37.56  236.1    2.5      --
 32  05/05/2020  0700    52.0   26.5     1.2     0.000   0   36.91  225.8    2.1      --
 33  05/05/2020  0800    53.0   31.9     1.0     0.000   0   44.49  212.1    1.9      --
 34  05/05/2020  0900    54.4   33.5     0.9     0.000   0   44.98  195.4    1.8      --
 35  05/05/2020  1000    56.2   32.9     0.8     0.000   0   41.08  177.9    1.8  no_inv
 36  05/05/2020  1100    58.7   32.3     0.9     0.000   0   36.79  181.6    1.9      --
 37  05/05/2020  1200    63.9   31.8     0.9     0.000   0   29.94  185.0    1.9      --
 38  05/05/2020  1300    68.6   31.4     0.9     0.000   0   25.04  188.1    2.0      --
 39  05/05/2020  1400    71.1   31.0     1.0     0.000   0   22.67  190.9    2.1      --
 40  05/05/2020  1500    72.3   30.8     1.0     0.000   0   21.55  193.5    2.2      --
 41  05/05/2020  1600    72.9   30.7     1.0     0.000   0   21.04  195.9    2.3  no_inv
 42  05/05/2020  1700    73.1   31.0     2.9     0.000   0   21.17  263.7    2.5      --
 43  05/05/2020  1800    71.7   31.8     4.7     0.000   0   22.83  291.1    4.7      --
 44  05/05/2020  1900    69.3   33.2     6.6     0.000   0   26.24  300.3    7.2      --
 45  05/05/2020  2000    67.9   36.6     8.4     0.000   0   31.55  304.7    9.8      --
 46  05/05/2020  2100    66.5   38.4    10.3     0.000   0   35.54  307.2   12.5      --
 47  05/05/2020  2200    66.0   38.5    12.1     0.000   0   36.32  308.9   15.1  no_inv
 48  05/05/2020  2300    60.7   42.0    11.8     0.000   0   49.92  306.5   16.3      --
 49  05/06/2020  0000    57.2   47.3    11.4     0.000   0   69.51  304.4   17.4      --
 50  05/06/2020  0100    54.2   52.0    11.1     0.050  10   92.29  302.5   18.6      --
 51  05/06/2020  0200    51.6   49.7    10.7     0.010   5   93.24  300.9   19.8      --
 52  05/06/2020  0300    49.6   48.4    10.4     0.000   0   95.49  299.5   21.0      --
 53  05/06/2020  0400    48.2   47.7    10.1     0.020   0   98.11  298.2   22.2    1716
 54  05/06/2020  0500    48.3   46.8    11.3     0.000   0   94.66  293.8   21.9      --
 55  05/06/2020  0600    47.6   44.8    12.6     0.000   0   89.87  289.3   21.6      --
 56  05/06/2020  0700    47.6   43.0    13.8     0.000   0   83.96  284.6   21.5      --
 57  05/06/2020  0800    46.8   41.5    15.1     0.000   0   81.77  280.0   21.6      --
 58  05/06/2020  0900    44.8   41.2    16.4     0.080  10   87.10  275.4   21.7      --
 59  05/06/2020  1000    43.7   40.1    17.6     0.080  10   87.04  270.9   22.1  no_inv
 60  05/06/2020  1100    43.3   38.0    18.0     0.050  10   81.71  275.4   22.2      --
 61  05/06/2020  1200    45.9   34.8    18.4     0.020   5   64.91  279.7   22.5      --
 62  05/06/2020  1300    50.9   29.4    18.8     0.000   0   43.29  283.9   22.9      --
 63  05/06/2020  1400    55.9   25.0    19.1     0.000   0   30.15  287.9   23.5      --
 64  05/06/2020  1500    62.2   23.9    19.5     0.000   0   22.94  291.8   24.1      --
 65  05/06/2020  1600    63.9   23.5    19.9     0.000   0   21.24  295.4   24.8  no_inv
 66  05/06/2020  1700    64.6   23.5    19.5     0.000   0   20.77  292.6   24.2      --
 67  05/06/2020  1800    63.1   23.7    19.1     0.000   0   22.04  289.7   23.6      --
 68  05/06/2020  1900    59.8   23.9    18.7     0.000   0   25.02  286.6   23.0      --
 69  05/06/2020  2000    56.9   24.2    18.3     0.000   0   28.11  283.4   22.5      --
 70  05/06/2020  2100    54.0   24.6    17.9     0.000   0   31.69  280.1   22.2      --
 71  05/06/2020  2200    51.1   25.0    17.5     0.000   0   35.81  276.7   21.8     536
 72  05/06/2020  2300    49.1   25.4    15.2     0.000   0   39.21  276.8   19.5      --
 73  05/07/2020  0000    48.0   25.7    12.9     0.000   0   41.45  276.9   17.2      --
 74  05/07/2020  0100    47.0   27.4    10.6     0.000   0   46.27  277.1   15.0      --
 75  05/07/2020  0200    46.0   27.9     8.3     0.000   0   49.00  277.3   12.7      --
 76  05/07/2020  0300    45.1   28.6     6.0     0.000   0   52.29  277.7   10.4      --
 77  05/07/2020  0400    44.3   28.8     3.7     0.000   0   54.18  278.2    8.1     542
 78  05/07/2020  0500    43.8   28.9     3.3     0.000   0   55.44  276.4    7.2      --
 79  05/07/2020  0600    44.0   29.0     2.9     0.000   0   55.29  274.0    6.3      --
 80  05/07/2020  0700    45.0   29.0     2.5     0.000   0   53.34  270.9    5.4      --
 81  05/07/2020  0800    46.7   25.8     2.1     0.000   0   43.75  266.5    4.5      --
 82  05/07/2020  0900    49.1   25.4     1.7     0.000   0   39.37  260.2    3.7      --
 83  05/07/2020  1000    52.2   25.1     1.3     0.000   0   34.64  250.4    3.0    4198
 84  05/07/2020  1100    55.5   24.7     2.1     0.000   0   30.14  244.3    0.8      --
 85  05/07/2020  1200    60.5   24.4     3.0     0.000   0   24.90   76.7    1.5      --
 86  05/07/2020  1300    64.3   24.1     3.8     0.000   0   21.48   74.1    3.7      --
 87  05/07/2020  1400    66.4   23.9     4.6     0.000   0   19.84   73.5    5.9      --
 88  05/07/2020  1500    67.3   23.8     5.4     0.000   0   19.11   73.2    8.1      --
 89  05/07/2020  1600    67.8   23.7     6.2     0.000   0   18.78   73.1   10.3    5795
 90  05/07/2020  1700    67.8   23.9     7.6     0.000   0   18.86   70.3   11.6      --
 91  05/07/2020  1800    66.9   24.4     9.0     0.000   0   19.86   68.1   12.9      --
 92  05/07/2020  1900    64.6   27.1    10.4     0.000   0   24.08   66.3   14.2      --
 93  05/07/2020  2000    63.8   27.6    11.8     0.000   0   25.34   64.8   15.6      --
 94  05/07/2020  2100    63.0   27.5    13.2     0.000   0   25.84   63.5   16.9      --
 95  05/07/2020  2200    62.2   28.7    14.6     0.000   0   28.02   62.5   18.3     422
 96  05/07/2020  2300    60.5   30.0    14.3     0.000   0   31.39   59.4   17.7      --
 97  05/08/2020  0000    59.4   31.2    14.0     0.000   0   34.36   56.2   17.2      --
 98  05/08/2020  0100    58.5   32.3    13.7     0.000   0   37.03   52.9   16.8      --
 99  05/08/2020  0200    57.8   33.1    13.4     0.000   0   39.19   49.3   16.5      --
100  05/08/2020  0300    57.3   33.6    13.1     0.000   0   40.63   45.7   16.2      --
101  05/08/2020  0400    57.1   33.8    12.8     0.000   0   41.22   41.9   15.9     391
102  05/08/2020  0500    57.0   33.8    13.2     0.000   0   41.43   42.6   16.5      --
103  05/08/2020  0600    57.1   33.7    13.7     0.000   0   41.20   43.3   17.1      --
104  05/08/2020  0700    57.7   33.7    14.2     0.000   0   40.20   44.0   17.8      --
105  05/08/2020  0800    58.8   33.6    14.7     0.000   0   38.48   44.6   18.4      --
106  05/08/2020  0900    60.5   33.5    15.2     0.000   0   36.14   45.2   19.0      --
107  05/08/2020  1000    62.6   33.4    15.7     0.000   0   33.38   45.7   19.6    6397
108  05/08/2020  1100    65.1   33.3    15.4     0.000   0   30.49   46.3   19.2      --
109  05/08/2020  1200    69.7   33.2    15.1     0.000   0   25.90   47.0   18.8      --
110  05/08/2020  1300    73.5   33.2    14.8     0.000   0   22.79   47.6   18.4      --
111  05/08/2020  1400    75.5   33.3    14.4     0.000   0   21.40   48.3   18.0      --
112  05/08/2020  1500    76.4   33.5    14.1     0.000   0   20.92   49.0   17.7      --
113  05/08/2020  1600    76.9   33.8    13.8     0.000   0   20.85   49.8   17.3    5824
114  05/08/2020  1700    76.9   33.6    14.5     0.000   0   20.63   49.0   18.1      --
115  05/08/2020  1800    76.0   33.4    15.2     0.000   0   21.13   48.3   19.0      --
116  05/08/2020  1900    73.4   33.5    15.9     0.000   0   23.13   47.6   19.9      --
117  05/08/2020  2000    71.8   33.8    16.6     0.000   0   24.79   47.0   20.8      --
118  05/08/2020  2100    70.1   34.3    17.3     0.000   0   26.66   46.5   21.6      --
119  05/08/2020  2200    68.5   34.7    18.0     0.000   0   28.71   46.0   22.5     373
120  05/08/2020  2300    66.0   35.2    18.7     0.000   0   31.80   43.5   23.3      --
121  05/09/2020  0000    64.4   35.6    19.5     0.000   0   34.25   41.1   24.2      --
122  05/09/2020  0100    62.9   35.9    20.2     0.000   0   36.55   38.9   25.1      --
123  05/09/2020  0200    61.7   36.2    21.0     0.000   0   38.56   36.9   26.1      --
124  05/09/2020  0300    60.8   36.4    21.7     0.000   0   40.15   35.0   27.1      --
125  05/09/2020  0400    60.1   36.4    22.5     0.000   0   41.20   33.3   28.1     638
126  05/09/2020  0500    59.7   36.3    22.1     0.000   0   41.56   35.2   27.5      --
127  05/09/2020  0600    59.8   35.9    21.7     0.000   0   40.84   37.2   26.9      --
128  05/09/2020  0700    60.3   35.3    21.2     0.000   0   39.12   39.3   26.4      --
129  05/09/2020  0800    61.3   34.5    20.8     0.000   0   36.55   41.5   25.9      --
130  05/09/2020  0900    62.9   33.6    20.4     0.000   0   33.38   43.8   25.4      --
131  05/09/2020  1000    64.9   32.7    20.0     0.000   0   29.90   46.1   25.0    3422
132  05/09/2020  1100    67.4   31.7    20.0     0.000   0   26.42   48.6   24.8      --
133  05/09/2020  1200    72.8   30.8    19.9     0.000   0   21.19   51.1   24.7      --
134  05/09/2020  1300    77.6   30.0    19.8     0.000   0   17.48   53.6   24.6      --
135  05/09/2020  1400    80.3   29.4    19.8     0.000   0   15.59   56.2   24.5      --
136  05/09/2020  1500    81.6   29.0    19.7     0.000   0   14.71   58.7   24.5      --
137  05/09/2020  1600    82.3   28.9    19.7     0.000   0   14.30   61.2   24.6  no_inv
138  05/09/2020  1700    82.6   28.9    20.9     0.000   0   14.18   58.8   26.0      --
139  05/09/2020  1800    81.8   28.8    22.1     0.000   0   14.51   56.6   27.4      --
140  05/09/2020  1900    78.6   28.7    23.2     0.000   0   16.04   54.7   28.9      --
141  05/09/2020  2000    75.5   28.6    24.5     0.000   0   17.69   52.9   30.4      --
142  05/09/2020  2100    72.4   28.5    25.6     0.000   0   19.51   51.3   32.0      --
143  05/09/2020  2200    69.3   28.3    26.8     0.000   0   21.55   49.9   33.5    1793
144  05/09/2020  2300    66.3   28.2    26.9     0.000   0   23.78   45.1   33.0      --
145  05/10/2020  0000    64.5   28.0    27.0     0.000   0   25.17   40.2   32.8      --
146  05/10/2020  0100    62.8   27.9    27.0     0.000   0   26.54   35.3   32.7      --
147  05/10/2020  0200    61.4   27.8    27.1     0.000   0   27.82   30.5   33.0      --
148  05/10/2020  0300    60.2   27.8    27.2     0.000   0   28.97   25.7   33.4      --
149  05/10/2020  0400    59.3   27.8    27.3     0.000   0   29.92   21.1   34.1     894
150  05/10/2020  0500    58.7   27.8    25.8     0.000   0   30.51   20.2   32.3      --
151  05/10/2020  0600    58.8   27.8    24.4     0.000   0   30.42   19.3   30.5      --
152  05/10/2020  0700    59.5   27.8    23.0     0.000   0   29.75   18.3   28.7      --
153  05/10/2020  0800    60.7   27.8    21.6     0.000   0   28.53   17.1   27.0      --
154  05/10/2020  0900    62.5   27.9    20.2     0.000   0   26.81   15.8   25.2      --
155  05/10/2020  1000    64.8   27.9    18.8     0.000   0   24.73   14.2   23.5    3254
156  05/10/2020  1100    67.6   27.9    19.0     0.000   0   22.46   21.3   22.9      --
157  05/10/2020  1200    73.6   27.9    19.2     0.000   0   18.33   28.6   22.7      --
158  05/10/2020  1300    79.0   28.0    19.5     0.000   0   15.34   36.0   23.0      --
159  05/10/2020  1400    82.2   28.0    19.7     0.000   0   13.86   43.0   23.5      --
160  05/10/2020  1500    83.7   28.0    20.0     0.000   0   13.19   49.7   24.4      --
161  05/10/2020  1600    84.6   28.0    20.2     0.000   0   12.83   55.8   25.6  no_inv
162  05/10/2020  1700    84.9   28.0    21.7     0.000   0   12.68   54.0   27.5      --
163  05/10/2020  1800    84.2   28.0    23.2     0.000   0   12.97   52.4   29.4      --
164  05/10/2020  1900    80.8   28.0    24.7     0.000   0   14.47   51.0   31.3      --
165  05/10/2020  2000    77.3   28.0    26.2     0.000   0   16.26   49.7   33.2      --
166  05/10/2020  2100    73.7   28.0    27.7     0.000   0   18.31   48.6   35.1      --
167  05/10/2020  2200    70.2   28.0    29.2     0.000   0   20.65   47.6   37.0    2151
