  Generated by FoxLW on Monday May 4, 2020 at 09:25 PDT
-------------------------------------------------------------------------------
  WSU Othello
  46.7900:-119.0400  (46 47' 24.00"N  119 2' 24.00"W)  elev 1204.1 feet    file: 300122
-------------------------------------------------------------------------------

Line#   Date     Hour   TempF  DewPtF WS(mph)  Rain(in) LW    RH%  WDir_50m WS_50m Inv(ft)
  5  05/04/2020  0400    31.5   30.3     0.6     0.000  10   95.22  353.7    2.5     133
  6  05/04/2020  0500    31.3   29.9     0.8     0.000  10   94.50  344.9    1.3      --
  7  05/04/2020  0600    31.6   30.0     1.1     0.000  10   93.49  274.7    0.4      --
  8  05/04/2020  0700    33.3   30.6     1.5     0.000   5   89.63  201.5    1.3      --
  9  05/04/2020  0800    37.2   31.2     1.9     0.000   0   78.81  192.4    2.5      --
 10  05/04/2020  0900    42.0   32.4     2.1     0.000   0   68.49  189.3    3.7      --
 11  05/04/2020  1000    47.6   33.4     2.2     0.000   0   57.62  187.8    4.9  no_inv
 12  05/04/2020  1100    53.3   34.1     2.0     0.000   0   47.96  190.8    3.8      --
 13  05/04/2020  1200    58.7   34.3     1.9     0.000   0   39.77  196.4    2.7      --
 14  05/04/2020  1300    62.8   34.3     1.6     0.000   0   34.50  209.7    1.6      --
 15  05/04/2020  1400    64.9   33.6     1.5     0.000   0   31.10  255.5    0.9      --
 16  05/04/2020  1500    65.9   31.7     1.2     0.000   0   27.81  317.5    1.3      --
 17  05/04/2020  1600    66.4   29.3     1.0     0.000   0   24.80  336.7    2.3  no_inv
 18  05/04/2020  1700    66.6   27.4     1.4     0.000   0   22.81   16.6    1.4      --
 19  05/04/2020  1800    65.7   26.7     1.8     0.000   0   22.77   72.1    1.8      --
 20  05/04/2020  1900    62.4   31.0     2.2     0.000   0   30.61   94.4    3.0      --
 21  05/04/2020  2000    54.4   32.3     1.7     0.000   0   42.96  103.2    4.5      --
 22  05/04/2020  2100    47.4   33.0     1.5     0.000   0   57.16  107.7    5.9      --
 23  05/04/2020  2200    41.5   33.7     1.0     0.000   0   73.32  110.4    7.4     759
 24  05/04/2020  2300    38.6   33.6     1.0     0.000   0   82.23  115.2    5.6      --
 25  05/05/2020  0000    36.8   33.6     1.0     0.000   5   88.11  124.7    3.7      --
 26  05/05/2020  0100    35.5   33.5     1.0     0.000  10   92.53  149.6    2.2      --
 27  05/05/2020  0200    35.0   33.3     1.0     0.000  10   93.52  207.1    1.9      --
 28  05/05/2020  0300    34.5   32.9     1.0     0.000  10   93.83  243.1    3.1      --
 29  05/05/2020  0400    34.1   32.6     0.9     0.000  10   94.09  256.0    4.9      80
 30  05/05/2020  0500    33.9   32.1     1.3     0.000  10   92.98  246.2    4.7      --
 31  05/05/2020  0600    34.3   32.0     1.7     0.000  10   91.22  235.9    4.6      --
 32  05/05/2020  0700    36.3   32.4     2.1     0.000   5   85.31  225.6    4.7      --
 33  05/05/2020  0800    40.8   36.1     2.5     0.000   0   83.44  216.0    4.9      --
 34  05/05/2020  0900    46.2   36.1     2.5     0.000   0   67.79  207.4    5.3      --
 35  05/05/2020  1000    52.4   36.1     2.6     0.000   0   53.71  200.1    5.7  no_inv
 36  05/05/2020  1100    58.6   36.1     2.4     0.000   0   42.94  197.9    5.3      --
 37  05/05/2020  1200    64.0   36.1     2.2     0.000   0   35.52  195.5    4.9      --
 38  05/05/2020  1300    67.8   36.1     2.1     0.000   0   31.12  192.6    4.5      --
 39  05/05/2020  1400    69.7   36.2     1.9     0.000   0   29.26  189.1    4.2      --
 40  05/05/2020  1500    70.6   36.6     1.7     0.000   0   28.77  184.9    3.8      --
 41  05/05/2020  1600    71.0   37.0     1.6     0.000   0   28.86  180.0    3.5  no_inv
 42  05/05/2020  1700    71.1   37.4     1.7     0.000   0   29.26  162.5    3.1      --
 43  05/05/2020  1800    69.6   37.6     1.9     0.000   0   30.92  143.1    3.1      --
 44  05/05/2020  1900    67.6   36.7     2.1     0.000   0   32.10  125.7    3.5      --
 45  05/05/2020  2000    66.0   36.8     2.1     0.000   0   33.95  112.4    4.1      --
 46  05/05/2020  2100    64.0   36.9     2.0     0.000   0   36.55  102.8    4.8      --
 47  05/05/2020  2200    62.8   37.0     1.9     0.000   0   38.33   96.0    5.7  no_inv
 48  05/05/2020  2300    57.8   36.9     3.3     0.000   0   45.52   42.1    1.0      --
 49  05/06/2020  0000    54.0   37.0     5.1     0.000   0   52.58  295.3    4.8      --
 50  05/06/2020  0100    50.1   42.2     7.0     0.000   0   74.16  289.9    9.9      --
 51  05/06/2020  0200    46.9   45.7     8.5     0.000   0   95.29  288.1   15.0      --
 52  05/06/2020  0300    44.6   44.6     9.9     0.000   0  100.00  287.3   20.1      --
 53  05/06/2020  0400    43.1   42.9    11.4     0.030   0   99.39  286.8   25.2    2166
 54  05/06/2020  0500    43.5   41.6    12.3     0.000   0   93.09  283.0   24.3      --
 55  05/06/2020  0600    44.3   40.8    13.2     0.080  10   87.27  279.0   23.5      --
 56  05/06/2020  0700    44.2   40.6    14.2     0.010   5   87.18  274.7   22.9      --
 57  05/06/2020  0800    43.7   40.1    15.1     0.000   0   87.05  270.2   22.3      --
 58  05/06/2020  0900    43.5   39.5    16.0     0.020   0   85.72  265.5   21.9      --
 59  05/06/2020  1000    43.2   39.6    16.9     0.080  10   87.01  260.6   21.7    8493
 60  05/06/2020  1100    44.3   38.9    17.1     0.050  10   81.38  264.7   21.6      --
 61  05/06/2020  1200    47.5   36.6    17.2     0.020   5   65.64  268.8   21.6      --
 62  05/06/2020  1300    52.5   31.2    17.4     0.000   0   43.92  272.8   21.7      --
 63  05/06/2020  1400    56.4   28.6    17.6     0.000   0   34.26  276.8   21.9      --
 64  05/06/2020  1500    57.6   27.8    17.7     0.000   0   31.78  280.7   22.2      --
 65  05/06/2020  1600    58.2   27.5    17.9     0.000   0   30.67  284.5   22.6  no_inv
 66  05/06/2020  1700    58.3   27.5    17.5     0.000   0   30.63  282.6   22.0      --
 67  05/06/2020  1800    56.2   27.5    17.0     0.000   0   33.00  280.7   21.3      --
 68  05/06/2020  1900    53.0   27.5    16.6     0.000   0   37.22  278.6   20.7      --
 69  05/06/2020  2000    49.7   27.6    16.1     0.000   0   42.07  276.4   20.1      --
 70  05/06/2020  2100    46.5   27.7    15.7     0.000   0   47.66  274.1   19.6      --
 71  05/06/2020  2200    43.2   27.8    15.3     0.000   0   54.10  271.7   19.1     239
 72  05/06/2020  2300    41.0   27.8    14.4     0.000   0   59.25  269.3   17.9      --
 73  05/07/2020  0000    39.2   27.9    13.6     0.000   0   63.67  266.6   16.8      --
 74  05/07/2020  0100    37.4   28.0    12.7     0.000   0   68.46  263.5   15.7      --
 75  05/07/2020  0200    35.7   29.4    11.9     0.000   0   77.57  259.9   14.6      --
 76  05/07/2020  0300    34.2   29.7    11.0     0.000   0   83.34  255.8   13.6      --
 77  05/07/2020  0400    32.9   30.0    10.2     0.000   0   88.92  251.1   12.7  no_inv
 78  05/07/2020  0500    32.0   30.1     8.8     0.000   0   92.46  250.4   11.4      --
 79  05/07/2020  0600    32.7   30.5     7.5     0.000   0   91.61  249.5   10.0      --
 80  05/07/2020  0700    34.7   31.2     6.2     0.000   0   86.74  248.2    8.7      --
 81  05/07/2020  0800    38.3   28.8     4.8     0.000   0   68.37  246.5    7.3      --
 82  05/07/2020  0900    43.1   30.9     3.5     0.000   0   61.82  244.1    6.0      --
 83  05/07/2020  1000    48.7   30.9     2.1     0.000   0   49.98  240.2    4.7    8064
 84  05/07/2020  1100    54.3   30.9     2.0     0.000   0   40.60  240.1    3.4      --
 85  05/07/2020  1200    59.6   30.9     1.9     0.000   0   33.59  239.9    2.1      --
 86  05/07/2020  1300    63.4   30.9     1.8     0.000   0   29.35  238.8    0.8      --
 87  05/07/2020  1400    65.4   30.9     1.6     0.000   0   27.38   63.0    0.5      --
 88  05/07/2020  1500    66.3   30.9     1.5     0.000   0   26.51   61.2    1.8      --
 89  05/07/2020  1600    66.8   30.9     1.4     0.000   0   26.08   60.9    3.1    8119
 90  05/07/2020  1700    66.9   31.0     3.2     0.000   0   26.05   75.3    4.9      --
 91  05/07/2020  1800    66.1   31.2     4.9     0.000   0   27.07   81.7    6.9      --
 92  05/07/2020  1900    62.7   32.4     6.7     0.000   0   31.96   85.2    8.9      --
 93  05/07/2020  2000    58.8   34.0     8.4     0.000   0   39.18   87.5   10.9      --
 94  05/07/2020  2100    54.8   34.4    10.2     0.000   0   46.01   89.0   13.0      --
 95  05/07/2020  2200    50.8   34.4    11.9     0.000   0   53.13   90.1   15.0     166
 96  05/07/2020  2300    48.2   33.6    12.3     0.000   0   56.71   85.7   15.3      --
 97  05/08/2020  0000    47.2   34.1    12.6     0.000   0   60.24   81.5   15.7      --
 98  05/08/2020  0100    46.2   34.6    12.9     0.000   0   63.59   77.5   16.2      --
 99  05/08/2020  0200    45.4   34.9    13.2     0.000   0   66.54   73.8   16.8      --
100  05/08/2020  0300    44.7   35.1    13.6     0.000   0   68.88   70.3   17.4      --
101  05/08/2020  0400    44.2   35.2    13.9     0.000   0   70.46   67.1   18.0     157
102  05/08/2020  0500    43.7   35.2    13.4     0.000   0   71.62   64.8   17.2      --
103  05/08/2020  0600    44.2   35.1    12.9     0.000   0   69.98   62.4   16.4      --
104  05/08/2020  0700    45.9   34.9    12.4     0.000   0   65.33   59.7   15.7      --
105  05/08/2020  0800    48.7   34.7    11.9     0.000   0   58.23   56.8   14.9      --
106  05/08/2020  0900    52.6   34.5    11.4     0.000   0   49.88   53.5   14.3      --
107  05/08/2020  1000    57.3   34.2    10.9     0.000   0   41.75   50.0   13.6    4743
108  05/08/2020  1100    62.0   34.0    10.9     0.000   0   34.91   49.3   13.7      --
109  05/08/2020  1200    66.9   33.7    11.0     0.000   0   29.13   48.7   13.8      --
110  05/08/2020  1300    70.5   34.0    11.0     0.000   0   26.01   48.1   13.8      --
111  05/08/2020  1400    72.3   34.3    11.0     0.000   0   24.78   47.5   13.9      --
112  05/08/2020  1500    73.2   34.7    11.1     0.000   0   24.50   47.0   13.9      --
113  05/08/2020  1600    73.6   35.2    11.1     0.000   0   24.62   46.4   14.0    6410
114  05/08/2020  1700    73.7   34.8    12.1     0.000   0   24.19   47.9   15.3      --
115  05/08/2020  1800    72.8   34.2    13.1     0.000   0   24.33   49.1   16.6      --
116  05/08/2020  1900    69.6   33.9    14.1     0.000   0   26.74   50.2   17.9      --
117  05/08/2020  2000    66.1   33.8    15.1     0.000   0   30.09   51.2   19.2      --
118  05/08/2020  2100    62.6   34.0    16.1     0.000   0   34.23   52.0   20.5      --
119  05/08/2020  2200    59.1   34.3    17.0     0.000   0   39.15   52.7   21.8     393
120  05/08/2020  2300    56.6   34.5    18.0     0.000   0   43.37   56.4   22.7      --
121  05/09/2020  0000    55.4   34.8    18.9     0.000   0   45.71   59.7   23.6      --
122  05/09/2020  0100    54.3   35.0    19.8     0.000   0   47.94   62.8   24.7      --
123  05/09/2020  0200    53.4   35.2    20.7     0.000   0   49.94   65.7   25.8      --
124  05/09/2020  0300    52.6   35.3    21.6     0.000   0   51.59   68.2   27.0      --
125  05/09/2020  0400    52.0   35.3    22.5     0.000   0   52.79   70.6   28.2     877
126  05/09/2020  0500    51.5   35.2    22.1     0.000   0   53.47   70.3   27.7      --
127  05/09/2020  0600    51.9   34.9    21.7     0.000   0   52.15   69.9   27.2      --
128  05/09/2020  0700    53.1   34.4    21.3     0.000   0   48.84   69.5   26.6      --
129  05/09/2020  0800    55.3   33.7    20.9     0.000   0   43.94   69.1   26.1      --
130  05/09/2020  0900    58.4   32.9    20.5     0.000   0   38.11   68.7   25.6      --
131  05/09/2020  1000    62.2   32.1    20.1     0.000   0   32.21   68.3   25.1    3200
132  05/09/2020  1100    66.3   31.3    19.8     0.000   0   26.93   67.9   24.8      --
133  05/09/2020  1200    71.9   30.5    19.5     0.000   0   21.55   67.5   24.5      --
134  05/09/2020  1300    76.3   29.8    19.2     0.000   0   18.12   67.2   24.2      --
135  05/09/2020  1400    78.6   29.3    18.9     0.000   0   16.42   66.7   23.9      --
136  05/09/2020  1500    79.7   29.0    18.6     0.000   0   15.63   66.3   23.6      --
137  05/09/2020  1600    80.3   28.9    18.3     0.000   0   15.27   65.9   23.3  no_inv
138  05/09/2020  1700    80.5   28.9    19.2     0.000   0   15.17   67.2   24.5      --
139  05/09/2020  1800    79.7   28.8    20.0     0.000   0   15.55   68.4   25.8      --
140  05/09/2020  1900    75.9   28.7    20.9     0.000   0   17.55   69.5   27.1      --
141  05/09/2020  2000    70.7   28.6    21.8     0.000   0   20.78   70.5   28.4      --
142  05/09/2020  2100    65.6   28.5    22.7     0.000   0   24.68   71.4   29.7      --
143  05/09/2020  2200    60.4   28.4    23.5     0.000   0   29.42   72.2   31.0     811
144  05/09/2020  2300    57.3   28.2    23.5     0.000   0   32.76   71.3   31.0      --
145  05/10/2020  0000    55.9   28.1    23.4     0.000   0   34.18   70.5   30.9      --
146  05/10/2020  0100    54.6   28.0    23.3     0.000   0   35.72   69.6   30.9      --
147  05/10/2020  0200    53.3   27.9    23.2     0.000   0   37.30   68.7   30.9      --
148  05/10/2020  0300    52.2   27.9    23.1     0.000   0   38.83   67.9   30.9      --
149  05/10/2020  0400    51.2   27.9    23.0     0.000   0   40.25   67.0   30.9     772
150  05/10/2020  0500    50.5   27.9    22.1     0.000   0   41.25   67.9   29.5      --
151  05/10/2020  0600    51.0   27.9    21.2     0.000   0   40.50   68.9   28.1      --
152  05/10/2020  0700    52.6   27.9    20.3     0.000   0   38.22   70.0   26.8      --
153  05/10/2020  0800    55.3   27.9    19.4     0.000   0   34.61   71.2   25.4      --
154  05/10/2020  0900    59.1   27.9    18.5     0.000   0   30.22   72.5   24.1      --
155  05/10/2020  1000    63.6   27.9    17.6     0.000   0   25.78   74.0   22.8    3049
156  05/10/2020  1100    68.3   27.9    18.9     0.000   0   21.89   72.6   24.3      --
157  05/10/2020  1200    73.6   27.9    20.2     0.000   0   18.27   71.3   25.8      --
158  05/10/2020  1300    77.6   27.9    21.6     0.000   0   16.00   70.2   27.3      --
159  05/10/2020  1400    79.7   27.9    22.9     0.000   0   14.94   69.1   28.9      --
160  05/10/2020  1500    80.7   27.9    24.2     0.000   0   14.48   68.2   30.4      --
161  05/10/2020  1600    81.2   27.9    25.6     0.000   0   14.24   67.4   32.0  no_inv
162  05/10/2020  1700    81.3   27.9    27.4     0.000   0   14.19   68.2   34.3      --
163  05/10/2020  1800    80.4   27.9    29.2     0.000   0   14.59   68.9   36.6      --
164  05/10/2020  1900    76.7   27.9    31.1     0.000   0   16.47   69.6   38.9      --
165  05/10/2020  2000    71.7   27.9    32.9     0.000   0   19.48   70.1   41.3      --
166  05/10/2020  2100    66.7   27.9    34.7     0.000   0   23.14   70.6   43.6      --
167  05/10/2020  2200    61.7   27.9    36.6     0.000   0   27.58   71.1   46.0    1410
