  Generated by FoxLW on Wednesday May 19, 2021 at 14:18 PDT
-------------------------------------------------------------------------------
  WSU Tri-Cities
  46.3300:-119.2700  (46 19' 48.00"N  119 16' 12.00"W)  elev 397.0 feet    file: 100148
-------------------------------------------------------------------------------

Line#   Date     Hour   TempF  DewPtF WS(mph)  Rain(in) LW    RH%  WDir_50m WS_50m Inv(ft)
  5  05/19/2021  0400    40.5   35.7     1.5     0.000   0   82.75  256.6    7.0     771
  6  05/19/2021  0500    40.3   33.9     1.8     0.000   0   77.66  254.4    6.2      --
  7  05/19/2021  0600    40.6   32.6     2.0     0.000   0   72.75  251.4    5.4      --
  8  05/19/2021  0700    41.9   31.8     2.0     0.000   0   67.08  247.6    4.7      --
  9  05/19/2021  0800    44.2   31.8     1.9     0.000   0   61.44  242.3    3.9      --
 10  05/19/2021  0900    47.3   33.0     1.5     0.000   0   57.34  234.7    3.3      --
 11  05/19/2021  1000    51.0   34.0     1.2     0.000   0   52.14  223.5    2.7  no_inv
 12  05/19/2021  1100    55.1   34.8     1.5     0.000   0   46.18  237.4    3.1      --
 13  05/19/2021  1200    60.1   35.0     1.8     0.000   0   38.98  247.6    3.7      --
 14  05/19/2021  1300    63.7   35.0     2.1     0.000   0   34.33  254.9    4.3      --
 15  05/19/2021  1400    65.4   33.6     2.3     0.000   0   30.62  260.2    5.0      --
 16  05/19/2021  1500    66.2   30.0     2.6     0.000   0   25.69  264.3    5.7      --
 17  05/19/2021  1600    66.5   25.4     2.9     0.000   0   21.08  267.4    6.4  no_inv
 18  05/19/2021  1700    66.4   21.8     6.2     0.000   0   18.12  292.1    9.1      --
 19  05/19/2021  1800    64.6   20.4     9.6     0.000   0   18.16  304.4   12.6      --
 20  05/19/2021  1900    61.3   16.4    12.9     0.000   0   17.20  311.2   16.4      --
 21  05/19/2021  2000    57.8   17.6    16.2     0.000   0   20.47  315.4   20.4      --
 22  05/19/2021  2100    54.4   19.0    19.5     0.000   0   24.60  318.2   24.5      --
 23  05/19/2021  2200    51.0   20.5    22.9     0.000   0   29.74  320.2   28.6    2819
 24  05/19/2021  2300    47.9   21.9    21.0     0.000   0   35.49  316.9   25.8      --
 25  05/20/2021  0000    46.1   23.3    19.1     0.000   0   40.37  312.8   23.1      --
 26  05/20/2021  0100    44.3   24.5    17.3     0.000   0   45.31  307.6   20.6      --
 27  05/20/2021  0200    42.8   25.4    15.4     0.000   0   49.88  301.1   18.2      --
 28  05/20/2021  0300    41.6   26.0    13.6     0.000   0   53.60  292.9   16.2      --
 29  05/20/2021  0400    40.6   27.5    11.7     0.000   0   59.15  282.5   14.6  no_inv
 30  05/20/2021  0500    40.2   26.4    12.3     0.000   0   57.41  294.1   14.0      --
 31  05/20/2021  0600    40.8   26.8    12.9     0.000   0   57.27  306.2   14.0      --
 32  05/20/2021  0700    42.3   27.6    13.6     0.000   0   55.60  317.8   14.6      --
 33  05/20/2021  0800    45.0   28.6    14.2     0.000   0   52.39  328.1   15.8      --
 34  05/20/2021  0900    48.4   29.8    14.8     0.000   0   48.30  336.7   17.4      --
 35  05/20/2021  1000    52.1   31.0    15.4     0.000   0   44.34  343.8   19.3  no_inv
 36  05/20/2021  1100    55.2   32.3    15.0     0.000   0   41.63  344.2   18.7      --
 37  05/20/2021  1200    57.4   33.4    14.6     0.000   0   40.20  344.7   18.2      --
 38  05/20/2021  1300    58.9   34.6    14.1     0.000   0   39.91  345.2   17.6      --
 39  05/20/2021  1400    59.7   35.4    13.7     0.000   0   40.13  345.7   17.1      --
 40  05/20/2021  1500    60.1   35.9    13.2     0.000   0   40.24  346.2   16.5      --
 41  05/20/2021  1600    60.4   36.1    12.8     0.000   0   40.24  346.8   16.0  no_inv
 42  05/20/2021  1700    60.1   36.0    13.2     0.000   0   40.56  344.1   17.0      --
 43  05/20/2021  1800    58.9   35.9    13.6     0.000   0   42.13  341.6   18.1      --
 44  05/20/2021  1900    57.4   35.8    14.0     0.000   0   44.18  339.5   19.1      --
 45  05/20/2021  2000    55.9   35.6    14.4     0.000   0   46.30  337.6   20.3      --
 46  05/20/2021  2100    52.7   37.3    14.8     0.000   0   55.59  335.9   21.4      --
 47  05/20/2021  2200    53.0   42.7    15.2     0.010   0   67.90  334.4   22.6     899
 48  05/20/2021  2300    51.4   37.8    14.4     0.000   0   59.63  335.4   21.3      --
 49  05/21/2021  0000    50.3   35.0    13.7     0.000   0   55.53  336.6   20.0      --
 50  05/21/2021  0100    49.3   34.9    12.9     0.000   0   57.29  337.9   18.7      --
 51  05/21/2021  0200    48.6   34.8    12.1     0.000   0   58.74  339.4   17.5      --
 52  05/21/2021  0300    48.0   36.3    11.4     0.000   0   63.65  341.2   16.2      --
 53  05/21/2021  0400    47.7   36.5    10.6     0.000   0   65.08  343.2   15.0    1444
 54  05/21/2021  0500    47.4   36.4    10.7     0.000   0   65.39  347.9   14.6      --
 55  05/21/2021  0600    47.7   36.0    10.8     0.000   0   63.75  352.8   14.4      --
 56  05/21/2021  0700    48.7   33.8    10.9     0.000   0   56.18  357.8   14.3      --
 57  05/21/2021  0800    50.5   33.1    11.0     0.000   0   51.26    2.9   14.2      --
 58  05/21/2021  0900    52.9   32.4    11.2     0.000   0   45.38    7.9   14.3      --
 59  05/21/2021  1000    55.9   31.6    11.3     0.000   0   39.40   12.9   14.5   11371
 60  05/21/2021  1100    59.4   30.8    11.7     0.000   0   33.65   17.9   14.7      --
 61  05/21/2021  1200    62.9   30.0    12.1     0.000   0   28.86   22.8   15.0      --
 62  05/21/2021  1300    65.4   29.8    12.5     0.000   0   26.15   27.4   15.4      --
 63  05/21/2021  1400    66.8   29.7    12.9     0.000   0   24.89   31.8   15.9      --
 64  05/21/2021  1500    67.6   29.8    13.3     0.000   0   24.20   35.8   16.5      --
 65  05/21/2021  1600    68.1   29.9    13.7     0.000   0   23.89   39.6   17.1  no_inv
 66  05/21/2021  1700    68.0   29.7    14.3     0.000   0   23.82   27.9   16.1      --
 67  05/21/2021  1800    67.0   29.8    14.9     0.000   0   24.76   15.0   15.8      --
 68  05/21/2021  1900    65.9   30.6    15.5     0.000   0   26.55    2.3   16.3      --
 69  05/21/2021  2000    64.9   32.0    16.1     0.000   0   29.13  350.9   17.5      --
 70  05/21/2021  2100    63.8   33.6    16.7     0.000   0   32.37  341.3   19.3      --
 71  05/21/2021  2200    62.7   35.4    17.2     0.000   0   36.14  333.5   21.6  no_inv
 72  05/21/2021  2300    60.5   37.2    16.2     0.000   0   41.95  333.5   20.9      --
 73  05/22/2021  0000    58.8   38.9    15.1     0.000   0   47.67  333.4   20.2      --
 74  05/22/2021  0100    57.3   40.4    14.1     0.000   0   53.09  333.4   19.5      --
 75  05/22/2021  0200    56.2   41.5    13.1     0.000   0   57.71  333.3   18.9      --
 76  05/22/2021  0300    55.4   43.5    12.0     0.000   0   64.20  333.3   18.2      --
 77  05/22/2021  0400    55.0   44.0    10.9     0.000   0   66.52  333.2   17.5    1585
 78  05/22/2021  0500    54.7   44.3     9.8     0.000   0   67.82  335.5   15.9      --
 79  05/22/2021  0600    54.8   43.8     8.6     0.000   0   66.37  338.3   14.3      --
 80  05/22/2021  0700    55.4   41.2     7.5     0.000   0   58.60  341.8   12.8      --
 81  05/22/2021  0800    56.5   40.3     6.3     0.000   0   54.47  346.2   11.3      --
 82  05/22/2021  0900    58.1   39.2     5.2     0.000   0   49.46  351.8    9.9      --
 83  05/22/2021  1000    60.1   38.1     4.0     0.000   0   44.10  359.2    8.7  no_inv
 84  05/22/2021  1100    63.1   37.0     3.5     0.000   0   37.96    0.2    7.7      --
 85  05/22/2021  1200    68.1   36.0     3.1     0.000   0   30.63    1.4    6.6      --
 86  05/22/2021  1300    71.9   35.1     2.6     0.000   0   25.95    3.2    5.6      --
 87  05/22/2021  1400    73.6   34.4     2.1     0.000   0   23.89    5.7    4.5      --
 88  05/22/2021  1500    74.4   34.0     1.6     0.000   0   22.85    9.8    3.5      --
 89  05/22/2021  1600    74.6   33.8     1.1     0.000   0   22.55   17.1    2.5  no_inv
 90  05/22/2021  1700    74.1   34.0     2.4     0.000   0   23.06  317.3    0.4      --
 91  05/22/2021  1800    71.6   34.3     3.6     0.000   0   25.41  213.9    2.2      --
 92  05/22/2021  1900    67.7   34.9     4.9     0.000   0   29.74  209.3    4.6      --
 93  05/22/2021  2000    63.7   35.7     6.1     0.000   0   35.21  207.8    6.9      --
 94  05/22/2021  2100    59.8   37.7     7.4     0.000   0   43.78  207.1    9.2      --
 95  05/22/2021  2200    55.8   39.4     8.6     0.000   0   54.01  206.7   11.6     551
 96  05/22/2021  2300    53.7   40.4     8.9     0.000   0   60.52  219.1    9.8      --
 97  05/23/2021  0000    52.5   41.2     9.1     0.000   0   65.32  235.9    8.6      --
 98  05/23/2021  0100    51.3   42.0     9.4     0.000   0   70.34  255.5    8.4      --
 99  05/23/2021  0200    50.1   42.5     9.6     0.000   0   75.19  274.0    9.1      --
100  05/23/2021  0300    49.0   42.9     9.9     0.000   0   79.50  288.5   10.6      --
101  05/23/2021  0400    48.0   43.0    10.1     0.000   0   82.83  299.0   12.6     559
102  05/23/2021  0500    47.5   43.0     9.9     0.000   0   84.36  295.0   12.3      --
103  05/23/2021  0600    48.3   42.8     9.8     0.000   0   81.17  290.8   12.1      --
104  05/23/2021  0700    50.5   40.5     9.6     0.000   0   68.47  286.5   11.9      --
105  05/23/2021  0800    54.2   40.2     9.5     0.000   0   59.14  282.2   11.8      --
106  05/23/2021  0900    58.8   39.8     9.3     0.000   0   49.22  277.7   11.8      --
107  05/23/2021  1000    63.7   39.4     9.1     0.000   0   40.64  273.3   11.9  no_inv
108  05/23/2021  1100    67.8   38.9     8.9     0.000   0   34.74  273.1   11.7      --
109  05/23/2021  1200    70.6   38.5     8.7     0.000   0   31.02  272.8   11.6      --
110  05/23/2021  1300    72.6   38.8     8.4     0.000   0   29.40  272.5   11.5      --
111  05/23/2021  1400    73.6   39.3     8.2     0.000   0   28.98  272.3   11.3      --
112  05/23/2021  1500    74.2   40.0     7.9     0.000   0   29.13  272.0   11.2      --
113  05/23/2021  1600    74.6   40.8     7.7     0.000   0   29.65  271.7   11.1  no_inv
114  05/23/2021  1700    74.3   40.8     7.0     0.000   0   29.86  271.0   10.4      --
115  05/23/2021  1800    71.8   40.2     6.2     0.000   0   31.80  270.3    9.8      --
116  05/23/2021  1900    68.1   38.8     5.5     0.000   0   34.22  269.5    9.1      --
117  05/23/2021  2000    64.4   39.8     4.7     0.000   0   40.32  268.5    8.5      --
118  05/23/2021  2100    60.7   39.8     4.0     0.000   0   45.88  267.4    7.8      --
119  05/23/2021  2200    57.1   39.8     3.2     0.000   0   52.31  266.1    7.2    6084
120  05/23/2021  2300    54.8   39.8     4.7     0.000   0   56.75  260.7    8.5      --
121  05/24/2021  0000    53.2   35.9     6.2     0.000   0   51.85  256.8    9.9      --
122  05/24/2021  0100    51.5   30.5     7.8     0.000   0   44.34  253.9   11.3      --
123  05/24/2021  0200    50.0   28.3     9.3     0.000   0   42.81  251.6   12.8      --
124  05/24/2021  0300    48.7   27.4    10.8     0.000   0   43.37  249.8   14.3      --
125  05/24/2021  0400    47.7   25.5    12.3     0.000   0   41.62  248.4   15.8      43
126  05/24/2021  0500    47.2   25.6    12.5     0.000   0   42.69  247.8   15.9      --
127  05/24/2021  0600    47.7   26.1    12.7     0.000   0   42.60  247.3   16.1      --
128  05/24/2021  0700    49.3   26.9    12.9     0.000   0   41.47  246.8   16.3      --
129  05/24/2021  0800    51.9   27.9    13.1     0.000   0   39.20  246.2   16.5      --
130  05/24/2021  0900    55.4   29.0    13.2     0.000   0   36.10  245.8   16.7      --
131  05/24/2021  1000    59.6   30.2    13.4     0.000   0   32.72  245.3   16.9    6912
132  05/24/2021  1100    63.8   31.5    14.1     0.000   0   29.60  255.4   16.4      --
133  05/24/2021  1200    67.7   32.6    14.7     0.000   0   27.11  265.7   16.5      --
134  05/24/2021  1300    70.7   33.7    15.3     0.000   0   25.59  275.6   17.1      --
135  05/24/2021  1400    72.2   34.4    15.9     0.000   0   24.98  284.5   18.2      --
136  05/24/2021  1500    73.2   34.8    16.5     0.000   0   24.57  292.4   19.6      --
137  05/24/2021  1600    73.8   35.0    17.1     0.000   0   24.21  299.0   21.4   10574
138  05/24/2021  1700    74.2   35.2    15.5     0.000   0   24.13  297.4   19.9      --
139  05/24/2021  1800    72.8   35.8    13.9     0.000   0   25.87  295.6   18.3      --
140  05/24/2021  1900    67.2   36.1    12.3     0.000   0   31.74  293.5   16.8      --
141  05/24/2021  2000    61.6   37.2    10.7     0.000   0   40.27  291.0   15.2      --
142  05/24/2021  2100    56.0   38.1     9.0     0.000   0   50.95  287.9   13.8      --
143  05/24/2021  2200    50.4   38.2     7.4     0.000   0   62.84  284.0   12.4     765
144  05/24/2021  2300    48.9   39.2     8.0     0.000   0   69.26  276.7   12.1      --
145  05/25/2021  0000    48.3   39.7     8.5     0.000   0   72.14  269.2   12.1      --
146  05/25/2021  0100    47.4   40.1     9.1     0.000   0   75.62  261.9   12.3      --
147  05/25/2021  0200    46.4   40.4     9.6     0.000   0   79.45  254.8   12.7      --
148  05/25/2021  0300    45.3   40.5    10.1     0.000   0   83.17  248.2   13.2      --
149  05/25/2021  0400    44.2   40.4    10.7     0.000   0   86.26  242.3   13.9     778
150  05/25/2021  0500    43.6   40.5     9.2     0.000   0   88.86  242.8   12.2      --
151  05/25/2021  0600    44.7   39.9     7.7     0.000   0   83.10  243.5   10.6      --
152  05/25/2021  0700    47.2   38.0     6.2     0.000   0   70.34  244.5    8.9      --
153  05/25/2021  0800    51.1   37.6     4.7     0.000   0   59.77  245.9    7.2      --
154  05/25/2021  0900    56.2   37.1     3.2     0.000   0   48.60  248.3    5.5      --
155  05/25/2021  1000    62.0   36.6     1.7     0.000   0   38.76  252.6    3.8  no_inv
156  05/25/2021  1100    67.6   36.0     1.7     0.000   0   31.23  259.7    2.8      --
157  05/25/2021  1200    72.7   35.5     1.6     0.000   0   25.74  274.2    1.9      --
158  05/25/2021  1300    76.3   35.1     1.6     0.000   0   22.43  308.3    1.3      --
159  05/25/2021  1400    78.2   34.8     1.5     0.000   0   20.81  356.0    1.4      --
160  05/25/2021  1500    79.0   34.6     1.5     0.000   0   20.08   21.0    2.2      --
161  05/25/2021  1600    79.4   34.5     1.5     0.000   0   19.74   31.8    3.2  no_inv
162  05/25/2021  1700    79.5   34.5     4.2     0.000   0   19.69  349.8    5.5      --
163  05/25/2021  1800    78.7   34.5     7.1     0.000   0   20.25  335.9    8.9      --
164  05/25/2021  1900    75.6   34.5     9.9     0.000   0   22.37  329.8   12.5      --
165  05/25/2021  2000    72.7   34.5    12.6     0.000   0   24.67  326.5   16.2      --
166  05/25/2021  2100    69.8   34.5    15.4     0.000   0   27.24  324.4   20.0      --
167  05/25/2021  2200    66.9   34.5    18.2     0.000   0   30.12  323.0   23.7    2269
