  Generated by FoxLW on Wednesday May 19, 2021 at 14:18 PDT
-------------------------------------------------------------------------------
  WSU Prosser
  46.2600:-119.7400  (46 15' 36.00"N  119 44' 24.00"W)  elev 928.5 feet    file: 300033
-------------------------------------------------------------------------------

Line#   Date     Hour   TempF  DewPtF WS(mph)  Rain(in) LW    RH%  WDir_50m WS_50m Inv(ft)
  5  05/19/2021  0400    40.1   29.4     7.0     0.000   0   65.30  268.3   11.0     692
  6  05/19/2021  0500    39.6   29.2     6.9     0.000   0   65.87  267.6   10.9      --
  7  05/19/2021  0600    40.1   28.5     6.8     0.000   0   62.92  266.9   10.8      --
  8  05/19/2021  0700    41.4   25.5     6.6     0.000   0   52.78  266.2   10.7      --
  9  05/19/2021  0800    43.5   24.1     6.5     0.000   0   45.91  265.4   10.6      --
 10  05/19/2021  0900    46.5   22.5     6.4     0.000   0   38.43  264.7   10.5      --
 11  05/19/2021  1000    49.9   20.8     6.3     0.000   0   31.40  263.9   10.4  no_inv
 12  05/19/2021  1100    53.5   19.1     6.4     0.000   0   25.57  268.1   10.3      --
 13  05/19/2021  1200    57.9   17.5     6.5     0.000   0   20.39  272.3   10.2      --
 14  05/19/2021  1300    61.0   16.9     6.6     0.000   0   17.77  276.5   10.3      --
 15  05/19/2021  1400    62.6   17.2     6.8     0.000   0   17.00  280.8   10.4      --
 16  05/19/2021  1500    63.2   18.0     6.9     0.000   0   17.25  284.9   10.5      --
 17  05/19/2021  1600    63.5   19.2     7.0     0.000   0   17.98  288.8   10.7  no_inv
 18  05/19/2021  1700    63.5   19.2     8.4     0.000   0   18.00  288.3   12.1      --
 19  05/19/2021  1800    62.6   18.4     9.8     0.000   0   17.91  287.9   13.5      --
 20  05/19/2021  1900    59.5   17.5    11.1     0.000   0   19.23  287.6   15.0      --
 21  05/19/2021  2000    56.2   17.6    12.5     0.000   0   21.78  287.3   16.4      --
 22  05/19/2021  2100    52.8   18.5    13.9     0.000   0   25.66  287.1   17.8      --
 23  05/19/2021  2200    49.4   20.0    15.2     0.000   0   30.94  286.9   19.2     829
 24  05/19/2021  2300    47.0   21.5    14.8     0.000   0   35.96  286.4   18.8      --
 25  05/20/2021  0000    46.0   22.9    14.4     0.000   0   39.67  285.8   18.3      --
 26  05/20/2021  0100    45.0   24.0    14.0     0.000   0   43.32  285.2   17.9      --
 27  05/20/2021  0200    44.1   25.0    13.6     0.000   0   46.60  284.6   17.4      --
 28  05/20/2021  0300    43.3   25.5    13.2     0.000   0   49.17  283.9   17.0      --
 29  05/20/2021  0400    42.7   25.7    12.8     0.000   0   50.79  283.2   16.5     824
 30  05/20/2021  0500    42.4   25.9    13.4     0.000   0   51.74  295.5   15.1      --
 31  05/20/2021  0600    42.7   26.3    13.9     0.000   0   52.12  309.5   14.6      --
 32  05/20/2021  0700    43.6   27.0    14.5     0.000   0   51.86  323.7   14.9      --
 33  05/20/2021  0800    45.1   28.0    15.0     0.000   0   50.79  336.5   16.1      --
 34  05/20/2021  0900    47.2   29.1    15.6     0.000   0   49.00  347.1   17.9      --
 35  05/20/2021  1000    49.7   30.2    16.1     0.000   0   46.84  355.5   20.3  no_inv
 36  05/20/2021  1100    52.3   31.4    15.2     0.000   0   44.59  354.5   19.1      --
 37  05/20/2021  1200    54.7   32.5    14.3     0.000   0   42.77  353.3   17.9      --
 38  05/20/2021  1300    56.3   33.6    13.3     0.000   0   42.21  351.9   16.8      --
 39  05/20/2021  1400    57.1   34.4    12.4     0.000   0   42.29  350.3   15.6      --
 40  05/20/2021  1500    57.6   34.8    11.5     0.000   0   42.25  348.5   14.5      --
 41  05/20/2021  1600    57.8   35.0    10.6     0.000   0   42.15  346.3   13.4  no_inv
 42  05/20/2021  1700    57.5   35.0    10.3     0.000   0   42.57  342.4   13.4      --
 43  05/20/2021  1800    56.3   34.9    10.0     0.000   0   44.41  338.5   13.5      --
 44  05/20/2021  1900    54.8   34.9     9.7     0.000   0   46.81  334.7   13.7      --
 45  05/20/2021  2000    53.3   36.1     9.4     0.000   0   51.79  331.0   13.9      --
 46  05/20/2021  2100    50.5   37.8     9.2     0.000   0   61.72  327.4   14.2      --
 47  05/20/2021  2200    50.3   42.7     8.9     0.010   0   75.01  324.0   14.5  no_inv
 48  05/20/2021  2300    49.5   41.8    10.3     0.000   0   74.64  334.0   15.4      --
 49  05/21/2021  0000    48.9   37.7    11.7     0.000   0   64.92  342.7   16.6      --
 50  05/21/2021  0100    48.4   34.9    13.1     0.000   0   59.27  350.1   18.3      --
 51  05/21/2021  0200    48.0   34.9    14.5     0.000   0   60.26  356.1   20.1      --
 52  05/21/2021  0300    47.7   34.9    15.9     0.000   0   61.06    1.1   22.2      --
 53  05/21/2021  0400    47.4   34.9    17.4     0.000   0   61.64    5.2   24.4    1629
 54  05/21/2021  0500    47.2   34.8    16.2     0.000   0   61.98    5.8   22.5      --
 55  05/21/2021  0600    47.4   34.6    15.1     0.000   0   60.87    6.4   20.6      --
 56  05/21/2021  0700    48.2   34.2    13.9     0.000   0   58.24    7.1   18.7      --
 57  05/21/2021  0800    49.5   33.7    12.8     0.000   0   54.27    8.0   16.8      --
 58  05/21/2021  0900    51.4   33.1    11.6     0.000   0   49.37    9.2   15.0      --
 59  05/21/2021  1000    53.8   32.4    10.5     0.000   0   44.11   10.6   13.1  no_inv
 60  05/21/2021  1100    56.7   31.8    10.3     0.000   0   38.58    8.1   12.9      --
 61  05/21/2021  1200    60.1   31.2    10.1     0.000   0   33.34    5.4   12.6      --
 62  05/21/2021  1300    62.8   31.3    10.0     0.000   0   30.55    2.7   12.4      --
 63  05/21/2021  1400    64.2   31.8     9.8     0.000   0   29.66  359.9   12.3      --
 64  05/21/2021  1500    65.1   32.5     9.6     0.000   0   29.54  357.0   12.1      --
 65  05/21/2021  1600    65.6   33.3     9.5     0.000   0   29.99  354.1   12.1  no_inv
 66  05/21/2021  1700    65.7   33.2    10.2     0.000   0   29.75  354.1   12.9      --
 67  05/21/2021  1800    64.7   32.5    10.9     0.000   0   29.94  354.2   13.8      --
 68  05/21/2021  1900    63.1   32.5    11.6     0.000   0   31.58  354.3   14.7      --
 69  05/21/2021  2000    61.5   33.1    12.4     0.000   0   34.31  354.3   15.6      --
 70  05/21/2021  2100    59.9   34.4    13.1     0.000   0   38.24  354.4   16.5      --
 71  05/21/2021  2200    58.3   36.1    13.9     0.000   0   43.33  354.4   17.4  no_inv
 72  05/21/2021  2300    56.5   37.7    12.4     0.000   0   49.32  350.6   16.2      --
 73  05/22/2021  0000    55.1   40.7    11.0     0.000   0   58.26  346.2   15.0      --
 74  05/22/2021  0100    53.9   42.5     9.6     0.000   0   65.13  341.1   14.0      --
 75  05/22/2021  0200    52.9   43.4     8.2     0.000   0   70.11  335.3   13.1      --
 76  05/22/2021  0300    52.2   39.4     6.8     0.000   0   61.59  328.6   12.3      --
 77  05/22/2021  0400    51.7   36.6     5.3     0.000   0   56.37  321.2   11.7      43
 78  05/22/2021  0500    51.4   36.8     6.1     0.000   0   57.25  330.0   11.2      --
 79  05/22/2021  0600    51.5   39.6     6.9     0.000   0   63.47  339.4   10.9      --
 80  05/22/2021  0700    52.2   40.8     7.7     0.000   0   65.02  349.1   10.9      --
 81  05/22/2021  0800    53.4   39.8     8.5     0.000   0   59.80  358.5   11.2      --
 82  05/22/2021  0900    55.2   38.6     9.3     0.000   0   53.59    7.2   11.8      --
 83  05/22/2021  1000    57.3   37.3    10.1     0.000   0   47.11   14.8   12.7  no_inv
 84  05/22/2021  1100    60.3   36.1     8.7     0.000   0   40.26   16.5   11.2      --
 85  05/22/2021  1200    63.9   34.9     7.4     0.000   0   33.84   18.6    9.7      --
 86  05/22/2021  1300    66.7   33.9     6.0     0.000   0   29.49   21.5    8.2      --
 87  05/22/2021  1400    68.2   33.1     4.6     0.000   0   27.12   25.7    6.8      --
 88  05/22/2021  1500    69.2   32.6     3.3     0.000   0   25.70   31.9    5.4      --
 89  05/22/2021  1600    69.8   32.4     1.9     0.000   0   25.04   42.2    4.2  no_inv
 90  05/22/2021  1700    69.8   32.6     1.8     0.000   0   25.18   47.6    3.8      --
 91  05/22/2021  1800    68.6   33.0     1.7     0.000   0   26.77   54.0    3.4      --
 92  05/22/2021  1900    66.8   33.8     1.6     0.000   0   29.26   61.8    3.1      --
 93  05/22/2021  2000    65.1   33.2     1.5     0.000   0   30.37   71.1    2.9      --
 94  05/22/2021  2100    63.4   33.2     1.4     0.000   0   32.25   81.5    2.8      --
 95  05/22/2021  2200    61.7   33.2     1.2     0.000   0   34.28   92.7    2.7     854
 96  05/22/2021  2300    59.5   33.2     2.5     0.000   0   37.04  345.0    0.7      --
 97  05/23/2021  0000    57.7   33.2     3.8     0.000   0   39.41  295.5    3.4      --
 98  05/23/2021  0100    56.2   33.5     5.1     0.000   0   42.07  290.7    6.4      --
 99  05/23/2021  0200    54.9   37.7     6.4     0.000   0   52.14  289.0    9.4      --
100  05/23/2021  0300    53.9   42.3     7.6     0.000   0   64.75  288.1   12.4      --
101  05/23/2021  0400    53.2   43.7     8.9     0.000   0   70.15  287.6   15.5     850
102  05/23/2021  0500    52.8   43.6     8.7     0.000   0   70.85  285.1   14.6      --
103  05/23/2021  0600    53.3   43.5     8.4     0.000   0   69.35  282.3   13.8      --
104  05/23/2021  0700    54.4   41.2     8.2     0.000   0   61.05  279.2   13.1      --
105  05/23/2021  0800    56.3   41.0     8.0     0.000   0   56.33  275.7   12.4      --
106  05/23/2021  0900    58.8   40.6     7.8     0.000   0   50.71  271.8   11.7      --
107  05/23/2021  1000    61.7   40.2     7.5     0.000   0   45.06  267.5   11.1  no_inv
108  05/23/2021  1100    64.6   39.8     8.8     0.000   0   40.10  269.9   12.3      --
109  05/23/2021  1200    67.1   39.5    10.0     0.000   0   36.25  271.8   13.6      --
110  05/23/2021  1300    69.0   39.7    11.2     0.000   0   34.23  273.4   14.9      --
111  05/23/2021  1400    69.9   39.7    12.4     0.000   0   33.32  274.7   16.2      --
112  05/23/2021  1500    70.5   39.6    13.7     0.000   0   32.50  275.8   17.5      --
113  05/23/2021  1600    70.8   39.3    14.9     0.000   0   31.68  276.8   18.8  no_inv
114  05/23/2021  1700    70.9   39.1    14.9     0.000   0   31.33  278.1   18.8      --
115  05/23/2021  1800    69.8   38.3    14.9     0.000   0   31.62  279.5   18.8      --
116  05/23/2021  1900    65.9   37.2    14.9     0.000   0   34.58  280.8   18.9      --
117  05/23/2021  2000    61.9   35.6    14.9     0.000   0   37.30  282.1   18.9      --
118  05/23/2021  2100    58.0   33.7    14.9     0.000   0   39.77  283.4   19.0      --
119  05/23/2021  2200    54.0   31.5    15.0     0.000   0   42.06  284.7   19.0     883
120  05/23/2021  2300    52.4   29.6    14.2     0.000   0   41.44  282.8   18.0      --
121  05/24/2021  0000    51.4   27.9    13.6     0.000   0   39.96  280.5   17.1      --
122  05/24/2021  0100    50.3   26.4    12.9     0.000   0   39.11  278.1   16.1      --
123  05/24/2021  0200    49.2   25.3    12.1     0.000   0   38.90  275.3   15.2      --
124  05/24/2021  0300    48.1   26.1    11.4     0.000   0   41.89  272.2   14.4      --
125  05/24/2021  0400    47.1   26.1    10.7     0.000   0   43.50  268.7   13.5     210
126  05/24/2021  0500    46.6   26.3    10.5     0.000   0   44.79  268.5   13.3      --
127  05/24/2021  0600    47.2   26.9    10.3     0.000   0   44.91  268.4   13.0      --
128  05/24/2021  0700    48.6   25.8    10.1     0.000   0   40.64  268.2   12.8      --
129  05/24/2021  0800    51.0   26.8     9.9     0.000   0   38.83  268.0   12.5      --
130  05/24/2021  0900    54.2   28.0     9.6     0.000   0   36.23  267.8   12.2      --
131  05/24/2021  1000    58.0   29.3     9.4     0.000   0   33.27  267.6   12.0    7570
132  05/24/2021  1100    62.2   30.5    10.4     0.000   0   30.24  274.7   12.8      --
133  05/24/2021  1200    67.0   31.7    11.3     0.000   0   26.79  280.8   13.9      --
134  05/24/2021  1300    70.4   33.1    12.3     0.000   0   25.17  286.0   15.0      --
135  05/24/2021  1400    72.0   33.9    13.2     0.000   0   24.61  290.4   16.3      --
136  05/24/2021  1500    72.8   34.2    14.1     0.000   0   24.37  294.2   17.6      --
137  05/24/2021  1600    73.1   34.3    15.1     0.000   0   24.20  297.4   19.1   10041
138  05/24/2021  1700    73.0   34.4    14.9     0.000   0   24.31  294.9   18.7      --
139  05/24/2021  1800    71.2   34.4    14.8     0.000   0   25.85  292.2   18.5      --
140  05/24/2021  1900    67.6   34.5    14.6     0.000   0   29.42  289.5   18.2      --
141  05/24/2021  2000    63.6   34.7    14.5     0.000   0   33.95  286.8   18.0      --
142  05/24/2021  2100    59.7   34.9    14.3     0.000   0   39.34  284.0   17.9      --
143  05/24/2021  2200    55.8   35.2    14.2     0.000   0   45.77  281.1   17.8     877
144  05/24/2021  2300    53.5   35.4    12.6     0.000   0   50.25  279.7   16.4      --
145  05/25/2021  0000    52.4   37.1    11.1     0.000   0   55.84  278.1   15.0      --
146  05/25/2021  0100    51.4   37.8     9.6     0.000   0   59.70  276.2   13.6      --
147  05/25/2021  0200    50.4   38.0     8.0     0.000   0   62.26  273.8   12.2      --
148  05/25/2021  0300    49.5   36.5     6.5     0.000   0   60.64  270.9   10.9      --
149  05/25/2021  0400    48.8   35.5     4.9     0.000   0   60.05  267.1    9.6     246
150  05/25/2021  0500    48.3   35.0     4.6     0.000   0   59.67  265.4    9.0      --
151  05/25/2021  0600    48.9   34.1     4.3     0.000   0   56.39  263.5    8.5      --
152  05/25/2021  0700    50.4   35.9     3.9     0.000   0   57.42  261.4    7.9      --
153  05/25/2021  0800    52.8   35.8     3.6     0.000   0   52.28  258.9    7.4      --
154  05/25/2021  0900    56.1   35.7     3.2     0.000   0   46.12  256.1    6.9      --
155  05/25/2021  1000    60.0   35.5     2.9     0.000   0   39.84  252.9    6.4  no_inv
156  05/25/2021  1100    64.1   35.3     2.6     0.000   0   34.22  248.4    5.6      --
157  05/25/2021  1200    69.4   35.2     2.4     0.000   0   28.36  242.4    4.7      --
158  05/25/2021  1300    73.3   35.0     2.1     0.000   0   24.70  234.0    4.0      --
159  05/25/2021  1400    75.4   35.0     1.8     0.000   0   22.96  222.0    3.3      --
160  05/25/2021  1500    76.3   34.9     1.5     0.000   0   22.21  205.5    2.9      --
161  05/25/2021  1600    76.8   34.9     1.3     0.000   0   21.85  185.6    2.8  no_inv
162  05/25/2021  1700    76.9   34.9     3.0     0.000   0   21.78  245.1    2.6      --
163  05/25/2021  1800    76.1   34.9     4.8     0.000   0   22.39  277.4    4.5      --
164  05/25/2021  1900    72.9   34.9     6.5     0.000   0   24.85  289.0    6.9      --
165  05/25/2021  2000    69.7   36.9     8.3     0.000   0   30.02  294.5    9.5      --
166  05/25/2021  2100    66.4   36.9    10.0     0.000   0   33.55  297.6   12.1      --
167  05/25/2021  2200    63.2   36.3    11.8     0.000   0   36.71  299.6   14.7     983
