  Generated by FoxLW on Wednesday May 19, 2021 at 14:18 PDT
-------------------------------------------------------------------------------
  WSU Othello
  46.7900:-119.0400  (46 47' 24.00"N  119 2' 24.00"W)  elev 1204.1 feet    file: 300122
-------------------------------------------------------------------------------

Line#   Date     Hour   TempF  DewPtF WS(mph)  Rain(in) LW    RH%  WDir_50m WS_50m Inv(ft)
  5  05/19/2021  0400    30.4   28.8     1.7     0.000  10   93.51  309.5    9.0  no_inv
  6  05/19/2021  0500    30.2   28.2     2.3     0.000  10   91.98  299.6    7.8      --
  7  05/19/2021  0600    30.9   28.2     2.9     0.000  10   89.36  286.8    6.9      --
  8  05/19/2021  0700    33.1   28.6     3.4     0.000   5   83.21  271.2    6.5      --
  9  05/19/2021  0800    37.4   29.1     3.8     0.000   0   71.67  254.7    6.6      --
 10  05/19/2021  0900    42.2   30.2     3.8     0.000   0   62.11  239.8    7.1      --
 11  05/19/2021  1000    47.6   31.3     3.7     0.000   0   52.82  227.7    8.1  no_inv
 12  05/19/2021  1100    52.7   32.0     3.4     0.000   0   45.05  227.4    7.5      --
 13  05/19/2021  1200    56.9   32.2     3.1     0.000   0   39.07  227.1    6.9      --
 14  05/19/2021  1300    59.8   32.2     2.9     0.000   0   35.24  226.7    6.3      --
 15  05/19/2021  1400    61.2   31.0     2.6     0.000   0   31.88  226.2    5.7      --
 16  05/19/2021  1500    61.8   27.8     2.3     0.000   0   27.38  225.6    5.1      --
 17  05/19/2021  1600    62.1   23.9     2.1     0.000   0   23.02  224.9    4.5  no_inv
 18  05/19/2021  1700    62.1   20.7     5.4     0.000   0   20.13  280.1    5.5      --
 19  05/19/2021  1800    61.2   19.5     8.7     0.000   0   19.74  303.9    9.3      --
 20  05/19/2021  1900    57.7   16.1    12.1     0.000   0   19.30  313.3   13.6      --
 21  05/19/2021  2000    52.8   17.4    15.4     0.000   0   24.44  318.1   18.2      --
 22  05/19/2021  2100    47.9   19.0    18.7     0.000   0   31.35  320.9   22.9      --
 23  05/19/2021  2200    43.0   20.7    22.0     0.000   0   40.56  322.8   27.5     541
 24  05/19/2021  2300    39.7   22.4    19.8     0.000   0   49.60  323.4   24.9      --
 25  05/20/2021  0000    38.2   24.0    17.6     0.000   0   56.31  324.2   22.2      --
 26  05/20/2021  0100    36.7   25.3    15.4     0.000   0   63.17  325.2   19.5      --
 27  05/20/2021  0200    35.3   26.4    13.2     0.000   0   69.57  326.5   16.9      --
 28  05/20/2021  0300    34.2   28.4    10.9     0.000   0   79.16  328.3   14.2      --
 29  05/20/2021  0400    33.2   28.9     8.7     0.000   0   83.81  330.9   11.6  no_inv
 30  05/20/2021  0500    32.8   29.4     8.9     0.000   0   87.24  341.0   11.6      --
 31  05/20/2021  0600    33.2   29.7     9.2     0.000   0   86.95  350.6   12.1      --
 32  05/20/2021  0700    34.6   28.3     9.4     0.000   0   77.53  359.4   12.8      --
 33  05/20/2021  0800    37.0   29.0     9.6     0.000   0   72.60    7.1   13.8      --
 34  05/20/2021  0900    40.3   29.8     9.9     0.000   0   65.92   13.6   15.0      --
 35  05/20/2021  1000    44.2   30.7    10.1     0.000   0   58.68   19.2   16.4  no_inv
 36  05/20/2021  1100    49.4   31.6    10.1     0.000   0   50.03   12.7   15.0      --
 37  05/20/2021  1200    54.7   32.4    10.1     0.000   0   42.69    5.0   13.8      --
 38  05/20/2021  1300    57.8   33.7    10.1     0.000   0   40.10  356.2   13.0      --
 39  05/20/2021  1400    59.0   34.4    10.1     0.000   0   39.61  346.3   12.4      --
 40  05/20/2021  1500    59.3   34.9    10.1     0.000   0   39.80  335.9   12.3      --
 41  05/20/2021  1600    58.9   35.2    10.1     0.000   0   40.85  325.7   12.6  no_inv
 42  05/20/2021  1700    56.9   35.1    10.3     0.000   0   43.90  336.0   14.1      --
 43  05/20/2021  1800    54.6   34.8    10.5     0.000   0   47.10  344.0   16.0      --
 44  05/20/2021  1900    52.7   34.4    10.8     0.000   0   49.54  350.3   18.1      --
 45  05/20/2021  2000    50.8   34.7    11.0     0.000   0   53.83  355.2   20.4      --
 46  05/20/2021  2100    49.0   34.1    11.2     0.000   0   56.39  359.1   22.9      --
 47  05/20/2021  2200    47.1   33.3    11.5     0.000   0   58.58    2.3   25.4     644
 48  05/20/2021  2300    45.4   31.2    12.2     0.000   0   57.41    8.6   24.2      --
 49  05/21/2021  0000    44.1   30.6    12.9     0.000   0   58.83   15.5   23.4      --
 50  05/21/2021  0100    43.0   30.2    13.6     0.000   0   60.12   22.8   22.9      --
 51  05/21/2021  0200    42.2   29.8    14.4     0.000   0   61.29   30.3   22.8      --
 52  05/21/2021  0300    41.5   32.2    15.1     0.000   0   69.33   37.7   23.1      --
 53  05/21/2021  0400    41.0   34.6    15.8     0.010   0   77.60   44.8   23.8     144
 54  05/21/2021  0500    40.2   30.5    15.4     0.000   0   67.96   42.8   22.5      --
 55  05/21/2021  0600    41.2   29.4    14.9     0.000   0   62.71   40.5   21.2      --
 56  05/21/2021  0700    42.5   29.4    14.4     0.000   0   59.37   38.0   20.0      --
 57  05/21/2021  0800    44.8   29.3    13.9     0.000   0   54.23   35.1   18.9      --
 58  05/21/2021  0900    47.9   29.2    13.5     0.000   0   48.07   31.9   17.7      --
 59  05/21/2021  1000    51.4   29.1    13.0     0.000   0   41.91   28.3   16.7  no_inv
 60  05/21/2021  1100    55.0   29.0    12.7     0.000   0   36.56   26.9   16.2      --
 61  05/21/2021  1200    58.2   28.8    12.4     0.000   0   32.46   25.3   15.7      --
 62  05/21/2021  1300    60.5   29.1    12.0     0.000   0   30.23   23.7   15.2      --
 63  05/21/2021  1400    61.7   29.5    11.7     0.000   0   29.46   22.0   14.7      --
 64  05/21/2021  1500    62.5   30.0    11.4     0.000   0   29.25   20.1   14.3      --
 65  05/21/2021  1600    62.9   30.6    11.1     0.000   0   29.50   18.2   13.8  no_inv
 66  05/21/2021  1700    63.0   30.3    11.8     0.000   0   29.10   12.3   14.5      --
 67  05/21/2021  1800    62.2   29.9    12.6     0.000   0   29.31    7.0   15.3      --
 68  05/21/2021  1900    61.4   29.7    13.3     0.000   0   29.93    2.2   16.3      --
 69  05/21/2021  2000    60.6   29.7    14.1     0.000   0   30.90  358.0   17.3      --
 70  05/21/2021  2100    59.8   30.0    14.9     0.000   0   32.20  354.3   18.5      --
 71  05/21/2021  2200    59.0   30.5    15.6     0.000   0   33.75  351.1   19.6  no_inv
 72  05/21/2021  2300    54.4   30.9    15.1     0.000   0   40.58  358.8   17.7      --
 73  05/22/2021  0000    50.5   31.4    14.5     0.000   0   47.73    8.2   16.2      --
 74  05/22/2021  0100    47.1   31.8    14.0     0.000   0   54.93   19.2   15.2      --
 75  05/22/2021  0200    44.4   32.1    13.4     0.000   0   61.54   31.2   14.9      --
 76  05/22/2021  0300    42.5   32.2    12.9     0.000   0   66.89   43.2   15.1      --
 77  05/22/2021  0400    41.2   32.3    12.4     0.000   0   70.33   54.4   16.1    1396
 78  05/22/2021  0500    40.8   33.9    11.1     0.000   0   76.25   53.8   14.9      --
 79  05/22/2021  0600    41.5   34.4     9.9     0.000   0   75.70   53.1   13.8      --
 80  05/22/2021  0700    43.4   32.5     8.6     0.000   0   65.23   52.3   12.7      --
 81  05/22/2021  0800    46.5   32.7     7.4     0.000   0   58.27   51.4   11.6      --
 82  05/22/2021  0900    50.7   32.9     6.1     0.000   0   50.30   50.2   10.5      --
 83  05/22/2021  1000    55.3   33.9     4.9     0.000   0   44.19   48.8    9.4    1224
 84  05/22/2021  1100    59.5   33.3     4.4     0.000   0   37.10   46.2    8.4      --
 85  05/22/2021  1200    62.8   33.9     3.9     0.000   0   33.82   43.0    7.5      --
 86  05/22/2021  1300    65.2   33.9     3.4     0.000   0   31.07   38.8    6.6      --
 87  05/22/2021  1400    66.4   33.9     2.9     0.000   0   29.82   33.4    5.7      --
 88  05/22/2021  1500    67.2   33.9     2.4     0.000   0   28.98   26.2    4.9      --
 89  05/22/2021  1600    67.7   33.9     1.9     0.000   0   28.49   16.4    4.3    8798
 90  05/22/2021  1700    67.9   33.9     2.4     0.000   0   28.36   17.9    2.0      --
 91  05/22/2021  1800    66.2   34.1     2.8     0.000   0   30.33  171.9    0.2      --
 92  05/22/2021  1900    60.2   34.3     3.2     0.000   0   37.80  192.8    2.5      --
 93  05/22/2021  2000    54.2   33.9     3.6     0.000   0   46.01  193.9    4.7      --
 94  05/22/2021  2100    46.2   34.0     2.8     0.000   0   62.07  194.3    7.0      --
 95  05/22/2021  2200    40.5   34.0     2.5     0.000   0   77.33  194.5    9.2  no_inv
 96  05/22/2021  2300    40.0   34.0     3.2     0.000   0   78.93  211.7    7.6      --
 97  05/23/2021  0000    40.1   34.0     4.0     0.000   0   78.41  235.1    6.9      --
 98  05/23/2021  0100    40.0   33.9     4.9     0.000   0   78.65  258.8    7.5      --
 99  05/23/2021  0200    39.7   35.5     5.9     0.000   0   84.74  276.6    9.1      --
100  05/23/2021  0300    38.8   36.6     6.5     0.000   0   91.66  288.3   11.3      --
101  05/23/2021  0400    37.8   37.4     6.9     0.000   5   98.32  296.0   13.8  no_inv
102  05/23/2021  0500    37.2   37.2     7.6     0.000  10  100.00  286.4   12.6      --
103  05/23/2021  0600    38.7   38.7     8.3     0.000  10  100.00  275.1   11.8      --
104  05/23/2021  0700    42.0   37.4     9.0     0.000   5   83.84  262.8   11.5      --
105  05/23/2021  0800    47.1   37.6     9.6     0.000   0   69.29  250.5   11.8      --
106  05/23/2021  0900    53.4   37.7    10.3     0.000   0   55.22  239.2   12.5      --
107  05/23/2021  1000    59.6   37.9    11.0     0.000   0   44.37  229.5   13.7  no_inv
108  05/23/2021  1100    64.1   38.0    12.3     0.000   0   38.12  239.2   14.6      --
109  05/23/2021  1200    66.7   38.2    13.5     0.000   0   35.07  247.6   15.9      --
110  05/23/2021  1300    68.5   38.5    14.8     0.000   0   33.27  254.6   17.5      --
111  05/23/2021  1400    69.4   38.4    16.1     0.000   0   32.25  260.4   19.3      --
112  05/23/2021  1500    70.0   38.5    17.3     0.000   0   31.68  265.1   21.2      --
113  05/23/2021  1600    70.3   38.5    18.6     0.000   0   31.35  269.1   23.3  no_inv
114  05/23/2021  1700    70.3   38.4    17.6     0.000   0   31.20  272.7   22.3      --
115  05/23/2021  1800    67.8   38.1    16.6     0.000   0   33.54  276.6   21.4      --
116  05/23/2021  1900    62.0   37.7    15.7     0.000   0   40.37  280.9   20.6      --
117  05/23/2021  2000    56.2   37.2    14.7     0.000   0   48.78  285.5   19.9      --
118  05/23/2021  2100    50.5   36.5    13.7     0.000   0   58.52  290.3   19.4      --
119  05/23/2021  2200    44.7   35.3    12.7     0.000   0   69.45  295.4   19.0     600
120  05/23/2021  2300    43.9   34.4    12.7     0.000   0   69.18  291.6   18.3      --
121  05/24/2021  0000    44.0   33.7    12.6     0.000   0   66.82  287.5   17.6      --
122  05/24/2021  0100    43.7   33.0    12.6     0.000   0   65.59  283.2   17.1      --
123  05/24/2021  0200    43.3   32.5    12.6     0.000   0   65.33  278.5   16.7      --
124  05/24/2021  0300    42.7   32.1    12.5     0.000   0   65.98  273.7   16.4      --
125  05/24/2021  0400    42.0   32.0    12.5     0.000   0   67.52  268.8   16.2  no_inv
126  05/24/2021  0500    41.5   32.1    12.4     0.000   0   68.95  264.4   15.8      --
127  05/24/2021  0600    42.2   32.3    12.3     0.000   0   67.64  259.8   15.4      --
128  05/24/2021  0700    44.0   32.6    12.3     0.000   0   63.95  255.1   15.1      --
129  05/24/2021  0800    47.0   33.0    12.2     0.000   0   58.11  250.2   15.0      --
130  05/24/2021  0900    51.0   33.5    12.1     0.000   0   51.10  245.2   14.9      --
131  05/24/2021  1000    55.5   34.1    12.0     0.000   0   44.19  240.3   15.0    6095
132  05/24/2021  1100    60.0   34.6    12.7     0.000   0   38.42  243.9   15.8      --
133  05/24/2021  1200    63.8   35.1    13.4     0.000   0   34.25  247.1   16.6      --
134  05/24/2021  1300    66.8   35.7    14.1     0.000   0   31.68  250.1   17.4      --
135  05/24/2021  1400    68.2   36.0    14.8     0.000   0   30.49  252.7   18.3      --
136  05/24/2021  1500    69.2   36.2    15.5     0.000   0   29.61  255.1   19.2      --
137  05/24/2021  1600    69.9   36.1    16.2     0.000   0   28.92  257.3   20.2    8838
138  05/24/2021  1700    70.3   36.1    16.5     0.000   0   28.52  266.5   19.3      --
139  05/24/2021  1800    69.4   36.1    16.9     0.000   0   29.38  276.2   19.0      --
140  05/24/2021  1900    64.5   36.1    17.2     0.000   0   34.85  285.9   19.2      --
141  05/24/2021  2000    59.6   36.1    17.6     0.000   0   41.48  295.2   20.0      --
142  05/24/2021  2100    54.6   36.1    18.0     0.000   0   49.57  303.6   21.3      --
143  05/24/2021  2200    49.7   36.2    18.3     0.000   0   59.47  310.9   22.9     650
144  05/24/2021  2300    48.2   36.2    16.0     0.000   0   62.99  306.7   19.6      --
145  05/25/2021  0000    47.6   36.2    13.6     0.000   0   64.26  300.9   16.4      --
146  05/25/2021  0100    47.0   37.5    11.3     0.000   0   69.36  292.3   13.4      --
147  05/25/2021  0200    46.2   37.8     8.9     0.000   0   72.22  279.5   10.9      --
148  05/25/2021  0300    45.3   37.6     5.8     0.000   0   74.49  260.7    9.3      --
149  05/25/2021  0400    44.5   37.4     3.4     0.000   0   75.78  237.4    8.9  no_inv
150  05/25/2021  0500    44.2   37.2     3.5     0.000   0   76.20  234.7    8.1      --
151  05/25/2021  0600    45.1   37.4     3.5     0.000   0   74.23  231.4    7.4      --
152  05/25/2021  0700    47.4   38.3     3.2     0.000   0   70.49  227.3    6.7      --
153  05/25/2021  0800    50.9   39.5     2.9     0.000   0   64.74  222.3    6.0      --
154  05/25/2021  0900    55.5   40.8     2.5     0.000   0   57.68  216.0    5.4      --
155  05/25/2021  1000    60.5   42.0     2.2     0.000   0   50.55  208.2    4.8  no_inv
156  05/25/2021  1100    64.9   42.9     1.9     0.000   0   44.67  206.9    4.2      --
157  05/25/2021  1200    68.1   43.2     1.6     0.000   0   40.50  205.1    3.5      --
158  05/25/2021  1300    70.5   43.2     1.3     0.000   0   37.36  202.4    2.8      --
159  05/25/2021  1400    71.7   42.8     1.0     0.000   0   35.29  198.2    2.2      --
160  05/25/2021  1500    72.5   41.7     0.8     0.000   0   32.96  190.7    1.6      --
161  05/25/2021  1600    73.0   40.4     0.5     0.000   0   30.78  174.4    1.0  no_inv
162  05/25/2021  1700    73.3   39.3     3.0     0.000   0   29.23  315.2    2.8      --
163  05/25/2021  1800    72.7   38.9     5.4     0.000   0   29.32  321.0    6.5      --
164  05/25/2021  1900    70.0   36.6     7.9     0.000   0   29.32  322.5   10.2      --
165  05/25/2021  2000    67.3   38.4    10.4     0.000   0   34.60  323.3   13.9      --
166  05/25/2021  2100    64.6   36.6    12.9     0.000   0   35.30  323.7   17.6      --
167  05/25/2021  2200    61.9   36.6    15.4     0.000   0   38.80  324.0   21.3     712
