  Generated by FoxLW on Friday April 30, 2021 at 04:37 PDT
-------------------------------------------------------------------------------
  WSU Othello
  46.7900:-119.0400  (46 47' 24.00"N  119 2' 24.00"W)  elev 1204.1 feet    file: 300122
-------------------------------------------------------------------------------

Line#   Date     Hour   TempF  DewPtF WS(mph)  Rain(in) LW    RH%  WDir_50m WS_50m Inv(ft)
  5  04/30/2021  0400    39.6   32.6     9.3     0.000   0   75.64  241.8   13.3      49
  6  04/30/2021  0500    38.8   32.8     9.5     0.000   0   78.91  238.3   13.1      --
  7  04/30/2021  0600    39.0   33.5     9.7     0.000   0   80.54  234.7   13.0      --
  8  04/30/2021  0700    40.9   34.6     9.8     0.000   0   78.11  231.0   12.9      --
  9  04/30/2021  0800    44.7   34.1    10.0     0.000   0   66.10  227.3   12.9      --
 10  04/30/2021  0900    50.1   35.8    10.2     0.000   0   57.78  223.6   13.0      --
 11  04/30/2021  1000    56.3   37.7    10.3     0.000   0   49.51  219.9   13.1  no_inv
 12  04/30/2021  1100    61.7   39.5    11.4     0.000   0   43.91  231.3   13.4      --
 13  04/30/2021  1200    65.6   41.2    12.4     0.000   0   40.88  241.7   14.3      --
 14  04/30/2021  1300    68.4   42.8    13.5     0.000   0   39.51  250.6   15.6      --
 15  04/30/2021  1400    70.0   43.8    14.5     0.000   0   38.97  258.0   17.1      --
 16  04/30/2021  1500    71.0   44.5    15.6     0.000   0   38.53  264.1   19.0      --
 17  04/30/2021  1600    71.7   44.7    16.6     0.000   0   38.08  269.1   21.0  no_inv
 18  04/30/2021  1700    71.7   44.5    15.5     0.000   0   37.80  273.6   19.4      --
 19  04/30/2021  1800    66.0   44.1    14.3     0.000   0   45.15  278.9   18.0      --
 20  04/30/2021  1900    54.4   43.5    13.1     0.000   0   66.55  285.0   16.7      --
 21  04/30/2021  2000    48.1   43.6    12.0     0.000   0   84.44  292.0   15.7      --
 22  04/30/2021  2100    45.7   42.7    10.8     0.000   0   88.92  299.9   14.9      --
 23  04/30/2021  2200    43.4   41.8     9.7     0.000   0   93.95  308.5   14.4     119
 24  04/30/2021  2300    41.8   40.5     9.2     0.000   0   95.00  308.5   14.2      --
 25  05/01/2021  0000    41.0   39.3     8.8     0.000   0   93.46  308.6   14.0      --
 26  05/01/2021  0100    40.0   38.2     8.3     0.000   0   93.47  308.6   13.8      --
 27  05/01/2021  0200    38.8   37.5     7.8     0.000   0   94.96  308.7   13.5      --
 28  05/01/2021  0300    37.6   36.9     7.4     0.000   5   97.37  308.8   13.3      --
 29  05/01/2021  0400    36.4   36.3     6.9     0.000  10   99.75  308.8   13.1  no_inv
 30  05/01/2021  0500    35.4   35.4     6.8     0.000  10  100.00  304.8   12.4      --
 31  05/01/2021  0600    35.9   35.6     6.8     0.000  10   98.91  300.3   11.9      --
 32  05/01/2021  0700    37.9   36.0     6.7     0.000   5   92.58  295.5   11.4      --
 33  05/01/2021  0800    41.5   32.0     6.6     0.000   0   68.59  290.2   11.0      --
 34  05/01/2021  0900    46.5   30.6     6.6     0.000   0   53.78  284.6   10.7      --
 35  05/01/2021  1000    52.0   29.2     6.5     0.000   0   41.19  278.7   10.5  no_inv
 36  05/01/2021  1100    57.3   27.7     8.8     0.000   0   32.01  285.8   12.7      --
 37  05/01/2021  1200    61.4   26.4    11.1     0.000   0   26.18  290.7   15.1      --
 38  05/01/2021  1300    64.2   25.6    13.4     0.000   0   22.95  294.2   17.6      --
 39  05/01/2021  1400    65.6   24.4    15.6     0.000   0   20.85  296.9   20.1      --
 40  05/01/2021  1500    66.2   23.7    17.9     0.000   0   19.82  298.9   22.7      --
 41  05/01/2021  1600    66.5   23.5    20.2     0.000   0   19.48  300.5   25.3  no_inv
 42  05/01/2021  1700    66.4   23.6    21.1     0.000   0   19.54  301.5   26.3      --
 43  05/01/2021  1800    65.4   23.7    22.0     0.000   0   20.33  302.5   27.4      --
 44  05/01/2021  1900    61.8   23.9    22.8     0.000   0   23.29  303.3   28.5      --
 45  05/01/2021  2000    56.7   24.2    23.7     0.000   0   28.32  304.1   29.6      --
 46  05/01/2021  2100    51.5   24.5    24.6     0.000   0   34.65  304.9   30.7      --
 47  05/01/2021  2200    46.3   24.9    25.4     0.000   0   42.62  305.6   31.8     622
 48  05/01/2021  2300    42.8   25.2    23.5     0.000   0   49.47  306.5   29.4      --
 49  05/02/2021  0000    41.1   25.5    21.6     0.000   0   53.45  307.6   27.0      --
 50  05/02/2021  0100    39.5   25.8    19.8     0.000   0   57.58  309.0   24.7      --
 51  05/02/2021  0200    38.0   26.0    17.9     0.000   0   61.61  310.6   22.3      --
 52  05/02/2021  0300    36.7   26.1    15.9     0.000   0   65.28  312.6   20.0      --
 53  05/02/2021  0400    35.5   26.2    14.1     0.000   0   68.37  315.1   17.7  no_inv
 54  05/02/2021  0500    34.7   26.1    12.5     0.000   0   70.49  314.3   16.2      --
 55  05/02/2021  0600    35.2   27.4    10.9     0.000   0   72.77  313.4   14.8      --
 56  05/02/2021  0700    37.4   27.6     9.3     0.000   0   67.24  312.3   13.3      --
 57  05/02/2021  0800    41.2   25.1     7.7     0.000   0   52.35  310.9   11.9      --
 58  05/02/2021  0900    46.5   24.6     6.1     0.000   0   41.95  309.1   10.4      --
 59  05/02/2021  1000    52.4   24.1     4.5     0.000   0   32.84  306.7    9.0  no_inv
 60  05/02/2021  1100    58.2   23.5     5.4     0.000   0   26.06  304.6    9.6      --
 61  05/02/2021  1200    62.7   23.0     6.3     0.000   0   21.70  302.7   10.1      --
 62  05/02/2021  1300    65.9   23.1     7.2     0.000   0   19.50  301.0   10.7      --
 63  05/02/2021  1400    67.6   23.5     8.1     0.000   0   18.74  299.5   11.2      --
 64  05/02/2021  1500    68.3   24.1     9.0     0.000   0   18.72  298.1   11.8      --
 65  05/02/2021  1600    68.7   24.8     9.9     0.000   0   19.04  296.8   12.4   15932
 66  05/02/2021  1700    68.7   24.1    11.5     0.000   0   18.50  304.0   14.2      --
 67  05/02/2021  1800    67.8   23.3    13.0     0.000   0   18.43  309.5   16.1      --
 68  05/02/2021  1900    64.9   23.1    14.5     0.000   0   20.21  313.8   18.1      --
 69  05/02/2021  2000    62.2   23.5    16.1     0.000   0   22.53  317.2   20.3      --
 70  05/02/2021  2100    59.6   24.2    17.6     0.000   0   25.50  320.0   22.5      --
 71  05/02/2021  2200    57.0   25.0    19.1     0.000   0   28.97  322.3   24.7    1577
 72  05/02/2021  2300    51.7   25.8    17.4     0.000   0   36.34  321.6   22.7      --
 73  05/03/2021  0000    47.7   26.5    15.7     0.000   0   43.37  320.9   20.7      --
 74  05/03/2021  0100    44.3   27.2    14.0     0.000   0   50.69  320.0   18.7      --
 75  05/03/2021  0200    41.4   27.7    12.3     0.000   0   57.72  318.8   16.7      --
 76  05/03/2021  0300    39.2   29.5    10.6     0.000   0   67.84  317.4   14.8      --
 77  05/03/2021  0400    37.6   30.1     8.8     0.000   0   73.88  315.5   12.8  no_inv
 78  05/03/2021  0500    36.8   30.0     8.8     0.000   0   76.12  305.0   10.4      --
 79  05/03/2021  0600    37.3   29.6     8.8     0.000   0   73.50  288.9    8.4      --
 80  05/03/2021  0700    39.3   29.1     8.7     0.000   0   66.34  266.3    7.5      --
 81  05/03/2021  0800    43.0   26.4     8.7     0.000   0   51.59  242.2    7.9      --
 82  05/03/2021  0900    47.9   25.5     8.6     0.000   0   41.31  223.3    9.5      --
 83  05/03/2021  1000    53.6   24.6     8.6     0.000   0   32.27  210.7   11.8  no_inv
 84  05/03/2021  1100    59.1   23.8     8.0     0.000   0   25.47  210.9   11.4      --
 85  05/03/2021  1200    63.7   22.9     7.3     0.000   0   20.91  211.1   11.0      --
 86  05/03/2021  1300    67.0   22.9     6.7     0.000   0   18.66  211.3   10.6      --
 87  05/03/2021  1400    68.6   23.4     6.1     0.000   0   17.95  211.6   10.2      --
 88  05/03/2021  1500    69.4   24.1     5.5     0.000   0   18.04  211.9    9.9      --
 89  05/03/2021  1600    69.7   25.0     4.8     0.000   0   18.51  212.1    9.5  no_inv
 90  05/03/2021  1700    69.8   25.0     5.7     0.000   0   18.50  235.3    7.1      --
 91  05/03/2021  1800    68.8   24.4     6.5     0.000   0   18.59  269.3    6.7      --
 92  05/03/2021  1900    65.6   25.1     7.3     0.000   0   21.44  297.4    8.5      --
 93  05/03/2021  2000    61.7   26.9     8.2     0.000   0   26.47  313.4   11.5      --
 94  05/03/2021  2100    57.9   29.7     9.0     0.000   0   33.93  322.3   15.0      --
 95  05/03/2021  2200    54.1   31.9     9.9     0.000   0   42.67  327.8   18.7    1356
 96  05/03/2021  2300    50.9   34.2     9.5     0.000   0   52.48  322.8   18.1      --
 97  05/04/2021  0000    49.3   36.2     9.2     0.000   0   60.64  317.6   17.7      --
 98  05/04/2021  0100    47.8   38.0     8.9     0.000   0   68.84  312.1   17.4      --
 99  05/04/2021  0200    46.5   39.4     8.6     0.000   0   76.30  306.5   17.2      --
100  05/04/2021  0300    45.4   40.3     8.2     0.000   0   82.17  300.8   17.3      --
101  05/04/2021  0400    44.6   40.1     7.9     0.000   0   84.05  295.3   17.5     662
102  05/04/2021  0500    44.1   37.5     7.4     0.000   0   77.37  294.1   16.2      --
103  05/04/2021  0600    44.2   34.7     7.0     0.000   0   69.03  292.8   14.9      --
104  05/04/2021  0700    45.2   32.0     6.5     0.000   0   59.47  291.2   13.6      --
105  05/04/2021  0800    47.2   36.9     6.1     0.000   0   67.32  289.3   12.3      --
106  05/04/2021  0900    50.1   36.1     5.6     0.000   0   58.53  286.9   11.0      --
107  05/04/2021  1000    53.7   35.2     5.2     0.000   0   49.48  283.9    9.8  no_inv
108  05/04/2021  1100    58.5   34.4     5.2     0.000   0   40.26  279.0    9.6      --
109  05/04/2021  1200    64.1   33.6     5.3     0.000   0   31.99  274.0    9.5      --
110  05/04/2021  1300    68.0   33.6     5.3     0.000   0   27.89  268.9    9.5      --
111  05/04/2021  1400    69.7   34.0     5.4     0.000   0   26.78  263.9    9.6      --
112  05/04/2021  1500    70.5   34.7     5.5     0.000   0   26.78  259.0    9.7      --
113  05/04/2021  1600    70.7   35.6     5.5     0.000   0   27.57  254.2    9.9  no_inv
114  05/04/2021  1700    69.6   35.6     6.5     0.000   0   28.58  268.6    9.7      --
115  05/04/2021  1800    66.5   34.7     7.5     0.000   0   30.68  283.0   10.0      --
116  05/04/2021  1900    62.1   34.6     8.4     0.000   0   35.68  295.6   10.9      --
117  05/04/2021  2000    57.8   34.0     9.4     0.000   0   40.65  305.9   12.3      --
118  05/04/2021  2100    53.5   33.2    10.4     0.000   0   46.01  314.0   13.9      --
119  05/04/2021  2200    49.1   32.7    11.4     0.000   0   52.88  320.2   15.8     712
120  05/04/2021  2300    45.7   32.9     9.9     0.000   0   60.76  316.1   12.7      --
121  05/05/2021  0000    43.2   32.7     8.5     0.000   0   66.20  309.4    9.7      --
122  05/05/2021  0100    40.5   33.5     6.6     0.000   0   76.06  297.1    7.0      --
123  05/05/2021  0200    37.7   34.2     4.5     0.000   0   86.88  272.2    4.9      --
124  05/05/2021  0300    35.9   34.4     2.8     0.000   5   94.36  231.9    4.6      --
125  05/05/2021  0400    34.7   34.1     1.5     0.000  10   97.52  201.4    6.2      54
126  05/05/2021  0500    34.2   33.3     1.9     0.000  10   96.49  191.9    5.6      --
127  05/05/2021  0600    34.8   34.0     2.3     0.000  10   96.96  180.5    5.2      --
128  05/05/2021  0700    37.2   34.6     2.6     0.000  10   90.05  167.7    5.0      --
129  05/05/2021  0800    41.8   35.7     2.7     0.000   5   78.74  154.6    5.1      --
130  05/05/2021  0900    47.8   37.1     2.7     0.000   0   66.18  142.6    5.4      --
131  05/05/2021  1000    54.7   38.3     2.7     0.000   0   53.86  132.3    6.0  no_inv
132  05/05/2021  1100    61.4   39.1     2.9     0.000   0   43.69  131.7    6.3      --
133  05/05/2021  1200    67.1   39.4     3.0     0.000   0   36.30  131.2    6.6      --
134  05/05/2021  1300    71.2   39.4     3.2     0.000   0   31.55  130.7    7.0      --
135  05/05/2021  1400    73.3   38.7     3.3     0.000   0   28.55  130.2    7.3      --
136  05/05/2021  1500    74.4   36.9     3.5     0.000   0   25.68  129.8    7.6      --
137  05/05/2021  1600    74.9   34.7     3.6     0.000   0   23.06  129.4    8.0  no_inv
138  05/05/2021  1700    75.1   32.9     5.1     0.000   0   21.33  122.3    9.0      --
139  05/05/2021  1800    74.3   32.2     6.5     0.000   0   21.34  116.7   10.2      --
140  05/05/2021  1900    71.2   31.2     7.9     0.000   0   22.74  112.3   11.4      --
141  05/05/2021  2000    68.5   31.2     9.4     0.000   0   24.89  108.8   12.7      --
142  05/05/2021  2100    65.8   30.9    10.9     0.000   0   27.05  105.9   14.0      --
143  05/05/2021  2200    63.0   29.2    12.3     0.000   0   27.77  103.6   15.4     530
144  05/05/2021  2300    57.7   29.2    12.4     0.000   0   33.56  106.3   10.2      --
145  05/06/2021  0000    53.9   29.3    12.4     0.000   0   38.57  114.5    5.2      --
146  05/06/2021  0100    50.7   29.3    12.4     0.000   0   43.53  194.9    1.5      --
147  05/06/2021  0200    48.0   29.3    12.5     0.000   0   48.09  262.7    5.5      --
148  05/06/2021  0300    46.0   29.3    12.5     0.000   0   51.89  270.1   10.6      --
149  05/06/2021  0400    44.7   29.3    12.6     0.000   0   54.58  272.7   15.7  no_inv
150  05/06/2021  0500    44.0   29.3    12.8     0.000   0   55.98  267.1   15.6      --
151  05/06/2021  0600    44.9   29.4    12.9     0.000   0   54.22  261.3   15.6      --
152  05/06/2021  0700    47.5   29.5    13.1     0.000   0   49.35  255.7   15.7      --
153  05/06/2021  0800    51.7   29.6    13.3     0.000   0   42.42  250.2   16.0      --
154  05/06/2021  0900    56.6   29.6    13.5     0.000   0   35.51  244.9   16.5      --
155  05/06/2021  1000    61.2   29.7    13.6     0.000   0   30.20  240.0   17.1  no_inv
156  05/06/2021  1100    64.4   29.7    15.5     0.000   0   26.95  251.6   18.2      --
157  05/06/2021  1200    66.2   29.7    17.4     0.000   0   25.36  261.5   20.0      --
158  05/06/2021  1300    66.8   29.7    19.2     0.000   0   24.84  269.5   22.3      --
159  05/06/2021  1400    66.7   29.7    21.1     0.000   0   24.93  276.0   25.0      --
160  05/06/2021  1500    66.2   29.7    22.9     0.000   0   25.31  281.1   27.9      --
161  05/06/2021  1600    65.5   29.7    24.8     0.000   0   25.94  285.3   31.0  no_inv
162  05/06/2021  1700    63.9   29.7    24.5     0.000   0   27.45  284.7   30.6      --
163  05/06/2021  1800    60.3   29.7    24.3     0.000   0   31.19  284.1   30.3      --
164  05/06/2021  1900    56.5   29.7    24.0     0.000   0   35.73  283.5   30.0      --
165  05/06/2021  2000    52.7   29.7    23.8     0.000   0   41.01  282.9   29.7      --
166  05/06/2021  2100    48.9   29.7    23.5     0.000   0   47.19  282.3   29.4      --
167  05/06/2021  2200    45.1   29.7    23.3     0.000   0   54.42  281.6   29.1  no_inv
