  Generated by FoxLW on Friday April 30, 2021 at 04:37 PDT
-------------------------------------------------------------------------------
  WSU Prosser
  46.2600:-119.7400  (46 15' 36.00"N  119 44' 24.00"W)  elev 928.5 feet    file: 300033
-------------------------------------------------------------------------------

Line#   Date     Hour   TempF  DewPtF WS(mph)  Rain(in) LW    RH%  WDir_50m WS_50m Inv(ft)
  5  04/30/2021  0400    54.0   34.4     1.1     0.000   0   47.31  222.9    2.4     317
  6  04/30/2021  0500    53.6   34.7     1.3     0.000   0   48.56  222.5    2.8      --
  7  04/30/2021  0600    53.6   40.0     1.4     0.000   0   60.04  222.2    3.2      --
  8  04/30/2021  0700    54.4   45.5     1.6     0.000   0   71.79  222.0    3.6      --
  9  04/30/2021  0800    56.0   46.1     1.8     0.000   0   69.39  221.8    4.0      --
 10  04/30/2021  0900    58.4   46.1     2.0     0.000   0   63.61  221.6    4.4      --
 11  04/30/2021  1000    61.4   46.1     2.2     0.000   0   57.20  221.5    4.8    5193
 12  04/30/2021  1100    64.6   46.1     3.8     0.000   0   51.07  250.4    5.1      --
 13  04/30/2021  1200    67.6   46.1     5.4     0.000   0   46.04  271.5    6.4      --
 14  04/30/2021  1300    69.8   44.5     7.1     0.000   0   40.20  284.4    8.3      --
 15  04/30/2021  1400    71.0   45.5     8.7     0.000   0   40.06  292.2   10.4      --
 16  04/30/2021  1500    71.8   45.8    10.4     0.000   0   39.55  297.3   12.7      --
 17  04/30/2021  1600    72.2   45.9    12.0     0.000   0   39.10  300.9   15.0  no_inv
 18  04/30/2021  1700    72.1   45.8    12.2     0.000   0   39.13  302.9   15.2      --
 19  04/30/2021  1800    69.5   45.5    12.4     0.000   0   42.18  304.9   15.4      --
 20  04/30/2021  1900    64.2   44.6    12.5     0.000   0   49.08  306.9   15.6      --
 21  04/30/2021  2000    61.2   43.2    12.7     0.000   0   51.51  308.8   15.8      --
 22  04/30/2021  2100    58.9   41.2    12.9     0.000   0   51.82  310.6   16.1      --
 23  04/30/2021  2200    56.6   39.5    13.1     0.000   0   52.76  312.4   16.3     488
 24  04/30/2021  2300    55.3   37.8    12.2     0.000   0   51.65  316.8   15.2      --
 25  05/01/2021  0000    54.5   37.8    11.3     0.000   0   53.07  321.8   14.1      --
 26  05/01/2021  0100    53.7   36.7    10.4     0.000   0   52.54  327.6   13.1      --
 27  05/01/2021  0200    52.8   35.8     9.5     0.000   0   52.34  334.3   12.4      --
 28  05/01/2021  0300    51.9   35.2     8.6     0.000   0   52.63  341.8   11.8      --
 29  05/01/2021  0400    51.1   36.0     7.7     0.000   0   56.01  349.9   11.4     533
 30  05/01/2021  0500    50.5   36.1     7.7     0.000   0   57.56  339.2    9.8      --
 31  05/01/2021  0600    50.6   36.1     7.6     0.000   0   57.41  325.2    8.7      --
 32  05/01/2021  0700    51.3   36.0     7.6     0.000   0   55.77  308.4    8.2      --
 33  05/01/2021  0800    52.6   31.9     7.5     0.000   0   45.08  291.2    8.5      --
 34  05/01/2021  0900    54.6   31.5     7.4     0.000   0   41.14  276.3    9.5      --
 35  05/01/2021  1000    57.0   30.9     7.4     0.000   0   36.87  264.8   10.9    5549
 36  05/01/2021  1100    59.8   30.4     7.6     0.000   0   32.72  271.8   10.7      --
 37  05/01/2021  1200    62.6   30.0     7.9     0.000   0   29.04  279.1   10.6      --
 38  05/01/2021  1300    64.9   30.4     8.1     0.000   0   27.27  286.4   10.6      --
 39  05/01/2021  1400    66.1   31.0     8.3     0.000   0   26.89  293.5   10.9      --
 40  05/01/2021  1500    66.9   31.9     8.6     0.000   0   27.09  300.2   11.2      --
 41  05/01/2021  1600    67.3   32.8     8.8     0.000   0   27.67  306.3   11.8  no_inv
 42  05/01/2021  1700    67.6   32.8     9.7     0.000   0   27.42  302.5   12.7      --
 43  05/01/2021  1800    67.1   31.6    10.6     0.000   0   26.55  299.1   13.6      --
 44  05/01/2021  1900    63.3   31.1    11.4     0.000   0   29.72  296.2   14.6      --
 45  05/01/2021  2000    59.5   29.3    12.3     0.000   0   31.62  293.7   15.7      --
 46  05/01/2021  2100    55.7   28.5    13.2     0.000   0   35.10  291.5   16.7      --
 47  05/01/2021  2200    51.9   28.4    14.1     0.000   0   40.08  289.6   17.8     662
 48  05/01/2021  2300    49.9   28.3    13.6     0.000   0   42.96  289.8   17.2      --
 49  05/02/2021  0000    48.7   28.1    13.1     0.000   0   44.65  290.0   16.6      --
 50  05/02/2021  0100    47.4   28.0    12.7     0.000   0   46.58  290.3   16.0      --
 51  05/02/2021  0200    46.2   27.9    12.2     0.000   0   48.65  290.6   15.4      --
 52  05/02/2021  0300    45.0   29.3    11.8     0.000   0   53.75  290.9   14.8      --
 53  05/02/2021  0400    44.0   29.4    11.3     0.000   0   56.26  291.2   14.2     490
 54  05/02/2021  0500    43.2   29.8    10.0     0.000   0   58.88  287.9   12.9      --
 55  05/02/2021  0600    43.3   29.6     8.7     0.000   0   58.13  283.9   11.6      --
 56  05/02/2021  0700    44.4   29.8     7.4     0.000   0   56.28  278.9   10.4      --
 57  05/02/2021  0800    46.3   27.0     6.1     0.000   0   46.65  272.7    9.3      --
 58  05/02/2021  0900    49.1   26.6     4.8     0.000   0   41.28  265.0    8.4      --
 59  05/02/2021  1000    52.6   26.2     3.5     0.000   0   35.63  255.5    7.6  no_inv
 60  05/02/2021  1100    56.4   25.7     3.4     0.000   0   30.44  255.5    7.5      --
 61  05/02/2021  1200    61.3   25.3     3.4     0.000   0   25.13  255.4    7.4      --
 62  05/02/2021  1300    65.1   25.0     3.3     0.000   0   21.72  255.3    7.3      --
 63  05/02/2021  1400    67.0   24.7     3.3     0.000   0   20.08  255.2    7.2      --
 64  05/02/2021  1500    67.9   24.6     3.2     0.000   0   19.33  255.1    7.1      --
 65  05/02/2021  1600    68.4   24.5     3.2     0.000   0   18.99  255.1    7.0   14973
 66  05/02/2021  1700    68.5   24.6     5.1     0.000   0   19.01  261.8    8.8      --
 67  05/02/2021  1800    67.5   24.8     7.0     0.000   0   19.79  266.2   10.6      --
 68  05/02/2021  1900    64.4   27.1     8.9     0.000   0   24.30  269.3   12.5      --
 69  05/02/2021  2000    61.2   27.3    10.8     0.000   0   27.41  271.6   14.4      --
 70  05/02/2021  2100    58.0   26.1    12.7     0.000   0   29.24  273.3   16.4      --
 71  05/02/2021  2200    54.8   26.7    14.6     0.000   0   33.62  274.7   18.3     962
 72  05/02/2021  2300    52.3   27.3    13.6     0.000   0   37.65  274.6   17.1      --
 73  05/03/2021  0000    51.1   27.8    12.6     0.000   0   40.24  274.5   16.0      --
 74  05/03/2021  0100    50.0   29.7    11.5     0.000   0   45.44  274.4   14.9      --
 75  05/03/2021  0200    49.0   30.4    10.5     0.000   0   48.55  274.2   13.7      --
 76  05/03/2021  0300    48.1   30.8     9.4     0.000   0   50.92  274.1   12.6      --
 77  05/03/2021  0400    47.4   30.9     8.4     0.000   0   52.41  273.9   11.4     287
 78  05/03/2021  0500    46.9   29.8     7.5     0.000   0   51.09  269.5   10.3      --
 79  05/03/2021  0600    47.1   27.8     6.6     0.000   0   46.85  264.1    9.2      --
 80  05/03/2021  0700    48.0   26.5     5.7     0.000   0   42.77  257.4    8.2      --
 81  05/03/2021  0800    49.8   27.7     4.7     0.000   0   42.07  249.0    7.4      --
 82  05/03/2021  0900    52.5   27.2     3.8     0.000   0   37.35  238.8    6.8      --
 83  05/03/2021  1000    55.7   26.6     2.9     0.000   0   32.40  226.9    6.4    4791
 84  05/03/2021  1100    59.2   26.0     3.0     0.000   0   27.89  232.7    6.4      --
 85  05/03/2021  1200    62.6   25.4     3.0     0.000   0   24.10  238.4    6.4      --
 86  05/03/2021  1300    65.5   25.0     3.1     0.000   0   21.36  244.1    6.5      --
 87  05/03/2021  1400    67.2   24.6     3.1     0.000   0   19.83  249.5    6.6      --
 88  05/03/2021  1500    68.3   24.4     3.2     0.000   0   18.96  254.6    6.8      --
 89  05/03/2021  1600    69.0   24.3     3.2     0.000   0   18.42  259.4    7.1  no_inv
 90  05/03/2021  1700    69.5   24.5     4.4     0.000   0   18.32  273.7    8.1      --
 91  05/03/2021  1800    69.7   25.2     5.6     0.000   0   18.74  284.4    9.4      --
 92  05/03/2021  1900    67.1   26.9     6.8     0.000   0   21.93  292.2   11.0      --
 93  05/03/2021  2000    62.6   29.7     7.9     0.000   0   28.72  298.0   12.8      --
 94  05/03/2021  2100    58.2   31.4     9.1     0.000   0   36.08  302.3   14.6      --
 95  05/03/2021  2200    53.8   33.1    10.3     0.000   0   45.32  305.7   16.5  no_inv
 96  05/03/2021  2300    51.4   35.0     9.5     0.000   0   53.32  303.9   15.7      --
 97  05/04/2021  0000    50.5   36.7     8.7     0.000   0   59.03  301.8   15.0      --
 98  05/04/2021  0100    49.4   37.7     7.9     0.000   0   63.74  299.6   14.2      --
 99  05/04/2021  0200    48.4   34.8     7.1     0.000   0   59.19  297.1   13.5      --
100  05/04/2021  0300    47.5   35.6     6.3     0.000   0   63.15  294.4   12.8      --
101  05/04/2021  0400    46.6   38.3     5.5     0.020   0   72.67  291.3   12.1     442
102  05/04/2021  0500    43.6   35.2     6.3     0.000   0   71.96  288.5   12.2      --
103  05/04/2021  0600    44.5   37.7     7.1     0.000   0   76.67  285.7   12.3      --
104  05/04/2021  0700    45.9   40.0     8.0     0.000   0   79.86  283.0   12.5      --
105  05/04/2021  0800    46.6   38.2     8.8     0.000   0   72.33  280.3   12.7      --
106  05/04/2021  0900    48.5   37.2     9.6     0.000   0   64.75  277.8   12.9      --
107  05/04/2021  1000    54.0   33.4    10.5     0.000   0   45.40  275.3   13.1    6409
108  05/04/2021  1100    57.7   32.1     9.4     0.000   0   37.74  272.3   12.2      --
109  05/04/2021  1200    63.3   31.0     8.3     0.000   0   29.52  268.9   11.4      --
110  05/04/2021  1300    67.8   30.6     7.2     0.000   0   24.89  265.0   10.6      --
111  05/04/2021  1400    70.1   30.8     6.1     0.000   0   23.25  260.5    9.9      --
112  05/04/2021  1500    71.2   31.5     5.0     0.000   0   22.99  255.3    9.2      --
113  05/04/2021  1600    71.8   32.4     3.9     0.000   0   23.41  249.3    8.6  no_inv
114  05/04/2021  1700    71.8   32.4     5.4     0.000   0   23.35  258.6    9.6      --
115  05/04/2021  1800    70.3   31.4     7.0     0.000   0   23.67  266.1   10.7      --
116  05/04/2021  1900    66.4   31.4     8.5     0.000   0   27.00  272.1   12.0      --
117  05/04/2021  2000    62.2   30.8    10.0     0.000   0   30.55  276.9   13.4      --
118  05/04/2021  2100    57.9   29.6    11.5     0.000   0   33.84  280.7   14.8      --
119  05/04/2021  2200    53.7   28.0    13.1     0.000   0   36.88  283.9   16.3     439
120  05/04/2021  2300    52.0   29.2    10.9     0.000   0   41.22  284.0   13.7      --
121  05/05/2021  0000    51.7   29.3     8.8     0.000   0   41.95  284.3   11.1      --
122  05/05/2021  0100    51.2   30.3     6.7     0.000   0   44.46  284.6    8.5      --
123  05/05/2021  0200    50.7   30.7     4.6     0.000   0   46.10  285.3    5.9      --
124  05/05/2021  0300    50.1   31.0     2.5     0.000   0   47.56  287.0    3.3      --
125  05/05/2021  0400    49.6   31.4     0.3     0.000   0   49.40  300.1    0.8     522
126  05/05/2021  0500    49.1   31.4     0.8     0.000   0   50.33  153.1    0.6      --
127  05/05/2021  0600    49.3   31.4     1.3     0.000   0   49.89  139.4    1.8      --
128  05/05/2021  0700    50.5   31.4     1.7     0.000   0   47.80  137.0    3.1      --
129  05/05/2021  0800    52.6   28.5     2.2     0.000   0   39.25  136.0    4.3      --
130  05/05/2021  0900    55.6   28.5     2.7     0.000   0   35.15  135.5    5.6      --
131  05/05/2021  1000    59.3   28.5     3.1     0.000   0   30.74  135.1    6.9  no_inv
132  05/05/2021  1100    63.4   28.1     4.3     0.000   0   26.16  118.3    6.9      --
133  05/05/2021  1200    68.6   28.2     5.6     0.000   0   22.00  102.9    7.5      --
134  05/05/2021  1300    72.5   29.0     6.8     0.000   0   19.88   90.5    8.5      --
135  05/05/2021  1400    74.6   29.8     8.0     0.000   0   19.12   81.1    9.9      --
136  05/05/2021  1500    75.6   30.4     9.2     0.000   0   19.04   74.1   11.4      --
137  05/05/2021  1600    76.1   30.9    10.4     0.000   0   19.08   68.8   13.1  no_inv
138  05/05/2021  1700    76.2   31.1     9.1     0.000   0   19.16   66.2   11.7      --
139  05/05/2021  1800    75.3   30.5     7.8     0.000   0   19.30   62.9   10.3      --
140  05/05/2021  1900    72.7   30.6     6.5     0.000   0   21.07   58.6    9.0      --
141  05/05/2021  2000    71.3   30.5     5.2     0.000   0   22.00   52.8    7.7      --
142  05/05/2021  2100    69.9   30.0     3.8     0.000   0   22.61   44.8    6.5      --
143  05/05/2021  2200    68.6   30.0     2.5     0.000   0   23.70   33.8    5.6     780
144  05/05/2021  2300    63.0   30.0     4.4     0.000   0   28.73  356.6    4.6      --
145  05/06/2021  0000    58.5   32.1     6.4     0.000   0   36.66  321.8    5.9      --
146  05/06/2021  0100    54.6   35.1     8.3     0.000   0   47.70  303.4    8.4      --
147  05/06/2021  0200    51.3   35.5    10.2     0.000   0   54.51  294.0   11.4      --
148  05/06/2021  0300    48.8   33.8    12.1     0.000   0   56.00  288.6   14.5      --
149  05/06/2021  0400    47.1   33.9    14.1     0.000   0   59.99  285.2   17.8      95
150  05/06/2021  0500    46.2   33.8    12.3     0.000   0   61.65  283.8   16.1      --
151  05/06/2021  0600    47.0   35.1    10.6     0.000   0   63.09  282.2   14.5      --
152  05/06/2021  0700    49.1   35.2     8.9     0.000   0   58.51  280.1   12.8      --
153  05/06/2021  0800    52.6   32.8     7.2     0.000   0   46.75  277.5   11.2      --
154  05/06/2021  0900    56.9   32.6     5.4     0.000   0   39.58  273.9    9.7      --
155  05/06/2021  1000    61.0   32.5     3.7     0.000   0   34.07  269.0    8.1    6345
156  05/06/2021  1100    64.0   32.5     5.7     0.000   0   30.67  270.0   10.0      --
157  05/06/2021  1200    65.6   32.5     7.7     0.000   0   29.02  270.6   11.9      --
158  05/06/2021  1300    66.4   33.1     9.6     0.000   0   28.95  271.1   13.8      --
159  05/06/2021  1400    66.6   33.5    11.6     0.000   0   29.10  271.4   15.7      --
160  05/06/2021  1500    66.6   33.3    13.6     0.000   0   28.96  271.7   17.5      --
161  05/06/2021  1600    66.3   32.7    15.5     0.000   0   28.51  271.9   19.4  no_inv
162  05/06/2021  1700    65.8   32.7    15.6     0.000   0   29.01  269.2   19.5      --
163  05/06/2021  1800    63.9   32.6    15.6     0.000   0   30.91  266.5   19.6      --
164  05/06/2021  1900    60.1   32.6    15.7     0.000   0   35.27  263.8   19.7      --
165  05/06/2021  2000    55.9   32.5    15.8     0.000   0   40.91  261.1   19.9      --
166  05/06/2021  2100    51.8   32.5    15.8     0.000   0   47.61  258.5   20.2      --
167  05/06/2021  2200    47.6   32.5    15.9     0.000   0   55.62  256.0   20.4  no_inv
