  Generated by FoxLW on Friday April 30, 2021 at 04:37 PDT
-------------------------------------------------------------------------------
  WSU Tri-Cities
  46.3300:-119.2700  (46 19' 48.00"N  119 16' 12.00"W)  elev 397.0 feet    file: 100148
-------------------------------------------------------------------------------

Line#   Date     Hour   TempF  DewPtF WS(mph)  Rain(in) LW    RH%  WDir_50m WS_50m Inv(ft)
  5  04/30/2021  0400    41.7   36.1     5.8     0.000   0   80.39  231.1   10.2     168
  6  04/30/2021  0500    40.8   36.4     5.0     0.000   0   84.38  227.5    8.9      --
  7  04/30/2021  0600    41.1   36.8     4.5     0.000   0   84.55  222.7    7.7      --
  8  04/30/2021  0700    43.5   42.2     3.9     0.000   5   95.21  216.2    6.6      --
  9  04/30/2021  0800    48.0   43.7     3.2     0.000   5   84.97  207.1    5.6      --
 10  04/30/2021  0900    54.4   43.7     2.6     0.000   0   67.08  194.5    4.8      --
 11  04/30/2021  1000    61.6   43.7     1.9     0.000   0   51.87  177.9    4.2    1869
 12  04/30/2021  1100    67.5   43.7     3.7     0.000   0   42.17  217.6    4.1      --
 13  04/30/2021  1200    71.4   43.7     5.5     0.000   0   36.94  246.0    5.7      --
 14  04/30/2021  1300    74.3   42.8     7.3     0.000   0   32.35  260.3    8.0      --
 15  04/30/2021  1400    75.8   43.7     9.2     0.000   0   31.81  267.9   10.6      --
 16  04/30/2021  1500    76.8   44.0    11.0     0.000   0   31.14  272.5   13.2      --
 17  04/30/2021  1600    77.5   44.0    12.8     0.000   0   30.51  275.6   16.0  no_inv
 18  04/30/2021  1700    77.7   44.0    12.3     0.000   0   30.20  283.5   14.4      --
 19  04/30/2021  1800    74.7   43.7    11.9     0.000   0   33.07  293.4   13.1      --
 20  04/30/2021  1900    68.4   43.9    11.4     0.000   0   41.12  304.9   12.2      --
 21  04/30/2021  2000    65.0   43.3    10.9     0.000   0   45.30  317.5   11.9      --
 22  04/30/2021  2100    62.6   42.1    10.5     0.000   0   47.06  330.1   12.2      --
 23  04/30/2021  2200    60.3   41.1    10.0     0.000   0   49.09  341.6   13.1  no_inv
 24  04/30/2021  2300    56.9   39.7    10.6     0.000   0   52.51  336.9   13.6      --
 25  05/01/2021  0000    54.5   38.4    11.1     0.000   0   54.41  332.6   14.3      --
 26  05/01/2021  0100    52.3   37.3    11.7     0.000   0   56.35  328.7   15.0      --
 27  05/01/2021  0200    50.4   35.1    12.2     0.000   0   55.48  325.1   15.7      --
 28  05/01/2021  0300    48.8   34.6    12.8     0.000   0   57.78  321.9   16.5      --
 29  05/01/2021  0400    47.6   34.5    13.3     0.000   0   60.10  319.0   17.4     554
 30  05/01/2021  0500    46.9   35.7    11.8     0.000   0   64.87  317.3   15.8      --
 31  05/01/2021  0600    47.1   35.6    10.2     0.000   0   64.13  315.2   14.2      --
 32  05/01/2021  0700    48.3   35.4     8.6     0.000   0   60.84  312.6   12.6      --
 33  05/01/2021  0800    50.5   32.6     7.0     0.000   0   50.08  309.2   11.1      --
 34  05/01/2021  0900    53.8   31.8     5.5     0.000   0   42.90  304.9    9.6      --
 35  05/01/2021  1000    57.6   30.8     3.9     0.000   0   35.91  298.9    8.2    6913
 36  05/01/2021  1100    61.8   29.9     6.8     0.000   0   29.84  306.2   11.1      --
 37  05/01/2021  1200    65.8   29.0     9.6     0.000   0   24.96  310.5   14.1      --
 38  05/01/2021  1300    68.6   28.7    12.5     0.000   0   22.46  313.2   17.2      --
 39  05/01/2021  1400    69.7   27.9    15.4     0.000   0   20.86  315.1   20.2      --
 40  05/01/2021  1500    70.2   27.3    18.3     0.000   0   20.04  316.5   23.3      --
 41  05/01/2021  1600    70.3   27.2    21.1     0.000   0   19.88  317.6   26.4  no_inv
 42  05/01/2021  1700    69.8   27.2    20.4     0.000   0   20.24  316.9   25.7      --
 43  05/01/2021  1800    67.6   27.3    19.7     0.000   0   21.91  316.1   25.0      --
 44  05/01/2021  1900    63.7   27.4    19.0     0.000   0   25.19  315.3   24.3      --
 45  05/01/2021  2000    59.7   27.5    18.3     0.000   0   29.13  314.5   23.6      --
 46  05/01/2021  2100    55.7   27.6    17.6     0.000   0   33.82  313.5   22.9      --
 47  05/01/2021  2200    51.7   27.8    16.9     0.000   0   39.37  312.6   22.2   15547
 48  05/01/2021  2300    48.5   28.0    15.6     0.000   0   44.72  307.9   19.7      --
 49  05/02/2021  0000    46.3   28.1    14.3     0.000   0   48.75  301.8   17.3      --
 50  05/02/2021  0100    44.3   28.2    13.0     0.000   0   52.96  294.0   15.2      --
 51  05/02/2021  0200    42.4   29.7    11.7     0.000   0   60.47  283.8   13.4      --
 52  05/02/2021  0300    40.8   30.0    10.4     0.000   0   65.21  271.2   12.2      --
 53  05/02/2021  0400    39.4   30.4     9.1     0.000   0   69.83  256.6   11.7      92
 54  05/02/2021  0500    38.5   30.3     8.0     0.000   0   72.12  257.5   10.5      --
 55  05/02/2021  0600    38.9   30.0     6.8     0.000   0   70.34  258.7    9.3      --
 56  05/02/2021  0700    40.7   29.9     5.6     0.000   0   65.14  260.2    8.1      --
 57  05/02/2021  0800    44.0   26.7     4.5     0.000   0   50.13  262.2    7.0      --
 58  05/02/2021  0900    48.7   25.8     3.3     0.000   0   40.57  265.0    5.8      --
 59  05/02/2021  1000    54.2   24.9     2.1     0.000   0   31.87  269.3    4.7  no_inv
 60  05/02/2021  1100    59.8   24.0     2.4     0.000   0   25.09  277.5    5.1      --
 61  05/02/2021  1200    65.0   23.2     2.6     0.000   0   20.18  284.6    5.5      --
 62  05/02/2021  1300    68.8   22.5     2.8     0.000   0   17.18  290.6    6.0      --
 63  05/02/2021  1400    70.8   21.9     3.1     0.000   0   15.70  295.5    6.6      --
 64  05/02/2021  1500    71.7   21.6     3.3     0.000   0   14.99  299.7    7.2      --
 65  05/02/2021  1600    72.2   21.5     3.5     0.000   0   14.67  303.1    7.8   15597
 66  05/02/2021  1700    72.3   21.6     5.3     0.000   0   14.71  308.4    9.6      --
 67  05/02/2021  1800    71.4   22.1     7.0     0.000   0   15.45  311.9   11.5      --
 68  05/02/2021  1900    68.0   24.8     8.8     0.000   0   19.43  314.5   13.3      --
 69  05/02/2021  2000    64.1   25.5    10.5     0.000   0   22.99  316.4   15.2      --
 70  05/02/2021  2100    60.1   24.8    12.3     0.000   0   25.61  317.9   17.1      --
 71  05/02/2021  2200    56.2   25.9    14.0     0.000   0   30.96  319.1   19.1    2215
 72  05/02/2021  2300    52.4   27.1    13.2     0.000   0   37.25  310.6   16.1      --
 73  05/03/2021  0000    50.3   28.1    12.3     0.000   0   42.16  298.7   13.6      --
 74  05/03/2021  0100    48.3   30.6    11.5     0.000   0   50.07  282.6   12.0      --
 75  05/03/2021  0200    46.6   31.6    10.6     0.000   0   55.54  263.5   11.5      --
 76  05/03/2021  0300    45.2   32.2     9.8     0.000   0   60.12  244.9   12.3      --
 77  05/03/2021  0400    44.2   32.4     9.0     0.000   0   62.97  229.9   14.2     120
 78  05/03/2021  0500    43.5   32.2     8.5     0.000   0   64.33  227.4   13.5      --
 79  05/03/2021  0600    43.8   31.8     8.0     0.000   0   62.39  224.5   12.8      --
 80  05/03/2021  0700    45.4   29.7     7.5     0.000   0   53.83  221.2   12.1      --
 81  05/03/2021  0800    48.4   28.3     7.0     0.000   0   45.60  217.6   11.4      --
 82  05/03/2021  0900    52.5   27.3     6.5     0.000   0   37.54  213.6   10.9      --
 83  05/03/2021  1000    57.5   26.3     6.1     0.000   0   30.02  209.2   10.3  no_inv
 84  05/03/2021  1100    62.6   25.2     6.5     0.000   0   23.94  217.4   10.0      --
 85  05/03/2021  1200    67.8   24.2     6.9     0.000   0   19.19  225.9    9.9      --
 86  05/03/2021  1300    71.6   24.1     7.3     0.000   0   16.75  234.4   10.0      --
 87  05/03/2021  1400    73.6   24.5     7.8     0.000   0   15.92  242.5   10.3      --
 88  05/03/2021  1500    74.5   25.3     8.2     0.000   0   15.94  250.0   10.9      --
 89  05/03/2021  1600    75.0   26.2     8.6     0.000   0   16.33  256.7   11.6  no_inv
 90  05/03/2021  1700    75.1   26.1    10.2     0.000   0   16.20  272.6   12.0      --
 91  05/03/2021  1800    74.2   25.0    11.7     0.000   0   15.90  286.4   13.2      --
 92  05/03/2021  1900    70.8   25.3    13.2     0.000   0   18.05  297.4   15.1      --
 93  05/03/2021  2000    66.8   26.9    14.8     0.000   0   22.17  305.7   17.3      --
 94  05/03/2021  2100    62.8   29.2    16.3     0.000   0   28.04  312.0   19.9      --
 95  05/03/2021  2200    58.8   31.7    17.9     0.000   0   35.70  316.8   22.6      71
 96  05/03/2021  2300    55.8   34.2    15.9     0.000   0   43.95  310.8   20.0      --
 97  05/04/2021  0000    54.3   36.4    14.0     0.000   0   50.82  303.1   17.6      --
 98  05/04/2021  0100    52.9   38.4    12.1     0.000   0   57.75  293.1   15.6      --
 99  05/04/2021  0200    51.7   41.4    10.1     0.000   0   67.97  280.8   14.2      --
100  05/04/2021  0300    50.6   42.9     8.2     0.000   0   74.60  266.7   13.6      --
101  05/04/2021  0400    49.8   37.5     6.2     0.000   0   62.33  252.1   13.8     784
102  05/04/2021  0500    49.3   32.1     5.6     0.000   0   51.29  254.1   12.2      --
103  05/04/2021  0600    49.4   28.9     4.9     0.000   0   44.98  256.7   10.6      --
104  05/04/2021  0700    50.2   25.1     4.2     0.000   0   37.32  260.2    9.0      --
105  05/04/2021  0800    51.8   30.5     3.5     0.000   0   43.89  265.2    7.4      --
106  05/04/2021  0900    54.3   36.0     2.8     0.000   0   49.87  272.8    6.0      --
107  05/04/2021  1000    57.4   36.6     2.1     0.000   0   45.66  284.8    4.7    6956
108  05/04/2021  1100    61.4   35.4     2.0     0.000   0   37.67  283.3    4.5      --
109  05/04/2021  1200    67.0   34.2     2.0     0.000   0   29.63  281.7    4.3      --
110  05/04/2021  1300    71.3   33.3     1.9     0.000   0   24.66  280.0    4.2      --
111  05/04/2021  1400    73.2   32.5     1.8     0.000   0   22.42  278.1    4.0      --
112  05/04/2021  1500    74.2   32.1     1.7     0.000   0   21.30  276.1    3.8      --
113  05/04/2021  1600    74.6   31.9     1.7     0.000   0   20.90  273.9    3.7  no_inv
114  05/04/2021  1700    74.2   32.0     3.2     0.000   0   21.18  292.4    5.1      --
115  05/04/2021  1800    71.7   32.0     4.7     0.000   0   23.06  302.4    6.7      --
116  05/04/2021  1900    67.7   33.2     6.2     0.000   0   27.74  308.3    8.5      --
117  05/04/2021  2000    63.6   34.0     7.7     0.000   0   33.06  312.2   10.4      --
118  05/04/2021  2100    59.5   34.3     9.2     0.000   0   38.66  314.8   12.3      --
119  05/04/2021  2200    55.5   34.3    10.7     0.000   0   44.62  316.8   14.2    1053
120  05/04/2021  2300    51.2   34.7     9.5     0.000   0   52.94  310.4   11.7      --
121  05/05/2021  0000    48.2   34.8     8.3     0.000   0   59.60  300.8    9.4      --
122  05/05/2021  0100    44.6   34.2     6.4     0.000   0   66.80  285.9    7.6      --
123  05/05/2021  0200    41.5   34.3     4.5     0.000   0   75.44  264.2    6.6      --
124  05/05/2021  0300    39.4   34.6     2.9     0.000   0   82.80  239.1    6.7      --
125  05/05/2021  0400    38.2   35.0     1.7     0.000   5   87.92  218.6    7.9     170
126  05/05/2021  0500    37.8   34.3     2.1     0.000   5   87.11  213.1    6.1      --
127  05/05/2021  0600    38.2   33.9     2.4     0.000   0   84.22  203.3    4.4      --
128  05/05/2021  0700    40.5   34.2     2.6     0.000   0   78.16  183.3    3.0      --
129  05/05/2021  0800    44.9   35.4     2.6     0.000   0   69.05  144.8    2.5      --
130  05/05/2021  0900    50.7   37.0     2.3     0.000   0   59.25  107.7    3.1      --
131  05/05/2021  1000    57.4   38.4     2.1     0.000   0   49.01   88.9    4.6    3041
132  05/05/2021  1100    64.3   39.4     2.3     0.000   0   40.03   81.7    5.0      --
133  05/05/2021  1200    70.4   39.8     2.6     0.000   0   32.88   75.7    5.6      --
134  05/05/2021  1300    74.9   39.8     2.8     0.000   0   28.22   70.8    6.1      --
135  05/05/2021  1400    77.3   39.2     3.1     0.000   0   25.45   66.7    6.7      --
136  05/05/2021  1500    78.5   37.7     3.4     0.000   0   23.04   63.3    7.4      --
137  05/05/2021  1600    79.2   35.8     3.6     0.000   0   20.90   60.5    8.0  no_inv
138  05/05/2021  1700    79.4   34.2     3.3     0.000   0   19.51   56.5    7.1      --
139  05/05/2021  1800    78.7   33.6     3.0     0.000   0   19.56   51.4    6.3      --
140  05/05/2021  1900    75.3   37.2     2.7     0.000   0   25.14   44.8    5.5      --
141  05/05/2021  2000    70.5   37.6     2.1     0.000   0   30.08   36.2    4.9      --
142  05/05/2021  2100    66.1   38.0     1.6     0.000   0   35.48   25.2    4.3      --
143  05/05/2021  2200    62.2   38.4     1.2     0.000   0   41.19   11.8    4.0     594
144  05/05/2021  2300    59.2   38.2     1.7     0.000   0   45.50  342.8    2.5      --
145  05/06/2021  0000    57.1   37.9     2.4     0.000   0   48.65  292.1    2.5      --
146  05/06/2021  0100    54.6   37.7     3.1     0.000   0   52.83  262.0    3.9      --
147  05/06/2021  0200    52.5   37.5     4.0     0.000   0   56.52  249.6    5.8      --
148  05/06/2021  0300    50.9   37.3     4.9     0.000   0   59.46  243.4    7.8      --
149  05/06/2021  0400    49.8   36.4     5.9     0.000   0   59.77  239.8    9.9     634
150  05/06/2021  0500    49.2   36.5     5.8     0.000   0   61.30  240.3    9.9      --
151  05/06/2021  0600    50.0   36.8     5.6     0.000   0   60.21  240.9    9.8      --
152  05/06/2021  0700    52.3   37.5     5.5     0.000   0   56.96  241.5    9.8      --
153  05/06/2021  0800    56.2   38.7     5.3     0.000   0   51.82  242.1    9.7      --
154  05/06/2021  0900    60.8   40.0     5.2     0.000   0   46.17  242.7    9.6      --
155  05/06/2021  1000    65.1   41.1     5.0     0.000   0   41.51  243.3    9.6  no_inv
156  05/06/2021  1100    68.1   41.9     7.3     0.000   0   38.54  254.1   11.5      --
157  05/06/2021  1200    69.7   42.2     9.6     0.000   0   36.87  261.6   13.6      --
158  05/06/2021  1300    70.4   36.9    11.9     0.000   0   29.33  267.0   16.0      --
159  05/06/2021  1400    70.5   32.5    14.2     0.000   0   24.45  271.0   18.4      --
160  05/06/2021  1500    70.3   30.3    16.5     0.000   0   22.55  274.1   20.9      --
161  05/06/2021  1600    69.9   30.3    18.8     0.000   0   22.88  276.5   23.5  no_inv
162  05/06/2021  1700    68.8   30.3    19.5     0.000   0   23.74  271.9   24.0      --
163  05/06/2021  1800    66.3   30.3    20.1     0.000   0   25.89  267.5   24.6      --
164  05/06/2021  1900    62.3   30.3    20.8     0.000   0   29.75  263.4   25.4      --
165  05/06/2021  2000    58.3   30.3    21.4     0.000   0   34.27  259.6   26.3      --
166  05/06/2021  2100    52.0   33.4    22.1     0.000   0   48.95  256.0   27.4      --
167  05/06/2021  2200    50.4   38.8    22.8     0.010   0   64.27  252.7   28.5  no_inv
