  Generated by FoxLW on Tuesday May 19, 2020 at 09:25 PDT
-------------------------------------------------------------------------------
  WSU Prosser
  46.2600:-119.7400  (46 15' 36.00"N  119 44' 24.00"W)  elev 928.5 feet    file: 300033
-------------------------------------------------------------------------------

Line#   Date     Hour   TempF  DewPtF WS(mph)  Rain(in) LW    RH%  WDir_50m WS_50m Inv(ft)
  5  05/19/2020  0400    52.5   48.6     5.0     0.020   0   86.67  285.3   11.1    1520
  6  05/19/2020  0500    50.8   45.5     5.4     0.000   0   81.89  282.0   11.3      --
  7  05/19/2020  0600    51.0   45.8     5.8     0.000   0   82.44  278.9   11.6      --
  8  05/19/2020  0700    50.5   44.3     6.2     0.010   0   79.10  276.0   11.9      --
  9  05/19/2020  0800    50.9   44.5     6.5     0.000   0   78.70  273.2   12.2      --
 10  05/19/2020  0900    51.3   44.7     6.9     0.000   0   78.06  270.6   12.6      --
 11  05/19/2020  1000    52.0   45.0     7.3     0.010   0   77.08  268.1   13.0  no_inv
 12  05/19/2020  1100    55.3   44.2     7.7     0.000   0   66.18  269.5   12.8      --
 13  05/19/2020  1200    58.7   44.5     8.0     0.000   0   59.10  271.0   12.6      --
 14  05/19/2020  1300    62.2   45.3     8.4     0.000   0   53.91  272.4   12.5      --
 15  05/19/2020  1400    64.4   46.0     8.8     0.000   0   51.21  274.0   12.4      --
 16  05/19/2020  1500    65.9   46.5     9.1     0.000   0   49.72  275.5   12.2      --
 17  05/19/2020  1600    66.7   47.0     9.5     0.000   0   49.15  277.1   12.1  no_inv
 18  05/19/2020  1700    66.7   46.7    11.1     0.000   0   48.47  282.2   13.9      --
 19  05/19/2020  1800    65.3   45.7    12.7     0.000   0   49.09  286.0   15.9      --
 20  05/19/2020  1900    63.6   44.7    14.4     0.000   0   50.07  289.0   17.9      --
 21  05/19/2020  2000    61.9   43.5    16.0     0.000   0   50.96  291.4   19.9      --
 22  05/19/2020  2100    60.2   42.8    17.6     0.000   0   52.55  293.4   21.9      --
 23  05/19/2020  2200    58.5   41.9    19.2     0.000   0   54.12  295.0   24.0  no_inv
 24  05/19/2020  2300    57.1   41.1    19.2     0.000   0   55.02  293.9   24.0      --
 25  05/20/2020  0000    56.1   40.3    19.1     0.000   0   55.39  292.9   23.9      --
 26  05/20/2020  0100    55.1   39.7    19.1     0.000   0   55.87  291.8   23.9      --
 27  05/20/2020  0200    54.3   39.2    19.1     0.000   0   56.48  290.7   23.9      --
 28  05/20/2020  0300    53.6   38.8    19.1     0.000   0   57.23  289.6   23.9      --
 29  05/20/2020  0400    53.0   38.7    19.1     0.000   0   58.13  288.6   23.9    2216
 30  05/20/2020  0500    52.7   38.7    19.8     0.000   0   58.82  291.4   24.6      --
 31  05/20/2020  0600    53.1   38.8    20.4     0.000   0   58.07  294.0   25.3      --
 32  05/20/2020  0700    54.1   38.8    21.0     0.000   0   56.10  296.5   26.1      --
 33  05/20/2020  0800    55.8   38.9    21.7     0.000   0   52.94  298.9   26.9      --
 34  05/20/2020  0900    58.1   39.0    22.3     0.000   0   48.95  301.1   27.8      --
 35  05/20/2020  1000    60.8   39.1    23.0     0.000   0   44.68  303.1   28.7  no_inv
 36  05/20/2020  1100    63.6   39.2    24.0     0.000   0   40.62  299.9   29.8      --
 37  05/20/2020  1200    67.0   39.3    25.0     0.000   0   36.17  296.9   30.9      --
 38  05/20/2020  1300    69.4   39.4    26.0     0.000   0   33.50  294.2   32.2      --
 39  05/20/2020  1400    70.4   39.5    27.0     0.000   0   32.43  291.6   33.5      --
 40  05/20/2020  1500    70.8   39.5    28.0     0.000   0   32.05  289.2   34.8      --
 41  05/20/2020  1600    70.9   39.5    28.9     0.000   0   31.98  287.1   36.2  no_inv
 42  05/20/2020  1700    70.7   39.3    26.4     0.000   0   31.95  284.2   32.7      --
 43  05/20/2020  1800    69.4   38.8    23.8     0.000   0   32.71  280.7   29.2      --
 44  05/20/2020  1900    66.3   38.0    21.2     0.000   0   35.29  276.3   25.9      --
 45  05/20/2020  2000    62.6   37.0    18.6     0.000   0   38.43  270.6   22.8      --
 46  05/20/2020  2100    59.0   35.7    16.0     0.000   0   41.64  263.2   20.0      --
 47  05/20/2020  2200    55.3   34.4    13.4     0.000   0   45.04  253.6   17.6     816
 48  05/20/2020  2300    52.7   34.3    11.6     0.000   0   49.60  253.3   15.6      --
 49  05/21/2020  0000    51.2   33.4     9.9     0.000   0   50.33  253.0   13.7      --
 50  05/21/2020  0100    49.8   32.8     8.1     0.000   0   51.70  252.5   11.8      --
 51  05/21/2020  0200    48.5   35.5     6.3     0.000   0   60.50  251.9    9.8      --
 52  05/21/2020  0300    47.4   37.4     4.5     0.000   0   68.21  250.9    7.9      --
 53  05/21/2020  0400    46.4   38.7     2.7     0.000   0   74.49  249.3    6.0    5037
 54  05/21/2020  0500    46.0   40.8     4.0     0.000   0   81.83  255.8    7.1      --
 55  05/21/2020  0600    46.3   39.8     5.3     0.000   0   77.90  260.5    8.3      --
 56  05/21/2020  0700    47.2   34.4     6.6     0.000   0   61.02  264.0    9.5      --
 57  05/21/2020  0800    48.5   29.6     7.9     0.000   0   47.77  266.7   10.7      --
 58  05/21/2020  0900    50.4   29.8     9.2     0.000   0   44.87  268.9   12.0      --
 59  05/21/2020  1000    52.5   30.0    10.5     0.000   0   41.79  270.6   13.3  no_inv
 60  05/21/2020  1100    54.7   30.2    12.3     0.000   0   38.93  268.8   15.5      --
 61  05/21/2020  1200    56.6   30.4    14.1     0.000   0   36.63  267.4   17.7      --
 62  05/21/2020  1300    57.9   30.5    15.9     0.000   0   35.18  266.3   19.9      --
 63  05/21/2020  1400    58.5   30.6    17.6     0.000   0   34.53  265.5   22.1      --
 64  05/21/2020  1500    58.9   30.7    19.4     0.000   0   34.15  264.8   24.3      --
 65  05/21/2020  1600    59.1   30.7    21.2     0.000   0   33.96  264.2   26.5  no_inv
 66  05/21/2020  1700    59.0   30.7    19.6     0.000   0   34.04  264.9   24.6      --
 67  05/21/2020  1800    57.8   30.6    18.1     0.000   0   35.43  265.7   22.7      --
 68  05/21/2020  1900    55.3   30.5    16.5     0.000   0   38.65  266.6   20.8      --
 69  05/21/2020  2000    52.8   30.7    14.9     0.000   0   42.67  267.7   18.9      --
 70  05/21/2020  2100    50.2   30.6    13.4     0.000   0   46.71  269.1   17.0      --
 71  05/21/2020  2200    47.7   31.4    11.8     0.000   0   52.94  270.8   15.1     684
 72  05/21/2020  2300    46.7   31.5    10.4     0.000   0   55.22  269.9   13.8      --
 73  05/22/2020  0000    46.1   31.7     9.0     0.000   0   57.05  268.9   12.4      --
 74  05/22/2020  0100    45.4   31.8     7.6     0.000   0   58.75  267.5   11.1      --
 75  05/22/2020  0200    44.7   32.3     6.1     0.000   0   61.46  265.8    9.8      --
 76  05/22/2020  0300    44.0   32.6     4.7     0.000   0   63.85  263.6    8.5      --
 77  05/22/2020  0400    43.4   32.8     3.3     0.000   0   65.92  260.5    7.2     826
 78  05/22/2020  0500    43.1   33.1     4.0     0.000   0   67.63  264.6    7.8      --
 79  05/22/2020  0600    43.3   33.1     4.6     0.000   0   67.15  268.2    8.4      --
 80  05/22/2020  0700    44.0   29.7     5.3     0.000   0   57.02  271.2    9.0      --
 81  05/22/2020  0800    45.2   30.0     6.0     0.000   0   54.88  273.9    9.6      --
 82  05/22/2020  0900    47.0   30.2     6.6     0.000   0   51.83  276.2   10.2      --
 83  05/22/2020  1000    49.3   30.5     7.3     0.000   0   48.17  278.3   10.9  no_inv
 84  05/22/2020  1100    52.5   30.8     8.4     0.000   0   43.32  279.7   12.0      --
 85  05/22/2020  1200    56.3   31.1     9.5     0.000   0   38.18  280.9   13.1      --
 86  05/22/2020  1300    59.1   31.9    10.5     0.000   0   35.62  281.9   14.1      --
 87  05/22/2020  1400    60.7   32.4    11.6     0.000   0   34.32  282.7   15.2      --
 88  05/22/2020  1500    61.8   32.6    12.7     0.000   0   33.33  283.5   16.3      --
 89  05/22/2020  1600    62.3   32.5    13.7     0.000   0   32.56  284.1   17.4    7354
 90  05/22/2020  1700    62.2   32.5    13.8     0.000   0   32.62  286.6   17.4      --
 91  05/22/2020  1800    60.4   32.2    13.9     0.000   0   34.39  289.0   17.5      --
 92  05/22/2020  1900    58.0   31.9    14.1     0.000   0   37.00  291.5   17.6      --
 93  05/22/2020  2000    55.6   31.6    14.1     0.000   0   39.79  293.9   17.7      --
 94  05/22/2020  2100    53.2   31.2    14.2     0.000   0   42.76  296.2   17.9      --
 95  05/22/2020  2200    50.8   30.8    14.4     0.000   0   45.96  298.5   18.0     569
 96  05/22/2020  2300    49.2   30.5    12.6     0.000   0   48.40  296.4   16.3      --
 97  05/23/2020  0000    48.0   31.8    10.8     0.000   0   53.33  293.8   14.6      --
 98  05/23/2020  0100    46.8   32.2     9.1     0.000   0   56.48  290.4   12.9      --
 99  05/23/2020  0200    45.8   32.2     7.3     0.000   0   58.96  286.1   11.2      --
100  05/23/2020  0300    44.9   32.5     5.5     0.000   0   61.59  280.3    9.6      --
101  05/23/2020  0400    44.2   32.7     3.8     0.000   0   63.70  272.4    8.2     793
102  05/23/2020  0500    43.8   33.0     3.6     0.000   0   65.42  267.8    7.8      --
103  05/23/2020  0600    44.2   33.0     3.5     0.000   0   64.49  262.6    7.3      --
104  05/23/2020  0700    45.2   31.3     3.3     0.000   0   58.10  256.9    7.0      --
105  05/23/2020  0800    46.9   31.3     3.2     0.000   0   54.47  250.6    6.7      --
106  05/23/2020  0900    49.2   31.3     3.0     0.000   0   49.82  243.9    6.5      --
107  05/23/2020  1000    52.2   31.3     2.9     0.000   0   44.71  236.8    6.4    5594
108  05/23/2020  1100    55.4   31.3     2.7     0.000   0   39.74  238.2    5.9      --
109  05/23/2020  1200    60.4   31.3     2.5     0.000   0   33.15  239.8    5.5      --
110  05/23/2020  1300    64.4   31.3     2.3     0.000   0   28.85  241.7    5.0      --
111  05/23/2020  1400    66.5   31.3     2.1     0.000   0   26.84  244.0    4.5      --
112  05/23/2020  1500    67.4   31.3     1.9     0.000   0   26.00  246.8    4.1      --
113  05/23/2020  1600    67.8   31.3     1.6     0.000   0   25.59  250.3    3.7  no_inv
114  05/23/2020  1700    67.9   31.4     2.0     0.000   0   25.64  226.2    3.2      --
115  05/23/2020  1800    67.1   31.8     2.4     0.000   0   26.77  200.7    3.5      --
116  05/23/2020  1900    64.5   32.3     2.7     0.000   0   29.95  181.7    4.3      --
117  05/23/2020  2000    63.0   31.4     3.1     0.000   0   30.42  169.5    5.4      --
118  05/23/2020  2100    61.5   31.4     3.5     0.000   0   32.08  161.7    6.6      --
119  05/23/2020  2200    59.9   31.4     3.8     0.000   0   33.85  156.5    8.0     252
120  05/23/2020  2300    57.9   31.4     3.3     0.000   0   36.46  158.6    6.8      --
121  05/24/2020  0000    56.6   31.4     2.8     0.000   0   38.20  161.8    5.6      --
122  05/24/2020  0100    55.5   31.4     2.3     0.000   0   39.69  166.5    4.5      --
123  05/24/2020  0200    54.7   31.4     1.8     0.000   0   40.88  174.4    3.4      --
124  05/24/2020  0300    54.1   31.4     1.3     0.000   0   41.74  189.4    2.4      --
125  05/24/2020  0400    53.8   31.4     0.8     0.000   0   42.21  219.1    1.8     969
126  05/24/2020  0500    53.6   31.4     1.4     0.000   0   42.59  210.0    3.0      --
127  05/24/2020  0600    53.9   31.4     2.0     0.000   0   42.15  206.2    4.2      --
128  05/24/2020  0700    54.7   36.8     2.7     0.000   0   50.67  204.1    5.5      --
129  05/24/2020  0800    56.2   37.5     3.3     0.000   0   49.42  202.9    6.7      --
130  05/24/2020  0900    58.4   37.2     3.9     0.000   0   45.21  202.0    8.0      --
131  05/24/2020  1000    61.0   36.9     4.6     0.000   0   40.63  201.4    9.3   10162
132  05/24/2020  1100    64.2   36.5     4.3     0.000   0   35.81  208.6    7.5      --
133  05/24/2020  1200    67.9   36.2     3.9     0.000   0   31.08  220.1    5.9      --
134  05/24/2020  1300    71.0   36.0     3.6     0.000   0   27.70  238.5    4.7      --
135  05/24/2020  1400    72.5   35.8     3.3     0.000   0   26.09  264.5    4.2      --
136  05/24/2020  1500    73.6   35.6     3.0     0.000   0   25.05  290.3    4.7      --
137  05/24/2020  1600    74.2   35.6     2.7     0.000   0   24.48  308.5    5.9   10144
138  05/24/2020  1700    74.5   35.7     3.5     0.000   0   24.37  285.5    3.9      --
139  05/24/2020  1800    73.6   36.2     4.4     0.000   0   25.62  240.6    3.3      --
140  05/24/2020  1900    71.3   36.9     5.2     0.000   0   28.46  204.8    4.7      --
141  05/24/2020  2000    69.0   37.3     6.1     0.000   0   31.27  188.9    7.0      --
142  05/24/2020  2100    66.7   39.2     6.9     0.000   0   36.34  181.1    9.6      --
143  05/24/2020  2200    64.4   41.7     7.8     0.000   0   43.40  176.7   12.3     904
144  05/24/2020  2300    61.9   40.0     6.6     0.000   0   44.49  176.3   10.3      --
145  05/25/2020  0000    60.0   38.7     5.3     0.000   0   45.25  175.6    8.4      --
146  05/25/2020  0100    58.3   37.8     4.1     0.000   0   46.35  174.6    6.5      --
147  05/25/2020  0200    56.8   35.9     2.8     0.000   0   45.34  172.8    4.6      --
148  05/25/2020  0300    55.6   35.9     1.6     0.000   0   47.32  168.1    2.6      --
149  05/25/2020  0400    54.8   35.9     0.4     0.000   0   48.80  141.8    0.8     876
150  05/25/2020  0500    54.6   35.9     0.7     0.000   0   49.13  168.8    1.3      --
151  05/25/2020  0600    54.5   35.9     0.9     0.000   0   49.20  180.0    1.9      --
152  05/25/2020  0700    54.5   41.3     1.2     0.000   0   60.84  185.6    2.6      --
153  05/25/2020  0800    54.5   46.7     1.5     0.000   0   74.81  189.0    3.3      --
154  05/25/2020  0900    55.3   52.1     1.8     0.000   5   88.82  191.2    3.9      --
155  05/25/2020  1000    56.1   53.1     2.1     0.050  10   89.64  192.8    4.6  no_inv
156  05/25/2020  1100    55.2   54.7     2.8     0.000  10   98.08  204.3    6.0      --
157  05/25/2020  1200    58.1   54.6     3.5     0.040  10   88.07  211.4    7.4      --
158  05/25/2020  1300    62.6   55.0     4.2     0.000   5   76.12  216.2    9.0      --
159  05/25/2020  1400    63.8   55.5     4.9     0.000   0   74.48  219.5   10.6      --
160  05/25/2020  1500    63.3   56.3     5.6     0.010   0   77.81  221.9   12.2      --
161  05/25/2020  1600    61.5   57.1     6.3     0.050   8   85.67  223.8   13.9  no_inv
162  05/25/2020  1700    63.0   55.1     6.1     0.000   5   75.40  231.7   12.3      --
163  05/25/2020  1800    61.4   55.0     5.8     0.000   0   79.36  241.7   11.0      --
164  05/25/2020  1900    60.1   55.0     5.6     0.000   0   83.11  253.8   10.2      --
165  05/25/2020  2000    58.8   55.2     5.4     0.000   0   87.84  267.4    9.8      --
166  05/25/2020  2100    57.5   55.1     5.1     0.000   5   91.53  281.1   10.1      --
167  05/25/2020  2200    56.2   55.0     4.9     0.000  10   95.62  293.5   10.9    4924
