  Generated by FoxLW on Tuesday May 19, 2020 at 09:25 PDT
-------------------------------------------------------------------------------
  WSU Othello
  46.7900:-119.0400  (46 47' 24.00"N  119 2' 24.00"W)  elev 1204.1 feet    file: 300122
-------------------------------------------------------------------------------

Line#   Date     Hour   TempF  DewPtF WS(mph)  Rain(in) LW    RH%  WDir_50m WS_50m Inv(ft)
  5  05/19/2020  0400    51.3   49.8     3.5     0.000  10   94.52  170.0    7.7     509
  6  05/19/2020  0500    51.0   49.7     3.4     0.000  10   95.29  168.2    7.5      --
  7  05/19/2020  0600    51.1   49.6     3.3     0.000  10   94.60  166.4    7.4      --
  8  05/19/2020  0700    52.1   47.5     3.3     0.000   5   84.28  164.5    7.2      --
  9  05/19/2020  0800    51.6   47.3     3.2     0.020   0   85.35  162.5    7.1      --
 10  05/19/2020  0900    52.3   47.3     3.2     0.000   0   83.28  160.5    7.0      --
 11  05/19/2020  1000    53.0   47.5     3.1     0.020   0   81.34  158.4    6.9  no_inv
 12  05/19/2020  1100    56.9   45.9     3.0     0.000   0   66.54  166.0    5.7      --
 13  05/19/2020  1200    60.5   45.5     2.8     0.000   0   57.73  177.3    4.7      --
 14  05/19/2020  1300    63.5   45.2     2.6     0.000   0   51.29  193.9    3.9      --
 15  05/19/2020  1400    65.3   45.0     2.4     0.000   0   47.86  215.5    3.6      --
 16  05/19/2020  1500    66.4   44.8     2.2     0.000   0   45.82  237.4    3.9      --
 17  05/19/2020  1600    67.0   44.8     2.1     0.000   0   44.72  254.6    4.6  no_inv
 18  05/19/2020  1700    66.9   44.8     5.1     0.000   0   44.90  280.5    7.3      --
 19  05/19/2020  1800    65.7   44.4     8.1     0.000   0   46.06  291.5   10.6      --
 20  05/19/2020  1900    64.4   45.6    11.0     0.000   0   50.52  297.1   14.1      --
 21  05/19/2020  2000    63.0   43.4    14.0     0.000   0   48.62  300.5   17.7      --
 22  05/19/2020  2100    61.7   42.7    17.0     0.000   0   49.65  302.7   21.3      --
 23  05/19/2020  2200    60.3   41.9    20.0     0.000   0   50.62  304.3   25.0    1953
 24  05/19/2020  2300    57.9   41.2    19.2     0.000   0   53.57  301.0   23.8      --
 25  05/20/2020  0000    55.9   40.5    18.5     0.000   0   56.05  297.5   22.7      --
 26  05/20/2020  0100    54.2   39.9    17.7     0.000   0   58.41  293.5   21.7      --
 27  05/20/2020  0200    52.7   39.4    17.0     0.000   0   60.59  289.3   20.8      --
 28  05/20/2020  0300    51.5   39.2    16.2     0.000   0   62.52  284.6   20.0      --
 29  05/20/2020  0400    50.7   39.1    15.5     0.000   0   64.16  279.6   19.4  no_inv
 30  05/20/2020  0500    50.4   39.1    16.0     0.000   0   64.95  284.3   19.7      --
 31  05/20/2020  0600    51.0   39.1    16.5     0.000   0   63.57  288.8   20.1      --
 32  05/20/2020  0700    52.3   39.1    16.9     0.000   0   60.45  293.1   20.7      --
 33  05/20/2020  0800    54.5   39.1    17.4     0.000   0   55.82  297.1   21.4      --
 34  05/20/2020  0900    57.3   39.1    17.9     0.000   0   50.42  300.9   22.1      --
 35  05/20/2020  1000    60.4   39.1    18.4     0.000   0   45.19  304.4   23.0  no_inv
 36  05/20/2020  1100    63.3   39.1    19.9     0.000   0   40.76  304.7   24.9      --
 37  05/20/2020  1200    65.9   39.1    21.4     0.000   0   37.22  304.9   26.8      --
 38  05/20/2020  1300    67.5   39.1    22.9     0.000   0   35.27  305.1   28.6      --
 39  05/20/2020  1400    68.1   39.1    24.4     0.000   0   34.59  305.3   30.5      --
 40  05/20/2020  1500    68.2   39.1    25.9     0.000   0   34.40  305.5   32.4      --
 41  05/20/2020  1600    68.1   39.1    27.5     0.000   0   34.50  305.6   34.3  no_inv
 42  05/20/2020  1700    67.8   38.9    26.8     0.000   0   34.66  300.2   32.5      --
 43  05/20/2020  1800    66.0   38.4    26.1     0.000   0   36.15  294.3   31.1      --
 44  05/20/2020  1900    62.7   37.6    25.4     0.000   0   39.35  287.9   30.0      --
 45  05/20/2020  2000    59.0   36.5    24.7     0.000   0   43.00  281.0   29.3      --
 46  05/20/2020  2100    55.3   35.3    24.0     0.000   0   46.75  273.9   29.0      --
 47  05/20/2020  2200    51.6   34.0    23.4     0.000   0   50.74  266.8   29.2    6082
 48  05/20/2020  2300    48.8   32.6    22.6     0.000   0   53.38  267.1   28.2      --
 49  05/21/2020  0000    47.2   31.4    21.8     0.000   0   54.06  267.5   27.3      --
 50  05/21/2020  0100    45.5   30.4    21.1     0.000   0   55.07  267.8   26.3      --
 51  05/21/2020  0200    44.0   29.5    20.3     0.000   0   56.44  268.1   25.4      --
 52  05/21/2020  0300    42.7   29.0    19.5     0.000   0   58.18  268.5   24.4      --
 53  05/21/2020  0400    41.6   28.9    18.8     0.000   0   60.31  269.0   23.5    2389
 54  05/21/2020  0500    41.2   28.9    19.0     0.000   0   61.24  267.2   23.7      --
 55  05/21/2020  0600    41.7   28.9    19.2     0.000   0   60.06  265.5   24.0      --
 56  05/21/2020  0700    43.0   28.9    19.5     0.000   0   57.13  263.8   24.3      --
 57  05/21/2020  0800    45.2   29.0    19.7     0.000   0   52.70  262.1   24.6      --
 58  05/21/2020  0900    48.0   29.0    20.0     0.000   0   47.57  260.5   24.9      --
 59  05/21/2020  1000    50.9   29.1    20.2     0.000   0   42.73  259.0   25.3   10986
 60  05/21/2020  1100    53.4   29.1    19.5     0.000   0   39.11  257.6   24.3      --
 61  05/21/2020  1200    55.2   29.2    18.7     0.000   0   36.75  256.0   23.3      --
 62  05/21/2020  1300    56.3   29.3    17.9     0.000   0   35.30  254.4   22.3      --
 63  05/21/2020  1400    56.9   29.3    17.1     0.000   0   34.62  252.6   21.4      --
 64  05/21/2020  1500    57.3   29.3    16.4     0.000   0   34.23  250.6   20.4      --
 65  05/21/2020  1600    57.4   29.5    15.6     0.000   0   34.28  248.4   19.5  no_inv
 66  05/21/2020  1700    57.2   29.3    16.8     0.000   0   34.32  254.5   20.6      --
 67  05/21/2020  1800    55.8   29.3    18.0     0.000   0   36.01  260.0   21.8      --
 68  05/21/2020  1900    53.8   29.2    19.1     0.000   0   38.80  264.9   23.2      --
 69  05/21/2020  2000    51.7   29.2    20.3     0.000   0   41.80  269.2   24.8      --
 70  05/21/2020  2100    49.6   29.1    21.5     0.000   0   45.06  273.0   26.5      --
 71  05/21/2020  2200    47.5   29.1    22.6     0.000   0   48.60  276.2   28.3  no_inv
 72  05/21/2020  2300    46.9   29.0    21.9     0.000   0   49.53  270.3   26.3      --
 73  05/22/2020  0000    46.7   29.0    21.1     0.000   0   49.81  263.4   24.7      --
 74  05/22/2020  0100    46.4   28.9    20.4     0.000   0   50.18  255.7   23.5      --
 75  05/22/2020  0200    46.2   28.9    19.7     0.000   0   50.61  247.3   22.7      --
 76  05/22/2020  0300    45.9   28.8    18.9     0.000   0   51.07  238.6   22.5      --
 77  05/22/2020  0400    45.7   28.8    18.2     0.000   0   51.54  229.8   22.7  no_inv
 78  05/22/2020  0500    45.5   28.9    17.8     0.000   0   52.10  232.3   22.1      --
 79  05/22/2020  0600    45.4   29.2    17.4     0.000   0   52.72  234.9   21.6      --
 80  05/22/2020  0700    45.5   29.6    17.0     0.000   0   53.34  237.6   21.1      --
 81  05/22/2020  0800    45.8   30.1    16.6     0.000   0   53.88  240.4   20.6      --
 82  05/22/2020  0900    44.9   32.8    16.1     0.000   0   62.54  243.3   20.2      --
 83  05/22/2020  1000    44.0   35.6    15.7     0.020   0   72.13  246.4   19.9  no_inv
 84  05/22/2020  1100    49.0   32.0    15.3     0.000   0   51.64  251.4   18.8      --
 85  05/22/2020  1200    54.0   32.6    14.9     0.000   0   44.00  257.0   17.9      --
 86  05/22/2020  1300    59.5   33.2    14.4     0.000   0   36.96  263.1   17.2      --
 87  05/22/2020  1400    61.6   33.7    13.9     0.000   0   35.03  269.7   16.6      --
 88  05/22/2020  1500    62.5   34.1    13.5     0.000   0   34.54  276.6   16.4      --
 89  05/22/2020  1600    62.2   34.3    13.1     0.000   0   35.14  283.7   16.3  no_inv
 90  05/22/2020  1700    60.1   34.2    14.1     0.000   0   37.58  289.9   17.4      --
 91  05/22/2020  1800    57.5   33.9    15.2     0.000   0   40.84  295.2   18.7      --
 92  05/22/2020  1900    55.2   33.7    16.3     0.000   0   44.00  299.9   20.1      --
 93  05/22/2020  2000    52.9   33.6    17.4     0.000   0   47.61  304.0   21.6      --
 94  05/22/2020  2100    50.6   33.4    18.5     0.000   0   51.53  307.5   23.2      --
 95  05/22/2020  2200    48.4   33.3    19.6     0.000   0   55.79  310.5   24.9     660
 96  05/22/2020  2300    46.8   33.2    17.4     0.000   0   58.73  305.8   22.2      --
 97  05/23/2020  0000    45.7   33.0    15.1     0.000   0   60.99  299.8   19.7      --
 98  05/23/2020  0100    44.6   32.9    12.9     0.000   0   63.31  292.3   17.5      --
 99  05/23/2020  0200    43.6   34.2    10.7     0.000   0   69.33  282.7   15.6      --
100  05/23/2020  0300    42.7   34.4     8.4     0.000   0   72.29  271.0   14.3      --
101  05/23/2020  0400    42.0   34.5     6.2     0.000   0   74.74  257.6   13.7  no_inv
102  05/23/2020  0500    41.5   34.5     6.7     0.000   0   75.79  250.2   12.7      --
103  05/23/2020  0600    42.0   34.5     7.1     0.000   0   74.53  241.8   11.9      --
104  05/23/2020  0700    43.3   32.6     7.6     0.000   0   65.84  232.4   11.5      --
105  05/23/2020  0800    45.3   32.5     8.1     0.000   0   60.75  222.5   11.3      --
106  05/23/2020  0900    48.0   32.4     8.5     0.000   0   54.53  212.6   11.5      --
107  05/23/2020  1000    51.3   32.3     9.0     0.000   0   48.01  203.4   12.1    5328
108  05/23/2020  1100    54.8   32.2     8.0     0.000   0   42.00  201.6   11.1      --
109  05/23/2020  1200    59.6   32.1     6.9     0.000   0   35.20  199.4   10.1      --
110  05/23/2020  1300    63.2   32.0     5.9     0.000   0   30.91  196.8    9.1      --
111  05/23/2020  1400    65.0   31.9     4.9     0.000   0   28.90  193.6    8.2      --
112  05/23/2020  1500    65.8   31.9     3.9     0.000   0   28.06  189.6    7.3      --
113  05/23/2020  1600    66.2   31.8     2.9     0.000   0   27.67  184.5    6.4    6195
114  05/23/2020  1700    66.2   31.9     3.4     0.000   0   27.65  177.2    6.9      --
115  05/23/2020  1800    65.4   31.9     4.0     0.000   0   28.54  171.0    7.5      --
116  05/23/2020  1900    61.9   31.9     4.5     0.000   0   32.24  165.7    8.1      --
117  05/23/2020  2000    57.5   31.9     5.0     0.000   0   37.72  161.3    8.8      --
118  05/23/2020  2100    53.0   32.3     5.5     0.000   0   45.02  157.5    9.6      --
119  05/23/2020  2200    48.6   32.7     6.0     0.000   0   53.96  154.3   10.4     716
120  05/23/2020  2300    45.2   32.9     6.2     0.000   0   61.67  152.9   10.3      --
121  05/24/2020  0000    43.5   33.0     6.4     0.000   0   66.37  151.4   10.2      --
122  05/24/2020  0100    41.8   33.2     6.6     0.000   0   71.32  149.9   10.1      --
123  05/24/2020  0200    40.3   33.4     6.8     0.000   0   76.24  148.4   10.0      --
124  05/24/2020  0300    39.0   33.6     6.9     0.000   0   80.88  146.9   10.0      --
125  05/24/2020  0400    37.9   33.7     7.1     0.000   0   84.95  145.4    9.9  no_inv
126  05/24/2020  0500    37.3   33.4     6.7     0.000   0   85.61  152.3    9.5      --
127  05/24/2020  0600    38.4   33.0     6.3     0.000   0   80.67  159.7    9.2      --
128  05/24/2020  0700    41.2   32.6     5.9     0.000   0   71.17  167.4    9.1      --
129  05/24/2020  0800    45.6   32.6     5.4     0.000   0   60.20  175.3    9.1      --
130  05/24/2020  0900    51.3   32.8     5.0     0.000   0   49.03  182.9    9.3      --
131  05/24/2020  1000    57.5   32.8     4.6     0.000   0   39.12  190.0    9.7    9565
132  05/24/2020  1100    62.9   32.8     4.4     0.000   0   32.24  197.4    8.9      --
133  05/24/2020  1200    66.8   32.8     4.3     0.000   0   28.14  206.2    8.2      --
134  05/24/2020  1300    69.8   32.8     4.1     0.000   0   25.45  216.3    7.7      --
135  05/24/2020  1400    71.2   32.8     4.0     0.000   0   24.23  227.2    7.5      --
136  05/24/2020  1500    72.2   32.8     3.8     0.000   0   23.41  238.3    7.6      --
137  05/24/2020  1600    72.8   32.8     3.6     0.000   0   22.91  248.7    8.0    8931
138  05/24/2020  1700    73.2   33.0     5.5     0.000   0   22.80  274.2    7.0      --
139  05/24/2020  1800    72.2   33.5     7.3     0.000   0   24.08  301.0    7.7      --
140  05/24/2020  1900    69.6   34.3     9.1     0.000   0   27.17  320.3    9.6      --
141  05/24/2020  2000    67.0   37.0    11.0     0.000   0   33.13  332.2   12.2      --
142  05/24/2020  2100    64.4   36.6    12.8     0.000   0   35.64  339.8   15.2      --
143  05/24/2020  2200    61.8   38.0    14.6     0.000   0   41.16  344.8   18.3    1388
144  05/24/2020  2300    59.0   39.3    12.3     0.000   0   47.84  345.3   15.1      --
145  05/25/2020  0000    57.2   42.0     9.9     0.000   0   56.62  346.1   11.9      --
146  05/25/2020  0100    55.8   42.1     7.6     0.000   0   60.01  347.4    8.7      --
147  05/25/2020  0200    54.7   38.9     5.2     0.000   0   55.02  350.2    5.6      --
148  05/25/2020  0300    54.0   36.6     2.9     0.000   0   51.78    0.5    2.4      --
149  05/25/2020  0400    53.6   35.2     0.5     0.000   0   49.52  121.7    1.2  no_inv
150  05/25/2020  0500    53.5   32.9     0.7     0.000   0   45.42  147.1    1.3      --
151  05/25/2020  0600    53.5   32.9     0.9     0.000   0   45.42  165.5    1.6      --
152  05/25/2020  0700    53.6   38.3     1.0     0.000   0   56.02  177.2    2.0      --
153  05/25/2020  0800    53.9   43.7     1.2     0.000   0   68.38  184.7    2.5      --
154  05/25/2020  0900    55.0   49.1     1.4     0.000   0   80.39  189.7    2.9      --
155  05/25/2020  1000    56.1   54.1     1.6     0.030   5   92.80  193.3    3.5    4463
156  05/25/2020  1100    56.7   55.5     2.9     0.000  10   95.86  195.2    6.4      --
157  05/25/2020  1200    60.2   52.4     4.2     0.000   5   75.43  196.0    9.3      --
158  05/25/2020  1300    62.5   54.0     5.5     0.000   0   73.67  196.4   12.2      --
159  05/25/2020  1400    63.3   54.8     6.8     0.000   0   73.92  196.6   15.1      --
160  05/25/2020  1500    61.7   55.8     8.1     0.000   0   80.85  196.8   18.0      --
161  05/25/2020  1600    59.9   56.3     9.5     0.110  10   87.89  196.9   21.0    3984
162  05/25/2020  1700    60.8   54.9     9.6     0.000   5   81.14  208.9   17.7      --
163  05/25/2020  1800    59.0   55.0     9.6     0.000   0   86.77  225.1   15.6      --
164  05/25/2020  1900    57.7   55.2     9.7     0.000   0   91.35  244.4   15.0      --
165  05/25/2020  2000    56.4   56.4     9.8     0.000   0  100.00  263.1   16.1      --
166  05/25/2020  2100    55.0   55.0     9.9     0.000   0  100.00  278.0   18.6      --
167  05/25/2020  2200    53.7   53.7    10.0     0.000   0  100.00  288.8   22.1     662
