  Generated by FoxLW on Sunday May 3, 2020 at 04:52 PDT
-------------------------------------------------------------------------------
  WSU Prosser
  46.2600:-119.7400  (46 15' 36.00"N  119 44' 24.00"W)  elev 928.5 feet    file: 300033
-------------------------------------------------------------------------------

Line#   Date     Hour   TempF  DewPtF WS(mph)  Rain(in) LW    RH%  WDir_50m WS_50m Inv(ft)
  5  05/03/2020  0400    42.9   34.7     4.6     0.000   0   72.67  239.8   10.2     327
  6  05/03/2020  0500    42.5   34.7     4.3     0.000   0   73.61  241.4    9.4      --
  7  05/03/2020  0600    42.7   34.5     4.0     0.000   0   72.41  243.2    8.7      --
  8  05/03/2020  0700    43.8   34.2     3.7     0.000   0   68.86  245.4    8.0      --
  9  05/03/2020  0800    45.6   31.8     3.3     0.000   0   58.40  248.0    7.3      --
 10  05/03/2020  0900    48.1   31.4     3.0     0.000   0   52.20  251.2    6.7      --
 11  05/03/2020  1000    51.0   31.0     2.7     0.000   0   46.05  255.1    6.0  no_inv
 12  05/03/2020  1100    53.7   30.5     2.8     0.000   0   40.94  254.8    6.2      --
 13  05/03/2020  1200    55.7   30.1     2.9     0.000   0   37.43  254.6    6.4      --
 14  05/03/2020  1300    57.2   29.8     3.0     0.000   0   34.96  254.4    6.6      --
 15  05/03/2020  1400    58.0   29.5     3.1     0.000   0   33.63  254.3    6.8      --
 16  05/03/2020  1500    58.4   29.3     3.2     0.000   0   32.84  254.1    7.0      --
 17  05/03/2020  1600    58.7   29.3     3.3     0.000   0   32.43  253.9    7.2  no_inv
 18  05/03/2020  1700    58.8   29.3     4.6     0.000   0   32.30  274.9    6.7      --
 19  05/03/2020  1800    58.5   29.4     6.0     0.000   0   32.84  296.1    7.1      --
 20  05/03/2020  1900    56.7   31.1     7.4     0.000   0   37.56  313.0    8.4      --
 21  05/03/2020  2000    54.7   31.6     8.8     0.000   0   41.31  324.8   10.1      --
 22  05/03/2020  2100    52.7   31.8    10.1     0.000   0   44.70  332.8   12.2      --
 23  05/03/2020  2200    50.7   31.5    11.5     0.000   0   47.62  338.5   14.4  no_inv
 24  05/03/2020  2300    49.0   32.2     9.9     0.000   0   52.24  336.5   12.5      --
 25  05/04/2020  0000    47.9   32.4     8.3     0.000   0   54.82  333.8   10.6      --
 26  05/04/2020  0100    46.9   31.4     6.7     0.000   0   54.52  329.9    8.8      --
 27  05/04/2020  0200    46.0   30.7     5.0     0.000   0   54.80  324.1    7.0      --
 28  05/04/2020  0300    45.3   30.2     3.4     0.000   0   55.34  314.5    5.4      --
 29  05/04/2020  0400    44.7   29.5     1.8     0.000   0   54.94  297.4    4.0     381
 30  05/04/2020  0500    44.3   29.5     2.1     0.000   0   55.81  274.0    2.9      --
 31  05/04/2020  0600    44.4   29.5     2.4     0.000   0   55.58  237.7    2.7      --
 32  05/04/2020  0700    45.2   29.5     2.7     0.000   0   53.97  207.9    3.5      --
 33  05/04/2020  0800    46.6   29.5     3.0     0.000   0   50.94  191.8    4.8      --
 34  05/04/2020  0900    48.8   28.8     3.3     0.000   0   45.72  183.1    6.3      --
 35  05/04/2020  1000    51.5   28.1     3.6     0.000   0   40.07  177.9    7.9  no_inv
 36  05/04/2020  1100    54.7   27.4     3.3     0.000   0   34.61  179.4    7.3      --
 37  05/04/2020  1200    60.1   26.7     3.0     0.000   0   27.76  181.1    6.6      --
 38  05/04/2020  1300    64.6   26.1     2.7     0.000   0   23.19  183.3    5.9      --
 39  05/04/2020  1400    67.0   25.7     2.4     0.000   0   20.93  186.1    5.3      --
 40  05/04/2020  1500    68.1   25.4     2.1     0.000   0   19.89  189.6    4.6      --
 41  05/04/2020  1600    68.8   25.3     1.8     0.000   0   19.40  194.1    4.0  no_inv
 42  05/04/2020  1700    68.9   25.5     3.2     0.000   0   19.39  230.9    3.4      --
 43  05/04/2020  1800    68.1   25.8     4.6     0.000   0   20.26  264.0    4.4      --
 44  05/04/2020  1900    65.3   26.7     6.0     0.000   0   23.13  281.8    6.2      --
 45  05/04/2020  2000    63.3   28.6     7.4     0.000   0   26.79  291.1    8.3      --
 46  05/04/2020  2100    61.3   30.1     8.8     0.000   0   30.64  296.5   10.5      --
 47  05/04/2020  2200    59.3   31.0    10.2     0.000   0   34.11  300.0   12.8      20
 48  05/04/2020  2300    57.2   32.1     9.6     0.000   0   38.37  299.7   12.4      --
 49  05/05/2020  0000    56.0   33.0     8.9     0.000   0   41.56  299.3   12.0      --
 50  05/05/2020  0100    55.0   33.8     8.2     0.000   0   44.52  298.9   11.5      --
 51  05/05/2020  0200    54.2   33.0     7.5     0.000   0   44.38  298.5   11.1      --
 52  05/05/2020  0300    53.5   31.2     6.8     0.000   0   42.38  298.1   10.7      --
 53  05/05/2020  0400    53.0   29.2     6.1     0.000   0   39.70  297.6   10.2     995
 54  05/05/2020  0500    52.8   27.9     5.3     0.000   0   37.98  296.0    8.1      --
 55  05/05/2020  0600    52.8   25.8     4.5     0.000   0   34.81  293.2    6.0      --
 56  05/05/2020  0700    53.4   25.8     3.7     0.000   0   34.03  287.7    4.0      --
 57  05/05/2020  0800    54.6   31.2     2.9     0.000   0   40.64  270.8    2.0      --
 58  05/05/2020  0900    56.4   35.5     2.1     0.000   0   45.28  192.7    1.2      --
 59  05/05/2020  1000    58.8   35.5     1.2     0.000   0   41.61  147.1    2.8  no_inv
 60  05/05/2020  1100    62.1   35.5     1.1     0.000   0   36.94  147.3    2.4      --
 61  05/05/2020  1200    67.5   35.5     0.9     0.000   0   30.69  147.4    2.0      --
 62  05/05/2020  1300    71.7   35.5     0.8     0.000   0   26.61  147.6    1.7      --
 63  05/05/2020  1400    73.6   35.5     0.6     0.000   0   24.94  147.9    1.3      --
 64  05/05/2020  1500    74.5   35.5     0.4     0.000   0   24.16  148.5    1.0      --
 65  05/05/2020  1600    74.9   35.5     0.3     0.000   0   23.88  149.8    0.6  no_inv
 66  05/05/2020  1700    74.5   35.8     0.5     0.000   0   24.44  125.8    1.0      --
 67  05/05/2020  1800    72.0   36.5     0.7     0.000   0   27.28  116.4    1.5      --
 68  05/05/2020  1900    70.2   35.7     0.9     0.000   0   28.10  111.7    2.0      --
 69  05/05/2020  2000    68.6   35.7     1.1     0.000   0   29.77  108.8    2.5      --
 70  05/05/2020  2100    63.8   38.9     1.4     0.000   0   39.90  107.0    3.0      --
 71  05/05/2020  2200    66.1   44.3     1.6     0.010   0   45.39  105.7    3.5  no_inv
 72  05/05/2020  2300    62.4   47.2     1.9     0.000   0   57.58   98.7    1.8      --
 73  05/06/2020  0000    59.4   52.6     2.1     0.060  10   78.12   21.5    0.4      --
 74  05/06/2020  0100    56.8   55.0     2.4     0.010  10   93.58  306.8    1.8      --
 75  05/06/2020  0200    53.8   52.0     2.6     0.000  10   93.91  299.9    3.5      --
 76  05/06/2020  0300    52.0   50.4     2.9     0.000  10   94.07  297.6    5.3      --
 77  05/06/2020  0400    50.5   50.5     3.2     0.140  10  100.00  296.4    7.0    1640
 78  05/06/2020  0500    45.5   45.1     3.3     0.020  10   98.49  283.6    6.3      --
 79  05/06/2020  0600    45.5   42.0     3.4     0.140  10   87.36  268.5    5.9      --
 80  05/06/2020  0700    45.4   41.8     3.5     0.010   5   87.11  252.6    6.0      --
 81  05/06/2020  0800    49.4   45.8     3.6     0.000   0   87.35  238.1    6.5      --
 82  05/06/2020  0900    48.6   45.0     3.7     0.020   0   87.29  226.5    7.4      --
 83  05/06/2020  1000    47.8   44.2     3.8     0.120  10   87.26  217.5    8.4  no_inv
 84  05/06/2020  1100    47.2   43.6     6.1     0.070  10   87.23  239.7    9.1      --
 85  05/06/2020  1200    48.1   43.3     8.4     0.030   5   83.34  256.9   10.8      --
 86  05/06/2020  1300    53.1   37.9    10.8     0.000   0   56.16  268.6   13.2      --
 87  05/06/2020  1400    58.1   36.9    13.1     0.000   0   44.95  276.5   16.0      --
 88  05/06/2020  1500    61.4   36.0    15.4     0.000   0   38.67  281.9   19.0      --
 89  05/06/2020  1600    63.0   35.7    17.7     0.000   0   36.11  285.9   22.1  no_inv
 90  05/06/2020  1700    63.3   35.7    17.4     0.000   0   35.73  282.5   21.5      --
 91  05/06/2020  1800    61.7   35.6    17.0     0.000   0   37.77  279.0   21.0      --
 92  05/06/2020  1900    59.6   35.6    16.7     0.000   0   40.53  275.3   20.5      --
 93  05/06/2020  2000    57.6   35.6    16.4     0.000   0   43.49  271.4   20.2      --
 94  05/06/2020  2100    55.6   35.5    16.1     0.000   0   46.68  267.5   19.9      --
 95  05/06/2020  2200    53.6   35.5    15.8     0.000   0   50.14  263.4   19.8     420
 96  05/06/2020  2300    51.8   35.4    14.2     0.000   0   53.40  263.4   18.8      --
 97  05/07/2020  0000    50.4   35.3    12.7     0.000   0   56.17  263.5   17.8      --
 98  05/07/2020  0100    49.0   36.8    11.2     0.000   0   62.52  263.5   16.9      --
 99  05/07/2020  0200    47.7   37.3     9.6     0.000   0   66.83  263.6   15.9      --
100  05/07/2020  0300    46.7   37.2     8.1     0.000   0   69.54  263.6   15.0      --
101  05/07/2020  0400    45.8   37.4     6.6     0.000   0   72.37  263.7   14.0     492
102  05/07/2020  0500    45.2   37.5     6.1     0.000   0   74.18  262.8   12.9      --
103  05/07/2020  0600    45.4   37.5     5.5     0.000   0   73.72  261.8   11.9      --
104  05/07/2020  0700    46.3   37.7     5.0     0.000   0   71.64  260.5   10.8      --
105  05/07/2020  0800    48.0   34.3     4.5     0.000   0   59.01  259.0    9.7      --
106  05/07/2020  0900    50.3   33.9     4.0     0.000   0   53.08  257.1    8.7      --
107  05/07/2020  1000    53.3   33.5     3.5     0.000   0   46.68  254.6    7.6    4232
108  05/07/2020  1100    56.7   33.0     3.1     0.000   0   40.60  250.9    6.2      --
109  05/07/2020  1200    61.7   32.6     2.7     0.000   0   33.40  244.9    4.7      --
110  05/07/2020  1300    65.6   32.2     2.3     0.000   0   28.70  234.0    3.4      --
111  05/07/2020  1400    67.6   31.9     2.0     0.000   0   26.43  211.3    2.3      --
112  05/07/2020  1500    68.6   31.7     1.6     0.000   0   25.41  170.7    2.0      --
113  05/07/2020  1600    69.0   31.7     1.2     0.000   0   24.94  136.7    2.7  no_inv
114  05/07/2020  1700    69.1   31.7     1.7     0.000   0   24.93  114.6    3.4      --
115  05/07/2020  1800    68.2   31.9     2.3     0.000   0   25.87  100.9    4.3      --
116  05/07/2020  1900    65.7   32.0     2.8     0.000   0   28.29   92.6    5.5      --
117  05/07/2020  2000    64.4   32.0     3.3     0.000   0   29.62   87.2    6.7      --
118  05/07/2020  2100    63.1   32.0     3.8     0.000   0   31.02   83.4    7.9      --
119  05/07/2020  2200    61.7   32.0     4.3     0.000   0   32.50   80.7    9.2     447
120  05/07/2020  2300    60.6   33.3     6.0     0.000   0   35.73   68.4   10.0      --
121  05/08/2020  0000    60.1   35.9     7.7     0.000   0   40.37   58.4   11.2      --
122  05/08/2020  0100    59.7   36.7     9.4     0.000   0   42.21   50.5   12.7      --
123  05/08/2020  0200    59.4   36.6    11.1     0.000   0   42.48   44.4   14.4      --
124  05/08/2020  0300    59.2   35.1    12.8     0.000   0   40.32   39.6   16.2      --
125  05/08/2020  0400    59.2   35.2    14.5     0.000   0   40.49   35.8   18.1     407
126  05/08/2020  0500    59.1   35.2    14.7     0.000   0   40.60   37.3   18.3      --
127  05/08/2020  0600    59.2   35.1    14.9     0.000   0   40.40   38.8   18.5      --
128  05/08/2020  0700    59.7   35.0    15.1     0.000   0   39.56   40.2   18.8      --
129  05/08/2020  0800    60.6   34.9    15.3     0.000   0   38.09   41.6   19.0      --
130  05/08/2020  0900    62.0   34.8    15.5     0.000   0   36.08   43.0   19.3      --
131  05/08/2020  1000    63.8   34.6    15.7     0.000   0   33.68   44.4   19.6    8484
132  05/08/2020  1100    65.9   34.5    15.1     0.000   0   31.09   45.4   18.8      --
133  05/08/2020  1200    70.4   34.4    14.4     0.000   0   26.52   46.6   18.0      --
134  05/08/2020  1300    74.2   34.5    13.8     0.000   0   23.43   47.8   17.2      --
135  05/08/2020  1400    76.2   34.8    13.2     0.000   0   22.15   49.2   16.5      --
136  05/08/2020  1500    77.1   35.2    12.6     0.000   0   21.89   50.8   15.7      --
137  05/08/2020  1600    77.6   35.8    12.0     0.000   0   22.11   52.4   15.0  no_inv
138  05/08/2020  1700    77.6   35.8    12.1     0.000   0   22.06   47.6   14.9      --
139  05/08/2020  1800    76.7   35.5    12.1     0.000   0   22.44   42.8   14.9      --
140  05/08/2020  1900    74.2   35.3    12.2     0.000   0   24.26   37.9   15.0      --
141  05/08/2020  2000    72.8   35.4    12.3     0.000   0   25.53   33.2   15.2      --
142  05/08/2020  2100    71.3   35.7    12.4     0.000   0   27.11   28.7   15.5      --
143  05/08/2020  2200    69.9   36.3    12.5     0.000   0   29.10   24.4   15.9     421
144  05/08/2020  2300    67.6   38.3    11.3     0.000   0   34.17   31.5   14.2      --
145  05/09/2020  0000    66.0   39.3    10.2     0.000   0   37.47   40.4   12.7      --
146  05/09/2020  0100    64.6   39.8     9.1     0.000   0   40.13   51.4   11.6      --
147  05/09/2020  0200    63.4   40.1     7.9     0.000   0   42.23   64.1   11.0      --
148  05/09/2020  0300    62.5   38.5     6.8     0.000   0   41.06   77.5   11.0      --
149  05/09/2020  0400    61.9   37.4     5.7     0.000   0   40.21   90.3   11.6     218
150  05/09/2020  0500    61.5   36.9     5.8     0.000   0   39.93   80.5   10.1      --
151  05/09/2020  0600    61.7   37.0     5.8     0.000   0   39.82   68.1    9.1      --
152  05/09/2020  0700    62.5   37.1     5.9     0.000   0   38.84   53.5    8.6      --
153  05/09/2020  0800    64.0   38.2     6.0     0.000   0   38.52   38.1    8.7      --
154  05/09/2020  0900    66.1   38.1     6.0     0.000   0   35.62   24.0    9.4      --
155  05/09/2020  1000    68.7   37.9     6.1     0.000   0   32.33   12.4   10.5    3954
156  05/09/2020  1100    71.8   37.8     5.6     0.000   0   29.02   14.7    9.9      --
157  05/09/2020  1200    76.7   37.7     5.1     0.000   0   24.48   17.3    9.3      --
158  05/09/2020  1300    80.7   37.6     4.6     0.000   0   21.41   20.2    8.6      --
159  05/09/2020  1400    82.8   37.5     4.2     0.000   0   19.95   23.6    8.1      --
160  05/09/2020  1500    83.7   37.5     3.7     0.000   0   19.31   27.5    7.5      --
161  05/09/2020  1600    84.2   37.5     3.2     0.000   0   19.00   32.0    7.0  no_inv
162  05/09/2020  1700    84.3   37.5     5.2     0.000   0   18.95   28.7    9.0      --
163  05/09/2020  1800    83.4   37.5     7.2     0.000   0   19.49   26.6   10.9      --
164  05/09/2020  1900    80.7   39.5     9.2     0.000   0   23.02   25.2   12.9      --
165  05/09/2020  2000    78.8   39.1    11.2     0.000   0   24.15   24.1   14.9      --
166  05/09/2020  2100    76.8   37.5    13.2     0.000   0   24.15   23.3   16.9      --
167  05/09/2020  2200    74.9   37.5    15.2     0.000   0   25.75   22.7   18.9     793
