  Generated by FoxLW on Tuesday August 18, 2020 at 14:37 PDT
-------------------------------------------------------------------------------
  WSU Prosser
  46.2600:-119.7400  (46 15' 36.00"N  119 44' 24.00"W)  elev 928.5 feet    file: 300033
-------------------------------------------------------------------------------

Line#   Date     Hour   TempF  DewPtF WS(mph)  Rain(in) LW    RH%  WDir_50m WS_50m Inv(ft)
  5  08/18/2020  0400    77.5   38.0     3.4     0.000   0   24.10  283.5    7.4     206
  6  08/18/2020  0500    76.9   38.0     3.1     0.000   0   24.69  279.2    6.5      --
  7  08/18/2020  0600    76.7   40.9     2.8     0.000   0   27.83  273.5    5.7      --
  8  08/18/2020  0700    77.5   40.9     2.5     0.000   0   27.05  265.9    4.9      --
  9  08/18/2020  0800    79.5   40.9     2.2     0.000   0   25.32  255.5    4.2      --
 10  08/18/2020  0900    82.7   40.9     1.9     0.000   0   22.86  241.8    3.7      --
 11  08/18/2020  1000    86.7   40.9     1.6     0.000   0   20.12  225.3    3.5  no_inv
 12  08/18/2020  1100    91.1   40.9     2.1     0.000   0   17.52  244.5    4.0      --
 13  08/18/2020  1200    95.6   40.9     2.7     0.000   0   15.23  258.2    4.8      --
 14  08/18/2020  1300    98.9   40.9     3.2     0.000   0   13.76  267.4    5.9      --
 15  08/18/2020  1400   100.5   40.9     3.7     0.000   0   13.13  273.8    7.0      --
 16  08/18/2020  1500   101.3   40.8     4.3     0.000   0   12.79  278.3    8.2      --
 17  08/18/2020  1600   101.6   40.9     4.8     0.000   0   12.72  281.7    9.5  no_inv
 18  08/18/2020  1700   101.5   40.9     5.8     0.000   0   12.76  280.9   10.2      --
 19  08/18/2020  1800    99.6   41.0     6.8     0.000   0   13.51  280.2   10.9      --
 20  08/18/2020  1900    94.8   42.9     7.8     0.000   0   16.80  279.6   11.6      --
 21  08/18/2020  2000    89.4   43.0     8.9     0.000   0   20.00  279.1   12.3      --
 22  08/18/2020  2100    83.9   43.0     9.9     0.000   0   23.82  278.6   13.0      --
 23  08/18/2020  2200    78.4   42.8    10.9     0.000   0   28.16  278.2   13.8     139
 24  08/18/2020  2300    75.9   43.1     9.5     0.000   0   31.06  279.8   12.2      --
 25  08/19/2020  0000    74.8   43.1     8.0     0.000   0   32.18  281.9   10.7      --
 26  08/19/2020  0100    73.7   42.3     6.6     0.000   0   32.34  284.6    9.2      --
 27  08/19/2020  0200    72.5   41.7     5.2     0.000   0   32.97  288.4    7.8      --
 28  08/19/2020  0300    71.3   41.4     3.7     0.000   0   33.87  293.9    6.3      --
 29  08/19/2020  0400    70.2   40.9     2.3     0.000   0   34.49  302.4    5.0     894
 30  08/19/2020  0500    69.2   40.9     2.3     0.000   0   35.70  293.8    4.8      --
 31  08/19/2020  0600    69.0   40.9     2.3     0.000   0   36.03  284.2    4.6      --
 32  08/19/2020  0700    69.6   40.9     2.3     0.000   0   35.25  274.3    4.6      --
 33  08/19/2020  0800    71.2   39.0     2.3     0.000   0   30.97  264.6    4.7      --
 34  08/19/2020  0900    73.9   38.0     2.4     0.000   0   27.20  255.6    4.9      --
 35  08/19/2020  1000    77.4   36.8     2.4     0.000   0   23.16  247.6    5.3    4025
 36  08/19/2020  1100    81.6   35.7     3.0     0.000   0   19.29  260.9    5.6      --
 37  08/19/2020  1200    87.0   34.7     3.6     0.000   0   15.57  272.0    6.3      --
 38  08/19/2020  1300    91.2   33.8     4.2     0.000   0   13.14  280.8    7.1      --
 39  08/19/2020  1400    93.3   33.1     4.8     0.000   0   11.96  287.6    8.0      --
 40  08/19/2020  1500    94.5   32.6     5.4     0.000   0   11.36  292.9    9.1      --
 41  08/19/2020  1600    95.0   32.5     6.0     0.000   0   11.11  297.1   10.2  no_inv
 42  08/19/2020  1700    95.1   32.7     7.5     0.000   0   11.21  299.5   11.6      --
 43  08/19/2020  1800    93.2   33.5     9.1     0.000   0   12.25  301.3   13.1      --
 44  08/19/2020  1900    88.4   36.5    10.6     0.000   0   16.01  302.8   14.6      --
 45  08/19/2020  2000    83.0   36.3    12.1     0.000   0   18.84  304.0   16.0      --
 46  08/19/2020  2100    77.6   38.1    13.7     0.000   0   24.13  305.0   17.5      --
 47  08/19/2020  2200    72.3   40.1    15.2     0.000   0   31.17  305.8   19.0      57
 48  08/19/2020  2300    70.4   42.0    13.9     0.000   0   35.81  303.9   17.4      --
 49  08/20/2020  0000    70.0   43.9    12.5     0.000   0   38.91  301.5   15.8      --
 50  08/20/2020  0100    69.5   46.9    11.1     0.000   0   44.54  298.7   14.3      --
 51  08/20/2020  0200    68.8   48.6     9.8     0.000   0   48.56  295.2   12.8      --
 52  08/20/2020  0300    68.1   49.4     8.4     0.000   0   51.19  290.8   11.3      --
 53  08/20/2020  0400    67.4   44.5     7.1     0.000   0   43.75  285.1   10.0     813
 54  08/20/2020  0500    66.6   40.2     6.3     0.000   0   37.97  279.3    8.4      --
 55  08/20/2020  0600    66.4   37.4     5.5     0.000   0   34.30  271.0    7.0      --
 56  08/20/2020  0700    66.9   33.2     4.7     0.000   0   28.63  258.9    5.8      --
 57  08/20/2020  0800    68.1   38.7     3.9     0.000   0   33.94  241.6    4.9      --
 58  08/20/2020  0900    70.2   44.0     3.1     0.000   0   38.93  220.0    4.7      --
 59  08/20/2020  1000    73.0   46.4     2.3     0.000   0   38.70  199.2    5.1  no_inv
 60  08/20/2020  1100    76.3   46.0     3.7     0.000   0   34.24  214.5    6.0      --
 61  08/20/2020  1200    79.8   45.7     5.0     0.000   0   30.21  225.2    7.2      --
 62  08/20/2020  1300    82.6   46.1     6.4     0.000   0   27.90  232.7    8.5      --
 63  08/20/2020  1400    84.2   46.6     7.8     0.000   0   27.10  238.1   10.0      --
 64  08/20/2020  1500    85.2   47.2     9.1     0.000   0   26.83  242.0   11.6      --
 65  08/20/2020  1600    85.9   47.7    10.5     0.000   0   26.74  245.0   13.1  no_inv
 66  08/20/2020  1700    86.1   47.2    11.6     0.000   0   26.04  254.2   13.9      --
 67  08/20/2020  1800    84.7   46.7    12.7     0.000   0   26.69  262.3   14.9      --
 68  08/20/2020  1900    81.2   46.7    13.8     0.000   0   29.89  269.2   16.3      --
 69  08/20/2020  2000    77.8   47.5    14.8     0.000   0   34.33  275.0   17.8      --
 70  08/20/2020  2100    74.4   48.5    15.9     0.000   0   40.05  279.8   19.5      --
 71  08/20/2020  2200    71.0   49.8    17.0     0.000   0   46.99  283.8   21.2     739
 72  08/20/2020  2300    69.9   51.0    15.6     0.000   0   51.09  281.2   19.4      --
 73  08/21/2020  0000    69.4   52.1    14.2     0.000   0   54.17  278.1   17.7      --
 74  08/21/2020  0100    68.8   53.0    12.8     0.000   0   57.28  274.3   16.0      --
 75  08/21/2020  0200    68.1   55.2    11.4     0.000   0   63.36  269.6   14.4      --
 76  08/21/2020  0300    67.5   56.2    10.1     0.000   0   67.19  263.8   12.9      --
 77  08/21/2020  0400    66.9   56.4     8.7     0.000   0   69.05  256.6   11.5   14301
 78  08/21/2020  0500    66.3   55.5     7.7     0.000   0   68.16  254.8   10.7      --
 79  08/21/2020  0600    66.1   52.5     6.8     0.000   0   61.56  252.7    9.9      --
 80  08/21/2020  0700    66.6   50.2     5.9     0.000   0   55.56  250.3    9.1      --
 81  08/21/2020  0800    67.8   53.1     5.0     0.000   0   59.39  247.4    8.4      --
 82  08/21/2020  0900    69.9   52.5     4.1     0.000   0   54.07  244.0    7.6      --
 83  08/21/2020  1000    72.7   51.9     3.1     0.000   0   48.04  239.9    6.9    6452
 84  08/21/2020  1100    76.0   51.2     5.2     0.000   0   41.92  251.6    8.6      --
 85  08/21/2020  1200    79.5   50.6     7.2     0.000   0   36.57  259.3   10.5      --
 86  08/21/2020  1300    82.2   50.7     9.2     0.000   0   33.69  264.6   12.6      --
 87  08/21/2020  1400    83.7   50.9    11.2     0.000   0   32.26  268.4   14.7      --
 88  08/21/2020  1500    84.7   50.5    13.2     0.000   0   30.83  271.2   16.9      --
 89  08/21/2020  1600    85.3   49.7    15.2     0.000   0   29.35  273.4   19.1  no_inv
 90  08/21/2020  1700    85.3   49.9    15.0     0.000   0   29.55  278.1   18.4      --
 91  08/21/2020  1800    82.7   49.8    14.7     0.000   0   32.06  283.1   17.8      --
 92  08/21/2020  1900    78.7   49.7    14.4     0.000   0   36.23  288.4   17.4      --
 93  08/21/2020  2000    74.8   49.4    14.2     0.000   0   40.86  293.9   17.2      --
 94  08/21/2020  2100    70.8   49.0    13.9     0.000   0   46.00  299.5   17.1      --
 95  08/21/2020  2200    66.9   48.9    13.6     0.000   0   52.43  305.1   17.2     870
 96  08/21/2020  2300    65.5   50.1    11.9     0.000   0   57.38  305.5   15.6      --
 97  08/22/2020  0000    64.7   50.2    10.2     0.000   0   59.46  306.1   14.0      --
 98  08/22/2020  0100    63.8   50.6     8.5     0.000   0   62.27  306.8   12.4      --
 99  08/22/2020  0200    62.7   51.0     6.8     0.000   0   65.42  307.6   10.8      --
100  08/22/2020  0300    61.7   51.2     5.1     0.000   0   68.44  308.9    9.2      --
101  08/22/2020  0400    60.8   51.4     3.5     0.000   0   71.26  310.5    7.6     896
102  08/22/2020  0500    59.9   51.7     3.2     0.000   0   74.26  305.7    6.8      --
103  08/22/2020  0600    59.5   51.7     2.9     0.000   0   75.17  299.5    5.9      --
104  08/22/2020  0700    60.1   51.7     2.7     0.000   0   73.63  291.5    5.2      --
105  08/22/2020  0800    61.7   46.3     2.4     0.000   0   56.92  281.2    4.7      --
106  08/22/2020  0900    64.3   44.7     2.1     0.000   0   48.93  268.6    4.2      --
107  08/22/2020  1000    67.8   43.4     1.9     0.000   0   41.19  254.2    4.1    4831
108  08/22/2020  1100    72.1   42.1     2.0     0.000   0   33.86  263.1    4.3      --
109  08/22/2020  1200    77.5   40.9     2.2     0.000   0   26.96  271.3    4.5      --
110  08/22/2020  1300    81.9   39.8     2.3     0.000   0   22.46  278.4    4.9      --
111  08/22/2020  1400    84.1   39.0     2.5     0.000   0   20.28  284.5    5.3      --
112  08/22/2020  1500    85.2   38.5     2.7     0.000   0   19.15  289.6    5.7      --
113  08/22/2020  1600    85.8   38.3     2.8     0.000   0   18.68  294.0    6.2    7749
114  08/22/2020  1700    85.9   38.4     2.8     0.000   0   18.71  297.1    6.2      --
115  08/22/2020  1800    84.0   38.7     2.8     0.000   0   20.08  300.2    6.1      --
116  08/22/2020  1900    81.3   39.1     2.8     0.000   0   22.21  303.3    6.1      --
117  08/22/2020  2000    79.1   39.1     2.8     0.000   0   23.91  306.5    6.1      --
118  08/22/2020  2100    76.8   39.1     2.8     0.000   0   25.75  309.6    6.1      --
119  08/22/2020  2200    74.6   39.1     2.8     0.000   0   27.76  312.7    6.2     850
120  08/22/2020  2300    71.9   39.1     2.8     0.000   0   30.39  308.4    6.2      --
121  08/23/2020  0000    70.1   39.1     2.9     0.000   0   32.34  304.1    6.3      --
122  08/23/2020  0100    68.4   39.1     3.0     0.000   0   34.19  299.9    6.4      --
123  08/23/2020  0200    67.0   39.1     3.0     0.000   0   35.89  295.9    6.5      --
124  08/23/2020  0300    65.8   39.1     3.0     0.000   0   37.36  292.0    6.7      --
125  08/23/2020  0400    64.9   39.1     3.1     0.000   0   38.53  288.4    6.9     324
126  08/23/2020  0500    64.3   39.1     3.0     0.000   0   39.36  282.8    6.3      --
127  08/23/2020  0600    64.0   39.1     2.8     0.000   0   39.79  276.2    5.8      --
128  08/23/2020  0700    64.7   39.1     2.7     0.000   0   38.92  268.5    5.4      --
129  08/23/2020  0800    66.4   41.5     2.5     0.000   0   40.33  259.8    5.1      --
130  08/23/2020  0900    69.2   40.5     2.4     0.000   0   35.12  250.2    4.9      --
131  08/23/2020  1000    73.0   39.3     2.2     0.000   0   29.57  240.2    4.9    4026
132  08/23/2020  1100    77.4   38.2     2.0     0.000   0   24.38  240.5    4.5      --
133  08/23/2020  1200    82.7   37.2     1.9     0.000   0   19.71  240.8    4.1      --
134  08/23/2020  1300    86.8   36.2     1.7     0.000   0   16.66  241.2    3.7      --
135  08/23/2020  1400    88.9   35.5     1.5     0.000   0   15.19  241.7    3.3      --
136  08/23/2020  1500    90.0   35.1     1.3     0.000   0   14.43  242.4    2.9      --
137  08/23/2020  1600    90.5   35.0     1.1     0.000   0   14.11  243.2    2.5  no_inv
138  08/23/2020  1700    90.5   35.0     2.6     0.000   0   14.15  272.0    3.7      --
139  08/23/2020  1800    88.6   35.3     4.1     0.000   0   15.15  285.1    5.3      --
140  08/23/2020  1900    84.3   36.0     5.6     0.000   0   17.90  291.8    7.1      --
141  08/23/2020  2000    79.5   37.4     7.1     0.000   0   22.04  295.8    9.0      --
142  08/23/2020  2100    74.8   38.8     8.5     0.000   0   27.25  298.5   10.8      --
143  08/23/2020  2200    70.0   39.4    10.0     0.000   0   32.79  300.3   12.7      70
144  08/23/2020  2300    67.2   40.0     9.2     0.000   0   37.00  299.8   12.2      --
145  08/24/2020  0000    65.8   40.6     8.5     0.000   0   39.69  299.3   11.8      --
146  08/24/2020  0100    64.4   40.6     7.7     0.000   0   41.65  298.8   11.3      --
147  08/24/2020  0200    63.1   39.5     7.0     0.000   0   41.76  298.2   10.8      --
148  08/24/2020  0300    61.8   38.0     6.2     0.000   0   41.32  297.5   10.4      --
149  08/24/2020  0400    60.7   37.1     5.4     0.000   0   41.40  296.8    9.9     827
150  08/24/2020  0500    59.7   36.5     5.4     0.000   0   41.78  290.8    9.6      --
151  08/24/2020  0600    59.4   36.4     5.4     0.000   0   42.22  284.4    9.4      --
152  08/24/2020  0700    60.1   36.3     5.4     0.000   0   40.92  277.8    9.3      --
153  08/24/2020  0800    62.1   37.5     5.4     0.000   0   40.07  271.2    9.4      --
154  08/24/2020  0900    65.3   36.4     5.4     0.000   0   34.26  264.8    9.5      --
155  08/24/2020  1000    69.5   35.2     5.4     0.000   0   28.29  258.6    9.8    4763
156  08/24/2020  1100    74.2   34.1     5.0     0.000   0   23.05  260.7    9.2      --
157  08/24/2020  1200    79.0   33.0     4.6     0.000   0   18.82  263.0    8.7      --
158  08/24/2020  1300    82.6   32.0     4.2     0.000   0   16.12  265.7    8.1      --
159  08/24/2020  1400    84.3   31.3     3.8     0.000   0   14.80  268.7    7.6      --
160  08/24/2020  1500    85.2   30.9     3.4     0.000   0   14.13  272.2    7.1      --
161  08/24/2020  1600    85.6   30.7     3.0     0.000   0   13.86  276.2    6.6   10168
162  08/24/2020  1700    85.6   30.7     4.7     0.000   0   13.89  275.1    8.3      --
163  08/24/2020  1800    83.7   30.7     6.5     0.000   0   14.75  274.3   10.0      --
164  08/24/2020  1900    78.7   32.7     8.2     0.000   0   18.82  273.8   11.7      --
165  08/24/2020  2000    72.9   32.7     9.9     0.000   0   22.83  273.4   13.4      --
166  08/24/2020  2100    67.1   32.1    11.7     0.000   0   27.20  273.1   15.1      --
167  08/24/2020  2200    61.2   30.7    13.4     0.000   0   31.43  272.8   16.8     878
