  Generated by FoxLW on Tuesday August 18, 2020 at 14:37 PDT
-------------------------------------------------------------------------------
  WSU Othello
  46.7900:-119.0400  (46 47' 24.00"N  119 2' 24.00"W)  elev 1204.1 feet    file: 300122
-------------------------------------------------------------------------------

Line#   Date     Hour   TempF  DewPtF WS(mph)  Rain(in) LW    RH%  WDir_50m WS_50m Inv(ft)
  5  08/18/2020  0400    57.7   55.4     0.9     0.000  10   91.97  303.9    5.2  no_inv
  6  08/18/2020  0500    57.5   54.0     1.3     0.000  10   88.05  296.7    4.9      --
  7  08/18/2020  0600    57.5   53.0     1.6     0.000  10   84.85  288.8    4.7      --
  8  08/18/2020  0700    59.6   52.8     2.0     0.000   5   78.36  280.4    4.6      --
  9  08/18/2020  0800    65.3   52.6     2.3     0.000   0   63.59  271.8    4.7      --
 10  08/18/2020  0900    72.8   53.8     2.3     0.000   0   51.38  263.5    4.8      --
 11  08/18/2020  1000    80.8   54.3     2.2     0.000   0   40.27  255.7    5.0  no_inv
 12  08/18/2020  1100    88.7   55.5     2.6     0.000   0   32.60  246.4    5.5      --
 13  08/18/2020  1200    93.3   55.8     2.9     0.000   0   28.50  238.7    6.1      --
 14  08/18/2020  1300    96.6   55.8     3.3     0.000   0   25.83  232.5    6.8      --
 15  08/18/2020  1400    98.1   54.3     3.6     0.000   0   23.38  227.5    7.5      --
 16  08/18/2020  1500    98.8   50.5     4.0     0.000   0   19.82  223.5    8.3      --
 17  08/18/2020  1600    99.2   45.7     4.3     0.000   0   16.42  220.2    9.2  no_inv
 18  08/18/2020  1700    99.1   41.9     7.0     0.000   0   14.20  253.7    6.6      --
 19  08/18/2020  1800    97.2   40.4     9.6     0.000   0   14.21  295.8    7.5      --
 20  08/18/2020  1900    91.7   35.3    12.3     0.000   0   13.79  319.3   11.1      --
 21  08/18/2020  2000    85.2   35.4    14.9     0.000   0   16.99  330.5   15.6      --
 22  08/18/2020  2100    78.6   35.5    17.6     0.000   0   21.05  336.5   20.4      --
 23  08/18/2020  2200    72.1   35.5    20.3     0.000   0   26.24  340.2   25.3  no_inv
 24  08/18/2020  2300    67.4   35.6    17.4     0.000   0   30.87  337.1   21.0      --
 25  08/19/2020  0000    64.8   35.7    14.6     0.000   0   33.92  332.3   16.7      --
 26  08/19/2020  0100    62.2   36.8    11.7     0.000   0   38.82  324.4   12.6      --
 27  08/19/2020  0200    58.0   42.2     6.1     0.000   0   55.65  309.6    9.1      --
 28  08/19/2020  0300    55.9   47.6     3.2     0.000   0   73.61  280.7    6.7      --
 29  08/19/2020  0400    54.7   51.6     1.3     0.000   5   89.26  242.1    7.0  no_inv
 30  08/19/2020  0500    54.4   51.4     1.9     0.000  10   89.57  235.0    7.1      --
 31  08/19/2020  0600    54.3   50.7     2.5     0.000  10   87.78  228.1    7.3      --
 32  08/19/2020  0700    55.9   50.9     3.2     0.000   5   83.06  221.8    7.6      --
 33  08/19/2020  0800    60.4   51.2     3.8     0.000   0   71.61  216.0    8.0      --
 34  08/19/2020  0900    66.6   52.3     4.0     0.000   0   60.02  210.8    8.5      --
 35  08/19/2020  1000    73.9   53.3     4.2     0.000   0   48.48  206.1    9.0    3760
 36  08/19/2020  1100    81.0   54.0     4.1     0.000   0   39.43  209.2    8.8      --
 37  08/19/2020  1200    86.1   54.2     4.1     0.000   0   33.76  212.3    8.7      --
 38  08/19/2020  1300    89.8   54.2     4.0     0.000   0   30.09  215.5    8.6      --
 39  08/19/2020  1400    91.5   52.8     4.0     0.000   0   27.08  218.7    8.5      --
 40  08/19/2020  1500    92.4   49.2     3.9     0.000   0   23.04  222.1    8.5      --
 41  08/19/2020  1600    92.8   44.8     3.8     0.000   0   19.23  225.4    8.5  no_inv
 42  08/19/2020  1700    92.8   41.2     6.4     0.000   0   16.76  258.7    7.0      --
 43  08/19/2020  1800    90.9   39.8     9.0     0.000   0   16.85  292.6    8.3      --
 44  08/19/2020  1900    84.3   39.7    11.6     0.000   0   20.70  312.4   11.5      --
 45  08/19/2020  2000    76.3   41.5    14.1     0.000   0   28.77  322.8   15.5      --
 46  08/19/2020  2100    68.3   43.9    16.7     0.000   0   41.28  328.9   19.7      --
 47  08/19/2020  2200    60.3   44.8    19.3     0.000   0   56.40  332.8   24.1  no_inv
 48  08/19/2020  2300    57.2   44.8    18.2     0.000   0   63.15  328.5   22.3      --
 49  08/20/2020  0000    57.2   44.8    17.2     0.000   0   63.19  323.4   20.5      --
 50  08/20/2020  0100    58.1   44.8    16.1     0.000   0   61.16  317.4   19.0      --
 51  08/20/2020  0200    58.5   44.8    15.0     0.000   0   60.33  310.5   17.7      --
 52  08/20/2020  0300    58.5   44.9    14.0     0.000   0   60.45  302.6   16.8      --
 53  08/20/2020  0400    58.2   44.9    12.9     0.000   0   61.39  293.9   16.1  no_inv
 54  08/20/2020  0500    57.5   45.0    12.8     0.000   0   63.06  287.3   15.4      --
 55  08/20/2020  0600    57.2   45.0    12.7     0.000   0   63.70  280.1   14.8      --
 56  08/20/2020  0700    58.4   45.1    12.6     0.000   0   61.23  272.5   14.6      --
 57  08/20/2020  0800    61.1   45.2    12.5     0.000   0   55.70  264.7   14.6      --
 58  08/20/2020  0900    65.3   45.2    12.4     0.000   0   48.24  257.1   14.8      --
 59  08/20/2020  1000    70.3   45.3    12.2     0.000   0   40.69  249.9   15.3  no_inv
 60  08/20/2020  1100    74.8   45.3    10.9     0.000   0   35.02  246.1   14.0      --
 61  08/20/2020  1200    78.1   45.4     9.6     0.000   0   31.47  241.5   12.7      --
 62  08/20/2020  1300    80.5   45.9     8.2     0.000   0   29.64  235.9   11.6      --
 63  08/20/2020  1400    81.8   46.4     6.9     0.000   0   28.95  229.2   10.6      --
 64  08/20/2020  1500    82.7   46.9     5.5     0.000   0   28.65  221.3    9.7      --
 65  08/20/2020  1600    83.3   47.4     4.2     0.000   0   28.68  212.0    9.1  no_inv
 66  08/20/2020  1700    83.4   47.4     5.3     0.000   0   28.55  229.5    7.4      --
 67  08/20/2020  1800    80.9   47.2     6.4     0.000   0   30.72  253.7    6.7      --
 68  08/20/2020  1900    75.5   48.4     7.6     0.000   0   38.46  278.3    7.2      --
 69  08/20/2020  2000    70.0   50.3     8.7     0.000   0   49.67  296.5    8.9      --
 70  08/20/2020  2100    64.5   52.2     9.8     0.000   0   64.40  308.2   11.1      --
 71  08/20/2020  2200    59.1   52.3    10.9     0.000   0   78.19  315.8   13.7  no_inv
 72  08/20/2020  2300    57.8   52.2    11.0     0.000   0   81.71  302.1   11.5      --
 73  08/21/2020  0000    57.8   52.2    11.1     0.000   0   81.53  283.7   10.3      --
 74  08/21/2020  0100    58.6   52.1    11.2     0.000   0   79.01  263.2   10.3      --
 75  08/21/2020  0200    59.0   52.0    11.3     0.000   0   77.73  245.0   11.6      --
 76  08/21/2020  0300    59.0   51.9    11.4     0.000   0   77.41  231.4   13.7      --
 77  08/21/2020  0400    58.7   51.8    11.5     0.000   0   77.88  221.9   16.5     505
 78  08/21/2020  0500    58.1   51.6    11.6     0.000   0   79.05  222.2   16.2      --
 79  08/21/2020  0600    57.8   51.5    11.6     0.000   0   79.38  222.6   15.9      --
 80  08/21/2020  0700    58.8   51.3    11.7     0.000   0   76.15  223.0   15.7      --
 81  08/21/2020  0800    61.3   49.8    11.8     0.000   0   65.83  223.4   15.4      --
 82  08/21/2020  0900    65.2   49.7    11.9     0.000   0   57.18  223.8   15.2      --
 83  08/21/2020  1000    70.0   49.6    12.0     0.000   0   48.30  224.2   14.9  no_inv
 84  08/21/2020  1100    74.5   49.5    11.4     0.000   0   41.39  223.8   14.4      --
 85  08/21/2020  1200    78.1   49.4    10.8     0.000   0   36.67  223.3   13.8      --
 86  08/21/2020  1300    80.6   49.9    10.3     0.000   0   34.38  222.8   13.2      --
 87  08/21/2020  1400    82.1   50.6     9.7     0.000   0   33.58  222.2   12.7      --
 88  08/21/2020  1500    83.0   51.2     9.1     0.000   0   33.38  221.6   12.1      --
 89  08/21/2020  1600    83.6   51.9     8.6     0.000   0   33.59  220.9   11.5   11522
 90  08/21/2020  1700    83.4   51.9     9.7     0.000   0   33.79  239.8    9.9      --
 91  08/21/2020  1800    80.3   50.8    10.9     0.000   0   35.88  262.5    9.7      --
 92  08/21/2020  1900    76.2   49.6    12.0     0.000   0   39.32  283.0   10.9      --
 93  08/21/2020  2000    72.0   48.4    13.2     0.000   0   43.20  297.9   13.2      --
 94  08/21/2020  2100    67.9   47.3    14.4     0.000   0   47.79  307.9   16.2      --
 95  08/21/2020  2200    63.8   46.7    15.5     0.000   0   53.82  314.7   19.4     437
 96  08/21/2020  2300    60.3   46.0    13.3     0.000   0   59.19  312.6   16.8      --
 97  08/22/2020  0000    57.6   46.8    11.1     0.000   0   67.12  309.9   14.1      --
 98  08/22/2020  0100    54.9   46.5     8.9     0.000   0   73.23  305.9   11.6      --
 99  08/22/2020  0200    50.2   48.6     4.4     0.000   5   94.36  299.6    9.1      --
100  08/22/2020  0300    48.1   47.6     2.2     0.000  10   98.35  288.9    6.8      --
101  08/22/2020  0400    46.9   46.3     0.9     0.000  10   97.73  268.8    4.9  no_inv
102  08/22/2020  0500    46.6   45.8     1.3     0.000  10   97.07  260.9    5.3      --
103  08/22/2020  0600    46.5   46.0     1.9     0.000  10   98.43  254.2    5.8      --
104  08/22/2020  0700    47.9   47.3     2.5     0.000  10   97.78  248.5    6.3      --
105  08/22/2020  0800    52.1   48.8     3.2     0.000  10   88.44  243.7    6.9      --
106  08/22/2020  0900    58.1   50.4     3.4     0.000   5   75.57  239.7    7.5      --
107  08/22/2020  1000    65.3   51.9     3.7     0.000   0   61.92  236.3    8.1    4567
108  08/22/2020  1100    72.2   52.9     3.4     0.000   0   50.76  236.8    7.5      --
109  08/22/2020  1200    77.2   53.3     3.2     0.000   0   43.55  237.4    6.9      --
110  08/22/2020  1300    80.7   53.3     2.9     0.000   0   38.73  238.1    6.4      --
111  08/22/2020  1400    82.5   52.0     2.6     0.000   0   34.96  238.9    5.8      --
112  08/22/2020  1500    83.4   48.7     2.3     0.000   0   30.04  239.9    5.2      --
113  08/22/2020  1600    83.8   44.6     2.1     0.000   0   25.41  241.2    4.6    6266
114  08/22/2020  1700    83.8   41.3     2.0     0.000   0   22.40  237.9    4.4      --
115  08/22/2020  1800    81.9   40.0     2.0     0.000   0   22.67  234.2    4.2      --
116  08/22/2020  1900    76.1   45.4     1.9     0.000   0   33.75  230.3    4.1      --
117  08/22/2020  2000    68.1   49.1     1.5     0.000   0   50.77  226.1    4.0      --
118  08/22/2020  2100    60.1   50.1     1.2     0.000   0   69.54  221.7    3.9      --
119  08/22/2020  2200    52.1   47.7     0.9     0.000   5   85.11  217.1    3.8  no_inv
120  08/22/2020  2300    45.5   45.5     0.9     0.000  10  100.00  213.4    3.5      --
121  08/23/2020  0000    43.8   43.8     0.8     0.000  10  100.00  209.1    3.2      --
122  08/23/2020  0100    42.3   42.3     0.7     0.000  10  100.00  203.8    2.9      --
123  08/23/2020  0200    41.5   41.5     0.7     0.000  10  100.00  197.4    2.6      --
124  08/23/2020  0300    40.9   40.7     0.6     0.000  10   99.20  189.7    2.4      --
125  08/23/2020  0400    40.4   39.9     0.6     0.000  10   97.91  180.6    2.2  no_inv
126  08/23/2020  0500    40.2   39.5     0.8     0.000  10   97.13  195.8    2.6      --
127  08/23/2020  0600    40.1   39.9     1.1     0.000  10   99.24  206.7    3.1      --
128  08/23/2020  0700    42.4   42.0     1.5     0.000  10   98.45  214.4    3.6      --
129  08/23/2020  0800    49.2   44.7     2.0     0.000   5   84.33  219.9    4.3      --
130  08/23/2020  0900    57.2   46.4     2.3     0.000   0   67.04  223.9    4.9      --
131  08/23/2020  1000    65.2   46.7     2.5     0.000   0   51.09  227.1    5.6    7051
132  08/23/2020  1100    73.2   47.7     2.7     0.000   0   40.48  227.8    6.1      --
133  08/23/2020  1200    81.2   51.7     3.0     0.000   0   36.02  228.3    6.5      --
134  08/23/2020  1300    85.4   52.6     3.2     0.000   0   32.56  228.9    7.0      --
135  08/23/2020  1400    87.0   51.5     3.4     0.000   0   29.71  229.3    7.5      --
136  08/23/2020  1500    87.8   48.5     3.6     0.000   0   25.95  229.7    7.9      --
137  08/23/2020  1600    88.2   44.9     3.8     0.000   0   22.36  230.1    8.4  no_inv
138  08/23/2020  1700    88.1   42.0     6.2     0.000   0   20.01  261.7    7.0      --
139  08/23/2020  1800    86.2   40.8     8.6     0.000   0   20.33  294.4    8.2      --
140  08/23/2020  1900    80.1   38.4    11.1     0.000   0   22.52  314.4   11.1      --
141  08/23/2020  2000    72.6   36.8    13.5     0.000   0   27.17  325.2   14.8      --
142  08/23/2020  2100    65.1   36.9    15.9     0.000   0   35.26  331.6   18.8      --
143  08/23/2020  2200    57.6   37.0    18.4     0.000   0   46.17  335.7   22.9  no_inv
144  08/23/2020  2300    54.1   37.2    16.2     0.000   0   52.59  331.4   19.9      --
145  08/24/2020  0000    52.9   37.3    14.1     0.000   0   55.27  325.4   17.0      --
146  08/24/2020  0100    51.6   37.4    12.0     0.000   0   58.23  317.2   14.3      --
147  08/24/2020  0200    50.2   39.0     9.9     0.000   0   65.03  305.6   12.1      --
148  08/24/2020  0300    49.0   40.0     7.8     0.000   0   71.03  289.6   10.5      --
149  08/24/2020  0400    47.8   42.8     5.7     0.000   0   82.49  270.4   10.0  no_inv
150  08/24/2020  0500    46.8   43.7     5.8     0.000   0   88.87  264.3    9.8      --
151  08/24/2020  0600    46.4   43.6     5.9     0.000   0   89.82  258.1    9.6      --
152  08/24/2020  0700    48.3   44.5     6.0     0.000   0   86.51  251.8    9.6      --
153  08/24/2020  0800    52.7   39.1     6.1     0.000   0   59.73  245.5    9.8      --
154  08/24/2020  0900    59.2   34.5     6.2     0.000   0   39.26  239.4   10.0      --
155  08/24/2020  1000    66.8   33.4     6.2     0.000   0   28.85  233.7   10.3    6710
156  08/24/2020  1100    73.6   32.3     8.4     0.000   0   21.97  247.8   11.8      --
157  08/24/2020  1200    77.7   31.4    10.6     0.000   0   18.40  258.2   13.8      --
158  08/24/2020  1300    80.6   31.0    12.8     0.000   0   16.51  265.8   16.2      --
159  08/24/2020  1400    81.9   30.2    15.0     0.000   0   15.31  271.3   18.8      --
160  08/24/2020  1500    82.6   29.5    17.2     0.000   0   14.53  275.5   21.5      --
161  08/24/2020  1600    82.8   29.3    19.4     0.000   0   14.33  278.8   24.3    9501
162  08/24/2020  1700    82.7   29.3    20.4     0.000   0   14.38  286.3   24.6      --
163  08/24/2020  1800    80.8   29.3    21.4     0.000   0   15.29  293.5   25.4      --
164  08/24/2020  1900    74.8   29.3    22.4     0.000   0   18.64  300.1   26.6      --
165  08/24/2020  2000    67.5   29.3    23.4     0.000   0   23.90  306.1   28.0      --
166  08/24/2020  2100    60.1   29.3    24.4     0.000   0   30.89  311.5   29.8      --
167  08/24/2020  2200    52.8   29.3    25.4     0.000   0   40.27  316.2   31.8  no_inv
