  Generated by FoxLW on Thursday April 2, 2020 at 02:32 PDT
-------------------------------------------------------------------------------
  Wheelhouse
  46.0300:-119.5300  (46 1' 48.00"N  119 31' 48.00"W)  elev 912.1 feet    file: 100065
-------------------------------------------------------------------------------

Line#   Date     Hour   TempF  DewPtF WS(mph)  Rain(in) LW    RH%  WDir_50m WS_50m Inv(ft)
  5  04/02/2020  0400    35.0   24.8     2.6     0.000   0   65.91  323.2    5.8    1010
  6  04/02/2020  0500    34.6   24.8     2.5     0.000   0   67.14  316.5    4.4      --
  7  04/02/2020  0600    34.2   24.9     2.4     0.000   0   68.26  304.1    3.2      --
  8  04/02/2020  0700    34.5   25.0     2.2     0.000   0   67.82  278.8    2.2      --
  9  04/02/2020  0800    35.6   25.1     2.1     0.000   0   65.45  238.1    2.1      --
 10  04/02/2020  0900    37.4   24.1     2.0     0.000   0   58.33  207.7    2.8      --
 11  04/02/2020  1000    40.0   24.1     1.8     0.000   0   52.74  192.8    4.1  no_inv
 12  04/02/2020  1100    42.9   24.1     1.8     0.000   0   47.06  199.1    3.9      --
 13  04/02/2020  1200    45.8   24.1     1.8     0.000   0   42.28  206.0    3.7      --
 14  04/02/2020  1300    48.2   24.1     1.8     0.000   0   38.59  213.3    3.6      --
 15  04/02/2020  1400    49.6   24.1     1.8     0.000   0   36.59  220.9    3.6      --
 16  04/02/2020  1500    50.5   24.1     1.7     0.000   0   35.35  228.4    3.7      --
 17  04/02/2020  1600    51.2   24.1     1.7     0.000   0   34.51  235.6    3.8  no_inv
 18  04/02/2020  1700    51.1   24.2     3.3     0.000   0   34.68  272.5    4.0      --
 19  04/02/2020  1800    50.9   24.5     4.9     0.000   0   35.37  297.0    5.4      --
 20  04/02/2020  1900    50.7   25.5     6.6     0.000   0   37.05  309.9    7.4      --
 21  04/02/2020  2000    48.4   26.5     8.2     0.000   0   42.28  317.0    9.6      --
 22  04/02/2020  2100    46.1   26.7     9.8     0.000   0   46.54  321.5   11.9      --
 23  04/02/2020  2200    43.7   26.5    11.4     0.000   0   50.30  324.5   14.3     282
 24  04/02/2020  2300    41.4   27.1    10.0     0.000   0   56.61  319.5   12.0      --
 25  04/03/2020  0000    39.8   27.3     8.6     0.000   0   60.76  312.0    9.8      --
 26  04/03/2020  0100    38.3   26.6     7.2     0.000   0   62.59  300.7    7.8      --
 27  04/03/2020  0200    36.9   25.8     5.7     0.000   0   63.77  283.2    6.4      --
 28  04/03/2020  0300    35.8   25.3     4.3     0.000   0   65.29  259.3    5.8      --
 29  04/03/2020  0400    34.8   24.5     2.9     0.000   0   65.44  235.1    6.3     293
 30  04/03/2020  0500    34.1   24.5     4.7     0.000   0   67.31  231.5    8.1      --
 31  04/03/2020  0600    33.7   26.0     6.4     0.000   0   72.94  229.1    9.9      --
 32  04/03/2020  0700    34.1   27.6     8.2     0.000   0   76.73  227.5   11.6      --
 33  04/03/2020  0800    35.3   27.5    10.0     0.000   0   72.67  226.3   13.4      --
 34  04/03/2020  0900    37.5   25.3    11.8     0.000   0   61.12  225.4   15.2      --
 35  04/03/2020  1000    40.4   25.2    13.6     0.000   0   54.23  224.7   17.0  no_inv
 36  04/03/2020  1100    43.6   25.1    13.7     0.000   0   47.66  230.1   16.8      --
 37  04/03/2020  1200    46.3   25.0    13.8     0.000   0   42.77  235.7   16.6      --
 38  04/03/2020  1300    48.6   25.0    13.9     0.000   0   39.42  241.3   16.7      --
 39  04/03/2020  1400    50.0   25.2    14.0     0.000   0   37.68  246.8   16.9      --
 40  04/03/2020  1500    50.8   25.3    14.0     0.000   0   36.73  252.2   17.2      --
 41  04/03/2020  1600    51.4   25.5    14.1     0.000   0   36.19  257.3   17.7    3778
 42  04/03/2020  1700    51.8   26.2    12.2     0.000   0   36.78  258.7   15.7      --
 43  04/03/2020  1800    50.8   26.2    10.4     0.000   0   38.07  260.6   13.7      --
 44  04/03/2020  1900    48.9   27.1     8.5     0.000   0   42.49  263.2   11.8      --
 45  04/03/2020  2000    47.8   26.8     6.6     0.000   0   43.72  266.7    9.8      --
 46  04/03/2020  2100    45.5   26.7     4.7     0.000   0   47.49  272.0    7.9      --
 47  04/03/2020  2200    43.1   26.6     2.8     0.000   0   51.70  280.4    6.2    2557
 48  04/03/2020  2300    41.0   26.3     2.7     0.000   0   55.46  283.4    4.5      --
 49  04/04/2020  0000    39.7   26.3     2.5     0.000   0   58.39  290.0    2.8      --
 50  04/04/2020  0100    38.4   26.3     2.4     0.000   0   61.30  314.5    1.2      --
 51  04/04/2020  0200    37.3   26.3     2.2     0.000   0   64.05   46.2    1.1      --
 52  04/04/2020  0300    36.3   26.3     2.1     0.000   0   66.56   74.2    2.7      --
 53  04/04/2020  0400    35.5   26.3     2.0     0.000   0   68.71   81.4    4.3     170
 54  04/04/2020  0500    34.9   26.3     2.0     0.000   0   70.41   78.6    4.3      --
 55  04/04/2020  0600    34.5   26.3     2.0     0.000   0   71.45   75.8    4.4      --
 56  04/04/2020  0700    35.0   26.3     2.0     0.000   0   70.10   73.0    4.4      --
 57  04/04/2020  0800    36.6   26.3     2.0     0.000   0   65.90   70.3    4.5      --
 58  04/04/2020  0900    39.2   24.4     2.1     0.000   0   54.89   67.7    4.5      --
 59  04/04/2020  1000    42.8   23.7     2.1     0.000   0   46.52   65.1    4.6  no_inv
 60  04/04/2020  1100    46.4   23.0     2.3     0.000   0   39.29   57.6    5.0      --
 61  04/04/2020  1200    49.2   22.3     2.6     0.000   0   34.32   51.2    5.5      --
 62  04/04/2020  1300    51.6   21.7     2.8     0.000   0   30.71   45.9    6.0      --
 63  04/04/2020  1400    52.9   21.3     3.1     0.000   0   28.73   41.5    6.6      --
 64  04/04/2020  1500    53.8   21.0     3.3     0.000   0   27.51   37.9    7.2      --
 65  04/04/2020  1600    54.4   20.9     3.5     0.000   0   26.81   34.8    7.8  no_inv
 66  04/04/2020  1700    54.7   21.1     4.8     0.000   0   26.59   30.1    8.8      --
 67  04/04/2020  1800    54.5   21.5     6.2     0.000   0   27.29   26.5    9.9      --
 68  04/04/2020  1900    54.0   23.6     7.5     0.000   0   30.47   23.5   10.9      --
 69  04/04/2020  2000    53.7   24.9     8.8     0.000   0   32.50   21.1   12.0      --
 70  04/04/2020  2100    51.3   25.8    10.1     0.000   0   36.81   19.0   13.1      --
 71  04/04/2020  2200    49.0   26.4    11.4     0.000   0   41.16   17.3   14.2     497
 72  04/04/2020  2300    47.5   27.9    10.1     0.000   0   46.30   16.8   13.1      --
 73  04/05/2020  0000    46.5   28.9     8.7     0.000   0   50.03   16.1   12.0      --
 74  04/05/2020  0100    45.6   28.1     7.4     0.000   0   49.98   15.3   10.9      --
 75  04/05/2020  0200    44.9   25.7     6.1     0.000   0   46.59   14.4    9.8      --
 76  04/05/2020  0300    44.3   24.1     4.8     0.000   0   44.53   13.1    8.6      --
 77  04/05/2020  0400    43.9   21.4     3.4     0.000   0   40.40   11.5    7.6  no_inv
 78  04/05/2020  0500    43.6   21.4     3.8     0.000   0   40.83   16.6    7.8      --
 79  04/05/2020  0600    43.5   21.4     4.2     0.000   0   41.10   21.2    8.2      --
 80  04/05/2020  0700    43.6   21.4     4.5     0.000   0   40.93   25.5    8.6      --
 81  04/05/2020  0800    44.1   26.8     4.9     0.000   0   50.32   29.4    9.0      --
 82  04/05/2020  0900    45.1   29.6     5.2     0.000   0   54.44   32.8    9.5      --
 83  04/05/2020  1000    46.5   29.9     5.6     0.000   0   52.10   36.0   10.0  no_inv
 84  04/05/2020  1100    48.9   30.1     5.3     0.000   0   48.18   36.6    9.7      --
 85  04/05/2020  1200    52.2   30.4     5.1     0.000   0   42.92   37.3    9.5      --
 86  04/05/2020  1300    55.3   30.6     4.8     0.000   0   38.74   37.9    9.2      --
 87  04/05/2020  1400    57.1   30.8     4.5     0.000   0   36.48   38.7    9.0      --
 88  04/05/2020  1500    58.4   30.9     4.2     0.000   0   34.97   39.4    8.8      --
 89  04/05/2020  1600    59.2   30.9     3.9     0.000   0   34.02   40.2    8.6  no_inv
 90  04/05/2020  1700    59.3   30.9     4.3     0.000   0   33.94   30.4    5.1      --
 91  04/05/2020  1800    57.8   31.1     4.7     0.000   0   36.10  349.5    2.2      --
 92  04/05/2020  1900    54.6   30.9     5.1     0.000   0   40.13  270.4    3.4      --
 93  04/05/2020  2000    52.9   31.3     5.5     0.000   0   43.45  251.3    6.7      --
 94  04/05/2020  2100    50.5   34.2     5.9     0.000   0   53.25  245.1   10.3      --
 95  04/05/2020  2200    48.2   39.6     6.3     0.010   0   71.91  242.1   13.9    1061
 96  04/05/2020  2300    46.3   38.5     6.1     0.000   0   74.16  250.0   12.2      --
 97  04/06/2020  0000    45.7   38.0     5.9     0.000   0   74.28  260.2   10.8      --
 98  04/06/2020  0100    45.1   37.4     5.7     0.000   0   74.42  272.9    9.9      --
 99  04/06/2020  0200    44.4   36.9     5.5     0.000   0   74.53  287.4    9.5      --
100  04/06/2020  0300    43.8   36.3     5.3     0.000   0   74.58  302.2    9.7      --
101  04/06/2020  0400    43.2   35.7     5.2     0.000   0   74.54  315.4   10.5     625
102  04/06/2020  0500    41.7   33.3     4.7     0.000   0   71.80  314.0    9.6      --
103  04/06/2020  0600    41.5   33.1     4.2     0.000   0   71.99  312.4    8.7      --
104  04/06/2020  0700    41.6   32.7     3.8     0.000   0   70.52  310.4    7.8      --
105  04/06/2020  0800    43.0   35.3     3.3     0.000   0   73.97  307.8    6.9      --
106  04/06/2020  0900    44.8   35.5     2.8     0.000   0   69.77  304.5    6.0      --
107  04/06/2020  1000    48.7   34.0     2.3     0.000   0   56.63  300.1    5.2    6193
108  04/06/2020  1100    52.0   34.0     2.9     0.000   0   50.07  281.0    5.0      --
109  04/06/2020  1200    55.3   34.0     3.5     0.000   0   44.28  262.8    5.4      --
110  04/06/2020  1300    57.9   33.9     4.1     0.000   0   40.31  248.3    6.3      --
111  04/06/2020  1400    59.4   33.9     4.7     0.000   0   38.18  237.8    7.4      --
112  04/06/2020  1500    60.5   33.9     5.3     0.000   0   36.82  230.3    8.7      --
113  04/06/2020  1600    61.0   33.9     5.9     0.000   0   36.06  224.9   10.2  no_inv
114  04/06/2020  1700    60.9   33.9     6.9     0.000   0   36.27  243.0    8.4      --
115  04/06/2020  1800    59.3   33.8     8.1     0.000   0   38.16  267.2    7.7      --
116  04/06/2020  1900    56.1   35.7     9.1     0.000   0   46.09  290.8    8.6      --
117  04/06/2020  2000    54.3   35.4    10.2     0.000   0   48.60  307.9   10.5      --
118  04/06/2020  2100    52.0   34.8    11.3     0.000   0   51.70  319.1   13.1      --
119  04/06/2020  2200    49.7   33.0    12.4     0.000   0   52.43  326.4   15.9     871
120  04/06/2020  2300    47.7   34.2    10.6     0.000   0   59.33  325.2   12.8      --
121  04/07/2020  0000    46.2   34.5     8.8     0.000   0   63.45  323.4    9.7      --
122  04/07/2020  0100    44.7   34.1     6.9     0.000   0   66.19  319.7    6.6      --
123  04/07/2020  0200    43.4   34.0     5.1     0.000   0   69.23  309.6    3.5      --
124  04/07/2020  0300    42.2   33.9     3.3     0.000   0   72.28  247.1    1.3      --
125  04/07/2020  0400    41.2   33.9     1.5     0.000   0   75.03  174.2    3.3     248
126  04/07/2020  0500    40.4   33.9     1.5     0.000   0   77.34  171.3    3.3      --
127  04/07/2020  0600    40.0   33.9     1.5     0.000   0   78.65  168.4    3.3      --
128  04/07/2020  0700    40.3   33.9     1.5     0.000   0   77.65  165.7    3.4      --
129  04/07/2020  0800    41.5   30.4     1.6     0.000   0   64.48  163.0    3.5      --
130  04/07/2020  0900    43.5   29.7     1.6     0.000   0   57.83  160.4    3.5      --
131  04/07/2020  1000    46.4   28.9     1.6     0.000   0   50.15  157.9    3.6    5569
132  04/07/2020  1100    50.0   28.1     2.0     0.000   0   42.38  176.2    1.8      --
133  04/07/2020  1200    55.6   27.3     2.4     0.000   0   33.51  260.7    1.1      --
134  04/07/2020  1300    60.5   26.7     2.8     0.000   0   27.38  300.5    2.7      --
135  04/07/2020  1400    63.3   26.2     3.1     0.000   0   24.29  309.5    4.7      --
136  04/07/2020  1500    64.8   25.9     3.5     0.000   0   22.77  313.2    6.6      --
137  04/07/2020  1600    65.7   25.8     3.9     0.000   0   22.01  315.2    8.6  no_inv
138  04/07/2020  1700    66.0   25.8     4.5     0.000   0   21.80  322.3    8.7      --
139  04/07/2020  1800    64.4   25.9     5.1     0.000   0   23.07  329.1    8.9      --
140  04/07/2020  1900    61.3   26.6     5.6     0.000   0   26.54  335.5    9.3      --
141  04/07/2020  2000    59.5   27.0     6.2     0.000   0   28.70  341.3    9.8      --
142  04/07/2020  2100    57.2   27.5     6.8     0.000   0   31.84  346.6   10.3      --
143  04/07/2020  2200    54.9   28.1     7.4     0.000   0   35.47  351.3   10.9    1850
144  04/07/2020  2300    52.4   27.7     6.7     0.000   0   38.21  348.4   10.2      --
145  04/08/2020  0000    50.8   27.1     6.0     0.000   0   39.63  345.2    9.6      --
146  04/08/2020  0100    49.4   26.8     5.4     0.000   0   41.17  341.4    8.9      --
147  04/08/2020  0200    48.2   26.2     4.7     0.000   0   42.07  337.2    8.3      --
148  04/08/2020  0300    47.2   26.2     4.0     0.000   0   43.74  332.3    7.8      --
149  04/08/2020  0400    46.3   26.2     3.3     0.000   0   45.11  326.7    7.3     371
150  04/08/2020  0500    45.8   26.2     2.8     0.000   0   46.12  325.6    6.1      --
151  04/08/2020  0600    45.4   26.2     2.3     0.000   0   46.69  323.9    4.8      --
152  04/08/2020  0700    45.8   26.2     1.8     0.000   0   45.96  321.1    3.6      --
153  04/08/2020  0800    47.1   27.8     1.3     0.000   0   46.75  315.3    2.4      --
154  04/08/2020  0900    49.3   27.8     0.8     0.000   0   43.05  298.1    1.2      --
155  04/08/2020  1000    52.3   27.8     0.3     0.000   0   38.50  222.9    0.7    5723
156  04/08/2020  1100    55.9   27.8     0.6     0.000   0   33.77  213.3    1.4      --
157  04/08/2020  1200    60.7   27.8     0.9     0.000   0   28.52  209.9    2.0      --
158  04/08/2020  1300    64.5   27.8     1.2     0.000   0   24.90  208.2    2.7      --
159  04/08/2020  1400    66.6   27.8     1.5     0.000   0   23.16  207.2    3.4      --
160  04/08/2020  1500    67.6   27.8     1.9     0.000   0   22.36  206.5    4.1      --
161  04/08/2020  1600    68.1   27.8     2.2     0.000   0   21.96  206.0    4.8    7133
162  04/08/2020  1700    68.2   27.8     2.3     0.000   0   21.89  209.3    5.1      --
163  04/08/2020  1800    67.5   27.8     2.5     0.000   0   22.47  212.1    5.5      --
164  04/08/2020  1900    65.9   27.8     2.7     0.000   0   23.72  214.6    5.9      --
165  04/08/2020  2000    65.1   27.8     2.8     0.000   0   24.44  216.8    6.3      --
166  04/08/2020  2100    62.7   27.8     3.0     0.000   0   26.52  218.7    6.7      --
167  04/08/2020  2200    60.4   27.8     3.2     0.000   0   28.80  220.4    7.1     259
