  Generated by FoxLW on Thursday April 2, 2020 at 02:32 PDT
-------------------------------------------------------------------------------
  Coffin
  46.0400:-119.3100  (46 2' 24.00"N  119 18' 36.00"W)  elev 1240.2 feet    file: 100037
-------------------------------------------------------------------------------

Line#   Date     Hour   TempF  DewPtF WS(mph)  Rain(in) LW    RH%  WDir_50m WS_50m Inv(ft)
  5  04/02/2020  0400    34.5   19.7    10.0     0.000   0   54.27  179.0   12.8     631
  6  04/02/2020  0500    34.0   19.7     8.6     0.000   0   55.51  180.6   11.3      --
  7  04/02/2020  0600    33.6   20.0     7.3     0.000   0   56.94  182.8    9.8      --
  8  04/02/2020  0700    33.8   22.6     5.9     0.000   0   62.91  185.7    8.3      --
  9  04/02/2020  0800    34.9   22.6     4.6     0.000   0   60.44  189.8    6.9      --
 10  04/02/2020  0900    36.7   22.6     3.2     0.000   0   56.23  196.1    5.5      --
 11  04/02/2020  1000    39.2   22.6     1.9     0.000   0   50.86  206.4    4.2  no_inv
 12  04/02/2020  1100    42.3   22.6     2.0     0.000   0   45.07  215.5    4.2      --
 13  04/02/2020  1200    46.4   22.6     2.1     0.000   0   38.60  224.2    4.4      --
 14  04/02/2020  1300    49.7   22.6     2.2     0.000   0   34.14  232.2    4.6      --
 15  04/02/2020  1400    51.4   22.6     2.3     0.000   0   32.05  239.4    4.9      --
 16  04/02/2020  1500    52.2   22.6     2.5     0.000   0   31.10  245.7    5.2      --
 17  04/02/2020  1600    52.6   22.6     2.6     0.000   0   30.71  251.1    5.7  no_inv
 18  04/02/2020  1700    52.0   22.6     4.1     0.000   0   31.43  275.9    5.7      --
 19  04/02/2020  1800    50.8   23.2     5.6     0.000   0   33.69  297.1    6.6      --
 20  04/02/2020  1900    50.1   24.3     7.0     0.000   0   36.08  311.5    8.2      --
 21  04/02/2020  2000    47.8   25.2     8.5     0.000   0   40.92  320.9   10.1      --
 22  04/02/2020  2100    45.5   25.5    10.0     0.000   0   45.25  327.1   12.2      --
 23  04/02/2020  2200    43.1   25.3    11.5     0.000   0   49.13  331.5   14.4  no_inv
 24  04/02/2020  2300    40.5   26.0    10.4     0.000   0   55.95  322.6   11.9      --
 25  04/03/2020  0000    38.6   26.5     9.4     0.000   0   61.31  309.5    9.9      --
 26  04/03/2020  0100    36.9   26.7     8.3     0.000   0   66.26  291.2    8.6      --
 27  04/03/2020  0200    35.4   25.9     7.2     0.000   0   67.87  269.5    8.4      --
 28  04/03/2020  0300    34.2   24.8     6.1     0.000   0   68.08  249.7    9.4      --
 29  04/03/2020  0400    33.1   24.0     5.1     0.000   0   68.80  234.9   11.2     619
 30  04/03/2020  0500    32.4   25.1     6.6     0.000   0   74.33  233.8   12.3      --
 31  04/03/2020  0600    32.0   27.0     8.1     0.000   0   81.70  232.8   13.4      --
 32  04/03/2020  0700    32.3   26.9     9.7     0.000   0   80.26  232.0   14.5      --
 33  04/03/2020  0800    33.4   26.3    11.2     0.000   0   74.95  231.3   15.6      --
 34  04/03/2020  0900    35.4   24.5    12.7     0.000   0   64.26  230.7   16.7      --
 35  04/03/2020  1000    38.1   24.4    14.2     0.000   0   57.23  230.2   17.9  no_inv
 36  04/03/2020  1100    41.2   24.2    14.6     0.000   0   50.33  234.3   18.1      --
 37  04/03/2020  1200    44.0   24.0    14.9     0.000   0   44.86  238.2   18.4      --
 38  04/03/2020  1300    46.4   23.9    15.3     0.000   0   40.79  242.0   18.8      --
 39  04/03/2020  1400    47.9   23.8    15.6     0.000   0   38.40  245.7   19.2      --
 40  04/03/2020  1500    48.8   23.6    16.0     0.000   0   36.89  249.1   19.8      --
 41  04/03/2020  1600    49.5   23.6    16.3     0.000   0   35.95  252.4   20.4  no_inv
 42  04/03/2020  1700    49.2   24.0    15.1     0.000   0   36.86  257.7   18.2      --
 43  04/03/2020  1800    48.6   24.1    14.0     0.000   0   37.90  264.4   16.1      --
 44  04/03/2020  1900    48.3   23.9    12.8     0.000   0   37.98  272.9   14.4      --
 45  04/03/2020  2000    46.0   24.7    11.7     0.000   0   42.86  283.5   13.1      --
 46  04/03/2020  2100    43.6   24.9    10.5     0.000   0   47.30  295.9   12.2      --
 47  04/03/2020  2200    41.3   24.9     9.4     0.000   0   51.72  309.3   12.1     447
 48  04/03/2020  2300    39.4   24.7     8.2     0.000   0   55.22  314.3   10.4      --
 49  04/04/2020  0000    38.4   24.7     7.1     0.000   0   57.65  321.0    8.9      --
 50  04/04/2020  0100    37.4   24.9     6.0     0.000   0   60.30  330.3    7.6      --
 51  04/04/2020  0200    36.5   25.0     4.9     0.000   0   62.80  343.1    6.5      --
 52  04/04/2020  0300    35.7   25.2     3.8     0.000   0   65.48  359.6    5.9      --
 53  04/04/2020  0400    35.0   25.2     2.6     0.000   0   67.22   18.1    5.8     417
 54  04/04/2020  0500    34.5   25.2     2.7     0.000   0   68.61   22.7    5.8      --
 55  04/04/2020  0600    34.2   25.2     2.7     0.000   0   69.49   27.3    5.9      --
 56  04/04/2020  0700    34.6   25.2     2.8     0.000   0   68.38   31.8    6.0      --
 57  04/04/2020  0800    35.9   25.2     2.8     0.000   0   64.87   36.0    6.1      --
 58  04/04/2020  0900    38.2   21.9     2.9     0.000   0   51.53   40.2    6.2      --
 59  04/04/2020  1000    41.2   21.8     2.9     0.000   0   45.61   44.1    6.4  no_inv
 60  04/04/2020  1100    44.5   21.7     3.8     0.000   0   40.12   40.1    7.2      --
 61  04/04/2020  1200    47.1   21.6     4.7     0.000   0   36.16   37.0    8.0      --
 62  04/04/2020  1300    49.3   22.2     5.6     0.000   0   34.15   34.4    8.9      --
 63  04/04/2020  1400    50.5   22.9     6.5     0.000   0   33.48   32.3    9.7      --
 64  04/04/2020  1500    51.3   23.5     7.4     0.000   0   33.43   30.5   10.6      --
 65  04/04/2020  1600    51.9   24.2     8.4     0.000   0   33.71   29.0   11.4  no_inv
 66  04/04/2020  1700    52.2   24.2     8.1     0.000   0   33.30   26.6   11.3      --
 67  04/04/2020  1800    52.1   23.6     7.9     0.000   0   32.70   24.1   11.3      --
 68  04/04/2020  1900    51.8   24.3     7.7     0.000   0   33.91   21.6   11.2      --
 69  04/04/2020  2000    51.7   24.8     7.4     0.000   0   34.80   19.2   11.2      --
 70  04/04/2020  2100    49.3   25.5     7.2     0.000   0   39.21   16.7   11.2      --
 71  04/04/2020  2200    47.0   26.0     7.0     0.000   0   43.57   14.2   11.2  no_inv
 72  04/04/2020  2300    45.5   25.9     6.5     0.000   0   45.85   12.7   10.8      --
 73  04/05/2020  0000    44.5   25.4     6.1     0.000   0   46.67   11.1   10.4      --
 74  04/05/2020  0100    43.7   24.7     5.6     0.000   0   46.77    9.4   10.1      --
 75  04/05/2020  0200    43.0   23.6     5.2     0.000   0   45.97    7.6    9.7      --
 76  04/05/2020  0300    42.4   23.2     4.7     0.000   0   46.12    5.6    9.3      --
 77  04/05/2020  0400    42.0   23.2     4.3     0.000   0   46.89    3.4    9.0     581
 78  04/05/2020  0500    41.7   23.2     4.8     0.000   0   47.41    6.5    9.2      --
 79  04/05/2020  0600    41.5   24.0     5.3     0.000   0   49.34    9.4    9.6      --
 80  04/05/2020  0700    41.6   25.4     5.8     0.000   0   52.21   12.0    9.9      --
 81  04/05/2020  0800    42.1   29.8     6.3     0.000   0   61.46   14.6   10.2      --
 82  04/05/2020  0900    42.9   30.0     6.8     0.000   0   59.90   16.9   10.6      --
 83  04/05/2020  1000    44.2   30.2     7.3     0.000   0   57.49   19.1   11.0  no_inv
 84  04/05/2020  1100    46.4   30.4     7.2     0.000   0   53.33   21.8   10.9      --
 85  04/05/2020  1200    49.7   30.5     7.1     0.000   0   47.42   24.6   10.8      --
 86  04/05/2020  1300    52.8   31.0     7.0     0.000   0   43.09   27.5   10.7      --
 87  04/05/2020  1400    54.7   31.3     6.9     0.000   0   40.79   30.4   10.6      --
 88  04/05/2020  1500    56.0   31.6     6.8     0.000   0   39.28   33.3   10.6      --
 89  04/05/2020  1600    56.8   31.8     6.7     0.000   0   38.50   36.3   10.6  no_inv
 90  04/05/2020  1700    57.1   31.8     6.8     0.000   0   38.15   23.6    7.1      --
 91  04/05/2020  1800    55.6   31.6     6.8     0.000   0   39.96  351.7    4.4      --
 92  04/05/2020  1900    52.5   32.0     6.8     0.000   0   45.44  299.1    4.7      --
 93  04/05/2020  2000    50.8   32.3     6.8     0.000   0   48.93  271.4    7.6      --
 94  04/05/2020  2100    48.5   35.7     6.8     0.000   0   61.01  260.2   11.2      --
 95  04/05/2020  2200    46.2   41.1     6.8     0.040   2   82.33  254.6   15.0    1487
 96  04/05/2020  2300    44.5   40.8     6.8     0.000   0   86.72  266.1   13.0      --
 97  04/06/2020  0000    44.2   40.6     6.9     0.000   0   86.83  281.0   11.7      --
 98  04/06/2020  0100    43.9   40.3     6.9     0.000   0   87.01  298.3   11.3      --
 99  04/06/2020  0200    43.5   39.9     7.0     0.000   0   87.22  315.2   11.9      --
100  04/06/2020  0300    43.1   39.6     7.0     0.000   0   87.44  329.3   13.5      --
101  04/06/2020  0400    42.6   39.2     7.1     0.000   0   87.64  339.9   15.7     392
102  04/06/2020  0500    41.1   36.1     6.6     0.000   0   82.03  340.3   14.5      --
103  04/06/2020  0600    40.8   35.6     6.0     0.000   0   81.44  340.7   13.3      --
104  04/06/2020  0700    40.6   34.8     5.5     0.000   0   79.49  341.1   12.2      --
105  04/06/2020  0800    41.4   35.5     5.0     0.000   0   79.45  341.7   11.0      --
106  04/06/2020  0900    42.4   35.9     4.5     0.000   0   77.63  342.4    9.8      --
107  04/06/2020  1000    46.3   33.0     3.9     0.000   0   59.64  343.3    8.7     198
108  04/06/2020  1100    49.0   32.9     4.9     0.000   0   53.57  326.7    6.9      --
109  04/06/2020  1200    52.3   33.0     5.9     0.000   0   47.46  302.7    6.1      --
110  04/06/2020  1300    55.1   33.5     6.9     0.000   0   43.92  277.0    6.5      --
111  04/06/2020  1400    56.7   34.1     7.9     0.000   0   42.36  257.5    8.0      --
112  04/06/2020  1500    57.8   34.6     8.9     0.000   0   41.63  245.1   10.1      --
113  04/06/2020  1600    58.5   35.2     9.9     0.000   0   41.51  237.1   12.4  no_inv
114  04/06/2020  1700    58.4   35.2     9.9     0.000   0   41.56  248.2   10.8      --
115  04/06/2020  1800    57.1   34.6     9.9     0.000   0   42.55  262.4    9.7      --
116  04/06/2020  1900    54.5   34.9     9.9     0.000   0   47.48  279.0    9.3      --
117  04/06/2020  2000    53.0   34.6     9.9     0.000   0   49.51  295.5    9.7      --
118  04/06/2020  2100    50.7   34.2     9.9     0.000   0   53.04  309.5   10.9      --
119  04/06/2020  2200    48.3   33.9     9.9     0.000   0   57.22  320.5   12.5    7650
120  04/06/2020  2300    46.5   33.6     8.5     0.000   0   60.77  317.9   10.2      --
121  04/07/2020  0000    45.0   33.7     7.1     0.000   0   64.35  314.0    8.0      --
122  04/07/2020  0100    43.6   33.8     5.6     0.000   0   68.34  307.0    5.8      --
123  04/07/2020  0200    42.3   34.0     4.2     0.000   0   72.22  292.5    3.9      --
124  04/07/2020  0300    41.1   34.3     2.8     0.000   0   76.42  257.3    2.5      --
125  04/07/2020  0400    40.2   34.3     1.3     0.000   0   79.28  207.9    2.9     566
126  04/07/2020  0500    39.4   34.3     1.5     0.000   0   81.62  202.2    3.2      --
127  04/07/2020  0600    39.0   34.3     1.6     0.000   0   82.94  197.4    3.4      --
128  04/07/2020  0700    39.3   34.3     1.7     0.000   0   81.94  193.3    3.7      --
129  04/07/2020  0800    40.4   29.8     1.9     0.000   0   65.47  189.7    4.0      --
130  04/07/2020  0900    42.4   29.3     2.0     0.000   0   59.50  186.7    4.3      --
131  04/07/2020  1000    45.1   28.7     2.1     0.000   0   52.38  184.1    4.7    4698
132  04/07/2020  1100    48.6   28.2     2.3     0.000   0   44.99  199.9    3.5      --
133  04/07/2020  1200    53.9   27.7     2.4     0.000   0   36.16  226.8    2.8      --
134  04/07/2020  1300    58.6   27.3     2.5     0.000   0   29.98  258.9    3.0      --
135  04/07/2020  1400    61.3   26.9     2.7     0.000   0   26.88  281.8    3.9      --
136  04/07/2020  1500    62.7   26.7     2.8     0.000   0   25.37  294.8    5.1      --
137  04/07/2020  1600    63.5   26.6     3.0     0.000   0   24.61  302.5    6.5    7735
138  04/07/2020  1700    63.8   26.6     4.7     0.000   0   24.38  320.3    7.4      --
139  04/07/2020  1800    62.8   26.6     6.4     0.000   0   25.21  333.3    8.9      --
140  04/07/2020  1900    60.8   28.6     8.1     0.000   0   29.30  342.3   10.6      --
141  04/07/2020  2000    59.8   28.6     9.8     0.000   0   30.43  348.7   12.6      --
142  04/07/2020  2100    57.4   28.1    11.5     0.000   0   32.41  353.3   14.7      --
143  04/07/2020  2200    55.1   26.6    13.2     0.000   0   33.13  356.7   16.8    6979
144  04/07/2020  2300    53.0   28.0    11.6     0.000   0   37.88  352.3   14.1      --
145  04/08/2020  0000    51.5   28.2    10.0     0.000   0   40.31  345.7   11.4      --
146  04/08/2020  0100    50.3   28.6     8.4     0.000   0   42.88  335.5    9.1      --
147  04/08/2020  0200    49.2   27.9     6.8     0.000   0   43.43  318.9    7.1      --
148  04/08/2020  0300    48.3   27.5     5.2     0.000   0   44.15  294.3    6.2      --
149  04/08/2020  0400    47.7   27.3     3.6     0.000   0   44.83  267.3    6.6     345
150  04/08/2020  0500    47.2   26.9     3.2     0.000   0   44.93  269.1    5.8      --
151  04/08/2020  0600    47.0   26.9     2.7     0.000   0   45.36  271.5    5.0      --
152  04/08/2020  0700    47.2   26.9     2.3     0.000   0   44.90  274.7    4.3      --
153  04/08/2020  0800    48.2   28.0     1.9     0.000   0   45.33  279.3    3.5      --
154  04/08/2020  0900    49.8   28.0     1.4     0.000   0   42.69  286.3    2.8      --
155  04/08/2020  1000    52.0   28.0     1.0     0.000   0   39.26  297.6    2.2    5189
156  04/08/2020  1100    54.9   28.0     1.2     0.000   0   35.39  273.8    2.1      --
157  04/08/2020  1200    59.4   28.0     1.5     0.000   0   30.10  252.6    2.4      --
158  04/08/2020  1300    63.2   28.0     1.7     0.000   0   26.27  237.6    3.0      --
159  04/08/2020  1400    65.3   28.0     1.9     0.000   0   24.40  227.8    3.7      --
160  04/08/2020  1500    66.4   28.0     2.1     0.000   0   23.54  221.1    4.4      --
161  04/08/2020  1600    66.9   28.0     2.4     0.000   0   23.12  216.5    5.2    5914
162  04/08/2020  1700    67.0   28.0     3.1     0.000   0   23.04  217.2    6.0      --
163  04/08/2020  1800    66.1   28.0     3.8     0.000   0   23.77  217.8    6.9      --
164  04/08/2020  1900    64.2   28.0     4.6     0.000   0   25.33  218.2    7.7      --
165  04/08/2020  2000    63.2   28.2     5.3     0.000   0   26.47  218.6    8.5      --
166  04/08/2020  2100    60.9   28.7     6.1     0.000   0   29.33  218.9    9.3      --
167  04/08/2020  2200    58.6   29.2     6.8     0.000   0   32.52  219.2   10.1     595
