  Generated by FoxLW on Thursday April 2, 2020 at 02:32 PDT
-------------------------------------------------------------------------------
  McNary
  45.9700:-119.2600  (45 58' 12.00"N  119 15' 36.00"W)  elev 780.8 feet    file: 100031
-------------------------------------------------------------------------------

Line#   Date     Hour   TempF  DewPtF WS(mph)  Rain(in) LW    RH%  WDir_50m WS_50m Inv(ft)
  5  04/02/2020  0400    36.6   24.9     4.1     0.000   0   62.23  348.2    8.7     529
  6  04/02/2020  0500    36.1   24.9     3.5     0.000   0   63.46  346.9    7.0      --
  7  04/02/2020  0600    35.7   24.9     3.0     0.000   0   64.37  344.7    5.2      --
  8  04/02/2020  0700    35.9   24.8     2.5     0.000   0   63.67  340.5    3.5      --
  9  04/02/2020  0800    36.9   24.8     1.9     0.000   0   61.14  328.9    1.9      --
 10  04/02/2020  0900    38.6   22.7     1.4     0.000   0   52.30  264.3    0.8      --
 11  04/02/2020  1000    41.1   22.6     0.9     0.000   0   47.30  198.2    1.9  no_inv
 12  04/02/2020  1100    44.2   22.5     1.1     0.000   0   41.88  216.6    2.1      --
 13  04/02/2020  1200    48.6   22.5     1.3     0.000   0   35.43  230.4    2.5      --
 14  04/02/2020  1300    52.2   22.4     1.5     0.000   0   30.87  240.1    3.0      --
 15  04/02/2020  1400    54.2   22.4     1.7     0.000   0   28.64  247.0    3.5      --
 16  04/02/2020  1500    55.2   22.3     1.9     0.000   0   27.60  251.9    4.1      --
 17  04/02/2020  1600    55.7   22.3     2.1     0.000   0   27.10  255.6    4.7  no_inv
 18  04/02/2020  1700    55.0   22.4     3.5     0.000   0   27.86  270.6    5.8      --
 19  04/02/2020  1800    53.7   22.7     5.0     0.000   0   29.63  280.5    7.1      --
 20  04/02/2020  1900    52.9   23.8     6.4     0.000   0   31.86  287.2    8.6      --
 21  04/02/2020  2000    50.6   25.3     7.8     0.000   0   37.08  291.9   10.1      --
 22  04/02/2020  2100    48.2   26.1     9.2     0.000   0   41.75  295.4   11.7      --
 23  04/02/2020  2200    45.9   26.5    10.7     0.000   0   46.36  298.0   13.3  no_inv
 24  04/02/2020  2300    43.1   27.3    10.2     0.000   0   53.23  287.4   12.9      --
 25  04/03/2020  0000    41.2   27.9     9.7     0.000   0   58.86  276.5   12.9      --
 26  04/03/2020  0100    39.4   28.4     9.2     0.000   0   64.34  266.0   13.4      --
 27  04/03/2020  0200    37.9   28.8     8.7     0.000   0   69.45  256.5   14.3      --
 28  04/03/2020  0300    36.6   29.0     8.2     0.000   0   73.88  248.3   15.5      --
 29  04/03/2020  0400    35.5   28.4     7.7     0.000   0   75.22  241.5   17.0     545
 30  04/03/2020  0500    34.7   29.0     9.1     0.000   0   79.52  241.8   17.6      --
 31  04/03/2020  0600    34.3   28.6    10.5     0.000   0   79.46  242.2   18.1      --
 32  04/03/2020  0700    34.6   27.7    12.0     0.000   0   75.61  242.5   18.7      --
 33  04/03/2020  0800    35.8   25.9    13.4     0.000   0   66.70  242.8   19.2      --
 34  04/03/2020  0900    38.0   25.3    14.8     0.000   0   59.80  243.1   19.8      --
 35  04/03/2020  1000    40.9   24.6    16.2     0.000   0   52.00  243.4   20.3  no_inv
 36  04/03/2020  1100    44.1   24.0    16.5     0.000   0   44.69  244.6   20.6      --
 37  04/03/2020  1200    46.9   23.4    16.8     0.000   0   39.23  245.9   21.0      --
 38  04/03/2020  1300    49.3   22.9    17.1     0.000   0   35.13  247.1   21.3      --
 39  04/03/2020  1400    50.7   22.5    17.4     0.000   0   32.73  248.2   21.7      --
 40  04/03/2020  1500    51.6   22.2    17.7     0.000   0   31.34  249.3   22.1      --
 41  04/03/2020  1600    52.3   22.1    18.0     0.000   0   30.50  250.4   22.4  no_inv
 42  04/03/2020  1700    51.8   22.2    16.7     0.000   0   31.08  252.2   20.8      --
 43  04/03/2020  1800    51.0   22.7    15.4     0.000   0   32.71  254.3   19.2      --
 44  04/03/2020  1900    50.6   23.2    14.1     0.000   0   33.99  256.8   17.6      --
 45  04/03/2020  2000    48.2   23.6    12.9     0.000   0   37.60  259.7   16.0      --
 46  04/03/2020  2100    45.9   25.7    11.6     0.000   0   44.86  263.3   14.5      --
 47  04/03/2020  2200    43.5   26.9    10.3     0.000   0   51.55  267.8   13.1     366
 48  04/03/2020  2300    41.2   27.7     8.8     0.000   0   58.41  268.7   10.5      --
 49  04/04/2020  0000    39.8   27.4     7.2     0.000   0   60.80  270.2    8.0      --
 50  04/04/2020  0100    38.5   26.5     5.7     0.000   0   61.63  273.2    5.5      --
 51  04/04/2020  0200    37.3   25.8     4.1     0.000   0   62.76  280.9    3.1      --
 52  04/04/2020  0300    36.3   24.5     2.6     0.000   0   61.84  329.9    1.0      --
 53  04/04/2020  0400    35.4   24.5     1.0     0.000   0   63.99   60.9    2.3     487
 54  04/04/2020  0500    34.8   24.5     1.3     0.000   0   65.72   62.3    2.9      --
 55  04/04/2020  0600    34.3   24.5     1.6     0.000   0   66.78   63.2    3.5      --
 56  04/04/2020  0700    34.9   24.5     1.8     0.000   0   65.38   63.9    4.0      --
 57  04/04/2020  0800    36.6   24.5     2.1     0.000   0   61.12   64.4    4.6      --
 58  04/04/2020  0900    39.5   26.2     2.3     0.000   0   58.58   64.8    5.2      --
 59  04/04/2020  1000    43.3   25.6     2.6     0.000   0   49.38   65.1    5.8  no_inv
 60  04/04/2020  1100    47.2   25.0     3.3     0.000   0   41.51   55.2    6.3      --
 61  04/04/2020  1200    50.2   24.5     4.0     0.000   0   36.33   47.1    7.0      --
 62  04/04/2020  1300    52.6   24.5     4.7     0.000   0   33.31   40.6    7.9      --
 63  04/04/2020  1400    54.0   24.9     5.4     0.000   0   32.12   35.4    8.8      --
 64  04/04/2020  1500    54.9   25.5     6.1     0.000   0   31.83   31.2    9.8      --
 65  04/04/2020  1600    55.5   26.2     6.8     0.000   0   32.04   27.7   10.8  no_inv
 66  04/04/2020  1700    55.9   26.2     5.9     0.000   0   31.58   29.2    9.5      --
 67  04/04/2020  1800    55.5   25.6     5.0     0.000   0   31.38   31.1    8.2      --
 68  04/04/2020  1900    54.7   25.3     4.1     0.000   0   31.93   33.7    6.9      --
 69  04/04/2020  2000    54.2   25.3     3.3     0.000   0   32.47   37.4    5.7      --
 70  04/04/2020  2100    51.8   25.3     2.4     0.000   0   35.38   43.2    4.5      --
 71  04/04/2020  2200    49.5   25.3     1.5     0.000   0   38.58   53.1    3.3  no_inv
 72  04/04/2020  2300    47.8   25.3     1.8     0.000   0   41.17   52.8    3.9      --
 73  04/05/2020  0000    46.7   25.3     2.1     0.000   0   42.92   52.6    4.6      --
 74  04/05/2020  0100    45.7   25.3     2.3     0.000   0   44.53   52.4    5.2      --
 75  04/05/2020  0200    44.9   25.3     2.6     0.000   0   45.95   52.3    5.8      --
 76  04/05/2020  0300    44.2   25.3     2.9     0.000   0   47.14   52.2    6.4      --
 77  04/05/2020  0400    43.7   25.3     3.2     0.000   0   48.06   52.1    7.0     626
 78  04/05/2020  0500    43.4   25.3     3.2     0.000   0   48.68   47.5    7.1      --
 79  04/05/2020  0600    43.1   25.3     3.3     0.000   0   49.08   43.1    7.2      --
 80  04/05/2020  0700    43.3   25.3     3.4     0.000   0   48.73   38.8    7.4      --
 81  04/05/2020  0800    44.1   30.7     3.5     0.000   0   59.07   34.7    7.6      --
 82  04/05/2020  0900    45.5   33.8     3.6     0.000   0   63.22   30.9    7.8      --
 83  04/05/2020  1000    47.6   33.4     3.7     0.000   0   57.73   27.3    8.1  no_inv
 84  04/05/2020  1100    50.5   33.1     4.1     0.000   0   51.06   30.4    8.4      --
 85  04/05/2020  1200    54.1   32.8     4.5     0.000   0   44.22   33.2    8.8      --
 86  04/05/2020  1300    57.0   32.5     4.9     0.000   0   39.40   35.8    9.1      --
 87  04/05/2020  1400    58.8   32.5     5.3     0.000   0   36.90   38.2    9.5      --
 88  04/05/2020  1500    60.0   32.6     5.8     0.000   0   35.43   40.3    9.9      --
 89  04/05/2020  1600    60.8   32.8     6.2     0.000   0   34.71   42.4   10.3  no_inv
 90  04/05/2020  1700    60.7   32.8     6.2     0.000   0   34.76   30.9    6.9      --
 91  04/05/2020  1800    59.1   32.7     6.2     0.000   0   36.70    1.6    4.2      --
 92  04/05/2020  1900    55.8   33.1     6.2     0.000   0   42.05  306.7    4.1      --
 93  04/05/2020  2000    54.0   33.5     6.2     0.000   0   45.63  276.3    6.8      --
 94  04/05/2020  2100    51.7   38.4     6.2     0.000   0   60.30  264.5   10.2      --
 95  04/05/2020  2200    49.4   43.8     6.2     0.070  10   81.06  258.7   13.8    1498
 96  04/05/2020  2300    47.5   46.6     5.6     0.000  10   96.64  258.7   12.4      --
 97  04/06/2020  0000    47.8   46.9     4.9     0.000  10   96.62  258.7   10.9      --
 98  04/06/2020  0100    46.2   45.3     4.3     0.000  10   96.58  258.7    9.5      --
 99  04/06/2020  0200    45.6   44.7     3.6     0.000  10   96.56  258.6    8.0      --
100  04/06/2020  0300    45.0   44.1     3.0     0.000  10   96.54  258.6    6.6      --
101  04/06/2020  0400    44.5   43.5     2.3     0.000  10   96.51  258.5    5.2     249
102  04/06/2020  0500    41.5   38.3     2.4     0.000  10   88.46  270.5    4.8      --
103  04/06/2020  0600    41.3   38.1     2.5     0.000  10   88.44  283.9    4.6      --
104  04/06/2020  0700    41.0   37.3     2.6     0.000   5   86.78  297.4    4.7      --
105  04/06/2020  0800    42.9   39.3     2.7     0.000   0   86.92  309.7    5.1      --
106  04/06/2020  0900    43.6   40.0     2.8     0.000   0   86.89  320.0    5.6      --
107  04/06/2020  1000    45.1   40.3     2.8     0.000   0   83.19  328.2    6.3    5915
108  04/06/2020  1100    50.1   36.8     3.8     0.000   0   60.02  310.3    6.0      --
109  04/06/2020  1200    55.3   34.2     4.8     0.000   0   44.67  292.5    6.4      --
110  04/06/2020  1300    58.0   34.0     5.7     0.000   0   40.26  277.8    7.2      --
111  04/06/2020  1400    59.6   34.2     6.7     0.000   0   38.31  266.8    8.5      --
112  04/06/2020  1500    60.7   34.5     7.6     0.000   0   37.40  258.8    9.9      --
113  04/06/2020  1600    61.3   35.0     8.6     0.000   0   37.26  252.9   11.5  no_inv
114  04/06/2020  1700    61.4   35.0     7.6     0.000   0   37.10  254.0   10.7      --
115  04/06/2020  1800    59.7   34.5     6.7     0.000   0   38.60  255.3    9.8      --
116  04/06/2020  1900    56.3   34.6     5.8     0.000   0   43.84  256.8    9.0      --
117  04/06/2020  2000    54.4   34.5     4.8     0.000   0   46.72  258.6    8.2      --
118  04/06/2020  2100    52.1   34.5     3.9     0.000   0   50.91  260.9    7.4      --
119  04/06/2020  2200    49.7   34.5     3.0     0.000   0   55.51  263.6    6.6    2363
120  04/06/2020  2300    47.4   34.5     3.2     0.000   0   60.51  258.0    6.9      --
121  04/07/2020  0000    45.7   34.5     3.4     0.000   0   64.71  253.1    7.4      --
122  04/07/2020  0100    44.0   34.5     3.6     0.000   0   69.02  248.7    7.8      --
123  04/07/2020  0200    42.4   34.5     3.8     0.000   0   73.27  244.8    8.4      --
124  04/07/2020  0300    41.0   34.5     4.1     0.000   0   77.26  241.4    8.9      --
125  04/07/2020  0400    39.9   34.5     4.3     0.000   0   80.80  238.4    9.5    1177
126  04/07/2020  0500    39.0   34.5     4.0     0.000   0   83.74  235.9    8.7      --
127  04/07/2020  0600    38.5   34.5     3.6     0.000   0   85.34  232.8    7.9      --
128  04/07/2020  0700    39.0   34.5     3.3     0.000   0   83.76  229.1    7.1      --
129  04/07/2020  0800    40.5   31.3     2.9     0.000   0   69.45  224.4    6.3      --
130  04/07/2020  0900    43.1   30.9     2.6     0.000   0   61.71  218.5    5.6      --
131  04/07/2020  1000    46.7   30.4     2.3     0.000   0   52.83  211.0    5.0    2689
132  04/07/2020  1100    51.0   30.0     2.5     0.000   0   44.21  219.6    5.3      --
133  04/07/2020  1200    56.3   29.6     2.7     0.000   0   35.74  227.3    5.7      --
134  04/07/2020  1300    60.8   29.2     2.9     0.000   0   30.07  233.9    6.1      --
135  04/07/2020  1400    63.2   28.9     3.1     0.000   0   27.27  239.4    6.7      --
136  04/07/2020  1500    64.5   28.8     3.3     0.000   0   25.92  244.2    7.3      --
137  04/07/2020  1600    65.2   28.7     3.6     0.000   0   25.24  248.1    7.9    7530
138  04/07/2020  1700    65.4   28.7     3.8     0.000   0   25.07  261.1    5.9      --
139  04/07/2020  1800    63.7   28.7     4.0     0.000   0   26.64  283.9    4.6      --
140  04/07/2020  1900    60.1   29.0     4.2     0.000   0   30.43  316.5    4.3      --
141  04/07/2020  2000    58.2   29.0     4.5     0.000   0   32.61  343.7    5.3      --
142  04/07/2020  2100    55.9   29.0     4.7     0.000   0   35.48  359.7    7.2      --
143  04/07/2020  2200    53.5   29.0     4.9     0.000   0   38.64    8.8    9.3    7594
144  04/07/2020  2300    51.3   29.0     4.2     0.000   0   41.85    8.0    7.9      --
145  04/08/2020  0000    50.2   29.0     3.4     0.000   0   43.72    6.9    6.5      --
146  04/08/2020  0100    49.1   29.0     2.7     0.000   0   45.52    5.2    5.1      --
147  04/08/2020  0200    48.1   29.0     2.0     0.000   0   47.18    2.3    3.7      --
148  04/08/2020  0300    47.3   29.0     1.2     0.000   0   48.64  355.8    2.3      --
149  04/08/2020  0400    46.7   29.0     0.5     0.000   0   49.85  332.2    1.0     560
150  04/08/2020  0500    46.2   29.0     0.5     0.000   0   50.76  319.3    0.8      --
151  04/08/2020  0600    45.9   29.0     0.5     0.000   0   51.36  297.6    0.6      --
152  04/08/2020  0700    46.3   29.0     0.5     0.000   0   50.53  267.7    0.6      --
153  04/08/2020  0800    47.6   28.8     0.5     0.000   0   47.84  241.6    0.7      --
154  04/08/2020  0900    49.9   28.7     0.5     0.000   0   43.64  225.4    0.9      --
155  04/08/2020  1000    53.1   28.5     0.5     0.000   0   38.58  215.8    1.2    5953
156  04/08/2020  1100    56.8   28.4     0.7     0.000   0   33.44  215.4    1.6      --
157  04/08/2020  1200    61.7   28.2     0.9     0.000   0   27.92  215.1    2.0      --
158  04/08/2020  1300    65.8   28.1     1.1     0.000   0   24.13  215.0    2.4      --
159  04/08/2020  1400    67.9   28.0     1.3     0.000   0   22.29  214.8    2.8      --
160  04/08/2020  1500    69.0   27.9     1.5     0.000   0   21.42  214.7    3.2      --
161  04/08/2020  1600    69.6   27.9     1.6     0.000   0   21.00  214.7    3.6    5899
162  04/08/2020  1700    69.7   27.9     1.9     0.000   0   20.91  214.1    4.1      --
163  04/08/2020  1800    67.8   27.9     2.1     0.000   0   22.31  213.6    4.6      --
164  04/08/2020  1900    64.0   28.0     2.3     0.000   0   25.60  213.2    5.1      --
165  04/08/2020  2000    61.8   28.0     2.5     0.000   0   27.59  212.9    5.6      --
166  04/08/2020  2100    59.5   28.0     2.8     0.000   0   29.97  212.6    6.1      --
167  04/08/2020  2200    57.1   28.0     3.0     0.000   0   32.59  212.4    6.6     461
