  Generated by FoxLW on Thursday April 2, 2020 at 02:32 PDT
-------------------------------------------------------------------------------
  Triple-S
  46.2100:-119.5000  (46 12' 36.00"N  119 30' 0.00"W)  elev 1502.6 feet    file: 100039
-------------------------------------------------------------------------------

Line#   Date     Hour   TempF  DewPtF WS(mph)  Rain(in) LW    RH%  WDir_50m WS_50m Inv(ft)
  5  04/02/2020  0400    26.8   19.0    10.9     0.000   0   71.84  359.4   13.9     414
  6  04/02/2020  0500    26.3   19.4     9.2     0.000   0   74.88  359.4   11.2      --
  7  04/02/2020  0600    25.9   20.1     7.3     0.000   0   78.42  359.4    8.5      --
  8  04/02/2020  0700    26.6   25.5     6.0     0.000   5   95.50  359.3    5.7      --
  9  04/02/2020  0800    28.9   26.2     4.4     0.000  10   89.47  359.1    3.0      --
 10  04/02/2020  0900    32.7   26.2     2.8     0.000   5   76.67  355.5    0.2      --
 11  04/02/2020  1000    37.3   26.2     1.1     0.000   0   63.79  179.8    2.5  no_inv
 12  04/02/2020  1100    40.4   28.2     1.3     0.000   0   61.43  187.1    2.9      --
 13  04/02/2020  1200    40.9   30.9     1.6     0.010   0   67.04  192.5    3.4      --
 14  04/02/2020  1300    45.3   26.2     1.8     0.000   0   46.90  196.7    3.8      --
 15  04/02/2020  1400    46.2   26.2     2.0     0.000   0   45.27  199.9    4.3      --
 16  04/02/2020  1500    45.0   29.0     2.2     0.000   0   53.27  202.4    4.8      --
 17  04/02/2020  1600    43.5   32.0     2.4     0.020   0   63.59  204.5    5.3  no_inv
 18  04/02/2020  1700    44.4   30.9     3.8     0.000   0   58.92  235.7    3.8      --
 19  04/02/2020  1800    44.8   30.3     5.2     0.000   0   56.47  277.6    4.1      --
 20  04/02/2020  1900    43.9   30.3     6.7     0.000   0   58.37  302.8    6.0      --
 21  04/02/2020  2000    43.0   30.2     8.1     0.000   0   60.44  314.9    8.4      --
 22  04/02/2020  2100    41.6   29.2     9.5     0.000   0   61.07  321.4   11.0      --
 23  04/02/2020  2200    40.9   27.8    11.0     0.000   0   59.18  325.3   13.7     391
 24  04/02/2020  2300    37.8   26.0     9.9     0.000   0   61.91  318.2   12.1      --
 25  04/03/2020  0000    35.5   25.5     8.9     0.000   0   66.66  309.1   10.7      --
 26  04/03/2020  0100    33.4   25.2     7.8     0.000   0   71.63  297.6    9.6      --
 27  04/03/2020  0200    31.2   25.7     6.1     0.000   0   79.78  283.9    9.0      --
 28  04/03/2020  0300    29.5   26.0     4.5     0.000   5   86.64  269.2    9.0      --
 29  04/03/2020  0400    28.5   26.3     3.2     0.000  10   91.42  255.4    9.5     389
 30  04/03/2020  0500    28.0   26.5     4.4     0.000  10   94.12  252.0   10.0      --
 31  04/03/2020  0600    27.6   26.5     5.8     0.000  10   95.50  249.0   10.4      --
 32  04/03/2020  0700    28.1   26.6     7.4     0.000  10   93.91  246.2   11.0      --
 33  04/03/2020  0800    29.9   27.1     8.3     0.000  10   89.03  243.7   11.5      --
 34  04/03/2020  0900    33.0   27.2     9.2     0.000   5   79.05  241.4   12.1      --
 35  04/03/2020  1000    37.0   27.6    10.1     0.000   0   68.55  239.3   12.6  no_inv
 36  04/03/2020  1100    41.5   27.5    10.4     0.000   0   57.25  245.4   12.7      --
 37  04/03/2020  1200    45.8   27.0    10.8     0.000   0   47.58  251.3   13.0      --
 38  04/03/2020  1300    49.0   25.0    11.1     0.000   0   38.78  256.9   13.3      --
 39  04/03/2020  1400    50.7   23.0    11.4     0.000   0   33.49  262.2   13.8      --
 40  04/03/2020  1500    51.6   21.4    11.8     0.000   0   30.25  267.0   14.4      --
 41  04/03/2020  1600    51.9   20.5    12.1     0.000   0   28.74  271.5   15.1    3797
 42  04/03/2020  1700    52.0   20.5    12.2     0.000   0   28.68  278.7   14.6      --
 43  04/03/2020  1800    49.4   20.3    12.3     0.000   0   31.30  286.3   14.3      --
 44  04/03/2020  1900    44.3   19.5    12.4     0.000   0   36.66  294.1   14.3      --
 45  04/03/2020  2000    41.5   19.2    12.4     0.000   0   40.36  301.7   14.5      --
 46  04/03/2020  2100    39.1   19.0    12.5     0.000   0   43.91  309.0   15.0      --
 47  04/03/2020  2200    36.8   19.4    12.6     0.000   0   48.81  315.8   15.7     247
 48  04/03/2020  2300    34.8   21.1    10.8     0.000   0   57.14  317.7   13.6      --
 49  04/04/2020  0000    33.9   22.0     8.9     0.000   0   61.11  320.4   11.4      --
 50  04/04/2020  0100    33.1   22.7     7.1     0.000   0   65.12  324.3    9.2      --
 51  04/04/2020  0200    32.2   23.4     5.2     0.000   0   69.46  330.5    7.2      --
 52  04/04/2020  0300    31.4   24.2     3.1     0.000   0   74.34  341.4    5.2      --
 53  04/04/2020  0400    30.7   24.9     1.4     0.000   5   78.80    3.0    3.7     203
 54  04/04/2020  0500    30.3   24.4     1.8     0.000  10   78.52   15.9    4.3      --
 55  04/04/2020  0600    30.0   24.2     2.4     0.000  10   78.84   25.4    5.0      --
 56  04/04/2020  0700    30.4   24.8     2.8     0.000  10   79.27   32.2    5.9      --
 57  04/04/2020  0800    31.9   25.8     3.2     0.000  10   77.91   37.4    6.8      --
 58  04/04/2020  0900    34.4   26.9     3.6     0.000   5   73.77   41.2    7.8      --
 59  04/04/2020  1000    37.8   27.9     4.0     0.000   0   67.34   44.3    8.7  no_inv
 60  04/04/2020  1100    41.4   28.6     3.9     0.000   0   60.10   42.2    8.6      --
 61  04/04/2020  1200    44.3   28.9     3.9     0.000   0   54.20   40.1    8.6      --
 62  04/04/2020  1300    46.8   28.9     3.9     0.000   0   49.31   38.0    8.5      --
 63  04/04/2020  1400    48.3   28.3     3.8     0.000   0   45.59   35.8    8.4      --
 64  04/04/2020  1500    49.3   26.9     3.8     0.000   0   41.54   33.6    8.4      --
 65  04/04/2020  1600    50.0   25.2     3.8     0.000   0   37.69   31.4    8.3  no_inv
 66  04/04/2020  1700    50.4   23.8     4.9     0.000   0   34.98   29.1    9.1      --
 67  04/04/2020  1800    50.5   23.2     6.0     0.000   0   34.07   27.1    9.8      --
 68  04/04/2020  1900    49.5   24.2     7.1     0.000   0   36.70   25.4   10.5      --
 69  04/04/2020  2000    48.6   24.2     8.3     0.000   0   38.05   23.9   11.2      --
 70  04/04/2020  2100    47.7   25.2     9.4     0.000   0   41.23   22.5   12.0      --
 71  04/04/2020  2200    46.7   26.2    10.5     0.000   0   44.51   21.4   12.7  no_inv
 72  04/04/2020  2300    44.9   27.5    10.2     0.000   0   50.14    6.0    9.9      --
 73  04/05/2020  0000    43.7   28.6     9.9     0.000   0   55.12  341.9    8.2      --
 74  04/05/2020  0100    42.6   29.5     9.5     0.000   0   59.64  313.4    8.5      --
 75  04/05/2020  0200    41.7   30.2     9.2     0.000   0   63.51  291.4   10.5      --
 76  04/05/2020  0300    41.0   30.7     8.9     0.000   0   66.40  277.7   13.5      --
 77  04/05/2020  0400    40.5   30.9     8.6     0.000   0   68.07  269.3   16.9     666
 78  04/05/2020  0500    40.3   30.9     8.8     0.000   0   68.86  277.6   13.3      --
 79  04/05/2020  0600    40.1   30.9     9.1     0.000   0   69.45  291.5   10.1      --
 80  04/05/2020  0700    40.1   31.0     9.4     0.000   0   69.62  315.1    8.0      --
 81  04/05/2020  0800    40.5   29.1     9.7     0.000   0   63.64  346.3    7.8      --
 82  04/05/2020  0900    41.1   29.3    10.0     0.000   0   62.33   11.4    9.7      --
 83  04/05/2020  1000    42.2   29.4    10.3     0.000   0   60.24   26.4   12.8  no_inv
 84  04/05/2020  1100    44.5   29.5     9.2     0.000   0   55.36   28.0   12.1      --
 85  04/05/2020  1200    49.5   29.7     8.1     0.000   0   46.22   29.9   11.4      --
 86  04/05/2020  1300    54.1   30.4     7.1     0.000   0   40.05   32.0   10.7      --
 87  04/05/2020  1400    56.5   31.0     6.0     0.000   0   37.69   34.3   10.0      --
 88  04/05/2020  1500    57.8   31.6     5.0     0.000   0   36.77   37.1    9.3      --
 89  04/05/2020  1600    58.3   32.1     3.9     0.000   0   37.02   40.2    8.7  no_inv
 90  04/05/2020  1700    57.2   32.1     3.6     0.000   0   38.47   36.7    6.8      --
 91  04/05/2020  1800    56.2   31.6     3.2     0.000   0   39.08   30.5    4.9      --
 92  04/05/2020  1900    54.1   31.2     2.8     0.000   0   41.48   17.4    3.2      --
 93  04/05/2020  2000    53.0   31.2     2.4     0.000   0   43.25  342.7    2.0      --
 94  04/05/2020  2100    50.6   31.2     2.1     0.000   0   47.15  288.1    2.2      --
 95  04/05/2020  2200    48.3   31.2     1.7     0.000   0   51.45  262.4    3.7  no_inv
 96  04/05/2020  2300    46.8   31.2     3.1     0.000   0   54.46  292.4    5.2      --
 97  04/06/2020  0000    45.7   31.2     4.5     0.000   0   56.74  307.1    7.3      --
 98  04/06/2020  0100    44.7   31.8     5.9     0.000   0   60.40  314.8    9.8      --
 99  04/06/2020  0200    43.8   32.8     7.3     0.000   0   65.11  319.3   12.3      --
100  04/06/2020  0300    43.0   33.3     8.8     0.000   0   68.52  322.3   14.9      --
101  04/06/2020  0400    42.3   33.3    10.2     0.000   0   70.16  324.4   17.6     353
102  04/06/2020  0500    41.8   33.4     9.0     0.000   0   71.64  325.5   15.8      --
103  04/06/2020  0600    41.6   33.2     7.8     0.000   0   71.97  326.9   14.0      --
104  04/06/2020  0700    41.7   32.4     6.7     0.000   0   69.14  328.6   12.2      --
105  04/06/2020  0800    42.5   31.2     5.5     0.000   0   64.14  331.0   10.4      --
106  04/06/2020  0900    43.8   31.2     4.3     0.000   0   60.77  334.3    8.7      --
107  04/06/2020  1000    45.7   31.1     3.2     0.000   0   56.36  339.2    7.0     413
108  04/06/2020  1100    48.5   31.0     4.1     0.000   0   50.66  324.0    6.8      --
109  04/06/2020  1200    51.8   30.9     5.0     0.000   0   44.57  309.1    7.1      --
110  04/06/2020  1300    54.6   31.5     5.9     0.000   0   41.12  296.1    7.8      --
111  04/06/2020  1400    56.3   32.1     6.8     0.000   0   39.62  285.8    8.9      --
112  04/06/2020  1500    57.5   32.7     7.7     0.000   0   38.99  277.9   10.1      --
113  04/06/2020  1600    58.2   33.3     8.6     0.000   0   38.98  271.8   11.6  no_inv
114  04/06/2020  1700    58.1   33.3     9.5     0.000   0   39.07  278.7   12.2      --
115  04/06/2020  1800    56.0   32.6    10.4     0.000   0   40.89  284.7   13.0      --
116  04/06/2020  1900    51.7   32.6    11.3     0.000   0   47.85  290.0   14.0      --
117  04/06/2020  2000    49.3   31.2    12.1     0.000   0   49.37  294.7   15.0      --
118  04/06/2020  2100    47.0   30.8    13.0     0.000   0   52.97  298.6   16.2      --
119  04/06/2020  2200    44.7   30.7    13.9     0.000   0   57.83  302.1   17.4     288
120  04/06/2020  2300    42.8   31.9    12.0     0.000   0   65.07  299.2   15.0      --
121  04/07/2020  0000    41.5   32.2    10.1     0.000   0   69.40  295.3   12.8      --
122  04/07/2020  0100    40.1   32.7     8.2     0.000   0   74.51  289.7   10.6      --
123  04/07/2020  0200    37.3   32.9     3.9     0.000   0   83.77  281.3    8.6      --
124  04/07/2020  0300    36.1   33.0     1.9     0.000   5   88.22  268.2    6.8      --
125  04/07/2020  0400    35.5   33.2     0.8     0.000  10   91.19  248.1    5.6     354
126  04/07/2020  0500    35.4   33.0     1.2     0.000  10   90.62  244.5    5.4      --
127  04/07/2020  0600    35.2   32.9     1.6     0.000  10   91.16  240.6    5.2      --
128  04/07/2020  0700    35.8   33.3     1.9     0.000  10   90.88  236.5    5.0      --
129  04/07/2020  0800    37.8   34.4     2.2     0.000   5   87.45  231.9    4.8      --
130  04/07/2020  0900    41.1   35.6     2.1     0.000   0   80.65  227.1    4.7      --
131  04/07/2020  1000    45.5   36.7     2.1     0.000   0   71.26  222.1    4.6    4441
132  04/07/2020  1100    50.3   37.4     2.3     0.000   0   61.23  238.7    4.1      --
133  04/07/2020  1200    55.2   37.7     2.5     0.000   0   51.72  257.1    4.1      --
134  04/07/2020  1300    59.0   37.7     2.7     0.000   0   45.10  274.0    4.5      --
135  04/07/2020  1400    61.0   37.0     2.8     0.000   0   40.76  287.3    5.2      --
136  04/07/2020  1500    62.0   35.0     3.0     0.000   0   36.44  297.0    6.1      --
137  04/07/2020  1600    62.5   32.6     3.2     0.000   0   32.51  304.1    7.1    7589
138  04/07/2020  1700    62.6   30.7     3.8     0.000   0   29.95  309.0    7.6      --
139  04/07/2020  1800    59.7   30.0     4.3     0.000   0   32.19  313.4    8.1      --
140  04/07/2020  1900    53.8   34.4     4.9     0.000   0   47.60  317.1    8.7      --
141  04/07/2020  2000    50.6   33.5     5.5     0.000   0   51.72  320.4    9.3      --
142  04/07/2020  2100    48.2   32.3     6.0     0.000   0   53.94  323.3    9.9      --
143  04/07/2020  2200    45.9   31.2     6.6     0.000   0   56.19  325.9   10.6    7639
144  04/07/2020  2300    42.8   31.7     6.3     0.000   0   64.55  323.6   10.0      --
145  04/08/2020  0000    41.2   32.3     6.0     0.000   0   70.36  321.0    9.4      --
146  04/08/2020  0100    39.7   32.9     5.7     0.000   0   76.60  318.0    8.9      --
147  04/08/2020  0200    38.2   33.5     5.4     0.000   0   83.10  314.7    8.4      --
148  04/08/2020  0300    36.9   34.4     4.9     0.000   0   90.78  311.0    7.9      --
149  04/08/2020  0400    35.7   34.4     4.4     0.000   5   94.95  306.8    7.4  no_inv
150  04/08/2020  0500    35.0   34.1     4.0     0.000  10   96.49  307.6    6.0      --
151  04/08/2020  0600    34.5   33.6     3.3     0.000  10   96.47  308.8    4.6      --
152  04/08/2020  0700    35.5   34.4     2.6     0.000  10   95.75  311.0    3.2      --
153  04/08/2020  0800    38.2   29.0     1.9     0.000   5   69.26  316.5    1.9      --
154  04/08/2020  0900    42.5   26.6     1.2     0.000   0   53.06  348.4    0.6      --
155  04/08/2020  1000    48.2   26.6     0.5     0.000   0   42.87  100.4    1.1    4975
156  04/08/2020  1100    54.1   26.6     0.8     0.000   0   34.42  180.8    0.5      --
157  04/08/2020  1200    59.2   26.6     1.2     0.000   0   28.65  234.1    1.3      --
158  04/08/2020  1300    63.0   26.6     1.5     0.000   0   25.00  243.5    2.3      --
159  04/08/2020  1400    65.1   26.6     1.9     0.000   0   23.27  247.1    3.4      --
160  04/08/2020  1500    66.1   26.6     2.2     0.000   0   22.46  248.9    4.5      --
161  04/08/2020  1600    66.6   26.6     2.5     0.000   0   22.05  250.0    5.6    5931
162  04/08/2020  1700    66.7   26.6     4.3     0.000   0   21.96  236.2    7.1      --
163  04/08/2020  1800    64.9   26.6     6.2     0.000   0   23.37  227.6    8.9      --
164  04/08/2020  1900    61.3   28.6     8.0     0.000   0   28.82  221.9   10.7      --
165  04/08/2020  2000    59.3   28.6     9.8     0.000   0   30.98  217.9   12.7      --
166  04/08/2020  2100    56.9   28.1    11.6     0.000   0   32.97  215.0   14.7      --
167  04/08/2020  2200    54.6   26.6    13.4     0.000   0   33.77  212.8   16.8     362
