  Generated by FoxLW on Thursday April 2, 2020 at 02:32 PDT
-------------------------------------------------------------------------------
  Station 2
  45.9700:-119.4600  (45 58' 12.00"N  119 27' 36.00"W)  elev 643.0 feet    file: 100066
-------------------------------------------------------------------------------

Line#   Date     Hour   TempF  DewPtF WS(mph)  Rain(in) LW    RH%  WDir_50m WS_50m Inv(ft)
  5  04/02/2020  0400    37.3   28.4     2.2     0.000   0   69.89  286.1    4.9    1115
  6  04/02/2020  0500    36.7   28.3     2.1     0.000   0   71.17  278.4    3.9      --
  7  04/02/2020  0600    36.3   28.1     2.0     0.000   0   71.78  266.0    3.1      --
  8  04/02/2020  0700    36.6   27.8     1.9     0.000   0   70.35  245.9    2.5      --
  9  04/02/2020  0800    37.5   27.5     1.8     0.000   0   66.77  218.3    2.3      --
 10  04/02/2020  0900    39.2   25.0     1.6     0.000   0   56.42  192.8    2.6      --
 11  04/02/2020  1000    41.7   24.6     1.5     0.000   0   50.28  175.9    3.4  no_inv
 12  04/02/2020  1100    44.8   24.1     1.8     0.000   0   43.83  195.8    3.4      --
 13  04/02/2020  1200    49.3   23.7     2.1     0.000   0   36.33  213.5    3.8      --
 14  04/02/2020  1300    53.2   23.3     2.4     0.000   0   31.04  226.9    4.4      --
 15  04/02/2020  1400    55.3   23.1     2.7     0.000   0   28.38  236.4    5.3      --
 16  04/02/2020  1500    56.3   22.9     3.0     0.000   0   27.10  243.1    6.2      --
 17  04/02/2020  1600    56.9   22.8     3.3     0.000   0   26.50  248.1    7.2  no_inv
 18  04/02/2020  1700    55.7   22.9     4.5     0.000   0   27.76  266.0    7.0      --
 19  04/02/2020  1800    53.2   23.8     5.7     0.000   0   31.51  283.6    7.4      --
 20  04/02/2020  1900    51.9   24.6     6.8     0.000   0   34.36  298.1    8.4      --
 21  04/02/2020  2000    49.5   25.9     8.0     0.000   0   39.43  309.0    9.9      --
 22  04/02/2020  2100    47.2   26.4     9.2     0.000   0   43.95  316.8   11.6      --
 23  04/02/2020  2200    44.8   26.8    10.4     0.000   0   48.85  322.6   13.4     642
 24  04/02/2020  2300    42.3   27.5     9.5     0.000   0   55.42  313.5   11.5      --
 25  04/03/2020  0000    40.7   28.0     8.6     0.000   0   60.11  301.2   10.0      --
 26  04/03/2020  0100    39.2   27.9     7.7     0.000   0   63.41  285.5    9.1      --
 27  04/03/2020  0200    37.9   26.6     6.8     0.000   0   63.30  268.1    9.0      --
 28  04/03/2020  0300    36.8   25.4     5.9     0.000   0   63.06  251.6    9.7      --
 29  04/03/2020  0400    35.8   24.6     5.0     0.000   0   63.44  238.3   11.0     681
 30  04/03/2020  0500    35.0   26.5     6.7     0.000   0   70.86  237.1   12.4      --
 31  04/03/2020  0600    34.6   28.8     8.4     0.000   0   79.19  236.2   13.8      --
 32  04/03/2020  0700    35.0   28.5    10.1     0.000   0   77.10  235.4   15.1      --
 33  04/03/2020  0800    36.4   27.7    11.8     0.000   0   70.46  234.7   16.5      --
 34  04/03/2020  0900    38.8   26.0    13.5     0.000   0   59.68  234.2   17.9      --
 35  04/03/2020  1000    42.0   25.6    15.2     0.000   0   51.92  233.7   19.3  no_inv
 36  04/03/2020  1100    45.4   25.2    15.7     0.000   0   44.82  238.0   19.6      --
 37  04/03/2020  1200    48.2   24.9    16.1     0.000   0   39.78  242.2   19.9      --
 38  04/03/2020  1300    50.5   24.6    16.6     0.000   0   36.03  246.2   20.4      --
 39  04/03/2020  1400    51.9   24.4    17.0     0.000   0   33.92  250.1   21.0      --
 40  04/03/2020  1500    52.8   24.2    17.5     0.000   0   32.67  253.7   21.6      --
 41  04/03/2020  1600    53.3   24.2    17.9     0.000   0   31.90  257.1   22.4  no_inv
 42  04/03/2020  1700    52.6   24.4    15.7     0.000   0   33.04  258.1   20.2      --
 43  04/03/2020  1800    51.1   25.1    13.6     0.000   0   36.09  259.5   18.1      --
 44  04/03/2020  1900    50.2   26.1    11.4     0.000   0   38.82  261.2   15.9      --
 45  04/03/2020  2000    47.9   26.9     9.3     0.000   0   43.69  263.4   13.8      --
 46  04/03/2020  2100    45.6   27.3     7.1     0.000   0   48.59  266.4   11.7      --
 47  04/03/2020  2200    43.2   27.0     5.0     0.000   0   52.51  270.7    9.7     524
 48  04/03/2020  2300    40.9   26.8     4.4     0.000   0   56.73  270.9    7.5      --
 49  04/04/2020  0000    39.5   26.0     3.9     0.000   0   57.99  271.3    5.2      --
 50  04/04/2020  0100    38.2   26.0     3.3     0.000   0   61.09  272.2    3.0      --
 51  04/04/2020  0200    37.0   26.0     2.8     0.000   0   64.09  278.1    0.8      --
 52  04/04/2020  0300    35.9   26.0     2.2     0.000   0   66.88   85.6    1.5      --
 53  04/04/2020  0400    35.0   26.0     1.7     0.000   0   69.34   88.3    3.7     487
 54  04/04/2020  0500    34.3   26.0     1.8     0.000   0   71.36   86.5    3.9      --
 55  04/04/2020  0600    33.8   26.0     1.9     0.000   0   72.61   84.9    4.2      --
 56  04/04/2020  0700    34.4   26.0     2.0     0.000   0   70.97   83.6    4.5      --
 57  04/04/2020  0800    36.2   26.0     2.1     0.000   0   66.00   82.3    4.7      --
 58  04/04/2020  0900    39.3   26.1     2.3     0.000   0   58.74   81.2    5.0      --
 59  04/04/2020  1000    43.4   25.2     2.4     0.000   0   48.35   80.2    5.3  no_inv
 60  04/04/2020  1100    47.6   24.3     2.8     0.000   0   39.71   69.4    5.7      --
 61  04/04/2020  1200    50.7   23.4     3.2     0.000   0   34.17   60.3    6.3      --
 62  04/04/2020  1300    53.2   22.7     3.7     0.000   0   30.20   52.9    7.0      --
 63  04/04/2020  1400    54.6   22.1     4.1     0.000   0   27.97   46.9    7.8      --
 64  04/04/2020  1500    55.5   21.8     4.5     0.000   0   26.63   42.0    8.6      --
 65  04/04/2020  1600    56.2   21.7     4.9     0.000   0   25.89   38.1    9.6  no_inv
 66  04/04/2020  1700    56.6   21.9     5.2     0.000   0   25.69   34.2    9.6      --
 67  04/04/2020  1800    56.3   22.4     5.5     0.000   0   26.59   30.3    9.7      --
 68  04/04/2020  1900    55.6   23.0     5.7     0.000   0   27.97   26.5    9.8      --
 69  04/04/2020  2000    55.2   23.6     6.0     0.000   0   29.12   22.9   10.0      --
 70  04/04/2020  2100    52.9   24.6     6.3     0.000   0   32.95   19.4   10.2      --
 71  04/04/2020  2200    50.6   25.8     6.6     0.000   0   37.75   16.0   10.5     351
 72  04/04/2020  2300    48.9   26.8     6.7     0.000   0   41.88   19.7   10.5      --
 73  04/05/2020  0000    47.9   27.8     6.8     0.000   0   45.49   23.4   10.5      --
 74  04/05/2020  0100    47.0   28.9     6.9     0.000   0   49.10   27.1   10.6      --
 75  04/05/2020  0200    46.2   29.8     7.0     0.000   0   52.51   30.6   10.8      --
 76  04/05/2020  0300    45.6   30.6     7.1     0.000   0   55.45   34.1   10.9      --
 77  04/05/2020  0400    45.2   31.1     7.2     0.000   0   57.68   37.5   11.1  no_inv
 78  04/05/2020  0500    44.9   29.4     6.8     0.000   0   54.15   37.8   10.8      --
 79  04/05/2020  0600    44.7   27.5     6.3     0.000   0   50.62   38.0   10.5      --
 80  04/05/2020  0700    44.9   25.7     5.9     0.000   0   46.74   38.3   10.2      --
 81  04/05/2020  0800    45.5   31.1     5.4     0.000   0   56.96   38.7    9.9      --
 82  04/05/2020  0900    46.7   32.1     5.0     0.000   0   56.67   39.0    9.6      --
 83  04/05/2020  1000    48.4   32.0     4.5     0.000   0   52.95   39.4    9.3  no_inv
 84  04/05/2020  1100    51.1   32.0     4.4     0.000   0   47.74   39.9    9.1      --
 85  04/05/2020  1200    54.6   31.9     4.2     0.000   0   41.79   40.5    8.9      --
 86  04/05/2020  1300    57.7   31.8     4.1     0.000   0   37.32   41.1    8.7      --
 87  04/05/2020  1400    59.5   31.8     4.0     0.000   0   34.85   41.7    8.5      --
 88  04/05/2020  1500    60.8   31.7     3.8     0.000   0   33.29   42.4    8.3      --
 89  04/05/2020  1600    58.2   35.4     3.7     0.000   0   42.29   43.0    8.1  no_inv
 90  04/05/2020  1700    54.8   39.1     4.1     0.010   0   55.35   34.1    4.7      --
 91  04/05/2020  1800    54.5   37.8     4.5     0.000   0   53.11  352.2    1.9      --
 92  04/05/2020  1900    54.1   36.9     4.9     0.000   0   51.99  267.4    3.2      --
 93  04/05/2020  2000    53.9   37.1     5.3     0.000   0   52.91  250.3    6.4      --
 94  04/05/2020  2100    51.6   36.6     5.7     0.000   0   56.46  244.9    9.9      --
 95  04/05/2020  2200    49.2   41.3     6.1     0.010   0   73.97  242.3   13.4    1658
 96  04/05/2020  2300    47.6   40.1     5.7     0.000   0   74.98  247.2   12.1      --
 97  04/06/2020  0000    47.3   39.5     5.3     0.000   0   74.25  253.1   11.0      --
 98  04/06/2020  0100    46.9   39.0     4.9     0.000   0   73.72  260.4   10.0      --
 99  04/06/2020  0200    46.5   38.6     4.5     0.000   0   73.91  269.1    9.1      --
100  04/06/2020  0300    46.0   38.2     4.1     0.000   0   74.16  279.3    8.6      --
101  04/06/2020  0400    45.5   37.9     3.8     0.000   0   74.42  290.5    8.3     499
102  04/06/2020  0500    43.6   35.0     3.5     0.000   0   71.55  291.0    7.7      --
103  04/06/2020  0600    43.4   34.8     3.2     0.000   0   71.63  291.6    7.0      --
104  04/06/2020  0700    43.3   34.3     2.9     0.000   0   70.26  292.2    6.4      --
105  04/06/2020  0800    44.6   36.6     2.6     0.000   0   73.29  293.1    5.8      --
106  04/06/2020  0900    46.0   36.7     2.3     0.000   0   69.80  294.1    5.1      --
107  04/06/2020  1000    49.9   34.4     2.0     0.000   0   55.07  295.5    4.5    5710
108  04/06/2020  1100    52.9   34.2     2.7     0.000   0   48.86  278.5    4.9      --
109  04/06/2020  1200    56.3   34.0     3.4     0.000   0   42.88  265.0    5.7      --
110  04/06/2020  1300    59.1   33.9     4.1     0.000   0   38.62  255.2    6.7      --
111  04/06/2020  1400    60.7   33.8     4.8     0.000   0   36.30  248.0    7.8      --
112  04/06/2020  1500    61.8   33.7     5.5     0.000   0   34.81  242.7    9.0      --
113  04/06/2020  1600    62.4   33.7     6.2     0.000   0   33.97  238.7   10.3  no_inv
114  04/06/2020  1700    62.4   33.7     5.7     0.000   0   33.99  244.1    9.4      --
115  04/06/2020  1800    60.8   33.6     5.2     0.000   0   35.86  250.6    8.5      --
116  04/06/2020  1900    57.5   33.8     4.7     0.000   0   40.60  258.4    7.8      --
117  04/06/2020  2000    55.7   33.8     4.1     0.000   0   43.34  267.5    7.3      --
118  04/06/2020  2100    53.4   33.8     3.6     0.000   0   47.19  277.6    7.0      --
119  04/06/2020  2200    51.0   33.8     3.1     0.000   0   51.43  288.4    6.9    4798
120  04/06/2020  2300    48.8   33.8     3.0     0.000   0   55.97  282.4    6.2      --
121  04/07/2020  0000    46.9   33.8     2.8     0.000   0   59.92  274.9    5.6      --
122  04/07/2020  0100    45.2   33.8     2.6     0.000   0   63.98  265.9    5.1      --
123  04/07/2020  0200    43.6   33.8     2.5     0.000   0   67.95  255.3    4.8      --
124  04/07/2020  0300    42.2   33.8     2.3     0.000   0   71.67  243.6    4.7      --
125  04/07/2020  0400    41.1   33.8     2.1     0.000   0   74.97  231.6    4.7     598
126  04/07/2020  0500    40.2   33.8     2.0     0.000   0   77.68  227.4    4.3      --
127  04/07/2020  0600    39.7   33.8     1.9     0.000   0   79.15  222.5    4.0      --
128  04/07/2020  0700    40.1   33.8     1.8     0.000   0   77.80  216.7    3.7      --
129  04/07/2020  0800    41.6   31.2     1.6     0.000   0   66.43  210.1    3.5      --
130  04/07/2020  0900    44.1   30.8     1.5     0.000   0   59.22  202.4    3.2      --
131  04/07/2020  1000    47.5   30.3     1.4     0.000   0   50.89  194.0    3.1    2814
132  04/07/2020  1100    51.7   29.8     1.6     0.000   0   42.71  208.2    3.1      --
133  04/07/2020  1200    57.2   29.3     1.7     0.000   0   34.32  221.7    3.3      --
134  04/07/2020  1300    61.8   28.9     1.9     0.000   0   28.66  233.4    3.6      --
135  04/07/2020  1400    64.4   28.6     2.0     0.000   0   25.85  242.8    4.0      --
136  04/07/2020  1500    65.7   28.4     2.2     0.000   0   24.49  250.1    4.6      --
137  04/07/2020  1600    66.5   28.4     2.3     0.000   0   23.80  255.9    5.2    8531
138  04/07/2020  1700    66.7   28.4     3.8     0.000   0   23.62  288.0    3.0      --
139  04/07/2020  1800    65.5   28.5     5.3     0.000   0   24.70  347.6    3.2      --
140  04/07/2020  1900    63.1   29.8     6.8     0.000   0   28.42   15.5    5.5      --
141  04/07/2020  2000    61.8   30.8     8.3     0.000   0   30.95   25.9    8.3      --
142  04/07/2020  2100    59.4   31.0     9.8     0.000   0   33.89   30.9   11.3      --
143  04/07/2020  2200    57.1   30.7    11.3     0.000   0   36.51   33.8   14.3    7728
144  04/07/2020  2300    54.1   31.4     9.9     0.000   0   41.69   29.2   11.4      --
145  04/08/2020  0000    52.1   31.5     8.5     0.000   0   45.32   21.4    8.6      --
146  04/08/2020  0100    50.2   30.8     7.1     0.000   0   47.09    6.7    6.1      --
147  04/08/2020  0200    48.6   30.0     5.7     0.000   0   48.32  337.5    4.4      --
148  04/08/2020  0300    47.3   29.5     4.3     0.000   0   49.67  297.9    4.7      --
149  04/08/2020  0400    46.3   28.7     3.0     0.000   0   49.84  272.1    6.5     748
150  04/08/2020  0500    45.7   28.7     2.6     0.000   0   51.15  269.5    5.5      --
151  04/08/2020  0600    45.3   28.7     2.2     0.000   0   51.83  265.6    4.4      --
152  04/08/2020  0700    45.8   28.7     1.8     0.000   0   50.94  259.4    3.4      --
153  04/08/2020  0800    47.2   29.6     1.4     0.000   0   50.14  248.3    2.5      --
154  04/08/2020  0900    49.6   29.4     1.1     0.000   0   45.45  226.2    1.8      --
155  04/08/2020  1000    53.0   29.2     0.7     0.000   0   39.88  188.2    1.5    6075
156  04/08/2020  1100    56.9   29.0     0.8     0.000   0   34.27  196.2    1.8      --
157  04/08/2020  1200    62.0   28.8     1.0     0.000   0   28.38  201.8    2.2      --
158  04/08/2020  1300    66.2   28.7     1.1     0.000   0   24.38  205.9    2.5      --
159  04/08/2020  1400    68.4   28.6     1.3     0.000   0   22.42  208.9    2.8      --
160  04/08/2020  1500    69.6   28.5     1.5     0.000   0   21.49  211.4    3.2      --
161  04/08/2020  1600    70.2   28.5     1.6     0.000   0   21.02  213.3    3.6    6899
162  04/08/2020  1700    70.4   28.5     1.9     0.000   0   20.91  218.2    4.3      --
163  04/08/2020  1800    69.1   28.5     2.3     0.000   0   21.83  221.8    5.0      --
164  04/08/2020  1900    66.5   28.6     2.6     0.000   0   23.94  224.5    5.7      --
165  04/08/2020  2000    65.1   28.6     2.9     0.000   0   25.15  226.5    6.4      --
166  04/08/2020  2100    62.8   28.6     3.2     0.000   0   27.29  228.2    7.2      --
167  04/08/2020  2200    60.4   28.6     3.6     0.000   0   29.64  229.5    7.9     612
