  Generated by FoxLW on Thursday April 2, 2020 at 02:32 PDT
-------------------------------------------------------------------------------
  Fourmile
  45.9900:-119.3200  (45 59' 24.00"N  119 19' 12.00"W)  elev 718.5 feet    file: 100067
-------------------------------------------------------------------------------

Line#   Date     Hour   TempF  DewPtF WS(mph)  Rain(in) LW    RH%  WDir_50m WS_50m Inv(ft)
  5  04/02/2020  0400    34.6   24.4     6.0     0.000   0   65.87  348.5   10.2     493
  6  04/02/2020  0500    34.1   24.4     5.2     0.000   0   67.32  347.0    8.1      --
  7  04/02/2020  0600    33.7   24.4     4.4     0.000   0   68.50  344.5    6.1      --
  8  04/02/2020  0700    34.0   24.4     3.6     0.000   0   67.67  339.5    4.0      --
  9  04/02/2020  0800    35.2   24.5     2.8     0.000   0   64.46  325.0    2.1      --
 10  04/02/2020  0900    37.4   22.6     2.0     0.000   0   54.62  251.2    1.0      --
 11  04/02/2020  1000    40.5   22.6     1.1     0.000   0   48.42  198.2    2.5  no_inv
 12  04/02/2020  1100    44.2   22.6     1.4     0.000   0   42.10  213.3    2.8      --
 13  04/02/2020  1200    48.5   22.6     1.6     0.000   0   35.71  225.2    3.2      --
 14  04/02/2020  1300    52.0   22.6     1.8     0.000   0   31.37  234.1    3.7      --
 15  04/02/2020  1400    53.9   22.6     2.0     0.000   0   29.30  240.8    4.3      --
 16  04/02/2020  1500    54.8   22.6     2.3     0.000   0   28.35  245.8    4.9      --
 17  04/02/2020  1600    55.2   22.6     2.5     0.000   0   27.90  249.6    5.6  no_inv
 18  04/02/2020  1700    54.3   22.7     3.9     0.000   0   28.86  270.4    5.9      --
 19  04/02/2020  1800    52.6   23.2     5.4     0.000   0   31.41  286.6    7.0      --
 20  04/02/2020  1900    51.7   24.3     6.8     0.000   0   34.11  298.0    8.4      --
 21  04/02/2020  2000    49.3   25.7     8.2     0.000   0   39.37  305.9   10.1      --
 22  04/02/2020  2100    47.0   26.2     9.6     0.000   0   43.91  311.4   11.9      --
 23  04/02/2020  2200    44.7   26.4    11.1     0.000   0   48.36  315.5   13.9  no_inv
 24  04/02/2020  2300    41.7   27.2    10.3     0.000   0   55.93  305.0   12.3      --
 25  04/03/2020  0000    39.7   27.8     9.5     0.000   0   62.00  292.1   11.3      --
 26  04/03/2020  0100    37.9   28.2     8.7     0.000   0   67.84  277.5   11.0      --
 27  04/03/2020  0200    36.3   28.3     7.9     0.000   0   72.63  263.0   11.3      --
 28  04/03/2020  0300    34.9   27.0     7.1     0.000   0   72.55  250.2   12.4      --
 29  04/03/2020  0400    33.8   25.4     6.3     0.000   0   71.19  239.7   13.9     563
 30  04/03/2020  0500    32.9   28.3     7.8     0.000   0   82.92  239.2   14.8      --
 31  04/03/2020  0600    32.5   28.6     9.2     0.000   0   85.53  238.8   15.6      --
 32  04/03/2020  0700    32.9   28.1    10.7     0.000   0   82.39  238.4   16.4      --
 33  04/03/2020  0800    34.3   26.0    12.2     0.000   0   71.35  238.0   17.3      --
 34  04/03/2020  0900    36.8   25.6    13.7     0.000   0   63.60  237.6   18.1      --
 35  04/03/2020  1000    40.1   25.2    15.2     0.000   0   54.86  237.3   19.0  no_inv
 36  04/03/2020  1100    43.7   24.8    15.4     0.000   0   46.87  240.1   19.2      --
 37  04/03/2020  1200    46.7   24.4    15.7     0.000   0   41.27  242.8   19.5      --
 38  04/03/2020  1300    49.1   24.0    15.9     0.000   0   37.12  245.5   19.8      --
 39  04/03/2020  1400    50.6   23.8    16.2     0.000   0   34.75  248.0   20.1      --
 40  04/03/2020  1500    51.5   23.6    16.5     0.000   0   33.36  250.5   20.5      --
 41  04/03/2020  1600    52.2   23.5    16.7     0.000   0   32.47  252.9   20.9  no_inv
 42  04/03/2020  1700    51.5   24.1    14.9     0.000   0   34.02  254.1   19.0      --
 43  04/03/2020  1800    50.3   24.6    13.1     0.000   0   36.39  255.6   17.2      --
 44  04/03/2020  1900    49.6   25.5    11.3     0.000   0   38.65  257.5   15.4      --
 45  04/03/2020  2000    47.2   25.9     9.5     0.000   0   42.91  259.8   13.6      --
 46  04/03/2020  2100    44.9   26.5     7.7     0.000   0   48.10  262.9   11.9      --
 47  04/03/2020  2200    42.6   26.3     5.9     0.000   0   52.18  267.0   10.1     363
 48  04/03/2020  2300    40.2   26.1     5.1     0.000   0   56.78  267.4    8.1      --
 49  04/04/2020  0000    38.8   25.9     4.3     0.000   0   59.58  268.0    6.0      --
 50  04/04/2020  0100    37.4   25.5     3.5     0.000   0   61.71  269.4    3.9      --
 51  04/04/2020  0200    36.2   25.5     2.7     0.000   0   64.74  273.6    1.9      --
 52  04/04/2020  0300    35.2   25.5     1.8     0.000   0   67.53   31.8    0.3      --
 53  04/04/2020  0400    34.3   25.5     1.0     0.000   0   69.95   78.7    2.3     671
 54  04/04/2020  0500    33.6   25.5     1.3     0.000   0   71.91   74.6    2.8      --
 55  04/04/2020  0600    33.2   25.5     1.5     0.000   0   73.11   71.9    3.4      --
 56  04/04/2020  0700    33.8   25.5     1.8     0.000   0   71.32   69.9    4.0      --
 57  04/04/2020  0800    35.7   25.5     2.0     0.000   0   66.05   68.4    4.6      --
 58  04/04/2020  0900    39.0   24.7     2.3     0.000   0   56.29   67.3    5.1      --
 59  04/04/2020  1000    43.1   24.2     2.6     0.000   0   46.85   66.4    5.7  no_inv
 60  04/04/2020  1100    47.3   23.6     3.4     0.000   0   39.11   57.0    6.4      --
 61  04/04/2020  1200    50.1   23.1     4.2     0.000   0   34.46   49.5    7.1      --
 62  04/04/2020  1300    52.3   23.2     5.0     0.000   0   31.82   43.6    8.0      --
 63  04/04/2020  1400    53.6   23.6     5.8     0.000   0   30.83   38.8    9.0      --
 64  04/04/2020  1500    54.5   24.2     6.7     0.000   0   30.63   35.0   10.0      --
 65  04/04/2020  1600    55.1   24.9     7.5     0.000   0   30.84   31.9   11.0  no_inv
 66  04/04/2020  1700    55.4   24.9     7.0     0.000   0   30.45   33.1   10.7      --
 67  04/04/2020  1800    55.0   24.3     6.5     0.000   0   30.25   34.3   10.3      --
 68  04/04/2020  1900    54.2   24.4     6.0     0.000   0   31.30   35.6   10.0      --
 69  04/04/2020  2000    53.7   24.5     5.5     0.000   0   31.89   37.0    9.7      --
 70  04/04/2020  2100    51.4   24.0     5.0     0.000   0   34.11   38.4    9.4      --
 71  04/04/2020  2200    49.0   24.0     4.5     0.000   0   37.20   40.0    9.1     667
 72  04/04/2020  2300    47.4   24.0     4.2     0.000   0   39.50   37.8    8.5      --
 73  04/05/2020  0000    46.5   24.0     3.8     0.000   0   40.98   35.3    7.9      --
 74  04/05/2020  0100    45.6   24.0     3.5     0.000   0   42.33   32.4    7.3      --
 75  04/05/2020  0200    44.9   24.0     3.2     0.000   0   43.49   29.0    6.7      --
 76  04/05/2020  0300    44.3   24.0     2.9     0.000   0   44.45   24.9    6.2      --
 77  04/05/2020  0400    43.9   24.0     2.6     0.000   0   45.17   20.1    5.7  no_inv
 78  04/05/2020  0500    43.6   24.0     2.8     0.000   0   45.64   22.2    6.2      --
 79  04/05/2020  0600    43.4   24.0     3.1     0.000   0   45.96   24.0    6.8      --
 80  04/05/2020  0700    43.6   24.0     3.3     0.000   0   45.69   25.5    7.3      --
 81  04/05/2020  0800    44.3   29.4     3.5     0.000   0   55.66   26.8    7.8      --
 82  04/05/2020  0900    45.5   32.4     3.8     0.000   0   59.77   27.9    8.4      --
 83  04/05/2020  1000    47.3   32.2     4.0     0.000   0   55.43   28.9    9.0  no_inv
 84  04/05/2020  1100    50.1   32.0     4.4     0.000   0   49.71   31.1    9.2      --
 85  04/05/2020  1200    53.6   31.9     4.8     0.000   0   43.43   33.2    9.4      --
 86  04/05/2020  1300    56.6   31.8     5.1     0.000   0   38.89   35.3    9.6      --
 87  04/05/2020  1400    58.3   31.9     5.5     0.000   0   36.50   37.2    9.8      --
 88  04/05/2020  1500    59.6   31.9     5.8     0.000   0   35.02   39.1   10.1      --
 89  04/05/2020  1600    60.4   32.0     6.2     0.000   0   34.26   40.8   10.3  no_inv
 90  04/05/2020  1700    60.4   32.0     6.3     0.000   0   34.23   28.4    6.7      --
 91  04/05/2020  1800    58.7   32.0     6.4     0.000   0   36.26  354.3    4.0      --
 92  04/05/2020  1900    55.3   32.5     6.5     0.000   0   41.90  297.1    4.4      --
 93  04/05/2020  2000    53.4   36.2     6.6     0.000   0   51.92  270.8    7.5      --
 94  04/05/2020  2100    51.0   38.9     6.7     0.020   0   63.01  260.7   11.2      --
 95  04/05/2020  2200    48.7   42.3     6.8     0.020   0   78.46  255.6   15.1    1450
 96  04/05/2020  2300    47.1   41.0     6.2     0.000   0   79.22  257.6   13.7      --
 97  04/06/2020  0000    45.9   39.9     5.6     0.000   0   79.54  260.1   12.3      --
 98  04/06/2020  0100    44.7   38.7     5.0     0.000   0   79.18  263.2   10.9      --
 99  04/06/2020  0200    43.6   37.9     4.4     0.000   0   80.27  267.2    9.6      --
100  04/06/2020  0300    42.6   37.3     3.8     0.000   0   81.31  272.4    8.3      --
101  04/06/2020  0400    41.7   36.7     3.2     0.000   0   82.24  279.4    7.1     670
102  04/06/2020  0500    40.2   34.3     3.2     0.000   0   79.16  287.1    6.7      --
103  04/06/2020  0600    39.9   34.1     3.1     0.000   0   79.53  295.8    6.3      --
104  04/06/2020  0700    40.1   33.8     3.1     0.000   0   77.87  305.3    6.1      --
105  04/06/2020  0800    41.9   36.2     3.1     0.000   0   80.23  315.1    6.1      --
106  04/06/2020  0900    43.8   36.6     3.0     0.000   0   75.54  324.7    6.3      --
107  04/06/2020  1000    48.5   34.5     3.0     0.000   0   58.09  333.5    6.6    6340
108  04/06/2020  1100    52.2   34.2     3.6     0.000   0   50.13  315.5    5.8      --
109  04/06/2020  1200    55.6   33.9     4.3     0.000   0   43.88  294.4    5.7      --
110  04/06/2020  1300    58.2   34.1     4.9     0.000   0   40.26  274.9    6.3      --
111  04/06/2020  1400    59.6   34.5     5.6     0.000   0   38.69  260.3    7.5      --
112  04/06/2020  1500    60.6   34.9     6.3     0.000   0   37.98  250.2    9.0      --
113  04/06/2020  1600    61.2   35.3     6.9     0.000   0   37.89  243.2   10.7  no_inv
114  04/06/2020  1700    61.2   35.3     6.2     0.000   0   37.91  244.1    9.8      --
115  04/06/2020  1800    57.6   34.8     5.4     0.000   0   42.26  245.3    8.8      --
116  04/06/2020  1900    50.2   34.7     4.6     0.000   0   55.01  246.8    7.9      --
117  04/06/2020  2000    46.2   34.7     3.8     0.000   0   64.04  248.7    6.9      --
118  04/06/2020  2100    43.8   34.7     3.1     0.000   0   70.00  251.2    6.0      --
119  04/06/2020  2200    41.5   34.7     2.3     0.000   0   76.58  254.6    5.1    8192
120  04/06/2020  2300    40.3   34.7     2.4     0.000   0   80.12  248.6    5.2      --
121  04/07/2020  0000    39.8   34.7     2.5     0.000   0   81.88  243.0    5.4      --
122  04/07/2020  0100    39.0   34.7     2.6     0.000   0   84.21  237.7    5.6      --
123  04/07/2020  0200    38.2   34.7     2.7     0.000   0   86.91  232.9    5.8      --
124  04/07/2020  0300    37.4   34.7     2.8     0.000   5   89.84  228.5    6.1      --
125  04/07/2020  0400    36.6   34.7     2.9     0.000  10   92.87  224.5    6.4    1098
126  04/07/2020  0500    35.8   34.7     2.8     0.000  10   95.91  220.9    6.1      --
127  04/07/2020  0600    35.2   34.3     2.7     0.000  10   96.48  216.9    5.8      --
128  04/07/2020  0700    35.9   34.7     2.6     0.000  10   95.49  212.5    5.5      --
129  04/07/2020  0800    37.8   31.1     2.5     0.000   5   76.47  207.6    5.3      --
130  04/07/2020  0900    41.1   30.6     2.3     0.000   0   65.81  202.3    5.1      --
131  04/07/2020  1000    45.6   30.0     2.2     0.000   0   54.22  196.7    4.9    2610
132  04/07/2020  1100    50.7   29.5     2.4     0.000   0   43.77  208.8    5.0      --
133  04/07/2020  1200    56.3   29.0     2.7     0.000   0   34.93  220.1    5.2      --
134  04/07/2020  1300    60.8   28.5     2.9     0.000   0   29.20  230.0    5.7      --
135  04/07/2020  1400    63.3   28.2     3.1     0.000   0   26.38  238.3    6.3      --
136  04/07/2020  1500    64.6   28.0     3.3     0.000   0   25.01  245.1    7.0      --
137  04/07/2020  1600    65.3   27.9     3.5     0.000   0   24.33  250.5    7.8    7452
138  04/07/2020  1700    65.5   27.9     5.0     0.000   0   24.14  274.0    5.8      --
139  04/07/2020  1800    63.0   27.9     6.4     0.000   0   26.40  308.3    5.5      --
140  04/07/2020  1900    57.8   29.9     7.9     0.000   0   34.42  336.4    7.0      --
141  04/07/2020  2000    55.0   30.0     9.4     0.000   0   38.31  352.1    9.5      --
142  04/07/2020  2100    52.6   29.8    10.9     0.000   0   41.33    1.0   12.4      --
143  04/07/2020  2200    50.3   28.2    12.4     0.000   0   42.14    6.3   15.5    7514
144  04/07/2020  2300    47.0   29.8    10.4     0.000   0   50.80    5.8   13.2      --
145  04/08/2020  0000    45.1   30.3     8.5     0.000   0   55.80    4.9   10.9      --
146  04/08/2020  0100    43.3   29.5     6.6     0.000   0   57.79    3.7    8.6      --
147  04/08/2020  0200    41.8   29.0     4.7     0.000   0   60.18    1.5    6.3      --
148  04/08/2020  0300    40.4   28.7     2.8     0.000   0   62.65  356.9    4.1      --
149  04/08/2020  0400    39.3   28.2     0.9     0.000   0   64.17  341.8    1.9     526
150  04/08/2020  0500    38.4   28.2     0.8     0.000   0   66.34  338.7    1.6      --
151  04/08/2020  0600    38.0   28.2     0.7     0.000   0   67.54  333.6    1.2      --
152  04/08/2020  0700    38.9   28.2     0.6     0.000   0   65.15  323.8    0.8      --
153  04/08/2020  0800    41.5   28.3     0.5     0.000   0   59.20  300.4    0.5      --
154  04/08/2020  0900    45.7   28.2     0.4     0.000   0   50.28  250.2    0.4      --
155  04/08/2020  1000    51.1   28.2     0.3     0.000   0   40.95  212.9    0.6    5872
156  04/08/2020  1100    56.8   28.1     0.6     0.000   0   33.10  212.6    1.2      --
157  04/08/2020  1200    61.9   28.0     0.8     0.000   0   27.58  212.6    1.8      --
158  04/08/2020  1300    65.7   28.0     1.1     0.000   0   24.07  212.5    2.4      --
159  04/08/2020  1400    67.7   27.9     1.3     0.000   0   22.41  212.5    3.0      --
160  04/08/2020  1500    68.7   27.9     1.6     0.000   0   21.62  212.4    3.5      --
161  04/08/2020  1600    69.2   27.9     1.9     0.000   0   21.23  212.4    4.1    5830
162  04/08/2020  1700    69.4   27.9     1.9     0.000   0   21.15  213.2    4.3      --
163  04/08/2020  1800    65.9   27.9     2.0     0.000   0   23.84  214.0    4.5      --
164  04/08/2020  1900    58.8   27.9     2.1     0.000   0   30.66  214.7    4.7      --
165  04/08/2020  2000    54.9   27.9     2.2     0.000   0   35.31  215.3    4.8      --
166  04/08/2020  2100    52.5   27.9     2.3     0.000   0   38.46  215.9    5.0      --
167  04/08/2020  2200    50.2   27.9     2.3     0.000   0   41.94  216.5    5.2     408
