  Generated by FoxLW on Thursday April 2, 2020 at 02:32 PDT
-------------------------------------------------------------------------------
  Touchet
  46.0200:-118.6800  (46 1' 12.00"N  118 40' 48.00"W)  elev 534.8 feet    file: 100128
-------------------------------------------------------------------------------

Line#   Date     Hour   TempF  DewPtF WS(mph)  Rain(in) LW    RH%  WDir_50m WS_50m Inv(ft)
  5  04/02/2020  0400    37.1   29.4     4.9     0.000   0   73.60  275.5   10.9    1397
  6  04/02/2020  0500    36.6   29.3     4.4     0.000   0   74.58  277.5    9.7      --
  7  04/02/2020  0600    36.2   28.9     4.0     0.000   0   74.37  280.1    8.6      --
  8  04/02/2020  0700    36.5   28.2     3.5     0.000   0   71.40  283.5    7.6      --
  9  04/02/2020  0800    37.7   27.3     3.0     0.000   0   65.68  287.9    6.5      --
 10  04/02/2020  0900    39.8   24.2     2.5     0.000   0   53.30  294.0    5.5      --
 11  04/02/2020  1000    42.7   23.1     2.1     0.000   0   45.46  302.6    4.6  no_inv
 12  04/02/2020  1100    46.0   22.0     1.8     0.000   0   38.15  305.1    3.8      --
 13  04/02/2020  1200    49.9   20.9     1.5     0.000   0   31.53  309.0    2.9      --
 14  04/02/2020  1300    53.0   20.0     1.3     0.000   0   27.12  316.0    2.1      --
 15  04/02/2020  1400    54.5   19.3     1.0     0.000   0   24.85  331.3    1.4      --
 16  04/02/2020  1500    55.3   18.9     0.8     0.000   0   23.75   10.4    0.9      --
 17  04/02/2020  1600    55.6   18.7     0.5     0.000   0   23.33   60.9    1.1  no_inv
 18  04/02/2020  1700    55.4   18.9     3.4     0.000   0   23.67  204.6    2.9      --
 19  04/02/2020  1800    54.9   20.4     6.3     0.000   0   25.68  210.1    6.8      --
 20  04/02/2020  1900    54.7   22.1     9.2     0.000   0   27.79  211.6   10.7      --
 21  04/02/2020  2000    52.4   21.0    12.1     0.000   0   28.96  212.4   14.5      --
 22  04/02/2020  2100    50.0   22.1    14.9     0.000   0   33.09  212.8   18.4      --
 23  04/02/2020  2200    47.7   23.3    17.8     0.000   0   37.97  213.0   22.3  no_inv
 24  04/02/2020  2300    45.6   24.5    15.8     0.000   0   43.16  215.2   20.4      --
 25  04/03/2020  0000    44.1   25.6    13.8     0.000   0   47.77  217.9   18.5      --
 26  04/03/2020  0100    42.8   27.8    11.8     0.000   0   54.98  221.1   16.7      --
 27  04/03/2020  0200    41.7   28.8     9.7     0.000   0   59.93  225.1   15.0      --
 28  04/03/2020  0300    40.8   28.7     7.7     0.000   0   61.93  230.1   13.3      --
 29  04/03/2020  0400    40.0   25.2     5.7     0.000   0   55.13  236.5   11.8    1402
 30  04/03/2020  0500    39.5   29.7     8.0     0.000   0   67.67  237.2   13.9      --
 31  04/03/2020  0600    39.1   29.1    10.3     0.000   0   66.86  237.7   16.0      --
 32  04/03/2020  0700    39.4   26.3    12.6     0.000   0   59.04  238.1   18.1      --
 33  04/03/2020  0800    40.5   25.2    14.9     0.000   0   54.10  238.5   20.2      --
 34  04/03/2020  0900    42.4   23.9    17.3     0.000   0   47.64  238.7   22.4      --
 35  04/03/2020  1000    45.0   22.5    19.6     0.000   0   40.64  238.9   24.5  no_inv
 36  04/03/2020  1100    48.1   21.1    18.9     0.000   0   34.05  240.8   23.6      --
 37  04/03/2020  1200    52.1   19.8    18.3     0.000   0   27.79  242.8   22.7      --
 38  04/03/2020  1300    55.3   18.7    17.6     0.000   0   23.58  245.0   21.9      --
 39  04/03/2020  1400    57.0   17.9    17.0     0.000   0   21.40  247.3   21.0      --
 40  04/03/2020  1500    57.7   17.3    16.3     0.000   0   20.32  249.8   20.3      --
 41  04/03/2020  1600    58.1   17.4    15.6     0.000   0   20.15  252.5   19.5  no_inv
 42  04/03/2020  1700    56.6   17.9    15.1     0.000   0   21.78  253.5   18.9      --
 43  04/03/2020  1800    53.4   18.4    14.6     0.000   0   24.87  254.6   18.2      --
 44  04/03/2020  1900    51.7   18.9    14.1     0.000   0   27.08  255.7   17.6      --
 45  04/03/2020  2000    49.4   19.6    13.6     0.000   0   30.41  256.9   16.9      --
 46  04/03/2020  2100    47.0   20.8    13.1     0.000   0   34.92  258.2   16.3      --
 47  04/03/2020  2200    44.7   22.0    12.6     0.000   0   40.26  259.7   15.7     542
 48  04/03/2020  2300    42.6   24.8    10.8     0.000   0   48.95  260.0   13.8      --
 49  04/04/2020  0000    41.6   26.5     9.1     0.000   0   54.64  260.6   12.0      --
 50  04/04/2020  0100    40.6   25.9     7.3     0.000   0   55.39  261.2   10.1      --
 51  04/04/2020  0200    39.6   24.1     5.6     0.000   0   53.31  262.2    8.2      --
 52  04/04/2020  0300    38.8   22.8     3.8     0.000   0   52.21  263.8    6.4      --
 53  04/04/2020  0400    38.0   20.5     2.0     0.000   0   48.80  266.7    4.6     500
 54  04/04/2020  0500    37.4   20.5     2.1     0.000   0   50.04  252.8    4.0      --
 55  04/04/2020  0600    37.0   20.5     2.2     0.000   0   50.84  235.4    3.7      --
 56  04/04/2020  0700    37.3   20.5     2.3     0.000   0   50.06  217.1    3.8      --
 57  04/04/2020  0800    38.7   25.9     2.4     0.000   0   59.59  201.1    4.2      --
 58  04/04/2020  0900    41.1   28.0     2.5     0.000   0   59.27  188.8    4.9      --
 59  04/04/2020  1000    44.3   28.0     2.6     0.000   0   52.40  179.9    5.7  no_inv
 60  04/04/2020  1100    47.8   28.0     2.8     0.000   0   45.77  164.1    4.1      --
 61  04/04/2020  1200    51.1   28.0     3.0     0.000   0   40.58  133.1    3.0      --
 62  04/04/2020  1300    53.8   28.0     3.2     0.000   0   36.68   94.2    3.3      --
 63  04/04/2020  1400    55.4   28.0     3.4     0.000   0   34.59   70.2    4.7      --
 64  04/04/2020  1500    56.5   28.0     3.6     0.000   0   33.30   58.2    6.5      --
 65  04/04/2020  1600    57.2   28.0     3.8     0.000   0   32.42   51.5    8.4  no_inv
 66  04/04/2020  1700    56.8   28.1     3.6     0.000   0   33.05   59.4    6.7      --
 67  04/04/2020  1800    56.1   28.3     3.4     0.000   0   34.33   72.3    5.2      --
 68  04/04/2020  1900    55.6   28.3     3.2     0.000   0   34.87   93.4    4.2      --
 69  04/04/2020  2000    53.3   28.3     3.1     0.000   0   37.97  121.8    3.9      --
 70  04/04/2020  2100    51.0   33.7     2.9     0.000   0   51.52  147.1    4.7      --
 71  04/04/2020  2200    48.6   39.1     2.7     0.060  10   69.58  163.4    6.0     465
 72  04/04/2020  2300    46.5   44.3     3.0     0.000  10   92.20  173.2    6.2      --
 73  04/05/2020  0000    47.0   44.7     3.2     0.020  10   91.98  182.0    6.7      --
 74  04/05/2020  0100    46.5   44.3     3.5     0.010  10   91.97  189.7    7.2      --
 75  04/05/2020  0200    45.2   43.0     3.7     0.000  10   92.17  196.1    7.9      --
 76  04/05/2020  0300    44.8   42.7     4.0     0.000  10   92.16  201.5    8.6      --
 77  04/05/2020  0400    45.3   43.1     4.2     0.030  10   91.91  206.0    9.4     931
 78  04/05/2020  0500    40.7   37.7     4.0     0.000   5   89.26  213.0    7.6      --
 79  04/05/2020  0600    40.5   36.3     3.7     0.000   0   84.84  224.2    5.9      --
 80  04/05/2020  0700    39.9   35.2     3.5     0.000   0   83.21  242.8    4.6      --
 81  04/05/2020  0800    44.5   40.6     3.2     0.000   0   86.23  270.0    4.1      --
 82  04/05/2020  0900    45.1   41.3     2.9     0.000   0   86.42  297.3    4.6      --
 83  04/05/2020  1000    47.0   41.0     2.7     0.000   0   79.71  316.0    5.9  no_inv
 84  04/05/2020  1100    50.5   40.2     3.3     0.000   0   67.55  335.2    4.0      --
 85  04/05/2020  1200    54.8   40.2     3.9     0.000   0   57.65   13.0    3.2      --
 86  04/05/2020  1300    58.3   39.6     4.5     0.000   0   49.66   51.1    4.0      --
 87  04/05/2020  1400    59.9   39.8     5.1     0.000   0   47.46   70.6    5.9      --
 88  04/05/2020  1500    60.7   39.9     5.7     0.000   0   46.20   80.2    8.1      --
 89  04/05/2020  1600    60.8   39.8     6.3     0.000   0   45.79   85.6   10.4  no_inv
 90  04/05/2020  1700    60.4   39.8     6.6     0.000   0   46.54   86.6    5.7      --
 91  04/05/2020  1800    59.5   40.4     6.9     0.000   0   49.15   96.5    1.0      --
 92  04/05/2020  1900    59.0   41.0     7.2     0.000   0   51.30  261.1    3.7      --
 93  04/05/2020  2000    56.6   41.8     7.4     0.000   0   57.53  262.9    8.4      --
 94  04/05/2020  2100    54.3   42.0     7.7     0.000   0   63.16  263.5   13.1      --
 95  04/05/2020  2200    51.9   42.2     8.0     0.000   0   69.42  263.7   17.8  no_inv
 96  04/05/2020  2300    50.8   42.1     7.8     0.000   0   71.99  260.5   17.1      --
 97  04/06/2020  0000    50.0   41.9     7.6     0.000   0   73.61  257.0   16.5      --
 98  04/06/2020  0100    49.3   41.8     7.4     0.000   0   75.11  253.2   16.0      --
 99  04/06/2020  0200    48.7   41.6     7.2     0.000   0   76.44  249.2   15.6      --
100  04/06/2020  0300    48.2   41.5     6.9     0.000   0   77.54  245.1   15.2      --
101  04/06/2020  0400    48.6   41.3     6.7     0.000   0   75.78  240.7   14.9    2430
102  04/06/2020  0500    47.4   41.0     6.3     0.000   0   78.28  246.4   13.3      --
103  04/06/2020  0600    47.2   40.5     5.9     0.000   0   77.68  253.8   11.8      --
104  04/06/2020  0700    47.2   40.2     5.5     0.000   0   76.58  263.0   10.5      --
105  04/06/2020  0800    47.5   38.6     5.1     0.000   0   71.07  274.3    9.6      --
106  04/06/2020  0900    48.2   37.8     4.7     0.000   0   67.10  287.4    9.1      --
107  04/06/2020  1000    49.3   37.0     4.3     0.000   0   62.37  301.1    9.2  no_inv
108  04/06/2020  1100    51.4   36.1     4.6     0.000   0   55.68  294.4    9.1      --
109  04/06/2020  1200    54.9   35.3     4.9     0.000   0   47.52  287.6    9.1      --
110  04/06/2020  1300    58.1   35.3     5.2     0.000   0   42.32  280.9    9.2      --
111  04/06/2020  1400    60.2   35.7     5.5     0.000   0   39.94  274.5    9.4      --
112  04/06/2020  1500    61.6   36.4     5.8     0.000   0   39.04  268.4    9.8      --
113  04/06/2020  1600    62.5   37.3     6.1     0.000   0   39.16  262.9   10.2  no_inv
114  04/06/2020  1700    62.4   37.3     7.9     0.000   0   39.27  272.7   11.6      --
115  04/06/2020  1800    60.7   36.4     9.6     0.000   0   40.14  280.3   13.1      --
116  04/06/2020  1900    57.3   35.7    11.4     0.000   0   44.12  286.2   14.9      --
117  04/06/2020  2000    55.4   33.7    13.1     0.000   0   43.63  290.9   16.8      --
118  04/06/2020  2100    53.1   32.9    14.9     0.000   0   46.17  294.5   18.8      --
119  04/06/2020  2200    50.7   32.7    16.7     0.000   0   49.83  297.5   20.8    8406
120  04/06/2020  2300    48.2   32.5    15.2     0.000   0   54.22  291.3   18.3      --
121  04/07/2020  0000    46.1   32.2    13.8     0.000   0   58.14  283.4   16.1      --
122  04/07/2020  0100    44.1   32.0    12.3     0.000   0   62.24  273.2   14.3      --
123  04/07/2020  0200    42.3   33.4    10.9     0.000   0   70.60  260.5   13.0      --
124  04/07/2020  0300    40.7   33.8     9.4     0.000   0   76.25  246.0   12.5      --
125  04/07/2020  0400    39.3   33.8     7.9     0.000   0   80.44  231.3   12.8     636
126  04/07/2020  0500    38.2   34.3     7.2     0.000   0   85.67  230.9   12.1      --
127  04/07/2020  0600    37.7   34.8     6.6     0.000   0   89.19  230.6   11.4      --
128  04/07/2020  0700    38.5   35.3     5.9     0.000   0   88.24  230.1   10.6      --
129  04/07/2020  0800    40.7   31.0     5.2     0.000   0   68.04  229.6    9.9      --
130  04/07/2020  0900    44.3   30.6     4.5     0.000   0   58.32  229.0    9.1      --
131  04/07/2020  1000    49.0   30.2     3.8     0.000   0   48.12  228.4    8.4    6730
132  04/07/2020  1100    53.9   29.8     3.6     0.000   0   39.41  235.7    6.6      --
133  04/07/2020  1200    58.3   29.4     3.4     0.000   0   33.09  248.1    5.0      --
134  04/07/2020  1300    61.6   29.1     3.2     0.000   0   29.04  270.0    3.8      --
135  04/07/2020  1400    63.3   28.9     3.0     0.000   0   27.08  301.9    3.5      --
136  04/07/2020  1500    64.2   28.7     2.8     0.000   0   26.15  329.9    4.3      --
137  04/07/2020  1600    64.5   28.6     2.6     0.000   0   25.75  346.5    5.8  no_inv
138  04/07/2020  1700    64.6   28.7     2.4     0.000   0   25.77  349.2    4.2      --
139  04/07/2020  1800    61.5   28.8     2.2     0.000   0   28.80  354.7    2.8      --
140  04/07/2020  1900    55.4   28.9     2.1     0.000   0   36.05   12.1    1.4      --
141  04/07/2020  2000    52.0   28.9     1.9     0.000   0   40.83   96.9    0.8      --
142  04/07/2020  2100    49.6   28.9     1.8     0.000   0   44.52  138.1    2.0      --
143  04/07/2020  2200    47.3   28.9     1.6     0.000   0   48.60  147.1    3.5     728
144  04/07/2020  2300    45.2   28.9     1.6     0.000   0   52.55  160.0    2.6      --
145  04/08/2020  0000    44.5   28.9     1.7     0.000   0   53.91  183.5    2.0      --
146  04/08/2020  0100    43.8   28.9     1.7     0.000   0   55.40  218.0    1.8      --
147  04/08/2020  0200    43.1   28.9     1.8     0.000   0   56.93  246.1    2.3      --
148  04/08/2020  0300    42.4   28.9     1.8     0.000   0   58.45  261.8    3.2      --
149  04/08/2020  0400    41.8   28.9     1.9     0.000   0   59.90  270.6    4.2    1469
150  04/08/2020  0500    41.2   28.9     2.0     0.000   0   61.24  279.2    4.1      --
151  04/08/2020  0600    40.8   28.9     2.0     0.000   0   62.18  288.0    4.1      --
152  04/08/2020  0700    41.6   28.9     2.1     0.000   0   60.34  296.5    4.2      --
153  04/08/2020  0800    43.8   31.0     2.1     0.000   0   60.50  304.5    4.4      --
154  04/08/2020  0900    47.4   31.0     2.2     0.000   0   52.67  311.6    4.7      --
155  04/08/2020  1000    52.1   31.0     2.3     0.000   0   44.14  317.8    5.0    6102
156  04/08/2020  1100    57.2   30.9     2.1     0.000   0   36.61  320.6    4.5      --
157  04/08/2020  1200    62.0   30.9     1.9     0.000   0   30.82  324.0    4.1      --
158  04/08/2020  1300    65.7   30.9     1.7     0.000   0   27.09  328.3    3.6      --
159  04/08/2020  1400    67.6   30.9     1.5     0.000   0   25.33  333.7    3.2      --
160  04/08/2020  1500    68.6   30.8     1.3     0.000   0   24.51  340.7    2.8      --
161  04/08/2020  1600    69.0   30.8     1.1     0.000   0   24.11  349.8    2.5    5256
162  04/08/2020  1700    69.1   30.8     2.3     0.000   0   24.04  291.8    1.9      --
163  04/08/2020  1800    66.5   30.8     3.5     0.000   0   26.27  250.5    3.2      --
164  04/08/2020  1900    61.3   30.9     4.8     0.000   0   31.59  236.7    5.1      --
165  04/08/2020  2000    58.4   31.5     6.0     0.000   0   35.97  230.6    7.2      --
166  04/08/2020  2100    56.0   32.3     7.2     0.000   0   40.42  227.3    9.3      --
167  04/08/2020  2200    53.7   32.8     8.4     0.000   0   44.95  225.2   11.4  no_inv
