  Generated by FoxLW on Thursday April 2, 2020 at 02:32 PDT
-------------------------------------------------------------------------------
  Whitcomb Island
  45.8600:-119.7600  (45 51' 36.00"N  119 45' 36.00"W)  elev 301.8 feet    file: 100125
-------------------------------------------------------------------------------

Line#   Date     Hour   TempF  DewPtF WS(mph)  Rain(in) LW    RH%  WDir_50m WS_50m Inv(ft)
  5  04/02/2020  0400    36.9   29.6     1.3     0.000   0   74.69  241.5    2.9     920
  6  04/02/2020  0500    36.4   29.5     1.4     0.000   0   76.02  226.9    2.2      --
  7  04/02/2020  0600    35.9   29.2     1.5     0.000   0   76.32  200.8    1.7      --
  8  04/02/2020  0700    36.2   28.7     1.5     0.000   0   73.85  166.4    1.7      --
  9  04/02/2020  0800    37.4   28.0     1.6     0.000   0   68.59  141.0    2.2      --
 10  04/02/2020  0900    39.5   25.2     1.7     0.000   0   56.26  127.1    3.0      --
 11  04/02/2020  1000    42.4   24.3     1.7     0.000   0   48.41  119.1    3.9  no_inv
 12  04/02/2020  1100    46.0   23.5     3.2     0.000   0   40.75  160.8    2.8      --
 13  04/02/2020  1200    50.7   22.7     4.6     0.000   0   33.10  205.1    3.7      --
 14  04/02/2020  1300    54.5   22.7     6.1     0.000   0   28.72  224.8    5.7      --
 15  04/02/2020  1400    56.6   23.1     7.5     0.000   0   27.07  233.6    8.1      --
 16  04/02/2020  1500    57.7   23.9     8.9     0.000   0   26.88  238.4   10.5      --
 17  04/02/2020  1600    58.3   24.5    10.4     0.000   0   27.11  241.4   13.0  no_inv
 18  04/02/2020  1700    57.0   24.8     9.9     0.000   0   28.62  249.3   11.9      --
 19  04/02/2020  1800    54.5   24.3     9.5     0.000   0   30.77  258.4   11.2      --
 20  04/02/2020  1900    53.1   24.0     9.0     0.000   0   32.06  268.7   10.7      --
 21  04/02/2020  2000    50.7   24.1     8.6     0.000   0   35.07  279.5   10.6      --
 22  04/02/2020  2100    48.4   24.6     8.2     0.000   0   39.11  290.1   10.9      --
 23  04/02/2020  2200    46.0   25.1     7.7     0.000   0   43.48  299.9   11.5     874
 24  04/02/2020  2300    43.5   25.6     7.8     0.000   0   49.05  285.7   10.8      --
 25  04/03/2020  0000    41.9   26.1     7.8     0.000   0   53.20  270.7   10.9      --
 26  04/03/2020  0100    40.4   26.6     7.8     0.000   0   57.35  256.9   11.7      --
 27  04/03/2020  0200    39.1   26.9     7.9     0.000   0   61.29  245.3   13.1      --
 28  04/03/2020  0300    38.0   27.2     7.9     0.000   0   64.76  236.3   14.9      --
 29  04/03/2020  0400    37.0   27.3     7.9     0.000   0   67.56  229.3   17.0     691
 30  04/03/2020  0500    36.3   27.3     9.5     0.000   0   69.57  230.8   17.7      --
 31  04/03/2020  0600    35.8   26.8    11.1     0.000   0   69.29  232.1   18.5      --
 32  04/03/2020  0700    36.3   24.9    12.6     0.000   0   62.95  233.3   19.3      --
 33  04/03/2020  0800    37.7   24.5    14.2     0.000   0   58.59  234.4   20.1      --
 34  04/03/2020  0900    40.3   24.1    15.7     0.000   0   52.18  235.4   20.9      --
 35  04/03/2020  1000    43.7   23.7    17.3     0.000   0   44.92  236.4   21.7  no_inv
 36  04/03/2020  1100    47.5   23.3    17.4     0.000   0   38.13  239.4   21.9      --
 37  04/03/2020  1200    51.6   22.9    17.6     0.000   0   32.27  242.4   22.0      --
 38  04/03/2020  1300    54.7   22.5    17.7     0.000   0   28.40  245.3   22.2      --
 39  04/03/2020  1400    56.2   22.3    17.9     0.000   0   26.52  248.2   22.5      --
 40  04/03/2020  1500    57.0   22.1    18.0     0.000   0   25.63  251.0   22.9      --
 41  04/03/2020  1600    57.3   22.1    18.2     0.000   0   25.27  253.7   23.3  no_inv
 42  04/03/2020  1700    57.3   22.1    16.1     0.000   0   25.36  250.7   21.1      --
 43  04/03/2020  1800    53.9   23.0    14.0     0.000   0   29.77  247.1   19.0      --
 44  04/03/2020  1900    47.0   24.0    11.9     0.000   0   40.10  242.7   17.0      --
 45  04/03/2020  2000    43.2   24.6     9.9     0.000   0   47.56  237.1   15.2      --
 46  04/03/2020  2100    40.8   25.5     7.8     0.000   0   53.95  230.1   13.5      --
 47  04/03/2020  2200    38.5   25.2     5.7     0.000   0   58.50  221.3   12.1     195
 48  04/03/2020  2300    35.7   24.9     5.0     0.000   0   64.58  219.0   10.3      --
 49  04/04/2020  0000    34.4   24.7     4.2     0.000   0   67.18  215.8    8.6      --
 50  04/04/2020  0100    33.2   24.1     3.5     0.000   0   68.95  211.0    6.9      --
 51  04/04/2020  0200    31.9   24.1     2.8     0.000   0   72.49  203.1    5.3      --
 52  04/04/2020  0300    30.8   24.1     2.0     0.000   0   76.02  188.8    3.8      --
 53  04/04/2020  0400    29.7   24.1     1.3     0.000   5   79.40  161.9    2.9     106
 54  04/04/2020  0500    28.8   24.1     1.6     0.000  10   82.50  131.2    2.4      --
 55  04/04/2020  0600    28.1   24.1     2.0     0.000  10   84.59   98.8    2.7      --
 56  04/04/2020  0700    29.0   24.1     2.4     0.000  10   81.66   78.4    3.7      --
 57  04/04/2020  0800    31.7   24.1     2.7     0.000   5   73.26   67.2    4.9      --
 58  04/04/2020  0900    36.1   24.8     3.1     0.000   0   63.12   60.6    6.2      --
 59  04/04/2020  1000    41.8   24.4     3.4     0.000   0   49.64   56.3    7.6  no_inv
 60  04/04/2020  1100    47.2   23.9     3.3     0.000   0   39.60   53.4    7.4      --
 61  04/04/2020  1200    50.8   23.5     3.3     0.000   0   34.07   50.3    7.2      --
 62  04/04/2020  1300    53.7   23.2     3.2     0.000   0   30.20   46.9    7.0      --
 63  04/04/2020  1400    55.3   22.9     3.1     0.000   0   28.15   43.5    6.8      --
 64  04/04/2020  1500    56.4   22.7     3.0     0.000   0   26.90   39.8    6.7      --
 65  04/04/2020  1600    57.1   22.7     2.9     0.000   0   26.12   36.0    6.5  no_inv
 66  04/04/2020  1700    57.6   22.8     4.0     0.000   0   25.77   25.2    7.1      --
 67  04/04/2020  1800    57.4   23.2     5.1     0.000   0   26.47   16.2    7.8      --
 68  04/04/2020  1900    56.8   24.1     6.2     0.000   0   28.07    8.8    8.7      --
 69  04/04/2020  2000    56.5   25.7     7.2     0.000   0   30.39    3.0    9.7      --
 70  04/04/2020  2100    54.1   27.6     8.3     0.000   0   35.76  358.2   10.8      --
 71  04/04/2020  2200    51.8   28.6     9.4     0.000   0   40.64  354.4   12.0     410
 72  04/04/2020  2300    49.9   29.6     8.7     0.000   0   45.42  358.5   11.4      --
 73  04/05/2020  0000    48.7   30.6     8.0     0.000   0   49.44    3.1   10.9      --
 74  04/05/2020  0100    47.7   29.6     7.3     0.000   0   49.29    8.1   10.5      --
 75  04/05/2020  0200    46.8   28.0     6.7     0.000   0   47.66   13.4   10.1      --
 76  04/05/2020  0300    46.2   26.1     6.0     0.000   0   45.11   19.1    9.9      --
 77  04/05/2020  0400    45.8   24.9     5.3     0.000   0   43.50   24.9    9.8  no_inv
 78  04/05/2020  0500    45.7   24.4     5.4     0.000   0   42.90   29.6    9.7      --
 79  04/05/2020  0600    45.5   24.9     5.6     0.000   0   43.90   34.3    9.7      --
 80  04/05/2020  0700    45.7   25.3     5.7     0.000   0   44.57   39.0    9.7      --
 81  04/05/2020  0800    46.2   25.8     5.8     0.000   0   44.55   43.6    9.8      --
 82  04/05/2020  0900    47.2   31.0     6.0     0.000   0   53.08   48.1   10.0      --
 83  04/05/2020  1000    48.7   31.1     6.1     0.000   0   50.51   52.4   10.2  no_inv
 84  04/05/2020  1100    51.1   31.3     5.6     0.000   0   46.49   53.2    9.7      --
 85  04/05/2020  1200    54.5   31.4     5.1     0.000   0   41.14   54.1    9.1      --
 86  04/05/2020  1300    57.7   31.5     4.6     0.000   0   36.82   55.2    8.6      --
 87  04/05/2020  1400    59.6   31.6     4.1     0.000   0   34.52   56.3    8.0      --
 88  04/05/2020  1500    61.0   31.7     3.6     0.000   0   32.98   57.7    7.5      --
 89  04/05/2020  1600    61.8   31.7     3.1     0.000   0   32.02   59.2    7.0  no_inv
 90  04/05/2020  1700    62.2   31.7     3.5     0.000   0   31.70   66.5    3.8      --
 91  04/05/2020  1800    60.5   31.8     3.9     0.000   0   33.70  115.7    1.2      --
 92  04/05/2020  1900    57.2   31.6     4.3     0.000   0   37.63  208.9    2.9      --
 93  04/05/2020  2000    55.4   31.6     4.7     0.000   0   40.18  220.2    6.0      --
 94  04/05/2020  2100    53.1   35.7     5.1     0.000   0   51.56  223.7    9.1      --
 95  04/05/2020  2200    50.8   41.1     5.5     0.030   0   69.45  225.4   12.3    1021
 96  04/05/2020  2300    49.0   43.2     6.3     0.000   0   80.34  237.8    9.9      --
 97  04/06/2020  0000    48.6   43.2     7.1     0.000   0   81.39  256.5    8.2      --
 98  04/06/2020  0100    48.1   43.1     7.9     0.000   0   82.61  280.8    7.7      --
 99  04/06/2020  0200    47.6   42.7     8.7     0.000   0   82.78  303.8    8.7      --
100  04/06/2020  0300    47.2   42.1     9.5     0.000   0   82.52  320.2   10.6      --
101  04/06/2020  0400    46.7   41.1    10.3     0.000   0   80.92  331.0   13.2     534
102  04/06/2020  0500    45.5   37.2     8.7     0.000   0   72.46  332.0   10.9      --
103  04/06/2020  0600    45.3   35.8     7.1     0.000   0   69.21  333.6    8.5      --
104  04/06/2020  0700    45.4   34.4     5.5     0.000   0   65.33  336.4    6.2      --
105  04/06/2020  0800    46.3   34.5     3.9     0.000   0   63.34  342.5    3.9      --
106  04/06/2020  0900    47.9   34.4     2.3     0.000   0   59.31    4.4    1.8      --
107  04/06/2020  1000    50.8   33.3     0.7     0.000   0   51.00   97.1    1.5    5940
108  04/06/2020  1100    53.8   33.2     3.0     0.000   0   45.51  220.9    2.3      --
109  04/06/2020  1200    57.4   33.1     5.4     0.000   0   39.81  233.7    5.5      --
110  04/06/2020  1300    60.4   33.7     7.8     0.000   0   36.46  237.0    8.7      --
111  04/06/2020  1400    62.2   34.2    10.1     0.000   0   35.01  238.5   12.0      --
112  04/06/2020  1500    63.4   34.0    12.5     0.000   0   33.31  239.3   15.3      --
113  04/06/2020  1600    64.2   33.4    14.9     0.000   0   31.62  239.9   18.6  no_inv
114  04/06/2020  1700    64.4   33.9    13.6     0.000   0   31.97  240.1   17.6      --
115  04/06/2020  1800    61.4   34.0    12.3     0.000   0   35.69  240.4   16.7      --
116  04/06/2020  1900    55.1   34.3    11.0     0.000   0   45.34  240.6   15.7      --
117  04/06/2020  2000    51.6   34.3     9.8     0.000   0   51.44  240.9   14.7      --
118  04/06/2020  2100    49.3   33.4     8.5     0.000   0   54.11  241.3   13.7      --
119  04/06/2020  2200    46.9   33.3     7.2     0.000   0   58.87  241.7   12.8     768
120  04/06/2020  2300    45.2   32.7     7.4     0.000   0   61.43  239.7   12.7      --
121  04/07/2020  0000    44.1   32.1     7.7     0.000   0   62.35  237.7   12.8      --
122  04/07/2020  0100    43.0   31.4     7.9     0.000   0   63.47  235.7   12.8      --
123  04/07/2020  0200    41.8   31.0     8.2     0.000   0   65.34  233.7   12.8      --
124  04/07/2020  0300    40.7   30.8     8.4     0.000   0   67.68  231.8   12.9      --
125  04/07/2020  0400    39.6   30.7     8.7     0.000   0   70.30  229.8   12.9     816
126  04/07/2020  0500    38.7   31.5     7.4     0.000   0   75.21  230.9   10.9      --
127  04/07/2020  0600    38.1   32.7     6.0     0.000   0   80.57  232.4    8.9      --
128  04/07/2020  0700    38.7   33.4     4.7     0.000   0   80.84  234.9    7.0      --
129  04/07/2020  0800    40.7   28.2     3.4     0.000   0   60.91  239.2    5.0      --
130  04/07/2020  0900    44.0   28.0     2.0     0.000   0   53.08  249.0    3.2      --
131  04/07/2020  1000    48.5   27.8     0.7     0.000   0   44.33  281.4    1.6    3040
132  04/07/2020  1100    53.7   27.5     0.8     0.000   0   36.22  297.3    1.4      --
133  04/07/2020  1200    59.4   27.3     0.8     0.000   0   29.12  316.9    1.3      --
134  04/07/2020  1300    64.1   27.1     0.9     0.000   0   24.47  336.5    1.4      --
135  04/07/2020  1400    66.7   26.9     0.9     0.000   0   22.20  352.3    1.6      --
136  04/07/2020  1500    68.1   26.8     1.0     0.000   0   21.10    3.7    1.9      --
137  04/07/2020  1600    68.9   26.8     1.0     0.000   0   20.53   11.7    2.2    8766
138  04/07/2020  1700    69.1   26.9     3.8     0.000   0   20.43  346.9    5.3      --
139  04/07/2020  1800    66.7   27.2     6.5     0.000   0   22.45  340.6    8.6      --
140  04/07/2020  1900    61.8   29.6     9.3     0.000   0   29.47  337.8   11.9      --
141  04/07/2020  2000    59.2   28.2    12.0     0.000   0   30.63  336.2   15.3      --
142  04/07/2020  2100    56.8   29.0    14.8     0.000   0   34.29  335.2   18.6      --
143  04/07/2020  2200    54.5   29.7    17.5     0.000   0   38.51  334.5   22.0     924
144  04/07/2020  2300    50.5   30.5    15.1     0.000   0   45.89  331.4   18.6      --
145  04/08/2020  0000    48.0   31.2    12.6     0.000   0   51.98  327.0   15.3      --
146  04/08/2020  0100    45.6   33.2    10.1     0.000   0   61.59  320.2   12.1      --
147  04/08/2020  0200    43.5   33.3     7.7     0.000   0   66.95  308.9    9.2      --
148  04/08/2020  0300    41.8   31.1     5.2     0.000   0   65.49  289.0    7.0      --
149  04/08/2020  0400    40.3   29.5     2.8     0.000   0   64.84  258.4    6.2    2401
150  04/08/2020  0500    39.3   28.5     2.7     0.000   0   64.82  259.8    4.4      --
151  04/08/2020  0600    38.8   27.0     2.5     0.000   0   62.25  263.2    2.6      --
152  04/08/2020  0700    39.7   27.0     2.4     0.000   0   60.14  279.6    0.9      --
153  04/08/2020  0800    42.2   31.4     2.3     0.000   0   65.29   52.9    1.0      --
154  04/08/2020  0900    46.3   30.7     2.2     0.000   0   54.35   66.9    2.7      --
155  04/08/2020  1000    51.7   30.0     2.0     0.000   0   43.24   70.0    4.5    7154
156  04/08/2020  1100    57.5   29.4     1.7     0.000   0   34.00   71.0    3.8      --
157  04/08/2020  1200    62.9   28.7     1.4     0.000   0   27.35   72.4    3.1      --
158  04/08/2020  1300    67.1   28.2     1.1     0.000   0   23.12   74.8    2.4      --
159  04/08/2020  1400    69.3   27.8     0.8     0.000   0   21.04   79.1    1.7      --
160  04/08/2020  1500    70.5   27.5     0.5     0.000   0   20.02   89.6    1.0      --
161  04/08/2020  1600    71.1   27.4     0.2     0.000   0   19.54  132.4    0.4    7135
162  04/08/2020  1700    71.2   27.4     1.8     0.000   0   19.43  241.9    1.9      --
163  04/08/2020  1800    68.8   27.4     3.5     0.000   0   21.12  247.8    4.1      --
164  04/08/2020  1900    63.8   27.8     5.1     0.000   0   25.56  249.7    6.2      --
165  04/08/2020  2000    61.0   28.7     6.7     0.000   0   29.22  250.6    8.3      --
166  04/08/2020  2100    58.7   29.4     8.4     0.000   0   32.68  251.1   10.4      --
167  04/08/2020  2200    56.3   29.4    10.0     0.000   0   35.55  251.5   12.6     824
