  Generated by FoxLW on Thursday April 2, 2020 at 02:32 PDT
-------------------------------------------------------------------------------
  Benton City
  46.2800:-119.4500  (46 16' 48.00"N  119 27' 0.00"W)  elev 702.1 feet    file: 100114
-------------------------------------------------------------------------------

Line#   Date     Hour   TempF  DewPtF WS(mph)  Rain(in) LW    RH%  WDir_50m WS_50m Inv(ft)
  5  04/02/2020  0400    33.7   17.0    13.9     0.000   0   49.93  349.4   17.4     507
  6  04/02/2020  0500    33.2   18.4    11.6     0.000   0   54.13  349.6   14.5      --
  7  04/02/2020  0600    32.8   19.2     9.3     0.000   0   56.94  349.9   11.6      --
  8  04/02/2020  0700    33.2   20.5     7.0     0.000   0   59.07  350.5    8.7      --
  9  04/02/2020  0800    34.6   21.5     4.7     0.000   0   58.18  351.6    5.8      --
 10  04/02/2020  0900    37.2   26.9     2.4     0.000   0   65.92  355.0    2.9      --
 11  04/02/2020  1000    40.6   26.9     0.2     0.000   0   57.70   80.5    0.3  no_inv
 12  04/02/2020  1100    44.4   26.9     0.6     0.000   0   49.93  155.7    1.1      --
 13  04/02/2020  1200    48.1   26.9     1.0     0.000   0   43.42  164.7    2.1      --
 14  04/02/2020  1300    50.8   26.9     1.5     0.000   0   39.15  167.8    3.1      --
 15  04/02/2020  1400    52.2   26.9     1.9     0.000   0   37.18  169.4    4.2      --
 16  04/02/2020  1500    50.5   30.0     2.4     0.000   0   45.18  170.3    5.2      --
 17  04/02/2020  1600    48.2   33.2     2.8     0.010   0   55.88  171.0    6.3  no_inv
 18  04/02/2020  1700    49.3   31.7     4.8     0.000   0   50.49  200.0    2.9      --
 19  04/02/2020  1800    49.2   31.3     6.7     0.000   0   49.96  283.0    3.1      --
 20  04/02/2020  1900    47.5   31.0     8.7     0.000   0   52.57  309.8    6.5      --
 21  04/02/2020  2000    46.6   29.8    10.6     0.000   0   51.63  317.5   10.3      --
 22  04/02/2020  2100    45.6   25.7    12.6     0.000   0   45.27  320.9   14.2      --
 23  04/02/2020  2200    43.8   25.3    14.5     0.000   0   47.71  322.9   18.1     172
 24  04/02/2020  2300    41.0   24.9    13.1     0.000   0   52.19  317.7   16.1      --
 25  04/03/2020  0000    39.0   25.9    11.6     0.000   0   58.77  311.1   14.3      --
 26  04/03/2020  0100    37.2   25.8    10.2     0.000   0   62.85  302.7   12.7      --
 27  04/03/2020  0200    35.6   25.9     8.6     0.000   0   67.35  292.2   11.4      --
 28  04/03/2020  0300    34.1   26.5     6.5     0.000   0   73.37  279.6   10.7      --
 29  04/03/2020  0400    33.0   26.9     4.7     0.000   0   77.95  265.8   10.4     461
 30  04/03/2020  0500    32.4   26.9     5.1     0.000   0   79.84  262.0   10.2      --
 31  04/03/2020  0600    32.0   27.0     5.6     0.000   0   81.55  258.0   10.0      --
 32  04/03/2020  0700    32.5   27.7     5.5     0.000   0   82.27  253.8    9.8      --
 33  04/03/2020  0800    34.2   28.7     5.4     0.000   0   80.27  249.6    9.7      --
 34  04/03/2020  0900    37.0   29.8     5.2     0.000   0   75.00  245.3    9.7      --
 35  04/03/2020  1000    40.8   30.9     5.1     0.000   0   67.26  240.9    9.7  no_inv
 36  04/03/2020  1100    45.1   31.5     6.2     0.000   0   58.72  246.8   10.3      --
 37  04/03/2020  1200    49.4   31.8     7.4     0.000   0   50.49  252.0   11.1      --
 38  04/03/2020  1300    52.7   29.2     8.5     0.000   0   40.19  256.4   11.9      --
 39  04/03/2020  1400    54.4   26.1     9.6     0.000   0   33.22  260.2   12.9      --
 40  04/03/2020  1500    55.2   22.4    10.7     0.000   0   27.65  263.6   13.8      --
 41  04/03/2020  1600    55.6   20.2    11.8     0.000   0   24.78  266.4   14.8  no_inv
 42  04/03/2020  1700    55.7   20.7    10.7     0.000   0   25.28  272.5   13.1      --
 43  04/03/2020  1800    52.8   21.4     9.6     0.000   0   29.02  280.1   11.7      --
 44  04/03/2020  1900    46.8   20.7     8.5     0.000   0   35.12  289.8   10.5      --
 45  04/03/2020  2000    43.5   21.5     7.4     0.000   0   41.11  301.5    9.6      --
 46  04/03/2020  2100    41.2   22.9     6.3     0.000   0   47.86  314.8    9.3      --
 47  04/03/2020  2200    38.8   24.1     5.1     0.000   0   55.00  328.4    9.4  no_inv
 48  04/03/2020  2300    36.3   25.6     4.3     0.000   0   64.75  328.4    8.7      --
 49  04/04/2020  0000    35.1   26.1     3.6     0.000   0   69.27  328.5    8.0      --
 50  04/04/2020  0100    34.0   26.6     3.0     0.000   0   73.94  328.5    7.3      --
 51  04/04/2020  0200    33.1   27.1     2.4     0.000   0   78.21  328.5    6.6      --
 52  04/04/2020  0300    32.4   27.5     1.9     0.000   0   81.79  328.5    5.9      --
 53  04/04/2020  0400    31.8   27.7     1.5     0.000   5   84.41  328.6    5.3    7954
 54  04/04/2020  0500    31.5   26.7     1.9     0.000  10   82.14  341.0    4.9      --
 55  04/04/2020  0600    31.2   26.0     2.2     0.000  10   80.92  354.5    4.9      --
 56  04/04/2020  0700    31.7   26.0     2.7     0.000  10   79.01    7.7    5.1      --
 57  04/04/2020  0800    33.5   26.8     2.9     0.000   5   76.16   19.4    5.5      --
 58  04/04/2020  0900    36.6   28.0     3.0     0.000   0   70.66   29.0    6.1      --
 59  04/04/2020  1000    40.6   29.0     3.1     0.000   0   62.95   36.6    6.9     422
 60  04/04/2020  1100    44.8   29.7     3.0     0.000   0   54.97   36.0    6.6      --
 61  04/04/2020  1200    48.1   29.9     2.8     0.000   0   49.19   35.4    6.3      --
 62  04/04/2020  1300    50.7   29.9     2.7     0.000   0   44.50   34.7    6.0      --
 63  04/04/2020  1400    52.4   29.3     2.6     0.000   0   40.92   33.9    5.7      --
 64  04/04/2020  1500    53.4   27.8     2.5     0.000   0   37.01   33.0    5.4      --
 65  04/04/2020  1600    54.1   25.9     2.3     0.000   0   33.29   32.1    5.2  no_inv
 66  04/04/2020  1700    54.6   24.3     2.9     0.000   0   30.70   32.3    5.9      --
 67  04/04/2020  1800    54.2   23.7     3.5     0.000   0   30.35   32.4    6.7      --
 68  04/04/2020  1900    53.4   27.3     4.1     0.000   0   36.14   32.5    7.5      --
 69  04/04/2020  2000    53.0   27.3     4.7     0.000   0   36.70   32.5    8.3      --
 70  04/04/2020  2100    50.7   27.1     5.3     0.000   0   39.72   32.6    9.1      --
 71  04/04/2020  2200    48.3   27.1     5.9     0.000   0   43.46   32.7    9.9  no_inv
 72  04/04/2020  2300    46.7   27.7     6.6     0.000   0   47.36   22.9    9.9      --
 73  04/05/2020  0000    45.7   28.7     7.2     0.000   0   51.23   13.4   10.3      --
 74  04/05/2020  0100    44.9   30.1     7.9     0.000   0   55.88    4.7   10.9      --
 75  04/05/2020  0200    44.2   30.9     8.5     0.000   0   59.37  357.1   11.7      --
 76  04/05/2020  0300    43.6   31.4     9.2     0.000   0   61.76  350.6   12.7      --
 77  04/05/2020  0400    43.2   31.5     9.9     0.000   0   63.11  345.0   13.8    1388
 78  04/05/2020  0500    43.0   31.6     9.6     0.000   0   63.75  347.9   13.3      --
 79  04/05/2020  0600    42.8   31.6     9.4     0.000   0   64.37  351.0   12.9      --
 80  04/05/2020  0700    42.9   31.7     9.2     0.000   0   64.51  354.3   12.5      --
 81  04/05/2020  0800    43.3   29.9     9.0     0.000   0   58.83  357.7   12.2      --
 82  04/05/2020  0900    44.2   30.1     8.8     0.000   0   57.32    1.4   11.9      --
 83  04/05/2020  1000    45.5   30.2     8.6     0.000   0   54.96    5.2   11.6  no_inv
 84  04/05/2020  1100    48.0   30.4     7.7     0.000   0   50.24    8.0   10.9      --
 85  04/05/2020  1200    53.1   30.6     6.9     0.000   0   41.87   11.1   10.2      --
 86  04/05/2020  1300    57.9   31.3     6.1     0.000   0   36.27   14.6    9.6      --
 87  04/05/2020  1400    60.3   32.0     5.3     0.000   0   34.21   18.6    9.0      --
 88  04/05/2020  1500    61.7   32.5     4.4     0.000   0   33.31   23.2    8.5      --
 89  04/05/2020  1600    62.2   33.1     3.6     0.000   0   33.43   28.3    8.0  no_inv
 90  04/05/2020  1700    61.4   33.1     5.0     0.000   0   34.35   16.9    8.9      --
 91  04/05/2020  1800    60.2   32.5     6.4     0.000   0   35.13    7.8   10.0      --
 92  04/05/2020  1900    57.7   33.0     7.9     0.000   0   39.16    0.7   11.4      --
 93  04/05/2020  2000    56.4   33.2     9.3     0.000   0   41.36  355.2   12.9      --
 94  04/05/2020  2100    54.0   33.1    10.7     0.000   0   44.93  350.8   14.5      --
 95  04/05/2020  2200    51.7   31.5    12.1     0.000   0   45.87  347.4   16.1  no_inv
 96  04/05/2020  2300    50.2   31.7    12.9     0.000   0   48.71  344.1   16.9      --
 97  04/06/2020  0000    49.2   31.8    13.7     0.000   0   50.79  341.2   17.7      --
 98  04/06/2020  0100    48.3   31.9    14.4     0.000   0   52.79  338.5   18.5      --
 99  04/06/2020  0200    47.5   32.0    15.2     0.000   0   54.65  336.0   19.4      --
100  04/06/2020  0300    46.8   32.1    16.0     0.000   0   56.27  333.8   20.3      --
101  04/06/2020  0400    46.2   32.1    16.7     0.000   0   57.59  331.8   21.3     802
102  04/06/2020  0500    45.8   32.0    14.7     0.000   0   58.51  333.0   19.2      --
103  04/06/2020  0600    45.5   31.9    12.6     0.000   0   58.81  334.6   17.1      --
104  04/06/2020  0700    45.7   33.2    10.5     0.000   0   61.42  336.6   15.1      --
105  04/06/2020  0800    46.3   31.5     8.4     0.000   0   55.89  339.2   13.0      --
106  04/06/2020  0900    47.6   31.1     6.3     0.000   0   52.67  342.7   11.0      --
107  04/06/2020  1000    49.4   30.8     4.2     0.000   0   48.62  347.8    9.1  no_inv
108  04/06/2020  1100    51.9   30.5     5.4     0.000   0   43.67  332.5    8.6      --
109  04/06/2020  1200    55.2   30.2     6.6     0.000   0   38.24  316.5    8.7      --
110  04/06/2020  1300    58.2   30.5     7.8     0.000   0   34.76  302.1    9.5      --
111  04/06/2020  1400    59.8   30.9     9.0     0.000   0   33.34  290.5   10.8      --
112  04/06/2020  1500    61.0   31.4    10.2     0.000   0   32.61  281.7   12.4      --
113  04/06/2020  1600    61.7   31.5    11.4     0.000   0   31.90  275.0   14.2  no_inv
114  04/06/2020  1700    62.0   31.7    10.9     0.000   0   31.86  278.5   13.6      --
115  04/06/2020  1800    59.6   31.4    10.3     0.000   0   34.23  282.3   13.0      --
116  04/06/2020  1900    54.7   32.0     9.8     0.000   0   41.81  286.5   12.5      --
117  04/06/2020  2000    52.0   32.1     9.2     0.000   0   46.36  291.0   12.1      --
118  04/06/2020  2100    49.7   32.3     8.7     0.000   0   51.09  295.8   11.7      --
119  04/06/2020  2200    47.3   32.6     8.1     0.000   0   56.38  300.9   11.4    6133
120  04/06/2020  2300    45.6   32.6     7.4     0.000   0   60.02  294.3   10.3      --
121  04/07/2020  0000    44.5   32.3     6.7     0.000   0   61.90  286.2    9.3      --
122  04/07/2020  0100    43.4   31.9     5.9     0.000   0   63.75  276.5    8.6      --
123  04/07/2020  0200    42.3   31.7     5.2     0.000   0   65.90  265.3    8.1      --
124  04/07/2020  0300    41.2   31.2     4.4     0.000   0   67.40  253.4    8.0      --
125  04/07/2020  0400    40.2   31.2     3.7     0.000   0   69.96  241.5    8.2     422
126  04/07/2020  0500    39.4   31.2     3.4     0.000   0   72.29  240.2    7.6      --
127  04/07/2020  0600    38.9   31.2     3.2     0.000   0   73.65  238.6    7.0      --
128  04/07/2020  0700    39.6   31.2     2.9     0.000   0   71.72  236.7    6.4      --
129  04/07/2020  0800    41.6   30.5     2.6     0.000   0   64.34  234.4    5.8      --
130  04/07/2020  0900    44.9   29.9     2.3     0.000   0   55.32  231.6    5.2      --
131  04/07/2020  1000    49.3   29.2     2.1     0.000   0   45.74  228.1    4.6    5713
132  04/07/2020  1100    54.1   28.6     1.9     0.000   0   37.34  224.1    3.7      --
133  04/07/2020  1200    58.8   28.0     1.7     0.000   0   30.75  217.5    2.7      --
134  04/07/2020  1300    62.4   27.5     1.5     0.000   0   26.48  204.6    1.9      --
135  04/07/2020  1400    64.3   27.1     1.2     0.000   0   24.37  176.4    1.3      --
136  04/07/2020  1500    65.3   26.9     1.0     0.000   0   23.35  131.5    1.3      --
137  04/07/2020  1600    65.7   26.8     0.8     0.000   0   22.90  102.3    1.9    8325
138  04/07/2020  1700    65.8   26.8     2.9     0.000   0   22.84    6.6    2.2      --
139  04/07/2020  1800    63.3   26.8     5.0     0.000   0   24.85  344.0    4.9      --
140  04/07/2020  1900    58.3   28.2     7.1     0.000   0   31.55  337.9    7.8      --
141  04/07/2020  2000    55.5   28.7     9.1     0.000   0   35.50  335.2   10.7      --
142  04/07/2020  2100    53.2   28.2    11.2     0.000   0   37.93  333.6   13.7      --
143  04/07/2020  2200    50.9   26.6    13.3     0.000   0   38.63  332.6   16.7    7764
144  04/07/2020  2300    48.0   27.9    11.4     0.000   0   45.32  332.1   14.6      --
145  04/08/2020  0000    46.4   28.1     9.5     0.000   0   48.54  331.4   12.5      --
146  04/08/2020  0100    44.9   28.2     7.6     0.000   0   51.79  330.4   10.5      --
147  04/08/2020  0200    43.2   27.9     5.2     0.000   0   54.54  329.0    8.4      --
148  04/08/2020  0300    41.8   27.9     3.1     0.000   0   57.38  326.6    6.4      --
149  04/08/2020  0400    40.9   28.0     1.4     0.000   0   59.75  322.1    4.3  no_inv
150  04/08/2020  0500    40.5   27.6     1.7     0.000   0   59.79  328.1    4.4      --
151  04/08/2020  0600    40.1   27.6     1.9     0.000   0   60.65  333.9    4.5      --
152  04/08/2020  0700    40.8   28.3     2.2     0.000   0   60.67  339.5    4.6      --
153  04/08/2020  0800    43.0   29.6     2.2     0.000   0   58.91  344.7    4.8      --
154  04/08/2020  0900    46.5   31.0     2.3     0.000   0   54.54  349.4    5.0      --
155  04/08/2020  1000    51.2   32.3     2.4     0.000   0   48.19  353.8    5.3    3880
156  04/08/2020  1100    56.4   33.2     2.4     0.000   0   41.24  342.9    4.5      --
157  04/08/2020  1200    61.8   33.5     2.4     0.000   0   34.50  328.6    4.0      --
158  04/08/2020  1300    66.0   33.5     2.3     0.000   0   29.76  311.6    3.8      --
159  04/08/2020  1400    68.3   33.1     2.3     0.000   0   27.08  294.4    4.0      --
160  04/08/2020  1500    69.4   32.1     2.3     0.000   0   24.98  279.6    4.4      --
161  04/08/2020  1600    70.1   30.8     2.3     0.000   0   23.24  268.3    5.2    6275
162  04/08/2020  1700    70.2   29.8     3.9     0.000   0   22.17  250.3    6.2      --
163  04/08/2020  1800    68.7   29.4     5.5     0.000   0   22.98  238.3    7.7      --
164  04/08/2020  1900    65.7   29.9     7.2     0.000   0   26.06  230.4    9.4      --
165  04/08/2020  2000    63.9   29.1     8.8     0.000   0   26.84  224.9   11.2      --
166  04/08/2020  2100    61.6   29.0    10.4     0.000   0   28.99  221.0   13.0      --
167  04/08/2020  2200    59.3   28.5    12.0     0.000   0   30.82  218.1   15.0     408
