  Generated by FoxLW on Thursday April 2, 2020 at 02:32 PDT
-------------------------------------------------------------------------------
  Horrigan
  46.0800:-119.7700  (46 4' 48.00"N  119 46' 12.00"W)  elev 941.6 feet    file: 100129
-------------------------------------------------------------------------------

Line#   Date     Hour   TempF  DewPtF WS(mph)  Rain(in) LW    RH%  WDir_50m WS_50m Inv(ft)
  5  04/02/2020  0400    36.4   23.6     7.1     0.000   0   59.35  325.6   10.8     358
  6  04/02/2020  0500    36.0   23.7     6.5     0.000   0   60.49  321.2    7.9      --
  7  04/02/2020  0600    35.7   26.8     5.9     0.000   0   69.60  312.0    5.2      --
  8  04/02/2020  0700    36.0   26.8     5.2     0.000   0   68.90  285.2    2.8      --
  9  04/02/2020  0800    36.9   26.8     4.6     0.000   0   66.33  218.7    2.5      --
 10  04/02/2020  0900    38.7   26.8     4.0     0.000   0   61.99  185.6    4.7      --
 11  04/02/2020  1000    41.0   26.8     3.4     0.000   0   56.56  174.9    7.4  no_inv
 12  04/02/2020  1100    43.7   26.8     2.9     0.000   0   51.05  172.4    6.2      --
 13  04/02/2020  1200    46.2   26.8     2.5     0.000   0   46.34  168.6    4.9      --
 14  04/02/2020  1300    48.3   26.8     2.0     0.000   0   42.78  162.4    3.7      --
 15  04/02/2020  1400    49.5   26.8     1.6     0.000   0   40.97  150.5    2.6      --
 16  04/02/2020  1500    48.0   29.8     1.2     0.000   0   48.94  124.2    1.7      --
 17  04/02/2020  1600    46.2   32.9     0.7     0.010   0   59.61   78.7    1.6  no_inv
 18  04/02/2020  1700    47.4   31.7     3.1     0.000   0   54.33  337.9    2.6      --
 19  04/02/2020  1800    47.7   31.0     5.4     0.000   0   52.13  321.7    5.7      --
 20  04/02/2020  1900    46.4   31.0     7.8     0.000   0   54.79  317.0    8.9      --
 21  04/02/2020  2000    45.3   30.2    10.2     0.000   0   55.15  314.9   12.1      --
 22  04/02/2020  2100    44.7   24.8    12.6     0.000   0   45.22  313.6   15.4      --
 23  04/02/2020  2200    42.7   24.0    14.9     0.000   0   47.12  312.8   18.6     732
 24  04/02/2020  2300    41.3   23.2    12.8     0.000   0   48.33  311.9   16.2      --
 25  04/03/2020  0000    40.4   24.0    10.6     0.000   0   51.65  310.6   13.8      --
 26  04/03/2020  0100    39.5   24.0     8.4     0.000   0   53.47  308.9   11.4      --
 27  04/03/2020  0200    38.7   24.9     6.3     0.000   0   57.39  306.1    9.0      --
 28  04/03/2020  0300    38.0   25.7     4.2     0.000   0   60.83  301.5    6.7      --
 29  04/03/2020  0400    37.4   26.2     2.0     0.000   0   63.64  291.9    4.4      95
 30  04/03/2020  0500    36.9   27.0     2.0     0.000   0   67.12  282.5    3.8      --
 31  04/03/2020  0600    36.6   27.0     1.9     0.000   0   67.93  270.3    3.4      --
 32  04/03/2020  0700    36.9   27.0     1.9     0.000   0   67.18  255.3    3.1      --
 33  04/03/2020  0800    37.9   27.0     1.8     0.000   0   64.58  239.1    3.1      --
 34  04/03/2020  0900    39.6   22.9     1.8     0.000   0   50.75  224.0    3.4      --
 35  04/03/2020  1000    42.0   22.9     1.7     0.000   0   46.23  211.6    3.8  no_inv
 36  04/03/2020  1100    44.8   22.9     2.2     0.000   0   41.67  220.8    4.6      --
 37  04/03/2020  1200    47.2   22.9     2.6     0.000   0   37.90  227.3    5.4      --
 38  04/03/2020  1300    49.4   22.9     3.0     0.000   0   35.00  232.0    6.3      --
 39  04/03/2020  1400    50.6   22.9     3.5     0.000   0   33.43  235.4    7.2      --
 40  04/03/2020  1500    51.4   22.9     3.9     0.000   0   32.47  238.1    8.2      --
 41  04/03/2020  1600    51.9   22.9     4.4     0.000   0   31.83  240.3    9.1   10571
 42  04/03/2020  1700    52.3   22.9     5.8     0.000   0   31.46  259.0    8.4      --
 43  04/03/2020  1800    51.1   22.8     7.2     0.000   0   32.73  278.6    8.8      --
 44  04/03/2020  1900    48.8   24.8     8.6     0.000   0   38.70  295.2   10.0      --
 45  04/03/2020  2000    47.5   24.6    10.1     0.000   0   40.41  307.4   11.8      --
 46  04/03/2020  2100    45.2   24.1    11.5     0.000   0   43.08  316.0   14.0      --
 47  04/03/2020  2200    42.8   22.5    12.9     0.000   0   44.03  322.2   16.5    8708
 48  04/03/2020  2300    41.2   23.8    10.9     0.000   0   49.55  323.2   14.0      --
 49  04/04/2020  0000    40.3   24.2     8.9     0.000   0   52.34  324.7   11.5      --
 50  04/04/2020  0100    39.4   23.7     6.9     0.000   0   52.95  327.0    9.0      --
 51  04/04/2020  0200    38.6   23.4     4.9     0.000   0   53.86  331.0    6.6      --
 52  04/04/2020  0300    37.9   23.1     3.0     0.000   0   54.98  339.7    4.2      --
 53  04/04/2020  0400    37.2   22.9     0.9     0.000   0   55.75    7.6    2.1     763
 54  04/04/2020  0500    36.7   22.9     1.3     0.000   0   56.92   25.3    2.6      --
 55  04/04/2020  0600    36.4   22.9     1.6     0.000   0   57.68   36.6    3.3      --
 56  04/04/2020  0700    36.7   22.9     2.0     0.000   0   56.88   43.9    4.0      --
 57  04/04/2020  0800    37.9   22.9     2.3     0.000   0   54.29   48.8    4.8      --
 58  04/04/2020  0900    40.0   21.5     2.6     0.000   0   47.19   52.3    5.7      --
 59  04/04/2020  1000    42.7   21.3     2.9     0.000   0   42.05   54.9    6.5  no_inv
 60  04/04/2020  1100    45.8   21.1     3.0     0.000   0   37.10   52.2    6.6      --
 61  04/04/2020  1200    48.5   20.9     3.0     0.000   0   33.22   49.5    6.7      --
 62  04/04/2020  1300    50.8   20.8     3.1     0.000   0   30.29   46.9    6.8      --
 63  04/04/2020  1400    52.2   20.6     3.1     0.000   0   28.70   44.4    6.9      --
 64  04/04/2020  1500    53.0   20.6     3.2     0.000   0   27.72   41.9    7.0      --
 65  04/04/2020  1600    53.6   20.5     3.2     0.000   0   27.11   39.6    7.2  no_inv
 66  04/04/2020  1700    54.0   20.6     4.5     0.000   0   26.87   53.0    7.5      --
 67  04/04/2020  1800    53.8   21.0     5.7     0.000   0   27.39   64.7    8.2      --
 68  04/04/2020  1900    53.5   22.5     6.9     0.000   0   29.53   74.1    9.2      --
 69  04/04/2020  2000    53.3   24.1     8.1     0.000   0   31.85   81.5   10.5      --
 70  04/04/2020  2100    51.0   24.9     9.4     0.000   0   35.84   87.4   11.8      --
 71  04/04/2020  2200    48.7   25.5    10.6     0.000   0   40.13   92.0   13.2     481
 72  04/04/2020  2300    47.2   26.5     9.4     0.000   0   44.26   85.1   11.3      --
 73  04/05/2020  0000    46.2   27.3     8.3     0.000   0   47.39   75.6    9.7      --
 74  04/05/2020  0100    45.3   26.0     7.2     0.000   0   46.42   62.6    8.4      --
 75  04/05/2020  0200    44.6   24.1     6.1     0.000   0   44.13   46.1    7.6      --
 76  04/05/2020  0300    44.0   22.8     4.9     0.000   0   42.81   27.9    7.6      --
 77  04/05/2020  0400    43.5   20.7     3.8     0.000   0   39.83   11.2    8.3     841
 78  04/05/2020  0500    43.2   20.7     3.7     0.000   0   40.31   15.5    7.9      --
 79  04/05/2020  0600    43.0   20.7     3.5     0.000   0   40.60   20.2    7.6      --
 80  04/05/2020  0700    43.2   20.7     3.4     0.000   0   40.37   25.4    7.3      --
 81  04/05/2020  0800    43.8   20.7     3.3     0.000   0   39.41   30.9    7.0      --
 82  04/05/2020  0900    45.0   26.1     3.2     0.000   0   47.32   36.7    6.9      --
 83  04/05/2020  1000    46.6   30.5     3.1     0.000   0   53.13   42.7    6.8  no_inv
 84  04/05/2020  1100    49.0   30.5     3.3     0.000   0   48.49   43.9    7.2      --
 85  04/05/2020  1200    52.2   30.5     3.5     0.000   0   43.12   45.0    7.6      --
 86  04/05/2020  1300    55.0   30.5     3.7     0.000   0   38.94   45.9    8.0      --
 87  04/05/2020  1400    56.6   30.5     3.9     0.000   0   36.74   46.8    8.4      --
 88  04/05/2020  1500    57.7   30.5     4.2     0.000   0   35.30   47.5    8.8      --
 89  04/05/2020  1600    58.4   30.5     4.4     0.000   0   34.47   48.2    9.2  no_inv
 90  04/05/2020  1700    58.6   30.5     4.4     0.000   0   34.25   36.6    7.3      --
 91  04/05/2020  1800    57.5   30.5     4.4     0.000   0   35.60   18.1    5.8      --
 92  04/05/2020  1900    55.3   30.5     4.5     0.000   0   38.54  352.3    5.3      --
 93  04/05/2020  2000    54.1   30.5     4.5     0.000   0   40.28  326.8    5.9      --
 94  04/05/2020  2100    51.7   30.5     4.5     0.000   0   43.89  308.9    7.4      --
 95  04/05/2020  2200    49.4   30.5     4.6     0.000   0   47.86  297.7    9.4  no_inv
 96  04/05/2020  2300    48.4   31.5     6.5     0.000   0   51.79  305.8   10.9      --
 97  04/06/2020  0000    47.7   32.5     8.4     0.000   0   55.34  311.8   12.5      --
 98  04/06/2020  0100    47.0   32.4    10.3     0.000   0   56.51  316.3   14.3      --
 99  04/06/2020  0200    46.4   30.5    12.2     0.000   0   53.54  319.9   16.2      --
100  04/06/2020  0300    45.9   30.5    14.1     0.000   0   54.69  322.7   18.1      --
101  04/06/2020  0400    45.4   30.5    16.0     0.000   0   55.71  324.9   20.0     588
102  04/06/2020  0500    45.0   30.5    13.9     0.000   0   56.71  324.3   17.9      --
103  04/06/2020  0600    44.7   31.9    11.8     0.000   0   60.59  323.5   15.8      --
104  04/06/2020  0700    44.9   32.5     9.7     0.000   0   61.61  322.4   13.7      --
105  04/06/2020  0800    45.6   31.3     7.6     0.000   0   57.23  321.0   11.6      --
106  04/06/2020  0900    46.8   31.7     5.5     0.000   0   55.49  319.0    9.5      --
107  04/06/2020  1000    48.6   33.8     3.4     0.000   0   56.47  315.7    7.4  no_inv
108  04/06/2020  1100    51.3   33.8     3.2     0.000   0   51.05  307.9    6.1      --
109  04/06/2020  1200    54.7   33.8     3.0     0.000   0   45.05  295.8    4.8      --
110  04/06/2020  1300    57.6   33.8     2.8     0.000   0   40.63  277.0    3.9      --
111  04/06/2020  1400    59.3   33.8     2.7     0.000   0   38.19  251.8    3.7      --
112  04/06/2020  1500    60.5   33.8     2.5     0.000   0   36.66  227.8    4.1      --
113  04/06/2020  1600    61.2   33.8     2.3     0.000   0   35.74  210.8    5.1  no_inv
114  04/06/2020  1700    61.1   33.8     5.1     0.000   0   35.85  264.6    4.5      --
115  04/06/2020  1800    59.9   33.7     7.8     0.000   0   37.22  298.7    7.3      --
116  04/06/2020  1900    57.5   35.3    10.6     0.000   0   43.28  311.9   11.2      --
117  04/06/2020  2000    56.1   33.2    13.4     0.000   0   41.85  318.1   15.4      --
118  04/06/2020  2100    53.8   33.0    16.1     0.000   0   45.05  321.7   19.6      --
119  04/06/2020  2200    51.4   32.7    18.9     0.000   0   48.50  324.0   23.9     846
120  04/06/2020  2300    49.7   32.4    16.0     0.000   0   51.11  322.4   20.3      --
121  04/07/2020  0000    48.3   32.1    13.2     0.000   0   53.19  320.0   16.7      --
122  04/07/2020  0100    47.0   33.1    10.4     0.000   0   58.25  316.4   13.1      --
123  04/07/2020  0200    45.8   33.2     7.5     0.000   0   61.24  310.2    9.6      --
124  04/07/2020  0300    44.8   33.7     4.7     0.000   0   64.83  297.3    6.4      --
125  04/07/2020  0400    43.9   33.7     1.8     0.000   0   67.16  264.9    4.0     566
126  04/07/2020  0500    43.2   33.7     1.8     0.000   0   69.00  256.4    3.2      --
127  04/07/2020  0600    42.8   33.8     1.7     0.000   0   70.23  242.1    2.4      --
128  04/07/2020  0700    43.1   33.8     1.6     0.000   0   69.40  218.3    1.9      --
129  04/07/2020  0800    44.2   30.0     1.5     0.000   0   57.11  188.0    1.9      --
130  04/07/2020  0900    46.0   29.2     1.5     0.000   0   51.66  163.9    2.4      --
131  04/07/2020  1000    48.7   28.5     1.4     0.000   0   45.33  149.3    3.1    4680
132  04/07/2020  1100    51.9   27.7     1.9     0.000   0   38.90  154.1    1.1      --
133  04/07/2020  1200    56.9   27.0     2.4     0.000   0   31.47  318.4    1.0      --
134  04/07/2020  1300    61.2   26.3     2.9     0.000   0   26.28  324.1    3.0      --
135  04/07/2020  1400    63.7   25.9     3.3     0.000   0   23.66  325.1    5.0      --
136  04/07/2020  1500    64.9   25.5     3.8     0.000   0   22.38  325.6    7.1      --
137  04/07/2020  1600    65.6   25.5     4.3     0.000   0   21.77  325.9    9.1  no_inv
138  04/07/2020  1700    65.8   25.5     5.3     0.000   0   21.63  321.7    9.6      --
139  04/07/2020  1800    63.9   25.5     6.3     0.000   0   23.08  318.0   10.2      --
140  04/07/2020  1900    60.1   27.1     7.2     0.000   0   28.20  314.6   10.8      --
141  04/07/2020  2000    58.0   27.5     8.2     0.000   0   30.91  311.7   11.4      --
142  04/07/2020  2100    55.7   27.5     9.2     0.000   0   33.67  309.0   12.1      --
143  04/07/2020  2200    53.3   27.5    10.2     0.000   0   36.59  306.6   12.8     800
144  04/07/2020  2300    52.0   27.4    10.6     0.000   0   38.23  309.9   13.1      --
145  04/08/2020  0000    51.7   27.3    10.9     0.000   0   38.58  312.9   13.6      --
146  04/08/2020  0100    51.3   27.2    11.3     0.000   0   38.96  315.7   14.0      --
147  04/08/2020  0200    50.9   27.1    11.7     0.000   0   39.32  318.4   14.5      --
148  04/08/2020  0300    50.6   25.6    12.0     0.000   0   37.54  320.9   15.0      --
149  04/08/2020  0400    50.2   25.6    12.4     0.000   0   38.00  323.2   15.5     324
150  04/08/2020  0500    50.0   27.2    10.8     0.000   0   40.97  323.9   13.9      --
151  04/08/2020  0600    49.7   27.8     9.1     0.000   0   42.32  324.8   12.2      --
152  04/08/2020  0700    50.0   27.6     7.5     0.000   0   41.65  326.0   10.6      --
153  04/08/2020  0800    50.8   27.7     5.9     0.000   0   40.70  327.6    9.0      --
154  04/08/2020  0900    52.2   26.4     4.2     0.000   0   36.58  329.9    7.3      --
155  04/08/2020  1000    54.1   27.7     2.6     0.000   0   35.94  333.6    5.7    5658
156  04/08/2020  1100    56.7   27.7     2.5     0.000   0   32.80  326.4    4.2      --
157  04/08/2020  1200    61.0   27.7     2.5     0.000   0   28.11  311.6    2.8      --
158  04/08/2020  1300    64.7   27.7     2.4     0.000   0   24.63  277.7    1.9      --
159  04/08/2020  1400    66.8   27.7     2.3     0.000   0   22.93  230.9    2.2      --
160  04/08/2020  1500    67.8   27.7     2.2     0.000   0   22.15  206.1    3.3      --
161  04/08/2020  1600    68.3   27.7     2.2     0.000   0   21.77  195.1    4.8    4813
162  04/08/2020  1700    68.4   27.7     3.7     0.000   0   21.71  215.2    5.6      --
163  04/08/2020  1800    67.9   27.7     5.1     0.000   0   22.05  229.0    6.9      --
164  04/08/2020  1900    67.0   28.8     6.6     0.000   0   23.78  238.1    8.5      --
165  04/08/2020  2000    66.5   29.7     8.1     0.000   0   25.14  244.3   10.2      --
166  04/08/2020  2100    64.2   29.7     9.6     0.000   0   27.27  248.6   12.0      --
167  04/08/2020  2200    61.8   29.4    11.0     0.000   0   29.18  251.8   13.8     271
