  Generated by FoxLW on Thursday April 2, 2020 at 02:32 PDT
-------------------------------------------------------------------------------
  WSU Tri-Cities
  46.3300:-119.2700  (46 19' 48.00"N  119 16' 12.00"W)  elev 397.0 feet    file: 100148
-------------------------------------------------------------------------------

Line#   Date     Hour   TempF  DewPtF WS(mph)  Rain(in) LW    RH%  WDir_50m WS_50m Inv(ft)
  5  04/02/2020  0400    35.4   19.1    12.4     0.000   0   51.13  320.0   15.5     844
  6  04/02/2020  0500    34.8   20.8    10.4     0.000   0   55.97  319.7   13.0      --
  7  04/02/2020  0600    34.4   21.5     8.4     0.000   0   58.84  319.4   10.5      --
  8  04/02/2020  0700    34.8   22.0     6.4     0.000   0   59.27  318.7    8.1      --
  9  04/02/2020  0800    36.1   22.7     4.3     0.000   0   57.88  317.5    5.6      --
 10  04/02/2020  0900    38.4   25.5     2.3     0.000   0   59.38  314.5    3.1      --
 11  04/02/2020  1000    41.5   25.5     0.3     0.000   0   52.54  291.0    0.8  no_inv
 12  04/02/2020  1100    45.2   25.5     1.2     0.000   0   45.75  226.9    1.9      --
 13  04/02/2020  1200    49.2   25.5     2.1     0.000   0   39.35  216.1    3.6      --
 14  04/02/2020  1300    52.3   25.5     3.0     0.000   0   35.05  212.2    5.3      --
 15  04/02/2020  1400    53.9   25.5     3.9     0.000   0   33.02  210.2    7.0      --
 16  04/02/2020  1500    54.7   25.4     4.8     0.000   0   31.97  209.0    8.8      --
 17  04/02/2020  1600    55.0   25.5     5.7     0.000   0   31.71  208.2   10.5  no_inv
 18  04/02/2020  1700    54.5   25.5     6.3     0.000   0   32.31  222.3    8.4      --
 19  04/02/2020  1800    53.5   26.9     6.9     0.000   0   35.56  243.6    7.1      --
 20  04/02/2020  1900    52.9   27.3     7.6     0.000   0   36.92  269.2    7.0      --
 21  04/02/2020  2000    50.6   27.6     8.2     0.000   0   40.79  290.9    8.3      --
 22  04/02/2020  2100    48.2   27.7     8.8     0.000   0   44.64  305.5   10.3      --
 23  04/02/2020  2200    45.9   27.8     9.4     0.000   0   48.90  314.8   12.8      89
 24  04/02/2020  2300    42.7   27.8     8.5     0.000   0   55.36  307.2   10.9      --
 25  04/03/2020  0000    40.3   27.6     7.6     0.000   0   60.04  296.5    9.1      --
 26  04/03/2020  0100    38.2   27.0     6.6     0.000   0   63.59  281.8    7.9      --
 27  04/03/2020  0200    35.9   26.5     5.2     0.000   0   68.32  263.1    7.3      --
 28  04/03/2020  0300    34.2   26.4     3.8     0.000   0   72.70  243.6    7.6      --
 29  04/03/2020  0400    33.0   26.1     2.7     0.000   0   75.45  227.2    8.6     827
 30  04/03/2020  0500    32.5   26.0     3.0     0.000   0   76.64  228.2    8.2      --
 31  04/03/2020  0600    32.1   26.2     3.2     0.000   0   78.40  229.4    7.8      --
 32  04/03/2020  0700    32.7   27.0     3.4     0.000   0   79.48  230.7    7.4      --
 33  04/03/2020  0800    34.5   28.4     3.2     0.000   0   78.06  232.1    7.1      --
 34  04/03/2020  0900    37.8   30.0     3.0     0.000   0   73.15  233.7    6.7      --
 35  04/03/2020  1000    42.0   31.3     2.9     0.000   0   65.48  235.4    6.3  no_inv
 36  04/03/2020  1100    46.7   32.3     4.7     0.000   0   56.89  242.9    8.0      --
 37  04/03/2020  1200    51.2   32.6     6.5     0.000   0   48.87  247.7    9.8      --
 38  04/03/2020  1300    54.6   29.8     8.3     0.000   0   38.44  251.0   11.6      --
 39  04/03/2020  1400    56.4   26.2    10.1     0.000   0   31.18  253.4   13.4      --
 40  04/03/2020  1500    57.2   21.3    11.9     0.000   0   24.52  255.3   15.3      --
 41  04/03/2020  1600    57.7   18.7    13.7     0.000   0   21.65  256.7   17.1  no_inv
 42  04/03/2020  1700    56.1   18.1    14.7     0.000   0   22.29  270.3   16.2      --
 43  04/03/2020  1800    52.9   17.6    15.7     0.000   0   24.55  284.6   16.3      --
 44  04/03/2020  1900    51.2   17.8    16.7     0.000   0   26.40  297.9   17.4      --
 45  04/03/2020  2000    48.8   18.3    17.7     0.000   0   29.40  309.2   19.3      --
 46  04/03/2020  2100    46.5   18.9    18.7     0.000   0   32.88  318.1   21.8      --
 47  04/03/2020  2200    44.2   19.5    19.7     0.000   0   36.88  325.2   24.6  no_inv
 48  04/03/2020  2300    41.5   20.1    17.7     0.000   0   41.94  326.1   22.3      --
 49  04/04/2020  0000    39.9   20.6    15.6     0.000   0   45.59  327.3   20.0      --
 50  04/04/2020  0100    38.5   21.1    13.6     0.000   0   49.22  328.7   17.7      --
 51  04/04/2020  0200    37.2   22.8    11.6     0.000   0   55.54  330.6   15.4      --
 52  04/04/2020  0300    36.1   23.3     9.5     0.000   0   59.37  333.1   13.2      --
 53  04/04/2020  0400    35.1   24.0     7.5     0.000   0   63.56  336.7   11.0     979
 54  04/04/2020  0500    34.4   24.4     6.5     0.000   0   66.59  339.5    9.5      --
 55  04/04/2020  0600    33.9   24.7     5.5     0.000   0   68.46  343.4    8.1      --
 56  04/04/2020  0700    34.4   24.8     4.6     0.000   0   67.54  348.8    6.8      --
 57  04/04/2020  0800    36.1   21.4     3.6     0.000   0   54.87  356.8    5.5      --
 58  04/04/2020  0900    38.9   21.3     2.6     0.000   0   48.74    9.1    4.4      --
 59  04/04/2020  1000    42.7   21.1     1.6     0.000   0   41.78   27.9    3.7  no_inv
 60  04/04/2020  1100    46.8   20.9     1.6     0.000   0   35.49   33.9    2.6      --
 61  04/04/2020  1200    50.1   20.7     1.6     0.000   0   31.10   48.6    1.5      --
 62  04/04/2020  1300    52.9   20.6     1.6     0.000   0   27.86   96.8    0.9      --
 63  04/04/2020  1400    54.6   20.5     1.6     0.000   0   26.09  154.6    1.3      --
 64  04/04/2020  1500    55.6   20.4     1.6     0.000   0   25.01  172.8    2.3      --
 65  04/04/2020  1600    56.4   20.4     1.5     0.000   0   24.32  179.8    3.4  no_inv
 66  04/04/2020  1700    56.8   20.5     2.0     0.000   0   24.08  150.7    2.1      --
 67  04/04/2020  1800    56.3   21.0     2.3     0.000   0   25.06   96.9    2.1      --
 68  04/04/2020  1900    55.3   20.6     2.7     0.000   0   25.54   66.4    3.4      --
 69  04/04/2020  2000    54.7   20.6     2.8     0.000   0   26.15   54.4    5.1      --
 70  04/04/2020  2100    52.4   20.7     2.8     0.000   0   28.57   48.6    6.8      --
 71  04/04/2020  2200    50.0   20.8     2.7     0.000   0   31.23   45.2    8.7  no_inv
 72  04/04/2020  2300    48.9   20.7     3.8     0.000   0   32.43   29.8    7.7      --
 73  04/05/2020  0000    48.2   21.1     5.2     0.000   0   33.90   11.7    7.4      --
 74  04/05/2020  0100    47.5   26.4     6.7     0.000   0   43.54  353.9    7.8      --
 75  04/05/2020  0200    46.5   30.3     7.6     0.000   0   52.85  339.2    8.9      --
 76  04/05/2020  0300    45.8   32.1     8.6     0.000   0   58.60  328.3   10.4      --
 77  04/05/2020  0400    45.3   32.3     9.5     0.000   0   60.20  320.3   12.3    1063
 78  04/05/2020  0500    45.0   32.3     8.8     0.000   0   60.99  323.6   11.7      --
 79  04/05/2020  0600    44.8   32.5     8.1     0.000   0   61.77  327.1   11.3      --
 80  04/05/2020  0700    44.9   31.5     7.5     0.000   0   59.05  330.9   10.8      --
 81  04/05/2020  0800    45.5   32.0     6.8     0.000   0   59.10  335.0   10.4      --
 82  04/05/2020  0900    46.6   32.6     6.1     0.000   0   57.96  339.4   10.1      --
 83  04/05/2020  1000    48.1   33.1     5.4     0.000   0   55.71  344.1    9.9  no_inv
 84  04/05/2020  1100    50.5   33.4     5.0     0.000   0   51.73  348.8    8.9      --
 85  04/05/2020  1200    54.0   33.6     4.5     0.000   0   45.99  354.6    8.0      --
 86  04/05/2020  1300    57.1   33.7     4.1     0.000   0   41.13    1.7    7.3      --
 87  04/05/2020  1400    59.0   33.7     3.6     0.000   0   38.52   10.3    6.6      --
 88  04/05/2020  1500    60.3   33.4     3.2     0.000   0   36.26   20.4    6.2      --
 89  04/05/2020  1600    61.1   33.0     2.7     0.000   0   34.63   31.8    5.9  no_inv
 90  04/05/2020  1700    61.6   32.7     4.1     0.000   0   33.65   13.4    6.3      --
 91  04/05/2020  1800    61.2   32.6     5.4     0.000   0   33.91  358.5    7.3      --
 92  04/05/2020  1900    60.5   33.6     6.8     0.000   0   36.20  347.5    8.6      --
 93  04/05/2020  2000    60.2   33.9     8.1     0.000   0   37.13  339.6   10.1      --
 94  04/05/2020  2100    57.8   34.0     9.5     0.000   0   40.47  333.9   11.8      --
 95  04/05/2020  2200    55.5   33.8    10.8     0.000   0   43.68  329.7   13.6  no_inv
 96  04/05/2020  2300    53.5   32.1    12.3     0.000   0   43.92  327.9   15.4      --
 97  04/06/2020  0000    52.0   32.2    13.8     0.000   0   46.62  326.4   17.3      --
 98  04/06/2020  0100    50.6   32.2    15.3     0.000   0   49.21  325.2   19.2      --
 99  04/06/2020  0200    49.3   32.3    16.8     0.000   0   51.58  324.3   21.0      --
100  04/06/2020  0300    48.3   32.3    18.3     0.000   0   53.64  323.5   22.9      --
101  04/06/2020  0400    47.5   32.3    19.9     0.000   0   55.28  322.8   24.8    1162
102  04/06/2020  0500    47.0   32.2    17.3     0.000   0   56.30  322.7   22.2      --
103  04/06/2020  0600    46.7   32.0    14.7     0.000   0   56.46  322.6   19.6      --
104  04/06/2020  0700    46.8   31.7    12.1     0.000   0   55.44  322.5   17.0      --
105  04/06/2020  0800    47.4   31.3     9.5     0.000   0   53.20  322.3   14.4      --
106  04/06/2020  0900    48.6   30.8     6.9     0.000   0   49.87  322.1   11.8      --
107  04/06/2020  1000    50.3   30.2     4.4     0.000   0   45.73  321.7    9.2  no_inv
108  04/06/2020  1100    53.3   29.7     6.2     0.000   0   40.05  306.3    9.8      --
109  04/06/2020  1200    58.5   29.1     8.0     0.000   0   32.55  293.6   11.1      --
110  04/06/2020  1300    63.0   29.3     9.8     0.000   0   27.86  283.9   12.8      --
111  04/06/2020  1400    65.2   29.3    11.6     0.000   0   25.88  276.5   14.7      --
112  04/06/2020  1500    66.4   29.0    13.5     0.000   0   24.53  271.0   16.8      --
113  04/06/2020  1600    66.8   28.4    15.3     0.000   0   23.57  266.7   19.1     193
114  04/06/2020  1700    66.1   28.2    16.6     0.000   0   23.94  279.1   18.9      --
115  04/06/2020  1800    63.6   28.4    17.9     0.000   0   26.38  291.3   19.6      --
116  04/06/2020  1900    58.5   28.8    19.1     0.000   0   32.11  302.2   21.0      --
117  04/06/2020  2000    55.7   29.4    20.4     0.000   0   36.29  311.3   23.2      --
118  04/06/2020  2100    53.4   30.0    21.7     0.000   0   40.52  318.8   25.8      --
119  04/06/2020  2200    51.0   30.6    23.0     0.000   0   45.36  324.8   28.8    8537
120  04/06/2020  2300    48.5   31.3    19.8     0.000   0   51.16  321.4   23.9      --
121  04/07/2020  0000    46.8   31.9    16.6     0.000   0   55.98  316.2   19.1      --
122  04/07/2020  0100    45.1   32.4    13.4     0.000   0   60.91  307.8   14.6      --
123  04/07/2020  0200    43.6   34.1    10.3     0.000   0   69.11  292.4   10.6      --
124  04/07/2020  0300    41.5   32.7     5.4     0.000   0   70.51  264.4    8.2      --
125  04/07/2020  0400    40.5   31.5     2.5     0.000   0   70.22  228.9    8.6     758
126  04/07/2020  0500    39.9   31.1     2.8     0.000   0   70.38  224.6    7.6      --
127  04/07/2020  0600    39.6   31.5     2.9     0.000   0   72.59  218.9    6.7      --
128  04/07/2020  0700    40.3   32.8     2.9     0.000   0   74.38  211.6    5.8      --
129  04/07/2020  0800    42.3   34.5     2.6     0.000   0   73.60  201.9    5.1      --
130  04/07/2020  0900    45.8   36.5     2.3     0.000   0   69.57  189.5    4.6      --
131  04/07/2020  1000    50.4   38.2     1.9     0.000   0   62.73  174.7    4.3    6077
132  04/07/2020  1100    55.5   39.4     2.0     0.000   0   54.62  178.6    2.7      --
133  04/07/2020  1200    60.5   39.8     2.1     0.000   0   46.50  192.8    1.2      --
134  04/07/2020  1300    64.3   39.8     2.2     0.000   0   40.62  303.2    0.7      --
135  04/07/2020  1400    66.3   38.8     2.2     0.000   0   36.36  334.5    2.2      --
136  04/07/2020  1500    67.4   36.2     2.3     0.000   0   31.61  340.2    3.7      --
137  04/07/2020  1600    67.9   32.9     2.4     0.000   0   27.23  342.5    5.3    8688
138  04/07/2020  1700    68.0   30.2     4.0     0.000   0   24.36  334.6    6.8      --
139  04/07/2020  1800    65.9   29.2     5.6     0.000   0   25.15  329.7    8.4      --
140  04/07/2020  1900    61.5   29.6     7.2     0.000   0   29.72  326.3   10.0      --
141  04/07/2020  2000    59.1   27.6     8.8     0.000   0   29.90  323.9   11.7      --
142  04/07/2020  2100    56.8   27.7    10.4     0.000   0   32.63  322.1   13.4      --
143  04/07/2020  2200    54.4   27.4    12.0     0.000   0   35.09  320.7   15.0    1578
144  04/07/2020  2300    51.9   27.7    11.9     0.000   0   38.94  320.2   14.9      --
145  04/08/2020  0000    50.5   27.9    11.8     0.000   0   41.41  319.8   14.8      --
146  04/08/2020  0100    49.2   28.2    11.7     0.000   0   43.83  319.4   14.6      --
147  04/08/2020  0200    48.1   28.3    11.6     0.000   0   46.09  319.0   14.5      --
148  04/08/2020  0300    47.1   28.5    11.5     0.000   0   48.07  318.5   14.4      --
149  04/08/2020  0400    46.3   28.5    11.4     0.000   0   49.69  318.1   14.3     892
150  04/08/2020  0500    45.7   29.0    10.2     0.000   0   51.77  319.3   13.3      --
151  04/08/2020  0600    45.3   29.1     8.9     0.000   0   52.77  320.8   12.4      --
152  04/08/2020  0700    45.7   29.8     7.7     0.000   0   53.43  322.4   11.5      --
153  04/08/2020  0800    47.1   27.4     6.5     0.000   0   45.97  324.4   10.6      --
154  04/08/2020  0900    49.4   27.5     5.2     0.000   0   42.43  326.7    9.7      --
155  04/08/2020  1000    52.7   27.8     4.0     0.000   0   37.95  329.4    8.9    3101
156  04/08/2020  1100    56.6   28.5     3.5     0.000   0   33.95  329.9    7.0      --
157  04/08/2020  1200    61.9   28.5     3.0     0.000   0   28.07  330.6    5.2      --
158  04/08/2020  1300    66.4   28.5     2.5     0.000   0   23.99  332.1    3.4      --
159  04/08/2020  1400    68.9   28.5     2.0     0.000   0   22.00  337.0    1.6      --
160  04/08/2020  1500    70.2   28.5     1.4     0.000   0   21.05   97.2    0.3      --
161  04/08/2020  1600    70.9   28.5     0.9     0.000   0   20.54  140.4    2.0    6197
162  04/08/2020  1700    71.2   28.5     1.5     0.000   0   20.39  190.5    2.0      --
163  04/08/2020  1800    68.2   28.5     2.1     0.000   0   22.56  221.7    3.0      --
164  04/08/2020  1900    62.1   28.5     2.7     0.000   0   27.84  234.7    4.5      --
165  04/08/2020  2000    58.8   28.5     2.9     0.000   0   31.34  241.1    6.1      --
166  04/08/2020  2100    56.5   28.5     3.0     0.000   0   34.09  244.9    7.7      --
167  04/08/2020  2200    54.1   28.5     2.9     0.000   0   37.11  247.3    9.4     757
