  Generated by FoxLW on Thursday April 2, 2020 at 02:32 PDT
-------------------------------------------------------------------------------
  Pasco
  46.2500:-119.1300  (46 15' 0.00"N  119 7' 48.00"W)  elev 400.3 feet    file: 100147
-------------------------------------------------------------------------------

Line#   Date     Hour   TempF  DewPtF WS(mph)  Rain(in) LW    RH%  WDir_50m WS_50m Inv(ft)
  5  04/02/2020  0400    34.3   22.4     6.7     0.000   0   61.24  300.4   10.6     840
  6  04/02/2020  0500    33.8   22.4     5.7     0.000   0   62.58  299.5    9.0      --
  7  04/02/2020  0600    33.4   22.5     4.7     0.000   0   63.82  298.1    7.5      --
  8  04/02/2020  0700    33.8   22.6     3.7     0.000   0   63.16  296.1    5.9      --
  9  04/02/2020  0800    35.2   22.8     2.7     0.000   0   60.10  292.7    4.4      --
 10  04/02/2020  0900    37.7   22.0     1.7     0.000   0   52.71  285.8    2.9      --
 11  04/02/2020  1000    41.1   22.0     0.7     0.000   0   46.24  266.1    1.6  no_inv
 12  04/02/2020  1100    44.7   22.0     1.1     0.000   0   40.23  272.7    2.4      --
 13  04/02/2020  1200    47.7   22.0     1.5     0.000   0   35.97  275.9    3.3      --
 14  04/02/2020  1300    50.1   22.0     1.9     0.000   0   32.79  277.8    4.1      --
 15  04/02/2020  1400    51.6   22.0     2.3     0.000   0   31.08  279.0    5.0      --
 16  04/02/2020  1500    52.5   22.0     2.7     0.000   0   30.03  279.9    5.8      --
 17  04/02/2020  1600    53.2   22.0     3.0     0.000   0   29.32  280.5    6.7  no_inv
 18  04/02/2020  1700    53.6   22.1     3.4     0.000   0   28.99  287.1    7.2      --
 19  04/02/2020  1800    53.5   22.4     3.8     0.000   0   29.39  292.8    7.7      --
 20  04/02/2020  1900    52.2   22.4     4.2     0.000   0   30.86  297.8    8.3      --
 21  04/02/2020  2000    50.7   22.4     4.6     0.000   0   32.63  302.0    8.9      --
 22  04/02/2020  2100    49.2   22.4     5.0     0.000   0   34.50  305.7    9.6      --
 23  04/02/2020  2200    47.7   22.9     5.4     0.000   0   37.26  308.8   10.4  no_inv
 24  04/02/2020  2300    44.7   22.7     5.2     0.000   0   41.46  298.1    9.0      --
 25  04/03/2020  0000    40.9   22.4     4.1     0.000   0   47.15  284.3    8.1      --
 26  04/03/2020  0100    38.0   22.4     3.1     0.000   0   52.94  268.2    7.7      --
 27  04/03/2020  0200    36.1   22.4     2.1     0.000   0   56.95  251.8    8.0      --
 28  04/03/2020  0300    35.1   22.4     1.2     0.000   0   59.39  237.5    8.8      --
 29  04/03/2020  0400    34.7   22.4     0.4     0.000   0   60.37  226.3   10.1     825
 30  04/03/2020  0500    34.7   22.4     1.4     0.000   0   60.16  229.4   10.1      --
 31  04/03/2020  0600    34.6   22.5     2.5     0.000   0   60.69  232.4   10.1      --
 32  04/03/2020  0700    35.0   23.0     3.8     0.000   0   61.24  235.4   10.2      --
 33  04/03/2020  0800    36.6   24.1     5.3     0.000   0   60.24  238.4   10.2      --
 34  04/03/2020  0900    39.6   25.4     6.0     0.000   0   56.40  241.4   10.3      --
 35  04/03/2020  1000    43.5   26.4     6.3     0.000   0   50.73  244.3   10.5  no_inv
 36  04/03/2020  1100    47.7   27.1     7.2     0.000   0   44.46  252.8   10.7      --
 37  04/03/2020  1200    51.9   27.4     8.1     0.000   0   38.45  260.7   11.1      --
 38  04/03/2020  1300    55.1   25.6     8.9     0.000   0   31.73  267.9   11.8      --
 39  04/03/2020  1400    56.7   23.4     9.9     0.000   0   27.31  274.3   12.6      --
 40  04/03/2020  1500    57.5   20.8    10.8     0.000   0   23.78  279.8   13.5      --
 41  04/03/2020  1600    57.9   19.3    11.6     0.000   0   21.98  284.6   14.6  no_inv
 42  04/03/2020  1700    56.8   18.8    12.6     0.000   0   22.37  293.4   15.2      --
 43  04/03/2020  1800    54.7   18.5    13.6     0.000   0   23.87  301.3   16.1      --
 44  04/03/2020  1900    53.5   18.0    14.6     0.000   0   24.38  308.2   17.3      --
 45  04/03/2020  2000    51.2   18.4    15.6     0.000   0   27.00  314.2   18.7      --
 46  04/03/2020  2100    48.8   19.0    16.6     0.000   0   30.26  319.2   20.3      --
 47  04/03/2020  2200    46.5   19.7    17.6     0.000   0   34.02  323.6   22.0  no_inv
 48  04/03/2020  2300    43.8   20.4    15.3     0.000   0   38.84  324.6   19.6      --
 49  04/04/2020  0000    42.0   21.0    12.9     0.000   0   42.69  326.1   17.1      --
 50  04/04/2020  0100    40.4   22.9    10.5     0.000   0   49.28  327.9   14.7      --
 51  04/04/2020  0200    39.0   23.6     8.2     0.000   0   53.60  330.6   12.2      --
 52  04/04/2020  0300    36.2   26.3     2.0     0.000   0   66.91  334.5    9.9      --
 53  04/04/2020  0400    35.7   27.1     0.6     0.000   0   70.74  340.8    7.6    1318
 54  04/04/2020  0500    35.7   26.1     1.2     0.000   0   67.76  344.5    6.8      --
 55  04/04/2020  0600    35.6   25.3     1.7     0.000   0   65.80  349.2    6.0      --
 56  04/04/2020  0700    35.8   25.0     2.0     0.000   0   64.24  355.3    5.2      --
 57  04/04/2020  0800    37.2   25.4     2.2     0.000   0   61.99    3.1    4.6      --
 58  04/04/2020  0900    39.6   26.6     2.0     0.000   0   59.40   13.3    4.1      --
 59  04/04/2020  1000    42.8   27.8     1.7     0.000   0   55.17   26.0    3.7  no_inv
 60  04/04/2020  1100    46.4   28.7     1.7     0.000   0   49.69   17.8    3.7      --
 61  04/04/2020  1200    49.9   29.0     1.8     0.000   0   44.16    9.6    3.7      --
 62  04/04/2020  1300    52.9   29.0     1.9     0.000   0   39.51    1.7    3.8      --
 63  04/04/2020  1400    54.7   28.5     1.9     0.000   0   36.37  354.3    4.0      --
 64  04/04/2020  1500    55.9   27.4     2.0     0.000   0   33.28  347.7    4.2      --
 65  04/04/2020  1600    56.7   26.0     2.0     0.000   0   30.52  341.8    4.5  no_inv
 66  04/04/2020  1700    57.3   24.9     2.2     0.000   0   28.56  351.5    4.5      --
 67  04/04/2020  1800    57.1   24.5     2.3     0.000   0   28.24    0.7    4.7      --
 68  04/04/2020  1900    56.7   27.0     2.5     0.000   0   31.80    9.0    5.0      --
 69  04/04/2020  2000    56.5   27.0     2.6     0.000   0   32.03   16.3    5.4      --
 70  04/04/2020  2100    54.2   27.0     2.7     0.000   0   34.87   22.5    5.9      --
 71  04/04/2020  2200    51.8   27.0     2.9     0.000   0   37.99   27.7    6.4  no_inv
 72  04/04/2020  2300    50.2   27.0     3.1     0.000   0   40.39   12.9    5.7      --
 73  04/05/2020  0000    49.1   27.0     3.4     0.000   0   42.06  355.7    5.6      --
 74  04/05/2020  0100    48.0   27.2     3.3     0.000   0   44.20  339.0    5.9      --
 75  04/05/2020  0200    47.1   27.5     3.1     0.000   0   46.19  325.1    6.6      --
 76  04/05/2020  0300    46.5   27.7     2.8     0.000   0   47.72  314.4    7.7      --
 77  04/05/2020  0400    46.1   28.0     2.5     0.000   0   48.84  306.5    8.9    1542
 78  04/05/2020  0500    46.0   27.7     3.0     0.000   0   48.50  310.9    8.5      --
 79  04/05/2020  0600    45.9   27.6     3.3     0.000   0   48.57  315.6    8.1      --
 80  04/05/2020  0700    45.9   28.0     3.7     0.000   0   49.32  320.9    7.7      --
 81  04/05/2020  0800    46.4   31.6     3.6     0.000   0   56.15  326.5    7.5      --
 82  04/05/2020  0900    47.2   31.6     3.4     0.000   0   54.45  332.6    7.3      --
 83  04/05/2020  1000    48.4   31.6     3.2     0.000   0   52.01  338.9    7.2  no_inv
 84  04/05/2020  1100    50.5   31.8     3.2     0.000   0   48.50  345.5    6.6      --
 85  04/05/2020  1200    53.9   32.1     3.0     0.000   0   43.22  353.2    6.2      --
 86  04/05/2020  1300    57.2   32.1     3.0     0.000   0   38.38    1.8    5.9      --
 87  04/05/2020  1400    59.2   32.1     2.9     0.000   0   35.84   11.1    5.8      --
 88  04/05/2020  1500    60.6   32.3     2.8     0.000   0   34.25   20.6    5.8      --
 89  04/05/2020  1600    61.5   32.5     2.7     0.000   0   33.45   29.9    5.9  no_inv
 90  04/05/2020  1700    62.0   32.7     4.2     0.000   0   33.16    5.9    3.1      --
 91  04/05/2020  1800    61.8   32.7     5.7     0.000   0   33.45  295.9    2.6      --
 92  04/05/2020  1900    61.5   33.3     7.2     0.000   0   34.70  259.8    5.0      --
 93  04/05/2020  2000    61.2   33.8     8.6     0.000   0   35.63  249.1    8.1      --
 94  04/05/2020  2100    58.9   33.9    10.1     0.000   0   38.81  244.4   11.3      --
 95  04/05/2020  2200    56.6   33.5    11.6     0.000   0   41.57  241.7   14.5  no_inv
 96  04/05/2020  2300    53.8   32.1    12.2     0.000   0   43.58  255.3   13.1      --
 97  04/06/2020  0000    52.3   32.2    12.7     0.000   0   46.25  271.2   12.4      --
 98  04/06/2020  0100    50.9   32.3    13.3     0.000   0   48.82  287.3   12.9      --
 99  04/06/2020  0200    49.7   32.4    13.8     0.000   0   51.18  301.5   14.2      --
100  04/06/2020  0300    48.7   32.4    14.4     0.000   0   53.22  312.7   16.2      --
101  04/06/2020  0400    47.9   32.5    14.9     0.000   0   54.86  321.1   18.7    1169
102  04/06/2020  0500    47.3   32.4    13.2     0.000   0   55.85  320.9   17.1      --
103  04/06/2020  0600    47.0   33.5    11.4     0.000   0   59.04  320.7   15.5      --
104  04/06/2020  0700    47.1   33.3     9.6     0.000   0   58.58  320.4   13.9      --
105  04/06/2020  0800    47.5   31.2     7.9     0.000   0   52.91  320.1   12.4      --
106  04/06/2020  0900    48.3   30.6     6.1     0.000   0   50.08  319.6   10.8      --
107  04/06/2020  1000    49.5   29.9     4.4     0.000   0   46.59  319.0    9.2  no_inv
108  04/06/2020  1100    52.1   29.2     5.9     0.000   0   41.19  308.9   10.0      --
109  04/06/2020  1200    57.3   28.6     7.4     0.000   0   33.19  300.5   11.1      --
110  04/06/2020  1300    62.2   28.7     9.0     0.000   0   27.92  293.7   12.4      --
111  04/06/2020  1400    64.7   28.9    10.5     0.000   0   25.85  288.3   13.8      --
112  04/06/2020  1500    66.2   28.9    12.0     0.000   0   24.55  283.9   15.4      --
113  04/06/2020  1600    66.7   28.6    13.6     0.000   0   23.82  280.3   17.0  no_inv
114  04/06/2020  1700    65.7   28.1    14.6     0.000   0   24.18  288.4   17.7      --
115  04/06/2020  1800    63.7   27.9    15.7     0.000   0   25.70  295.6   18.8      --
116  04/06/2020  1900    59.5   28.3    16.8     0.000   0   30.27  302.1   20.1      --
117  04/06/2020  2000    57.3   29.0    17.8     0.000   0   33.78  307.6   21.7      --
118  04/06/2020  2100    54.9   29.8    18.9     0.000   0   37.99  312.4   23.4      --
119  04/06/2020  2200    52.6   30.7    20.0     0.000   0   42.86  316.5   25.3    8535
120  04/06/2020  2300    50.1   31.5    17.4     0.000   0   48.74  312.1   20.8      --
121  04/07/2020  0000    48.2   32.3    14.8     0.000   0   54.01  305.4   16.4      --
122  04/07/2020  0100    46.4   33.0    12.2     0.000   0   59.34  294.2   12.5      --
123  04/07/2020  0200    42.6   32.1     4.4     0.000   0   66.29  274.2    9.4      --
124  04/07/2020  0300    41.3   30.6     1.7     0.000   0   65.44  243.0    8.2      --
125  04/07/2020  0400    40.8   30.4     0.4     0.000   0   65.96  212.9    9.7      76
126  04/07/2020  0500    40.9   30.2     1.1     0.000   0   65.28  209.3    8.1      --
127  04/07/2020  0600    40.8   30.2     1.7     0.000   0   65.48  203.9    6.6      --
128  04/07/2020  0700    41.2   30.9     2.1     0.000   0   66.32  195.3    5.1      --
129  04/07/2020  0800    43.0   32.6     2.2     0.000   0   66.52  180.8    3.9      --
130  04/07/2020  0900    46.2   34.8     1.9     0.000   0   64.08  156.3    3.1      --
131  04/07/2020  1000    50.3   36.5     1.4     0.000   0   59.00  124.9    3.1    6080
132  04/07/2020  1100    54.8   37.7     1.3     0.000   0   52.30  125.5    2.8      --
133  04/07/2020  1200    59.7   38.1     1.1     0.000   0   44.62  126.1    2.5      --
134  04/07/2020  1300    63.6   38.1     1.0     0.000   0   38.97  127.0    2.2      --
135  04/07/2020  1400    65.6   37.4     0.8     0.000   0   35.23  128.1    1.9      --
136  04/07/2020  1500    66.6   35.4     0.7     0.000   0   31.49  129.8    1.5      --
137  04/07/2020  1600    67.2   33.0     0.6     0.000   0   28.09  132.2    1.2    8688
138  04/07/2020  1700    67.3   31.1     1.6     0.000   0   25.88  270.9    0.9      --
139  04/07/2020  1800    65.6   30.4     2.7     0.000   0   26.60  287.8    2.8      --
140  04/07/2020  1900    62.2   34.8     3.7     0.000   0   35.83  290.9    4.8      --
141  04/07/2020  2000    60.3   34.8     4.8     0.000   0   38.29  292.2    6.7      --
142  04/07/2020  2100    58.0   33.3     5.8     0.000   0   39.24  292.9    8.7      --
143  04/07/2020  2200    55.6   31.5     6.9     0.000   0   39.68  293.3   10.7    5738
144  04/07/2020  2300    53.1   32.7     6.2     0.000   0   45.68  293.5   10.0      --
145  04/08/2020  0000    51.3   33.8     5.4     0.000   0   50.99  293.7    9.4      --
146  04/08/2020  0100    49.0   35.7     3.8     0.000   0   60.02  293.9    8.7      --
147  04/08/2020  0200    47.4   36.4     2.4     0.000   0   65.52  294.2    8.1      --
148  04/08/2020  0300    46.5   37.2     1.4     0.000   0   69.90  294.6    7.4      --
149  04/08/2020  0400    46.0   37.9     0.6     0.000   0   73.21  295.0    6.8     896
150  04/08/2020  0500    46.0   37.2     1.2     0.000   0   71.01  298.4    6.9      --
151  04/08/2020  0600    45.9   36.6     1.9     0.000   0   69.60  301.7    7.0      --
152  04/08/2020  0700    46.2   36.4     2.5     0.000   0   68.39  304.9    7.2      --
153  04/08/2020  0800    47.5   36.8     3.2     0.000   0   66.35  307.8    7.4      --
154  04/08/2020  0900    49.7   37.9     3.5     0.000   0   63.67  310.7    7.6      --
155  04/08/2020  1000    52.7   38.9     3.5     0.000   0   59.31  313.4    7.8    3102
156  04/08/2020  1100    56.3   39.6     3.0     0.000   0   53.33  314.0    6.5      --
157  04/08/2020  1200    61.6   39.8     2.5     0.000   0   44.57  315.0    5.1      --
158  04/08/2020  1300    66.1   39.8     1.9     0.000   0   38.05  316.6    3.7      --
159  04/08/2020  1400    68.7   39.0     1.4     0.000   0   33.84  320.2    2.4      --
160  04/08/2020  1500    70.0   37.1     0.8     0.000   0   29.93  333.4    1.0      --
161  04/08/2020  1600    70.7   34.6     0.3     0.000   0   26.50   87.0    0.6    6203
162  04/08/2020  1700    70.9   32.6     1.6     0.000   0   24.29  217.7    1.7      --
163  04/08/2020  1800    69.4   31.9     3.0     0.000   0   24.83  224.4    3.8      --
164  04/08/2020  1900    66.2   36.4     4.4     0.000   0   33.17  226.3    5.9      --
165  04/08/2020  2000    64.5   35.0     5.7     0.000   0   33.34  227.2    8.1      --
166  04/08/2020  2100    62.2   32.4     7.1     0.000   0   32.58  227.8   10.2      --
167  04/08/2020  2200    59.8   30.6     8.5     0.000   0   32.99  228.1   12.3     755
