  Generated by FoxLW on Thursday April 2, 2020 at 02:32 PDT
-------------------------------------------------------------------------------
  Hundred Circles
  45.9300:-119.8100  (45 55' 48.00"N  119 48' 36.00"W)  elev 502.0 feet    file: 100140
-------------------------------------------------------------------------------

Line#   Date     Hour   TempF  DewPtF WS(mph)  Rain(in) LW    RH%  WDir_50m WS_50m Inv(ft)
  5  04/02/2020  0400    38.6   27.5     1.8     0.000   0   64.22  236.4    4.0  no_inv
  6  04/02/2020  0500    38.1   27.5     2.0     0.000   0   65.32  220.1    3.3      --
  7  04/02/2020  0600    37.7   27.3     2.1     0.000   0   65.79  197.6    3.0      --
  8  04/02/2020  0700    37.8   27.0     2.2     0.000   0   64.55  173.9    3.1      --
  9  04/02/2020  0800    38.6   26.6     2.3     0.000   0   61.57  155.5    3.8      --
 10  04/02/2020  0900    40.1   24.1     2.5     0.000   0   52.48  143.1    4.7      --
 11  04/02/2020  1000    42.2   23.6     2.6     0.000   0   47.33  135.0    5.7  no_inv
 12  04/02/2020  1100    45.1   23.1     4.2     0.000   0   41.47  165.9    5.0      --
 13  04/02/2020  1200    49.8   22.7     5.9     0.000   0   34.13  195.4    5.9      --
 14  04/02/2020  1300    53.8   22.9     7.6     0.000   0   29.72  213.6    7.9      --
 15  04/02/2020  1400    56.0   23.4     9.2     0.000   0   28.08  223.9   10.3      --
 16  04/02/2020  1500    57.1   23.8    10.9     0.000   0   27.34  230.2   13.0      --
 17  04/02/2020  1600    57.7   23.5    12.5     0.000   0   26.57  234.3   15.7  no_inv
 18  04/02/2020  1700    56.6   23.2    13.2     0.000   0   27.18  249.5   13.2      --
 19  04/02/2020  1800    54.6   22.5    13.8     0.000   0   28.47  269.6   11.9      --
 20  04/02/2020  1900    53.4   22.1    14.5     0.000   0   29.17  291.1   12.4      --
 21  04/02/2020  2000    51.1   22.0    15.1     0.000   0   31.59  309.0   14.3      --
 22  04/02/2020  2100    48.7   22.1    15.7     0.000   0   34.63  321.6   17.3      --
 23  04/02/2020  2200    46.4   22.2    16.4     0.000   0   38.02  330.3   20.8  no_inv
 24  04/02/2020  2300    43.2   22.3    14.3     0.000   0   43.09  326.5   18.0      --
 25  04/03/2020  0000    41.0   22.5    12.3     0.000   0   47.29  321.5   15.3      --
 26  04/03/2020  0100    38.9   24.0    10.2     0.000   0   54.84  314.3   12.8      --
 27  04/03/2020  0200    37.0   24.6     8.1     0.000   0   60.51  303.9   10.6      --
 28  04/03/2020  0300    35.4   24.3     6.1     0.000   0   63.65  288.8    8.9      --
 29  04/03/2020  0400    34.1   24.1     4.0     0.000   0   66.48  268.6    8.0      31
 30  04/03/2020  0500    33.1   24.0     5.5     0.000   0   68.82  259.9    9.1      --
 31  04/03/2020  0600    32.6   24.5     7.0     0.000   0   71.66  253.3   10.4      --
 32  04/03/2020  0700    33.4   24.9     8.4     0.000   0   70.77  248.2   11.8      --
 33  04/03/2020  0800    35.8   25.1     9.9     0.000   0   64.74  244.2   13.3      --
 34  04/03/2020  0900    39.7   23.3    11.4     0.000   0   51.48  241.0   14.8      --
 35  04/03/2020  1000    44.3   23.5    12.9     0.000   0   43.37  238.4   16.4  no_inv
 36  04/03/2020  1100    48.4   23.7    14.0     0.000   0   37.47  242.8   17.5      --
 37  04/03/2020  1200    50.5   23.9    15.0     0.000   0   35.01  246.8   18.7      --
 38  04/03/2020  1300    52.0   24.0    16.1     0.000   0   33.26  250.2   20.0      --
 39  04/03/2020  1400    52.9   24.1    17.2     0.000   0   32.39  253.2   21.3      --
 40  04/03/2020  1500    53.4   24.2    18.2     0.000   0   31.86  255.9   22.7      --
 41  04/03/2020  1600    53.8   24.2    19.3     0.000   0   31.49  258.2   24.1  no_inv
 42  04/03/2020  1700    54.0   24.3    16.9     0.000   0   31.29  261.6   21.1      --
 43  04/03/2020  1800    51.8   24.7    14.5     0.000   0   34.50  266.0   18.2      --
 44  04/03/2020  1900    47.5   25.0    12.1     0.000   0   41.05  272.1   15.5      --
 45  04/03/2020  2000    45.0   26.0     9.7     0.000   0   46.98  280.6   13.0      --
 46  04/03/2020  2100    42.7   26.5     7.3     0.000   0   52.31  292.8   10.9      --
 47  04/03/2020  2200    40.4   26.2     4.3     0.000   0   56.54  309.6    9.5     546
 48  04/03/2020  2300    38.4   26.0     4.0     0.000   0   60.51  315.4    7.7      --
 49  04/04/2020  0000    37.4   25.5     3.7     0.000   0   61.86  324.5    6.0      --
 50  04/04/2020  0100    36.3   25.5     3.3     0.000   0   64.34  340.2    4.6      --
 51  04/04/2020  0200    35.4   25.5     3.0     0.000   0   66.76    6.1    3.7      --
 52  04/04/2020  0300    34.5   25.5     2.6     0.000   0   69.13   36.9    3.9      --
 53  04/04/2020  0400    33.7   25.4     2.2     0.000   0   71.34   59.5    4.9     513
 54  04/04/2020  0500    33.0   25.4     2.3     0.000   0   73.32   61.4    5.1      --
 55  04/04/2020  0600    32.6   25.4     2.4     0.000   0   74.67   63.1    5.3      --
 56  04/04/2020  0700    33.2   25.4     2.5     0.000   0   72.93   64.7    5.4      --
 57  04/04/2020  0800    35.0   25.4     2.5     0.000   0   67.62   66.2    5.6      --
 58  04/04/2020  0900    38.3   24.3     2.6     0.000   0   56.85   67.6    5.8      --
 59  04/04/2020  1000    42.5   23.8     2.7     0.000   0   47.25   68.9    6.0  no_inv
 60  04/04/2020  1100    46.9   23.3     2.6     0.000   0   39.16   65.1    5.8      --
 61  04/04/2020  1200    50.2   22.9     2.6     0.000   0   33.96   61.0    5.6      --
 62  04/04/2020  1300    52.9   22.5     2.5     0.000   0   30.22   56.5    5.4      --
 63  04/04/2020  1400    54.4   22.2     2.4     0.000   0   28.18   51.7    5.2      --
 64  04/04/2020  1500    55.4   22.0     2.3     0.000   0   26.94   46.7    5.1      --
 65  04/04/2020  1600    56.2   21.9     2.3     0.000   0   26.18   41.6    5.1  no_inv
 66  04/04/2020  1700    56.6   22.0     3.6     0.000   0   25.83   23.6    5.8      --
 67  04/04/2020  1800    56.5   22.2     5.0     0.000   0   26.24   10.4    6.9      --
 68  04/04/2020  1900    56.2   23.3     6.4     0.000   0   27.75    1.4    8.2      --
 69  04/04/2020  2000    56.0   24.9     7.7     0.000   0   29.79  355.0    9.8      --
 70  04/04/2020  2100    53.7   25.7     9.1     0.000   0   33.62  350.3   11.4      --
 71  04/04/2020  2200    51.3   26.2    10.4     0.000   0   37.40  346.9   13.1  no_inv
 72  04/04/2020  2300    49.7   26.9    10.4     0.000   0   40.89  357.9   10.4      --
 73  04/05/2020  0000    48.6   27.5    10.3     0.000   0   43.69   15.1    8.5      --
 74  04/05/2020  0100    47.7   28.0    10.2     0.000   0   46.23   39.0    7.6      --
 75  04/05/2020  0200    46.9   28.5    10.2     0.000   0   48.36   63.7    8.2      --
 76  04/05/2020  0300    46.3   28.7    10.1     0.000   0   49.97   82.1   10.1      --
 77  04/05/2020  0400    46.0   28.8    10.1     0.000   0   50.95   94.1   12.6     150
 78  04/05/2020  0500    45.7   28.9     9.1     0.000   0   51.56   90.4   11.8      --
 79  04/05/2020  0600    45.6   29.1     8.1     0.000   0   52.30   86.1   11.0      --
 80  04/05/2020  0700    45.7   27.3     7.1     0.000   0   48.32   81.3   10.3      --
 81  04/05/2020  0800    46.2   26.0     6.1     0.000   0   44.91   75.9    9.7      --
 82  04/05/2020  0900    47.2   28.5     5.1     0.000   0   47.93   69.8    9.2      --
 83  04/05/2020  1000    48.6   29.0     4.2     0.000   0   46.51   63.0    8.8  no_inv
 84  04/05/2020  1100    51.0   31.2     4.1     0.000   0   46.57   61.6    8.7      --
 85  04/05/2020  1200    54.4   31.2     4.0     0.000   0   41.04   60.2    8.6      --
 86  04/05/2020  1300    57.5   31.2     4.0     0.000   0   36.66   58.7    8.6      --
 87  04/05/2020  1400    59.4   31.2     3.9     0.000   0   34.26   57.2    8.5      --
 88  04/05/2020  1500    60.8   31.2     3.8     0.000   0   32.67   55.7    8.4      --
 89  04/05/2020  1600    61.6   31.2     3.8     0.000   0   31.73   54.2    8.3  no_inv
 90  04/05/2020  1700    61.7   31.2     3.8     0.000   0   31.55   55.1    5.4      --
 91  04/05/2020  1800    60.3   31.2     3.9     0.000   0   33.22   58.6    2.4      --
 92  04/05/2020  1900    57.3   31.2     4.0     0.000   0   36.97  206.8    0.6      --
 93  04/05/2020  2000    55.6   31.2     4.1     0.000   0   39.23  228.1    3.5      --
 94  04/05/2020  2100    53.3   31.2     4.2     0.000   0   42.72  230.0    6.4      --
 95  04/05/2020  2200    51.0   31.2     4.2     0.000   0   46.57  230.7    9.4     975
 96  04/05/2020  2300    49.4   31.8     6.0     0.000   0   50.51  252.8    8.2      --
 97  04/06/2020  0000    49.1   32.8     7.8     0.000   0   53.00  277.3    8.5      --
 98  04/06/2020  0100    48.8   32.8     9.5     0.000   0   53.82  297.1   10.1      --
 99  04/06/2020  0200    48.5   32.4    11.3     0.000   0   53.54  310.3   12.5      --
100  04/06/2020  0300    48.1   30.8    13.1     0.000   0   50.93  318.9   15.4      --
101  04/06/2020  0400    47.7   30.8    14.8     0.000   0   51.64  324.7   18.5     348
102  04/06/2020  0500    47.3   30.8    12.8     0.000   0   52.44  325.8   16.3      --
103  04/06/2020  0600    47.1   32.3    10.7     0.000   0   56.33  327.2   14.0      --
104  04/06/2020  0700    47.2   33.1     8.6     0.000   0   57.72  329.1   11.7      --
105  04/06/2020  0800    47.9   32.9     6.5     0.000   0   55.95  332.0    9.5      --
106  04/06/2020  0900    49.1   32.9     4.4     0.000   0   53.50  336.6    7.3      --
107  04/06/2020  1000    50.8   32.9     2.3     0.000   0   50.18  345.0    5.2    6285
108  04/06/2020  1100    53.4   32.9     4.4     0.000   0   45.51  303.4    4.2      --
109  04/06/2020  1200    56.9   32.9     6.4     0.000   0   40.12  266.0    5.7      --
110  04/06/2020  1300    59.9   33.2     8.4     0.000   0   36.45  248.3    8.4      --
111  04/06/2020  1400    61.7   33.8    10.4     0.000   0   35.01  239.8   11.5      --
112  04/06/2020  1500    62.9   33.8    12.5     0.000   0   33.53  234.9   14.8      --
113  04/06/2020  1600    63.7   33.4    14.5     0.000   0   32.19  231.9   18.1  no_inv
114  04/06/2020  1700    63.7   33.5    14.3     0.000   0   32.21  242.2   15.6      --
115  04/06/2020  1800    61.6   33.3    14.1     0.000   0   34.41  255.9   13.6      --
116  04/06/2020  1900    57.4   33.0    13.9     0.000   0   39.57  272.8   12.7      --
117  04/06/2020  2000    55.1   32.7    13.8     0.000   0   42.43  290.5   13.0      --
118  04/06/2020  2100    52.8   32.2    13.6     0.000   0   45.36  306.0   14.5      --
119  04/06/2020  2200    50.4   32.0    13.4     0.000   0   48.97  318.1   16.7    1424
120  04/06/2020  2300    48.2   33.0    11.5     0.000   0   55.63  320.9   14.2      --
121  04/07/2020  0000    46.4   33.1     9.6     0.000   0   59.52  324.9   11.6      --
122  04/07/2020  0100    44.7   33.4     7.7     0.000   0   64.26  331.1    9.2      --
123  04/07/2020  0200    43.1   33.6     5.8     0.000   0   68.86  341.5    7.0      --
124  04/07/2020  0300    41.5   33.8     3.6     0.000   0   74.01    0.3    5.1      --
125  04/07/2020  0400    40.2   34.0     1.7     0.000   0   78.53   31.8    4.3     636
126  04/07/2020  0500    39.3   34.1     1.6     0.000   0   81.34   35.0    3.6      --
127  04/07/2020  0600    38.8   34.3     1.5     0.000   0   83.67   39.8    3.0      --
128  04/07/2020  0700    39.4   35.0     1.3     0.000   0   84.23   47.2    2.3      --
129  04/07/2020  0800    41.1   36.0     1.0     0.000   0   82.03   59.7    1.8      --
130  04/07/2020  0900    44.0   37.1     0.8     0.000   0   76.50   81.8    1.4      --
131  04/07/2020  1000    48.1   38.1     0.6     0.000   0   68.22  113.7    1.2    2858
132  04/07/2020  1100    52.9   38.8     1.7     0.000   0   58.62   19.5    1.4      --
133  04/07/2020  1200    58.9   39.1     2.9     0.000   0   47.69  356.5    3.2      --
134  04/07/2020  1300    63.9   36.5     4.1     0.000   0   36.11  350.3    5.1      --
135  04/07/2020  1400    66.7   33.4     5.2     0.000   0   28.97  347.4    7.1      --
136  04/07/2020  1500    68.2   30.4     6.4     0.000   0   24.40  345.8    9.0      --
137  04/07/2020  1600    69.1   28.7     7.5     0.000   0   22.10  344.8   10.9    8583
138  04/07/2020  1700    69.4   28.7     8.9     0.000   0   21.86  341.0   12.4      --
139  04/07/2020  1800    67.2   28.6    10.2     0.000   0   23.45  338.0   13.9      --
140  04/07/2020  1900    62.7   27.3    11.6     0.000   0   25.96  335.5   15.4      --
141  04/07/2020  2000    60.3   26.1    12.9     0.000   0   26.88  333.6   16.9      --
142  04/07/2020  2100    58.0   26.0    14.3     0.000   0   29.21  331.9   18.4      --
143  04/07/2020  2200    55.6   26.5    15.7     0.000   0   32.31  330.5   20.0     745
144  04/07/2020  2300    52.2   26.9    13.4     0.000   0   37.15  328.7   17.3      --
145  04/08/2020  0000    50.1   28.5    11.2     0.000   0   43.09  326.2   14.6      --
146  04/08/2020  0100    48.2   29.1     8.9     0.000   0   47.47  322.6   11.9      --
147  04/08/2020  0200    46.5   30.8     6.7     0.000   0   54.11  316.9    9.4      --
148  04/08/2020  0300    45.0   31.4     4.5     0.000   0   58.67  307.3    7.0      --
149  04/08/2020  0400    43.8   31.8     2.2     0.000   0   62.17  288.9    5.0     777
150  04/08/2020  0500    43.0   32.2     2.2     0.000   0   65.50  293.6    3.4      --
151  04/08/2020  0600    42.6   32.2     2.2     0.000   0   66.59  306.0    1.9      --
152  04/08/2020  0700    43.3   32.2     2.2     0.000   0   64.72    1.2    0.9      --
153  04/08/2020  0800    45.4   27.9     2.2     0.000   0   50.09   67.7    1.7      --
154  04/08/2020  0900    48.9   27.9     2.2     0.000   0   43.85   82.6    3.2      --
155  04/08/2020  1000    53.5   27.8     2.2     0.000   0   36.98   87.9    4.8    6120
156  04/08/2020  1100    58.4   27.8     2.0     0.000   0   30.82   94.8    4.0      --
157  04/08/2020  1200    63.2   27.7     1.9     0.000   0   25.96  104.4    3.4      --
158  04/08/2020  1300    66.9   27.7     1.7     0.000   0   22.81  117.7    2.9      --
159  04/08/2020  1400    68.8   27.6     1.6     0.000   0   21.32  134.9    2.7      --
160  04/08/2020  1500    69.8   27.6     1.5     0.000   0   20.62  154.0    2.7      --
161  04/08/2020  1600    70.2   27.6     1.3     0.000   0   20.29  171.2    2.9    5465
162  04/08/2020  1700    70.3   27.6     3.2     0.000   0   20.23  205.1    4.3      --
163  04/08/2020  1800    69.0   27.6     5.1     0.000   0   21.16  220.1    6.3      --
164  04/08/2020  1900    66.3   29.0     7.0     0.000   0   24.51  227.4    8.6      --
165  04/08/2020  2000    64.8   29.6     8.9     0.000   0   26.52  231.7   11.0      --
166  04/08/2020  2100    62.5   29.4    10.8     0.000   0   28.49  234.4   13.4      --
167  04/08/2020  2200    60.2   27.6    12.6     0.000   0   28.80  236.3   15.8     639
