  Generated by FoxLW on Thursday April 2, 2020 at 02:32 PDT
-------------------------------------------------------------------------------
  Finley
  46.1400:-119.0600  (46 8' 24.00"N  119 3' 36.00"W)  elev 511.8 feet    file: 100113
-------------------------------------------------------------------------------

Line#   Date     Hour   TempF  DewPtF WS(mph)  Rain(in) LW    RH%  WDir_50m WS_50m Inv(ft)
  5  04/02/2020  0400    35.4   21.0    11.0     0.000   0   55.51  318.1   13.7    1386
  6  04/02/2020  0500    34.9   21.4     9.3     0.000   0   57.32  319.2   11.8      --
  7  04/02/2020  0600    34.5   21.3     7.7     0.000   0   58.10  320.9    9.8      --
  8  04/02/2020  0700    34.9   21.3     6.0     0.000   0   57.13  323.4    7.9      --
  9  04/02/2020  0800    36.2   21.2     4.4     0.000   0   54.06  327.5    6.0      --
 10  04/02/2020  0900    38.5   19.1     2.8     0.000   0   45.17  335.3    4.1      --
 11  04/02/2020  1000    41.7   19.1     1.1     0.000   0   39.89  354.8    2.4  no_inv
 12  04/02/2020  1100    45.0   19.0     1.1     0.000   0   34.97    3.3    2.3      --
 13  04/02/2020  1200    47.7   18.9     1.1     0.000   0   31.49   12.6    2.2      --
 14  04/02/2020  1300    50.0   18.9     1.1     0.000   0   28.87   22.5    2.2      --
 15  04/02/2020  1400    51.3   18.8     1.1     0.000   0   27.45   32.3    2.2      --
 16  04/02/2020  1500    52.1   18.8     1.1     0.000   0   26.58   41.5    2.3      --
 17  04/02/2020  1600    52.7   18.8     1.1     0.000   0   26.01   49.7    2.5  no_inv
 18  04/02/2020  1700    53.0   18.9     2.9     0.000   0   25.83  355.9    3.0      --
 19  04/02/2020  1800    53.0   19.2     4.7     0.000   0   26.20  332.2    5.0      --
 20  04/02/2020  1900    51.6   20.5     6.4     0.000   0   29.14  322.6    7.3      --
 21  04/02/2020  2000    50.0   22.8     8.2     0.000   0   34.06  317.7    9.7      --
 22  04/02/2020  2100    48.3   23.7    10.0     0.000   0   37.69  314.8   12.2      --
 23  04/02/2020  2200    46.7   24.1    11.7     0.000   0   40.84  312.9   14.7  no_inv
 24  04/02/2020  2300    42.7   25.6    10.3     0.000   0   50.54  307.9   12.6      --
 25  04/03/2020  0000    39.5   26.7     8.8     0.000   0   59.74  301.0   10.6      --
 26  04/03/2020  0100    36.6   25.8     7.4     0.000   0   64.50  291.1    8.8      --
 27  04/03/2020  0200    34.0   23.4     5.9     0.000   0   64.74  277.0    7.4      --
 28  04/03/2020  0300    31.9   21.9     4.5     0.000   0   65.99  258.1    6.6      --
 29  04/03/2020  0400    30.2   19.2     3.0     0.000   0   63.12  237.2    6.7     714
 30  04/03/2020  0500    29.0   19.2     5.0     0.000   0   66.36  236.4    8.7      --
 31  04/03/2020  0600    28.4   24.6     6.9     0.000   0   85.51  235.9   10.6      --
 32  04/03/2020  0700    29.5   28.0     8.9     0.000   5   94.20  235.5   12.6      --
 33  04/03/2020  0800    32.6   27.2    10.9     0.000   5   80.47  235.2   14.6      --
 34  04/03/2020  0900    37.6   25.0    12.8     0.000   0   60.10  235.0   16.5      --
 35  04/03/2020  1000    43.4   24.4    14.8     0.000   0   46.77  234.9   18.5  no_inv
 36  04/03/2020  1100    48.4   23.9    14.8     0.000   0   37.77  238.2   18.3      --
 37  04/03/2020  1200    50.6   23.3    14.7     0.000   0   34.03  241.5   18.2      --
 38  04/03/2020  1300    52.3   23.0    14.7     0.000   0   31.51  244.9   18.1      --
 39  04/03/2020  1400    53.3   22.8    14.7     0.000   0   30.19  248.4   18.1      --
 40  04/03/2020  1500    53.9   22.8    14.7     0.000   0   29.50  251.8   18.2      --
 41  04/03/2020  1600    54.3   22.9    14.6     0.000   0   29.19  255.1   18.3  no_inv
 42  04/03/2020  1700    53.6   23.3    13.9     0.000   0   30.47  261.8   16.5      --
 43  04/03/2020  1800    52.1   23.2    13.1     0.000   0   32.05  270.1   14.9      --
 44  04/03/2020  1900    51.3   22.8    12.3     0.000   0   32.55  280.0   13.8      --
 45  04/03/2020  2000    48.9   23.7    11.5     0.000   0   36.89  291.3   13.1      --
 46  04/03/2020  2100    46.6   24.0    10.7     0.000   0   40.72  303.4   12.9      --
 47  04/03/2020  2200    44.2   24.2     9.9     0.000   0   44.91  315.2   13.4  no_inv
 48  04/03/2020  2300    39.9   24.2     8.7     0.000   0   53.10  315.9   12.1      --
 49  04/04/2020  0000    36.6   24.2     7.4     0.000   0   60.33  316.7   10.8      --
 50  04/04/2020  0100    33.7   24.2     6.2     0.000   0   67.93  317.7    9.5      --
 51  04/04/2020  0200    31.0   24.2     5.0     0.000   0   75.52  319.1    8.2      --
 52  04/04/2020  0300    28.8   24.2     3.8     0.000   5   82.69  320.9    7.0      --
 53  04/04/2020  0400    27.0   24.2     2.6     0.000  10   88.98  323.5    5.7    7291
 54  04/04/2020  0500    25.7   24.2     2.6     0.000  10   93.93  332.4    5.3      --
 55  04/04/2020  0600    25.0   24.1     2.5     0.000  10   96.31  342.6    5.0      --
 56  04/04/2020  0700    26.0   24.2     2.5     0.000  10   92.90  353.6    4.9      --
 57  04/04/2020  0800    28.8   23.5     2.5     0.000  10   80.26    4.8    5.0      --
 58  04/04/2020  0900    33.6   23.5     2.5     0.000   5   66.16   15.2    5.2      --
 59  04/04/2020  1000    39.6   23.5     2.5     0.000   0   52.12   24.4    5.6  no_inv
 60  04/04/2020  1100    45.5   23.5     2.7     0.000   0   41.56   16.7    5.8      --
 61  04/04/2020  1200    49.2   23.5     2.8     0.000   0   36.22    9.6    6.0      --
 62  04/04/2020  1300    52.2   23.5     3.0     0.000   0   32.44    3.2    6.4      --
 63  04/04/2020  1400    53.9   23.5     3.2     0.000   0   30.43  357.6    6.8      --
 64  04/04/2020  1500    55.0   23.5     3.3     0.000   0   29.22  352.6    7.3      --
 65  04/04/2020  1600    55.8   23.5     3.5     0.000   0   28.41  348.2    7.8  no_inv
 66  04/04/2020  1700    56.3   23.7     3.2     0.000   0   28.06  342.9    6.4      --
 67  04/04/2020  1800    56.4   23.9     2.9     0.000   0   28.29  334.5    5.0      --
 68  04/04/2020  1900    54.9   23.9     2.6     0.000   0   29.86  320.6    3.9      --
 69  04/04/2020  2000    53.2   23.9     2.3     0.000   0   31.80  297.5    3.1      --
 70  04/04/2020  2100    51.4   23.9     2.0     0.000   0   33.88  267.6    3.0      --
 71  04/04/2020  2200    49.7   23.9     1.7     0.000   0   36.10  243.1    3.7  no_inv
 72  04/04/2020  2300    47.8   23.9     2.1     0.000   0   38.73  257.0    4.1      --
 73  04/05/2020  0000    46.7   23.9     2.5     0.000   0   40.40  267.8    4.7      --
 74  04/05/2020  0100    45.8   23.9     2.9     0.000   0   41.83  275.9    5.5      --
 75  04/05/2020  0200    45.0   23.9     3.3     0.000   0   43.01  282.0    6.3      --
 76  04/05/2020  0300    44.5   23.9     3.7     0.000   0   43.90  286.6    7.2      --
 77  04/05/2020  0400    44.2   23.9     4.1     0.000   0   44.49  290.3    8.1    1662
 78  04/05/2020  0500    44.0   23.9     4.1     0.000   0   44.76  298.7    7.6      --
 79  04/05/2020  0600    43.9   23.9     4.0     0.000   0   45.00  308.0    7.3      --
 80  04/05/2020  0700    44.0   23.9     3.9     0.000   0   44.85  317.8    7.3      --
 81  04/05/2020  0800    44.5   29.3     3.9     0.000   0   54.99  327.4    7.4      --
 82  04/05/2020  0900    45.5   32.4     3.8     0.000   0   59.91  336.4    7.8      --
 83  04/05/2020  1000    47.0   32.4     3.7     0.000   0   56.60  344.5    8.3  no_inv
 84  04/05/2020  1100    49.8   32.4     3.5     0.000   0   50.87  350.9    7.2      --
 85  04/05/2020  1200    54.9   32.4     3.2     0.000   0   42.15  359.5    6.1      --
 86  04/05/2020  1300    59.5   32.4     3.0     0.000   0   35.82   11.1    5.3      --
 87  04/05/2020  1400    61.7   32.4     2.7     0.000   0   33.11   26.2    4.8      --
 88  04/05/2020  1500    62.9   32.4     2.5     0.000   0   31.68   43.5    4.6      --
 89  04/05/2020  1600    63.3   32.4     2.2     0.000   0   31.23   60.3    4.9  no_inv
 90  04/05/2020  1700    62.4   32.4     3.0     0.000   0   32.33   53.4    1.5      --
 91  04/05/2020  1800    61.2   32.4     3.8     0.000   0   33.77  250.5    2.0      --
 92  04/05/2020  1900    58.8   32.4     4.7     0.000   0   36.73  246.0    5.5      --
 93  04/05/2020  2000    57.4   32.7     5.5     0.000   0   39.07  244.9    8.9      --
 94  04/05/2020  2100    55.1   36.0     6.3     0.000   0   48.37  244.5   12.4      --
 95  04/05/2020  2200    52.8   41.4     7.1     0.010   0   65.08  244.2   15.8     931
 96  04/05/2020  2300    50.1   41.3     7.4     0.000   0   71.48  249.7   14.9      --
 97  04/06/2020  0000    48.9   40.6     7.7     0.000   0   72.92  255.7   14.2      --
 98  04/06/2020  0100    48.7   40.4     8.0     0.000   0   72.96  262.3   13.7      --
 99  04/06/2020  0200    46.8   39.4     8.2     0.000   0   75.31  269.3   13.3      --
100  04/06/2020  0300    45.8   38.7     8.5     0.000   0   75.97  276.6   13.2      --
101  04/06/2020  0400    46.0   38.4     8.8     0.000   0   74.53  284.0   13.2    1117
102  04/06/2020  0500    44.0   36.3     8.3     0.000   0   74.21  289.3   12.3      --
103  04/06/2020  0600    43.8   35.9     7.8     0.000   0   73.49  295.4   11.6      --
104  04/06/2020  0700    43.9   35.1     7.4     0.000   0   70.76  302.3   10.9      --
105  04/06/2020  0800    44.7   33.4     6.9     0.000   0   64.20  309.9   10.4      --
106  04/06/2020  0900    46.3   32.9     6.4     0.000   0   59.37  318.1   10.2      --
107  04/06/2020  1000    48.6   32.2     5.9     0.000   0   53.00  326.5   10.1  no_inv
108  04/06/2020  1100    51.6   32.0     6.4     0.000   0   46.88  315.6    9.4      --
109  04/06/2020  1200    55.5   31.8     6.8     0.000   0   40.34  303.4    9.0      --
110  04/06/2020  1300    58.8   32.2     7.3     0.000   0   36.46  290.7    9.1      --
111  04/06/2020  1400    60.7   32.7     7.7     0.000   0   34.73  278.7    9.6      --
112  04/06/2020  1500    62.1   33.4     8.2     0.000   0   33.92  268.3   10.4      --
113  04/06/2020  1600    63.0   34.1     8.6     0.000   0   33.83  259.8   11.6    3780
114  04/06/2020  1700    63.1   34.1     9.9     0.000   0   33.74  273.2   11.9      --
115  04/06/2020  1800    60.0   33.0    11.2     0.000   0   36.08  285.2   12.9      --
116  04/06/2020  1900    53.6   32.3    12.4     0.000   0   44.06  295.2   14.3      --
117  04/06/2020  2000    50.1   32.0    13.7     0.000   0   49.44  303.2   16.1      --
118  04/06/2020  2100    47.8   32.0    15.0     0.000   0   53.95  309.5   18.1      --
119  04/06/2020  2200    45.5   32.2    16.3     0.000   0   59.50  314.4   20.4    4694
120  04/06/2020  2300    43.2   32.4    13.7     0.000   0   65.37  313.5   17.0      --
121  04/07/2020  0000    41.6   33.9    11.1     0.000   0   73.83  312.2   13.7      --
122  04/07/2020  0100    40.0   34.4     8.5     0.000   0   80.24  310.0   10.4      --
123  04/07/2020  0200    38.4   34.2     5.9     0.000   0   84.82  305.8    7.1      --
124  04/07/2020  0300    36.9   33.8     3.3     0.000   0   88.42  294.4    3.9      --
125  04/07/2020  0400    35.6   33.5     0.7     0.000   5   92.14  234.5    1.6      15
126  04/07/2020  0500    34.4   33.1     1.0     0.000  10   94.71  210.5    2.0      --
127  04/07/2020  0600    33.8   33.0     1.4     0.000  10   96.46  196.4    2.7      --
128  04/07/2020  0700    34.9   33.1     1.7     0.000  10   93.07  188.1    3.4      --
129  04/07/2020  0800    37.7   32.2     2.0     0.000   5   80.39  182.9    4.2      --
130  04/07/2020  0900    42.3   31.8     2.3     0.000   0   66.03  179.3    5.0      --
131  04/07/2020  1000    48.2   31.4     2.6     0.000   0   52.01  176.7    5.9    5985
132  04/07/2020  1100    54.1   30.9     2.4     0.000   0   41.05  171.3    4.9      --
133  04/07/2020  1200    58.6   30.5     2.2     0.000   0   34.28  163.5    4.0      --
134  04/07/2020  1300    61.9   30.1     1.9     0.000   0   30.01  151.6    3.2      --
135  04/07/2020  1400    63.6   29.9     1.7     0.000   0   27.94  133.5    2.7      --
136  04/07/2020  1500    64.5   29.7     1.5     0.000   0   26.95  109.8    2.5      --
137  04/07/2020  1600    64.9   29.6     1.2     0.000   0   26.51   86.7    2.8    6251
138  04/07/2020  1700    64.9   29.6     3.0     0.000   0   26.48   18.3    2.2      --
139  04/07/2020  1800    62.1   29.5     4.8     0.000   0   29.06  340.4    4.2      --
140  04/07/2020  1900    56.3   30.6     6.6     0.000   0   37.46  329.2    6.8      --
141  04/07/2020  2000    53.1   31.1     8.4     0.000   0   42.84  324.2    9.5      --
142  04/07/2020  2100    50.7   30.7    10.2     0.000   0   46.06  321.5   12.2      --
143  04/07/2020  2200    48.4   29.8    12.0     0.000   0   48.46  319.8   15.0    1260
144  04/07/2020  2300    44.8   29.8    10.7     0.000   0   55.44  319.0   13.9      --
145  04/08/2020  0000    42.7   29.9     9.4     0.000   0   60.43  318.0   12.7      --
146  04/08/2020  0100    40.7   29.7     8.1     0.000   0   64.61  316.8   11.6      --
147  04/08/2020  0200    38.9   29.6     6.8     0.000   0   69.13  315.4   10.5      --
148  04/08/2020  0300    37.3   29.7     5.5     0.000   0   73.56  313.6    9.4      --
149  04/08/2020  0400    36.1   29.8     4.2     0.000   0   77.52  311.4    8.3    1451
150  04/08/2020  0500    35.1   29.9     4.1     0.000   0   80.91  312.5    8.3      --
151  04/08/2020  0600    34.6   29.9     4.1     0.000   0   82.56  313.7    8.2      --
152  04/08/2020  0700    35.8   29.9     4.0     0.000   0   78.91  314.9    8.2      --
153  04/08/2020  0800    38.8   30.0     3.9     0.000   0   70.38  316.0    8.2      --
154  04/08/2020  0900    43.8   30.0     3.8     0.000   0   58.02  317.2    8.2      --
155  04/08/2020  1000    50.1   30.0     3.7     0.000   0   45.77  318.4    8.2    6149
156  04/08/2020  1100    56.6   30.0     3.3     0.000   0   36.12  322.5    6.7      --
157  04/08/2020  1200    61.6   30.0     2.9     0.000   0   30.15  329.0    5.2      --
158  04/08/2020  1300    65.4   30.0     2.6     0.000   0   26.40  340.6    3.8      --
159  04/08/2020  1400    67.4   30.0     2.2     0.000   0   24.64    3.0    2.7      --
160  04/08/2020  1500    68.4   30.0     1.8     0.000   0   23.81   39.6    2.4      --
161  04/08/2020  1600    68.9   30.0     1.4     0.000   0   23.39   71.1    3.1    5460
162  04/08/2020  1700    69.1   30.0     3.1     0.000   0   23.30  137.4    1.0      --
163  04/08/2020  1800    66.5   30.0     4.7     0.000   0   25.43  213.2    2.9      --
164  04/08/2020  1900    61.3   31.0     6.4     0.000   0   31.68  222.9    5.7      --
165  04/08/2020  2000    58.5   32.0     8.1     0.000   0   36.62  226.2    8.6      --
166  04/08/2020  2100    56.1   32.0     9.7     0.000   0   39.84  227.8   11.4      --
167  04/08/2020  2200    53.8   31.6    11.4     0.000   0   42.57  228.8   14.2     652
