  Generated by FoxLW on Thursday April 2, 2020 at 02:32 PDT
-------------------------------------------------------------------------------
  Canoe Ridge
  45.8800:-119.7600  (45 52' 48.00"N  119 45' 36.00"W)  elev 682.4 feet    file: 110023
-------------------------------------------------------------------------------

Line#   Date     Hour   TempF  DewPtF WS(mph)  Rain(in) LW    RH%  WDir_50m WS_50m Inv(ft)
  5  04/02/2020  0400    38.0   28.5     2.0     0.000   0   68.16  243.0    4.3     757
  6  04/02/2020  0500    37.5   28.4     2.0     0.000   0   69.29  231.1    3.2      --
  7  04/02/2020  0600    37.1   28.1     2.0     0.000   0   69.58  208.5    2.3      --
  8  04/02/2020  0700    37.3   27.7     2.1     0.000   0   67.87  173.0    2.1      --
  9  04/02/2020  0800    38.1   27.1     2.1     0.000   0   64.22  142.8    2.7      --
 10  04/02/2020  0900    39.6   24.4     2.2     0.000   0   54.19  126.1    3.7      --
 11  04/02/2020  1000    41.8   23.7     2.2     0.000   0   48.32  117.1    4.9  no_inv
 12  04/02/2020  1100    44.6   23.0     3.7     0.000   0   42.11  151.2    3.7      --
 13  04/02/2020  1200    49.2   22.3     5.1     0.000   0   34.42  191.7    4.2      --
 14  04/02/2020  1300    53.3   22.4     6.5     0.000   0   29.72  214.2    6.2      --
 15  04/02/2020  1400    55.6   22.9     8.0     0.000   0   27.83  225.0    8.6      --
 16  04/02/2020  1500    56.8   23.6     9.4     0.000   0   27.47  231.0   11.2      --
 17  04/02/2020  1600    57.4   24.0    10.9     0.000   0   27.25  234.7   13.9  no_inv
 18  04/02/2020  1700    56.4   23.8    11.2     0.000   0   28.09  249.2   11.9      --
 19  04/02/2020  1800    54.2   23.3    11.6     0.000   0   29.79  267.9   10.9      --
 20  04/02/2020  1900    53.0   23.0    11.9     0.000   0   30.73  287.8   11.2      --
 21  04/02/2020  2000    50.6   21.6    12.3     0.000   0   31.63  304.8   12.6      --
 22  04/02/2020  2100    48.3   21.9    12.6     0.000   0   34.96  317.3   15.0      --
 23  04/02/2020  2200    46.0   22.2    12.9     0.000   0   38.72  326.2   17.8     619
 24  04/02/2020  2300    43.3   22.6    12.5     0.000   0   43.37  316.5   15.3      --
 25  04/03/2020  0000    41.7   22.9    12.1     0.000   0   46.80  303.5   13.4      --
 26  04/03/2020  0100    40.2   24.6    11.7     0.000   0   53.31  287.3   12.4      --
 27  04/03/2020  0200    38.8   24.9    11.3     0.000   0   57.05  270.0   12.5      --
 28  04/03/2020  0300    37.6   25.2    10.9     0.000   0   60.45  254.2   13.7      --
 29  04/03/2020  0400    36.6   25.3    10.5     0.000   0   63.33  241.7   15.6  no_inv
 30  04/03/2020  0500    35.8   25.0    11.6     0.000   0   64.30  240.2   16.6      --
 31  04/03/2020  0600    35.4   23.4    12.6     0.000   0   61.35  238.9   17.6      --
 32  04/03/2020  0700    35.8   23.4    13.6     0.000   0   60.09  237.8   18.6      --
 33  04/03/2020  0800    37.3   23.3    14.7     0.000   0   56.49  236.7   19.6      --
 34  04/03/2020  0900    39.8   23.2    15.8     0.000   0   50.96  235.8   20.6      --
 35  04/03/2020  1000    43.1   23.0    16.8     0.000   0   44.66  234.9   21.6  no_inv
 36  04/03/2020  1100    46.5   22.9    17.1     0.000   0   38.98  238.7   21.8      --
 37  04/03/2020  1200    49.0   22.8    17.4     0.000   0   35.35  242.4   22.0      --
 38  04/03/2020  1300    51.1   22.7    17.8     0.000   0   32.65  246.1   22.4      --
 39  04/03/2020  1400    52.3   22.6    18.1     0.000   0   31.14  249.6   22.8      --
 40  04/03/2020  1500    53.0   22.6    18.4     0.000   0   30.26  252.9   23.3      --
 41  04/03/2020  1600    53.5   22.6    18.7     0.000   0   29.67  256.1   24.0  no_inv
 42  04/03/2020  1700    53.8   22.7    16.3     0.000   0   29.44  258.1   21.2      --
 43  04/03/2020  1800    52.4   23.5    14.0     0.000   0   32.11  260.7   18.5      --
 44  04/03/2020  1900    49.4   24.4    11.6     0.000   0   37.27  264.2   15.9      --
 45  04/03/2020  2000    47.8   25.2     9.2     0.000   0   40.79  269.0   13.4      --
 46  04/03/2020  2100    45.5   25.5     6.8     0.000   0   45.16  276.0   10.9      --
 47  04/03/2020  2200    43.2   25.2     4.4     0.000   0   48.79  286.7    8.8     393
 48  04/03/2020  2300    41.5   24.9     4.0     0.000   0   51.52  289.1    6.7      --
 49  04/04/2020  0000    40.7   24.2     3.6     0.000   0   51.44  293.9    4.6      --
 50  04/04/2020  0100    40.0   24.2     3.2     0.000   0   52.94  305.9    2.6      --
 51  04/04/2020  0200    39.3   24.2     2.8     0.000   0   54.42  359.0    1.2      --
 52  04/04/2020  0300    38.6   24.2     2.3     0.000   0   55.82   67.1    2.3      --
 53  04/04/2020  0400    38.0   24.2     1.9     0.000   0   57.09   82.5    4.2     311
 54  04/04/2020  0500    37.6   24.2     2.1     0.000   0   58.19   78.0    4.5      --
 55  04/04/2020  0600    37.2   24.2     2.2     0.000   0   58.95   74.1    4.9      --
 56  04/04/2020  0700    37.5   24.2     2.4     0.000   0   58.28   70.7    5.3      --
 57  04/04/2020  0800    38.6   24.2     2.6     0.000   0   55.91   67.8    5.7      --
 58  04/04/2020  0900    40.5   25.3     2.8     0.000   0   54.42   65.2    6.1      --
 59  04/04/2020  1000    43.1   24.7     2.9     0.000   0   47.86   63.0    6.5  no_inv
 60  04/04/2020  1100    46.2   24.0     2.8     0.000   0   41.38   60.2    6.2      --
 61  04/04/2020  1200    49.4   23.4     2.8     0.000   0   35.69   57.2    6.0      --
 62  04/04/2020  1300    52.3   22.9     2.7     0.000   0   31.41   54.0    5.8      --
 63  04/04/2020  1400    53.9   22.5     2.6     0.000   0   29.06   50.5    5.7      --
 64  04/04/2020  1500    55.0   22.2     2.5     0.000   0   27.59   46.8    5.5      --
 65  04/04/2020  1600    55.8   22.1     2.4     0.000   0   26.73   43.0    5.3  no_inv
 66  04/04/2020  1700    56.3   22.2     3.7     0.000   0   26.33   27.6    6.0      --
 67  04/04/2020  1800    56.3   22.5     4.9     0.000   0   26.73   15.9    7.0      --
 68  04/04/2020  1900    56.1   23.5     6.2     0.000   0   28.02    7.4    8.2      --
 69  04/04/2020  2000    56.0   25.0     7.4     0.000   0   29.92    1.2    9.5      --
 70  04/04/2020  2100    53.7   26.3     8.7     0.000   0   34.36  356.5   10.9      --
 71  04/04/2020  2200    51.4   27.0     9.9     0.000   0   38.63  352.9   12.4     222
 72  04/04/2020  2300    49.7   27.8     9.7     0.000   0   42.43  357.7   12.1      --
 73  04/05/2020  0000    48.5   28.5     9.5     0.000   0   45.65    2.8   11.8      --
 74  04/05/2020  0100    47.4   29.1     9.3     0.000   0   48.65    8.0   11.7      --
 75  04/05/2020  0200    46.5   29.5     9.1     0.000   0   51.25   13.4   11.6      --
 76  04/05/2020  0300    45.8   29.8     8.9     0.000   0   53.27   18.7   11.6      --
 77  04/05/2020  0400    45.3   29.9     8.7     0.000   0   54.56   24.0   11.8  no_inv
 78  04/05/2020  0500    45.0   30.0     8.1     0.000   0   55.41   28.5   11.2      --
 79  04/05/2020  0600    44.8   28.8     7.5     0.000   0   53.29   33.5   10.7      --
 80  04/05/2020  0700    44.9   28.1     6.9     0.000   0   51.45   39.0   10.3      --
 81  04/05/2020  0800    45.4   26.0     6.3     0.000   0   46.36   44.9    9.9      --
 82  04/05/2020  0900    46.4   29.2     5.7     0.000   0   50.84   51.1    9.7      --
 83  04/05/2020  1000    47.9   29.6     5.1     0.000   0   49.01   57.5    9.6  no_inv
 84  04/05/2020  1100    50.2   30.1     4.8     0.000   0   45.73   58.5    9.2      --
 85  04/05/2020  1200    53.6   30.5     4.4     0.000   0   41.04   59.7    8.8      --
 86  04/05/2020  1300    56.7   30.9     4.1     0.000   0   37.20   61.0    8.4      --
 87  04/05/2020  1400    58.6   31.4     3.8     0.000   0   35.52   62.4    7.9      --
 88  04/05/2020  1500    59.9   31.4     3.5     0.000   0   33.88   64.0    7.5      --
 89  04/05/2020  1600    60.7   31.4     3.2     0.000   0   32.93   65.8    7.1  no_inv
 90  04/05/2020  1700    61.0   31.4     3.7     0.000   0   32.60   74.2    3.9      --
 91  04/05/2020  1800    59.4   31.4     4.1     0.000   0   34.62  128.8    1.3      --
 92  04/05/2020  1900    56.0   31.2     4.5     0.000   0   38.69  213.8    3.2      --
 93  04/05/2020  2000    54.1   31.2     5.0     0.000   0   41.39  225.1    6.4      --
 94  04/05/2020  2100    51.8   34.9     5.4     0.000   0   52.43  228.9    9.6      --
 95  04/05/2020  2200    49.5   40.3     5.8     0.020   0   70.70  230.7   12.9     488
 96  04/05/2020  2300    48.1   41.6     6.8     0.000   0   77.98  244.2   10.7      --
 97  04/06/2020  0000    48.1   41.8     7.8     0.000   0   78.61  263.0    9.4      --
 98  04/06/2020  0100    48.0   41.6     8.8     0.000   0   78.31  284.8    9.3      --
 99  04/06/2020  0200    47.8   41.1     9.8     0.000   0   77.35  304.3   10.5      --
100  04/06/2020  0300    47.6   39.4    10.8     0.000   0   72.93  318.6   12.6      --
101  04/06/2020  0400    47.3   35.1    11.8     0.000   0   62.35  328.4   15.2     292
102  04/06/2020  0500    47.0   34.2    10.0     0.000   0   60.75  329.7   12.5      --
103  04/06/2020  0600    46.8   34.2     8.2     0.000   0   61.40  331.8    9.8      --
104  04/06/2020  0700    47.0   33.0     6.4     0.000   0   58.21  335.6    7.1      --
105  04/06/2020  0800    47.6   32.3     4.6     0.000   0   55.21  343.8    4.5      --
106  04/06/2020  0900    48.8   32.8     2.8     0.000   0   53.84   11.8    2.2      --
107  04/06/2020  1000    50.6   32.8     1.0     0.000   0   50.46   91.4    2.1    5730
108  04/06/2020  1100    53.2   32.8     3.3     0.000   0   45.85  203.2    2.0      --
109  04/06/2020  1200    56.6   32.7     5.6     0.000   0   40.24  225.9    5.1      --
110  04/06/2020  1300    59.5   33.3     7.9     0.000   0   37.14  231.1    8.4      --
111  04/06/2020  1400    61.3   33.9    10.2     0.000   0   35.72  233.3   11.8      --
112  04/06/2020  1500    62.5   33.8    12.5     0.000   0   34.10  234.5   15.2      --
113  04/06/2020  1600    63.3   33.3    14.9     0.000   0   32.50  235.3   18.6    2168
114  04/06/2020  1700    63.4   33.6    14.0     0.000   0   32.68  236.8   17.2      --
115  04/06/2020  1800    61.5   33.5    13.2     0.000   0   34.85  238.5   15.9      --
116  04/06/2020  1900    57.6   33.2    12.4     0.000   0   39.54  240.5   14.7      --
117  04/06/2020  2000    55.5   33.7    11.6     0.000   0   43.58  242.9   13.4      --
118  04/06/2020  2100    53.1   33.3    10.7     0.000   0   46.80  245.7   12.2      --
119  04/06/2020  2200    50.8   33.1     9.9     0.000   0   50.60  249.2   11.0     594
120  04/06/2020  2300    49.0   32.7     8.9     0.000   0   53.06  247.8   10.4      --
121  04/07/2020  0000    47.8   32.3     7.9     0.000   0   54.82  246.1    9.8      --
122  04/07/2020  0100    46.5   32.7     6.9     0.000   0   58.42  244.3    9.3      --
123  04/07/2020  0200    45.3   33.2     5.9     0.000   0   62.33  242.3    8.7      --
124  04/07/2020  0300    44.2   33.5     5.0     0.000   0   65.90  240.0    8.2      --
125  04/07/2020  0400    43.3   34.2     4.0     0.000   0   70.11  237.4    7.7     223
126  04/07/2020  0500    42.5   34.2     3.4     0.000   0   72.29  236.7    6.3      --
127  04/07/2020  0600    42.0   34.2     2.8     0.000   0   73.57  235.7    4.9      --
128  04/07/2020  0700    42.3   34.2     2.2     0.000   0   72.64  234.0    3.6      --
129  04/07/2020  0800    43.5   28.8     1.5     0.000   0   55.88  230.1    2.2      --
130  04/07/2020  0900    45.5   28.1     0.9     0.000   0   50.22  214.2    0.9      --
131  04/07/2020  1000    48.4   27.6     0.3     0.000   0   44.21   95.0    0.7    2790
132  04/07/2020  1100    52.0   27.1     0.7     0.000   0   37.94   38.0    1.1      --
133  04/07/2020  1200    57.6   26.7     1.1     0.000   0   30.40   21.0    2.0      --
134  04/07/2020  1300    62.5   26.3     1.5     0.000   0   25.12   14.4    2.9      --
135  04/07/2020  1400    65.3   26.0     1.8     0.000   0   22.47   11.0    3.8      --
136  04/07/2020  1500    66.8   25.8     2.2     0.000   0   21.17    8.9    4.8      --
137  04/07/2020  1600    67.7   25.8     2.6     0.000   0   20.50    7.6    5.7    8515
138  04/07/2020  1700    68.0   25.9     5.0     0.000   0   20.34  354.6    8.0      --
139  04/07/2020  1800    66.1   26.0     7.3     0.000   0   21.89  347.5   10.5      --
140  04/07/2020  1900    62.3   28.4     9.7     0.000   0   27.57  343.2   13.1      --
141  04/07/2020  2000    60.1   26.8    12.1     0.000   0   27.86  340.3   15.7      --
142  04/07/2020  2100    57.8   27.3    14.5     0.000   0   30.92  338.3   18.4      --
143  04/07/2020  2200    55.5   27.8    16.9     0.000   0   34.39  336.8   21.1     674
144  04/07/2020  2300    53.6   28.4    14.5     0.000   0   37.64  333.6   17.9      --
145  04/08/2020  0000    52.7   28.9    12.2     0.000   0   39.65  329.0   14.8      --
146  04/08/2020  0100    51.9   30.8     9.8     0.000   0   44.11  322.1   11.8      --
147  04/08/2020  0200    51.2   30.6     7.5     0.000   0   45.15  310.7    9.1      --
148  04/08/2020  0300    50.5   28.9     5.1     0.000   0   43.09  291.3    7.0      --
149  04/08/2020  0400    50.0   27.8     2.8     0.000   0   41.98  262.2    6.2    1391
150  04/08/2020  0500    49.6   26.1     2.7     0.000   0   39.70  261.3    4.4      --
151  04/08/2020  0600    49.3   26.1     2.5     0.000   0   40.10  259.2    2.6      --
152  04/08/2020  0700    49.5   26.1     2.4     0.000   0   39.79  248.7    0.9      --
153  04/08/2020  0800    50.3   29.1     2.3     0.000   0   43.88   98.3    1.0      --
154  04/08/2020  0900    51.6   28.8     2.2     0.000   0   41.09   89.3    2.7      --
155  04/08/2020  1000    53.6   28.4     2.0     0.000   0   37.62   87.3    4.5    5304
156  04/08/2020  1100    56.2   28.0     1.8     0.000   0   33.72   89.7    3.9      --
157  04/08/2020  1200    61.0   27.6     1.5     0.000   0   27.98   92.9    3.3      --
158  04/08/2020  1300    65.3   27.3     1.3     0.000   0   23.69   97.6    2.7      --
159  04/08/2020  1400    67.9   27.1     1.0     0.000   0   21.50  104.9    2.1      --
160  04/08/2020  1500    69.2   26.9     0.8     0.000   0   20.44  116.9    1.6      --
161  04/08/2020  1600    69.8   26.9     0.6     0.000   0   19.92  137.9    1.2    6615
162  04/08/2020  1700    70.1   26.9     2.0     0.000   0   19.79  220.2    1.9      --
163  04/08/2020  1800    69.0   26.9     3.5     0.000   0   20.53  238.7    3.9      --
164  04/08/2020  1900    66.7   27.1     5.0     0.000   0   22.37  244.6    6.0      --
165  04/08/2020  2000    65.5   28.0     6.5     0.000   0   24.21  247.4    8.1      --
166  04/08/2020  2100    63.2   28.9     8.0     0.000   0   27.24  249.0   10.3      --
167  04/08/2020  2200    60.8   28.9     9.5     0.000   0   29.58  250.1   12.4     662
