  Generated by FoxLW on Thursday April 2, 2020 at 02:32 PDT
-------------------------------------------------------------------------------
  Ringold
  46.4800:-119.1800  (46 28' 48.00"N  119 10' 48.00"W)  elev 905.5 feet    file: 300021
-------------------------------------------------------------------------------

Line#   Date     Hour   TempF  DewPtF WS(mph)  Rain(in) LW    RH%  WDir_50m WS_50m Inv(ft)
  5  04/02/2020  0400    29.4   18.1    12.7     0.000   0   62.32  342.3   15.8     329
  6  04/02/2020  0500    28.8   19.6    10.7     0.000   0   68.05  340.7   13.3      --
  7  04/02/2020  0600    28.4   20.2     8.8     0.000   0   71.15  338.2   10.8      --
  8  04/02/2020  0700    29.0   20.4     6.9     0.000   0   69.82  334.4    8.4      --
  9  04/02/2020  0800    30.9   20.5     5.0     0.000   0   64.88  327.3    6.0      --
 10  04/02/2020  0900    34.3   19.6     3.0     0.000   0   54.53  311.6    3.8      --
 11  04/02/2020  1000    38.6   19.6     1.1     0.000   0   45.95  269.7    2.4  no_inv
 12  04/02/2020  1100    42.8   19.6     1.9     0.000   0   38.95  235.4    2.9      --
 13  04/02/2020  1200    45.8   19.6     2.7     0.000   0   34.79  215.6    4.1      --
 14  04/02/2020  1300    48.2   19.6     3.5     0.000   0   31.79  205.3    5.5      --
 15  04/02/2020  1400    49.5   19.6     4.3     0.000   0   30.25  199.2    7.0      --
 16  04/02/2020  1500    50.4   19.6     5.1     0.000   0   29.27  195.4    8.5      --
 17  04/02/2020  1600    51.0   19.6     5.9     0.000   0   28.63  192.8   10.1  no_inv
 18  04/02/2020  1700    50.5   19.6     7.2     0.000   0   29.20  213.2    8.4      --
 19  04/02/2020  1800    49.6   21.8     8.4     0.000   0   33.17  238.8    8.2      --
 20  04/02/2020  1900    49.0   22.0     9.7     0.000   0   34.15  261.3    9.5      --
 21  04/02/2020  2000    46.7   22.0    10.9     0.000   0   37.23  276.7   11.9      --
 22  04/02/2020  2100    44.3   20.6    12.2     0.000   0   38.40  286.5   14.8      --
 23  04/02/2020  2200    42.0   21.0    13.5     0.000   0   42.64  292.9   18.0     284
 24  04/02/2020  2300    39.0   21.3    13.1     0.000   0   48.71  290.5   17.4      --
 25  04/03/2020  0000    36.7   21.6    12.8     0.000   0   53.93  287.8   16.8      --
 26  04/03/2020  0100    34.7   21.9    12.5     0.000   0   59.20  285.0   16.3      --
 27  04/03/2020  0200    32.8   22.1    12.2     0.000   0   64.24  282.0   15.8      --
 28  04/03/2020  0300    31.3   23.6    11.9     0.000   0   72.83  278.8   15.4      --
 29  04/03/2020  0400    30.1   23.8    11.6     0.000   0   77.07  275.5   15.0     305
 30  04/03/2020  0500    29.2   24.1    10.3     0.000   0   81.20  270.8   13.4      --
 31  04/03/2020  0600    28.6   24.0     8.9     0.000   0   82.38  265.0   11.9      --
 32  04/03/2020  0700    29.2   23.1     7.6     0.000   0   77.87  257.5   10.5      --
 33  04/03/2020  0800    31.0   21.6     6.3     0.000   0   67.80  248.0    9.4      --
 34  04/03/2020  0900    34.1   20.5     5.0     0.000   0   57.09  236.4    8.6      --
 35  04/03/2020  1000    38.2   19.9     3.7     0.000   0   47.10  223.0    8.2  no_inv
 36  04/03/2020  1100    42.9   19.2     5.2     0.000   0   38.25  236.9    8.8      --
 37  04/03/2020  1200    47.6   18.6     6.8     0.000   0   31.24  248.5    9.8      --
 38  04/03/2020  1300    51.2   18.8     8.3     0.000   0   27.46  257.5   11.2      --
 39  04/03/2020  1400    53.2   19.3     9.9     0.000   0   26.08  264.5   12.7      --
 40  04/03/2020  1500    54.1   19.4    11.4     0.000   0   25.30  269.9   14.4      --
 41  04/03/2020  1600    54.6   19.1    13.0     0.000   0   24.58  274.1   16.3  no_inv
 42  04/03/2020  1700    52.6   18.8    13.6     0.000   0   26.11  281.5   16.5      --
 43  04/03/2020  1800    48.5   18.3    14.2     0.000   0   29.75  288.5   17.0      --
 44  04/03/2020  1900    46.3   18.2    14.8     0.000   0   32.26  295.0   17.7      --
 45  04/03/2020  2000    43.9   18.5    15.4     0.000   0   35.68  301.0   18.6      --
 46  04/03/2020  2100    41.6   19.0    16.0     0.000   0   39.93  306.3   19.8      --
 47  04/03/2020  2200    39.2   19.6    16.7     0.000   0   44.81  311.0   21.0  no_inv
 48  04/03/2020  2300    35.5   20.2    14.6     0.000   0   53.31  311.6   19.0      --
 49  04/04/2020  0000    33.0   20.7    12.5     0.000   0   60.06  312.3   17.0      --
 50  04/04/2020  0100    30.8   22.6    10.4     0.000   0   71.33  313.2   14.9      --
 51  04/04/2020  0200    28.8   23.5     8.3     0.000   0   80.49  314.5   12.9      --
 52  04/04/2020  0300    27.0   22.1     6.2     0.000   0   81.64  316.1   10.9      --
 53  04/04/2020  0400    23.8   20.8     0.4     0.000   5   88.23  318.5    8.9     117
 54  04/04/2020  0500    23.8   20.8     0.8     0.000  10   87.87  322.0    7.7      --
 55  04/04/2020  0600    23.7   20.9     1.5     0.000  10   88.57  326.8    6.4      --
 56  04/04/2020  0700    24.4   21.6     1.9     0.000  10   89.02  333.8    5.3      --
 57  04/04/2020  0800    27.3   23.4     2.1     0.000  10   84.96  344.3    4.2      --
 58  04/04/2020  0900    32.6   25.5     1.8     0.000   5   74.57    0.7    3.4      --
 59  04/04/2020  1000    38.7   27.0     1.4     0.000   0   62.52   23.8    3.0  no_inv
 60  04/04/2020  1100    44.6   28.1     1.5     0.000   0   52.12   21.9    3.3      --
 61  04/04/2020  1200    47.9   28.5     1.6     0.000   0   46.77   20.3    3.6      --
 62  04/04/2020  1300    50.6   28.5     1.7     0.000   0   42.35   18.9    3.8      --
 63  04/04/2020  1400    52.1   28.1     1.9     0.000   0   39.30   17.6    4.1      --
 64  04/04/2020  1500    53.1   27.1     2.0     0.000   0   36.28   16.5    4.3      --
 65  04/04/2020  1600    53.8   25.7     2.1     0.000   0   33.46   15.6    4.6  no_inv
 66  04/04/2020  1700    54.3   24.7     2.3     0.000   0   31.48   25.5    4.9      --
 67  04/04/2020  1800    52.7   24.3     2.6     0.000   0   32.83   33.9    5.4      --
 68  04/04/2020  1900    49.4   26.7     2.8     0.000   0   41.04   40.9    5.9      --
 69  04/04/2020  2000    47.6   27.8     1.6     0.000   0   45.87   46.6    6.6      --
 70  04/04/2020  2100    45.2   28.2     1.0     0.000   0   51.04   51.2    7.3      --
 71  04/04/2020  2200    42.9   28.5     0.4     0.000   0   56.57   55.1    8.0  no_inv
 72  04/04/2020  2300    41.8   28.5     0.4     0.000   0   58.94   57.9    7.1      --
 73  04/05/2020  0000    41.2   28.5     0.4     0.000   0   60.26   61.5    6.2      --
 74  04/05/2020  0100    40.9   28.5     0.4     0.000   0   61.03   66.2    5.4      --
 75  04/05/2020  0200    40.9   28.5     0.4     0.000   0   61.03   72.7    4.6      --
 76  04/05/2020  0300    40.9   28.5     0.4     0.000   0   61.03   81.5    3.9      --
 77  04/05/2020  0400    40.9   28.5     0.4     0.000   0   61.03   93.8    3.3     540
 78  04/05/2020  0500    40.9   28.2     0.7     0.000   0   60.25   64.8    2.7      --
 79  04/05/2020  0600    40.9   27.9     1.2     0.000   0   59.47   31.4    3.0      --
 80  04/05/2020  0700    41.0   28.0     1.9     0.000   0   59.29    9.3    3.9      --
 81  04/05/2020  0800    41.9   32.0     2.8     0.000   0   67.64  357.1    5.3      --
 82  04/05/2020  0900    43.5   32.2     3.4     0.000   0   64.10  350.0    6.7      --
 83  04/05/2020  1000    45.7   32.0     3.7     0.000   0   58.65  345.5    8.3  no_inv
 84  04/05/2020  1100    48.5   31.9     3.5     0.000   0   52.31  350.3    7.6      --
 85  04/05/2020  1200    51.9   31.7     3.4     0.000   0   45.82  356.0    7.1      --
 86  04/05/2020  1300    54.9   31.7     3.2     0.000   0   41.08    2.5    6.6      --
 87  04/05/2020  1400    56.6   31.8     3.0     0.000   0   38.79   10.0    6.2      --
 88  04/05/2020  1500    57.8   32.0     2.8     0.000   0   37.44   18.4    5.9      --
 89  04/05/2020  1600    58.6   32.3     2.6     0.000   0   36.83   27.3    5.8  no_inv
 90  04/05/2020  1700    58.9   32.5     2.5     0.000   0   36.67   34.8    4.9      --
 91  04/05/2020  1800    58.6   32.5     2.3     0.000   0   37.18   45.1    4.2      --
 92  04/05/2020  1900    58.0   32.1     2.2     0.000   0   37.27   59.0    3.7      --
 93  04/05/2020  2000    57.7   32.1     2.0     0.000   0   37.72   76.2    3.4      --
 94  04/05/2020  2100    55.3   32.1     1.9     0.000   0   41.05   94.3    3.5      --
 95  04/05/2020  2200    53.0   32.1     1.8     0.000   0   44.71  110.1    3.9  no_inv
 96  04/05/2020  2300    50.4   32.1     2.6     0.000   0   49.19   59.1    1.6      --
 97  04/06/2020  0000    47.3   32.2     3.0     0.000   0   55.52  342.0    3.1      --
 98  04/06/2020  0100    44.3   32.3     2.8     0.000   0   62.24  327.3    6.0      --
 99  04/06/2020  0200    42.5   32.4     2.3     0.000   0   67.04  322.4    9.1      --
100  04/06/2020  0300    41.5   32.5     1.4     0.000   0   70.06  320.0   12.2      --
101  04/06/2020  0400    41.1   32.5     0.4     0.000   0   71.27  318.5   15.3     643
102  04/06/2020  0500    41.2   32.5     1.5     0.000   0   70.84  318.5   14.0      --
103  04/06/2020  0600    41.1   32.5     2.7     0.000   0   71.03  318.4   12.7      --
104  04/06/2020  0700    41.3   32.9     3.6     0.000   0   71.72  318.3   11.4      --
105  04/06/2020  0800    42.2   33.9     4.2     0.000   0   72.05  318.2   10.1      --
106  04/06/2020  0900    44.1   35.1     4.0     0.000   0   70.49  318.1    8.8      --
107  04/06/2020  1000    46.6   36.2     3.4     0.000   0   66.68  318.0    7.5  no_inv
108  04/06/2020  1100    50.1   36.8     4.5     0.000   0   60.28  308.7    8.1      --
109  04/06/2020  1200    55.3   37.1     5.6     0.000   0   50.22  301.0    8.9      --
110  04/06/2020  1300    59.8   34.9     6.8     0.000   0   39.23  294.5    9.8      --
111  04/06/2020  1400    62.1   32.4     7.9     0.000   0   32.59  289.3   10.8      --
112  04/06/2020  1500    63.4   29.9     9.0     0.000   0   28.18  285.0   11.9      --
113  04/06/2020  1600    64.0   28.4    10.1     0.000   0   25.92  281.4   13.1   10733
114  04/06/2020  1700    64.0   28.0    10.9     0.000   0   25.49  287.2   13.7      --
115  04/06/2020  1800    60.8   27.7    11.6     0.000   0   28.16  292.6   14.4      --
116  04/06/2020  1900    54.3   26.6    12.4     0.000   0   34.00  297.4   15.3      --
117  04/06/2020  2000    50.8   26.5    13.1     0.000   0   38.72  301.6   16.2      --
118  04/06/2020  2100    48.4   26.9    13.9     0.000   0   42.84  305.4   17.2      --
119  04/06/2020  2200    46.1   27.5    14.6     0.000   0   48.03  308.7   18.3     173
120  04/06/2020  2300    43.5   28.1    14.2     0.000   0   54.40  302.6   17.0      --
121  04/07/2020  0000    42.1   28.8    13.7     0.000   0   58.88  295.6   15.9      --
122  04/07/2020  0100    40.7   29.3    13.2     0.000   0   63.49  287.7   15.1      --
123  04/07/2020  0200    39.3   29.6    12.7     0.000   0   67.96  279.1   14.6      --
124  04/07/2020  0300    38.1   29.9    12.3     0.000   0   72.03  270.2   14.5      --
125  04/07/2020  0400    37.0   31.4    11.8     0.000   0   79.86  261.2   14.7     237
126  04/07/2020  0500    36.1   31.7    10.6     0.000   0   83.86  258.3   13.7      --
127  04/07/2020  0600    35.6   31.7     9.4     0.000   0   85.51  254.8   12.7      --
128  04/07/2020  0700    36.4   31.3     8.3     0.000   0   81.58  250.8   11.7      --
129  04/07/2020  0800    38.8   28.9     7.1     0.000   0   67.28  246.1   10.8      --
130  04/07/2020  0900    42.7   28.4     5.9     0.000   0   56.60  240.6   10.0      --
131  04/07/2020  1000    47.7   27.8     4.8     0.000   0   45.69  234.2    9.4    5550
132  04/07/2020  1100    53.1   27.2     4.3     0.000   0   36.62  239.7    8.1      --
133  04/07/2020  1200    57.7   26.7     3.9     0.000   0   30.24  247.1    7.0      --
134  04/07/2020  1300    61.3   26.3     3.5     0.000   0   26.18  257.1    6.0      --
135  04/07/2020  1400    63.1   25.9     3.1     0.000   0   24.18  270.4    5.3      --
136  04/07/2020  1500    64.0   25.7     2.7     0.000   0   23.22  286.7    4.9      --
137  04/07/2020  1600    64.5   25.6     2.3     0.000   0   22.79  304.0    5.0    8162
138  04/07/2020  1700    64.5   25.7     3.7     0.000   0   22.78  314.5    6.3      --
139  04/07/2020  1800    61.3   25.8     5.2     0.000   0   25.63  321.4    7.7      --
140  04/07/2020  1900    54.8   27.1     6.7     0.000   0   34.21  326.0    9.2      --
141  04/07/2020  2000    51.2   28.3     8.2     0.000   0   40.99  329.3   10.8      --
142  04/07/2020  2100    48.9   28.6     9.6     0.000   0   45.32  331.8   12.3      --
143  04/07/2020  2200    46.5   28.6    11.1     0.000   0   49.44  333.8   13.9     677
144  04/07/2020  2300    42.4   29.4     9.6     0.000   0   59.56  337.5   11.9      --
145  04/08/2020  0000    38.9   28.6     7.2     0.000   0   66.26  342.8    9.9      --
146  04/08/2020  0100    34.8   27.8     4.3     0.000   0   75.25  350.6    8.0      --
147  04/08/2020  0200    32.1   27.5     2.1     0.000   0   83.04    2.7    6.4      --
148  04/08/2020  0300    30.6   27.6     0.8     0.000   5   88.67   21.6    5.2      --
149  04/08/2020  0400    30.2   27.8     0.4     0.000  10   90.49   46.7    4.8  no_inv
150  04/08/2020  0500    30.3   27.6     0.6     0.000  10   89.62   32.7    3.9      --
151  04/08/2020  0600    30.2   27.3     1.1     0.000  10   88.56   12.4    3.4      --
152  04/08/2020  0700    31.0   27.6     1.7     0.000  10   86.89  348.4    3.4      --
153  04/08/2020  0800    34.2   28.8     2.2     0.000   5   80.35  327.7    3.9      --
154  04/08/2020  0900    40.2   30.7     2.6     0.000   0   68.62  313.3    4.8      --
155  04/08/2020  1000    47.0   32.3     2.7     0.000   0   56.31  303.8    5.9    2585
156  04/08/2020  1100    54.0   33.3     2.5     0.000   0   45.30  297.3    5.0      --
157  04/08/2020  1200    59.5   33.7     2.3     0.000   0   37.70  288.3    4.2      --
158  04/08/2020  1300    63.7   33.7     2.1     0.000   0   32.51  275.8    3.6      --
159  04/08/2020  1400    66.0   33.3     1.9     0.000   0   29.61  259.4    3.2      --
160  04/08/2020  1500    67.1   32.3     1.7     0.000   0   27.34  240.6    3.2      --
161  04/08/2020  1600    67.8   31.1     1.6     0.000   0   25.45  222.9    3.5    5674
162  04/08/2020  1700    68.0   30.1     3.5     0.000   0   24.29  246.4    5.1      --
163  04/08/2020  1800    65.2   29.7     5.3     0.000   0   26.30  257.5    7.1      --
164  04/08/2020  1900    59.6   30.1     7.2     0.000   0   32.59  263.6    9.3      --
165  04/08/2020  2000    56.5   29.5     9.1     0.000   0   35.46  267.3   11.5      --
166  04/08/2020  2100    54.2   29.2    11.0     0.000   0   38.08  269.8   13.8      --
167  04/08/2020  2200    51.8   27.5    12.9     0.000   0   38.75  271.6   16.1     247
