  Generated by FoxLW on Thursday April 2, 2020 at 02:32 PDT
-------------------------------------------------------------------------------
  Anatone
  46.2000:-117.1100  (46 12' 0.00"N  117 6' 36.00"W)  elev 3074.1 feet    file: 300032
-------------------------------------------------------------------------------

Line#   Date     Hour   TempF  DewPtF WS(mph)  Rain(in) LW    RH%  WDir_50m WS_50m Inv(ft)
  5  04/02/2020  0400    32.2   20.6     2.2     0.000   0   61.98  299.5    5.0  no_inv
  6  04/02/2020  0500    32.0   20.6     2.3     0.000   0   62.37  310.3    4.4      --
  7  04/02/2020  0600    31.8   20.4     2.3     0.000   0   62.13  323.8    4.0      --
  8  04/02/2020  0700    31.8   20.0     2.3     0.000   0   61.29  339.1    3.9      --
  9  04/02/2020  0800    31.8   17.5     2.3     0.000   0   55.00  354.3    4.0      --
 10  04/02/2020  0900    30.8   21.0     2.3     0.000   0   66.41    7.6    4.4      --
 11  04/02/2020  1000    29.7   24.9     2.3     0.050   8   82.07   18.1    5.0  no_inv
 12  04/02/2020  1100    31.8   20.0     2.8     0.000   5   61.25    8.0    5.6      --
 13  04/02/2020  1200    33.3   21.7     3.4     0.010   0   62.15  360.0    6.3      --
 14  04/02/2020  1300    35.2   21.8     4.0     0.010   0   57.66  353.7    7.2      --
 15  04/02/2020  1400    39.1   16.4     4.5     0.000   0   39.17  348.7    8.1      --
 16  04/02/2020  1500    38.4   18.4     5.1     0.000   0   44.08  344.8    9.0      --
 17  04/02/2020  1600    37.0   22.8     5.6     0.020   0   56.14  341.6   10.0  no_inv
 18  04/02/2020  1700    37.9   21.0     5.9     0.000   0   50.29  332.1    7.0      --
 19  04/02/2020  1800    37.8   20.2     6.2     0.000   0   48.73  310.5    4.4      --
 20  04/02/2020  1900    37.0   20.0     6.5     0.000   0   49.85  263.0    3.5      --
 21  04/02/2020  2000    36.5   20.5     6.8     0.000   0   51.86  223.8    5.2      --
 22  04/02/2020  2100    35.5   20.8     7.1     0.000   0   54.65  207.7    7.9      --
 23  04/02/2020  2200    35.2   22.5     7.3     0.000   0   59.58  200.1   11.0      56
 24  04/02/2020  2300    34.6   23.1     7.5     0.000   0   62.47  210.2   11.6      --
 25  04/03/2020  0000    34.2   23.8     7.6     0.000   0   65.38  219.1   12.5      --
 26  04/03/2020  0100    33.8   24.6     7.8     0.000   0   68.58  226.5   13.7      --
 27  04/03/2020  0200    33.5   25.4     7.9     0.000   0   71.80  232.7   15.1      --
 28  04/03/2020  0300    33.1   25.6     8.1     0.000   0   73.70  237.8   16.6      --
 29  04/03/2020  0400    32.8   25.6     8.2     0.000   0   74.55  242.1   18.2     387
 30  04/03/2020  0500    32.6   25.5     8.8     0.000   0   74.83  241.6   17.6      --
 31  04/03/2020  0600    32.4   25.0     9.3     0.000   0   74.03  241.0   16.9      --
 32  04/03/2020  0700    32.4   24.3     9.9     0.000   0   71.76  240.5   16.3      --
 33  04/03/2020  0800    32.7   21.4    10.4     0.000   0   62.57  239.8   15.6      --
 34  04/03/2020  0900    33.4   20.3    10.9     0.000   0   58.15  239.2   15.0      --
 35  04/03/2020  1000    34.4   19.1    11.5     0.000   0   53.10  238.4   14.4  no_inv
 36  04/03/2020  1100    36.0   18.0    12.1     0.000   0   47.51  244.9   14.8      --
 37  04/03/2020  1200    39.5   16.9    12.7     0.000   0   39.36  250.9   15.3      --
 38  04/03/2020  1300    43.0   16.3    13.3     0.000   0   33.57  256.4   16.1      --
 39  04/03/2020  1400    44.9   15.9    13.9     0.000   0   30.67  261.4   16.9      --
 40  04/03/2020  1500    45.8   15.5    14.5     0.000   0   29.19  265.8   17.9      --
 41  04/03/2020  1600    46.2   15.2    15.1     0.000   0   28.39  269.8   19.0  no_inv
 42  04/03/2020  1700    45.5   15.1    15.5     0.000   0   28.97  268.9   19.4      --
 43  04/03/2020  1800    44.0   15.1    15.8     0.000   0   30.62  268.0   19.9      --
 44  04/03/2020  1900    43.2   15.4    16.2     0.000   0   32.06  267.1   20.3      --
 45  04/03/2020  2000    40.8   15.9    16.5     0.000   0   35.94  266.3   20.8      --
 46  04/03/2020  2100    38.5   16.6    16.9     0.000   0   40.47  265.5   21.3      --
 47  04/03/2020  2200    36.2   17.3    17.2     0.000   0   45.71  264.8   21.7  no_inv
 48  04/03/2020  2300    35.0   18.0    14.6     0.000   0   49.23  264.6   18.6      --
 49  04/04/2020  0000    34.6   19.7    12.0     0.000   0   54.04  264.3   15.5      --
 50  04/04/2020  0100    34.1   20.6     9.3     0.000   0   57.32  263.9   12.4      --
 51  04/04/2020  0200    33.6   20.0     6.7     0.000   0   56.99  263.2    9.4      --
 52  04/04/2020  0300    33.1   19.1     4.1     0.000   0   55.99  261.8    6.3      --
 53  04/04/2020  0400    32.7   18.6     1.5     0.000   0   55.52  257.8    3.2    6611
 54  04/04/2020  0500    32.4   17.7     1.9     0.000   0   54.14  226.0    2.7      --
 55  04/04/2020  0600    32.1   17.7     2.3     0.000   0   54.78  194.4    3.2      --
 56  04/04/2020  0700    32.3   17.7     2.7     0.000   0   54.28  175.2    4.4      --
 57  04/04/2020  0800    33.2   22.9     3.2     0.000   0   65.44  164.6    5.8      --
 58  04/04/2020  0900    34.8   22.9     3.6     0.000   0   61.34  158.3    7.3      --
 59  04/04/2020  1000    37.1   21.4     4.0     0.000   0   52.60  154.2    8.9    8450
 60  04/04/2020  1100    39.9   22.9     3.8     0.000   0   50.24  153.0    8.4      --
 61  04/04/2020  1200    43.0   22.9     3.6     0.000   0   44.56  151.6    7.9      --
 62  04/04/2020  1300    45.8   22.9     3.4     0.000   0   40.05  150.0    7.5      --
 63  04/04/2020  1400    47.5   22.9     3.2     0.000   0   37.54  148.2    7.0      --
 64  04/04/2020  1500    48.6   22.9     3.0     0.000   0   36.01  146.2    6.5      --
 65  04/04/2020  1600    49.4   22.9     2.8     0.000   0   34.95  143.8    6.1  no_inv
 66  04/04/2020  1700    49.0   23.0     3.6     0.000   0   35.81  150.3    7.9      --
 67  04/04/2020  1800    48.0   23.3     4.5     0.000   0   37.45  154.3    9.8      --
 68  04/04/2020  1900    47.5   23.6     5.3     0.000   0   38.76  157.0   11.7      --
 69  04/04/2020  2000    45.2   25.0     6.2     0.000   0   44.75  158.9   13.6      --
 70  04/04/2020  2100    42.8   27.0     7.1     0.000   0   53.28  160.4   15.6      --
 71  04/04/2020  2200    40.5   29.9     7.9     0.000   0   65.57  161.5   17.6  no_inv
 72  04/04/2020  2300    39.1   31.3     8.0     0.000   0   73.36  161.1   17.6      --
 73  04/05/2020  0000    38.5   32.6     8.0     0.000   0   79.08  160.6   17.7      --
 74  04/05/2020  0100    37.9   33.6     8.1     0.000   0   84.47  160.2   17.8      --
 75  04/05/2020  0200    37.3   34.4     8.1     0.000   0   89.23  159.8   17.9      --
 76  04/05/2020  0300    36.8   35.4     8.1     0.000   0   94.68  159.4   18.0      --
 77  04/05/2020  0400    36.3   35.4     8.2     0.060  10   96.48  159.0   18.1  no_inv
 78  04/05/2020  0500    37.3   34.2     8.1     0.000   5   88.46  163.2   16.6      --
 79  04/05/2020  0600    37.3   34.2     8.0     0.010   0   88.50  168.1   15.2      --
 80  04/05/2020  0700    38.2   34.7     8.0     0.010   0   86.91  174.0   13.9      --
 81  04/05/2020  0800    38.8   35.2     7.9     0.000   0   86.74  181.0   12.9      --
 82  04/05/2020  0900    40.4   36.8     7.8     0.000   0   86.68  189.1   12.0      --
 83  04/05/2020  1000    42.5   36.8     7.7     0.000   0   80.13  198.2   11.4  no_inv
 84  04/05/2020  1100    43.5   37.3     7.1     0.000   0   78.81  206.1    9.1      --
 85  04/05/2020  1200    43.8   39.5     6.4     0.010   0   84.63  219.0    7.0      --
 86  04/05/2020  1300    44.0   39.7     5.7     0.010   0   84.84  240.5    5.5      --
 87  04/05/2020  1400    43.8   40.2     5.0     0.090  10   87.05  270.1    5.2      --
 88  04/05/2020  1500    44.0   40.4     4.3     0.000   5   86.86  295.9    6.2      --
 89  04/05/2020  1600    44.1   40.5     3.7     0.040   7   86.82  312.2    8.1     779
 90  04/05/2020  1700    43.9   40.3     3.5     0.000   0   87.05  315.1    5.9      --
 91  04/05/2020  1800    43.2   39.8     3.2     0.000   0   87.48  321.3    3.7      --
 92  04/05/2020  1900    42.4   39.4     3.1     0.000   5   89.02  343.4    1.7      --
 93  04/05/2020  2000    41.4   39.2     2.9     0.000  10   91.70   74.4    1.4      --
 94  04/05/2020  2100    40.8   37.7     2.7     0.060  10   88.89  105.6    3.3      --
 95  04/05/2020  2200    39.3   38.4     2.5     0.300  10   96.54  113.2    5.4     730
 96  04/05/2020  2300    38.1   37.2     2.5     0.180  10   96.52  125.1    4.2      --
 97  04/06/2020  0000    38.0   37.1     2.5     0.060  10   96.52  145.8    3.2      --
 98  04/06/2020  0100    38.7   37.8     2.6     0.030  10   96.53  176.5    2.9      --
 99  04/06/2020  0200    37.7   36.8     2.6     0.000  10   96.52  204.7    3.4      --
100  04/06/2020  0300    37.5   36.6     2.6     0.000  10   96.51  222.2    4.5      --
101  04/06/2020  0400    38.2   37.3     2.7     0.000  10   96.52  232.3    5.9     589
102  04/06/2020  0500    38.4   35.3     2.7     0.000  10   88.42  239.4    4.1      --
103  04/06/2020  0600    38.2   35.1     2.7     0.000  10   88.41  256.8    2.5      --
104  04/06/2020  0700    39.1   35.5     2.7     0.000   5   86.80  306.8    1.6      --
105  04/06/2020  0800    38.0   34.3     2.7     0.000   0   86.71  356.5    2.5      --
106  04/06/2020  0900    38.5   34.9     2.7     0.000   0   86.73   13.7    4.1      --
107  04/06/2020  1000    39.3   35.4     2.7     0.000   0   85.83   20.9    5.9  no_inv
108  04/06/2020  1100    41.5   34.8     4.6     0.000   0   76.69  350.0    5.8      --
109  04/06/2020  1200    44.2   34.9     6.5     0.000   0   69.74  325.1    7.2      --
110  04/06/2020  1300    45.5   37.1     8.5     0.010   0   72.26  310.3    9.5      --
111  04/06/2020  1400    48.8   35.1    10.4     0.000   0   58.83  301.5   12.1      --
112  04/06/2020  1500    48.2   37.0    12.3     0.000   0   65.04  295.9   15.0      --
113  04/06/2020  1600    46.7   38.7    14.3     0.030   0   73.63  292.1   17.9  no_inv
114  04/06/2020  1700    50.5   34.6    14.0     0.000   0   54.28  289.4   17.5      --
115  04/06/2020  1800    49.5   34.1    13.8     0.000   0   55.13  286.6   17.1      --
116  04/06/2020  1900    48.2   33.1    13.6     0.000   0   55.78  283.6   16.8      --
117  04/06/2020  2000    46.9   31.8    13.3     0.000   0   55.39  280.5   16.5      --
118  04/06/2020  2100    45.6   30.8    13.1     0.000   0   55.86  277.4   16.2      --
119  04/06/2020  2200    44.3   29.7    12.8     0.000   0   56.18  274.1   16.0    3830
120  04/06/2020  2300    42.6   28.6    12.4     0.000   0   57.31  267.1   15.8      --
121  04/07/2020  0000    41.3   27.6    12.0     0.000   0   57.88  259.9   15.7      --
122  04/07/2020  0100    40.1   28.2    11.6     0.000   0   62.19  252.9   15.9      --
123  04/07/2020  0200    39.0   27.7    11.2     0.000   0   63.45  246.0   16.3      --
124  04/07/2020  0300    38.1   27.4    10.8     0.000   0   64.98  239.6   17.0      --
125  04/07/2020  0400    37.4   27.4    10.4     0.000   0   66.82  233.8   17.8     283
126  04/07/2020  0500    36.9   27.6     9.0     0.000   0   68.81  234.1   14.1      --
127  04/07/2020  0600    36.6   29.0     7.6     0.000   0   73.42  234.6   10.4      --
128  04/07/2020  0700    36.9   33.0     6.2     0.000   0   85.70  235.7    6.8      --
129  04/07/2020  0800    37.7   30.8     4.8     0.000   0   75.67  239.4    3.1      --
130  04/07/2020  0900    39.2   30.8     3.3     0.000   0   71.38   20.6    0.7      --
131  04/07/2020  1000    41.3   30.8     1.9     0.000   0   65.96   47.7    4.3    5135
132  04/07/2020  1100    43.7   30.8     2.3     0.000   0   60.00   39.7    4.9      --
133  04/07/2020  1200    46.3   30.8     2.6     0.000   0   54.47   33.6    5.5      --
134  04/07/2020  1300    48.3   30.8     2.9     0.000   0   50.53   28.8    6.2      --
135  04/07/2020  1400    49.4   30.8     3.2     0.000   0   48.49   25.0    7.0      --
136  04/07/2020  1500    50.1   30.8     3.5     0.000   0   47.23   21.9    7.8      --
137  04/07/2020  1600    50.5   30.8     3.9     0.000   0   46.53   19.5    8.5    6973
138  04/07/2020  1700    50.3   30.8     3.5     0.000   0   46.73   24.8    7.2      --
139  04/07/2020  1800    49.4   31.0     3.2     0.000   0   48.94   32.3    6.0      --
140  04/07/2020  1900    48.3   31.0     2.9     0.000   0   51.05   43.4    5.0      --
141  04/07/2020  2000    47.2   31.0     2.5     0.000   0   53.27   59.5    4.2      --
142  04/07/2020  2100    46.0   31.0     2.2     0.000   0   55.59   80.4    3.8      --
143  04/07/2020  2200    44.9   31.0     1.9     0.000   0   58.02  101.9    4.1    7028
144  04/07/2020  2300    43.8   31.0     1.9     0.000   0   60.48  112.0    3.7      --
145  04/08/2020  0000    43.0   31.0     1.9     0.000   0   62.41  124.0    3.4      --
146  04/08/2020  0100    42.2   31.0     1.9     0.000   0   64.21  137.1    3.4      --
147  04/08/2020  0200    41.6   31.0     1.9     0.000   0   65.83  150.1    3.5      --
148  04/08/2020  0300    41.1   31.0     1.9     0.000   0   67.21  161.9    3.7      --
149  04/08/2020  0400    40.6   31.0     1.9     0.000   0   68.32  171.7    4.1     440
150  04/08/2020  0500    40.3   31.0     1.8     0.000   0   69.11  162.3    3.4      --
151  04/08/2020  0600    40.1   31.0     1.8     0.000   0   69.79  148.3    2.8      --
152  04/08/2020  0700    40.4   31.0     1.7     0.000   0   69.00  128.3    2.4      --
153  04/08/2020  0800    41.3   31.7     1.6     0.000   0   68.39  104.9    2.4      --
154  04/08/2020  0900    43.0   31.7     1.6     0.000   0   64.07   84.6    2.8      --
155  04/08/2020  1000    45.4   31.7     1.5     0.000   0   58.54   70.4    3.3    4422
156  04/08/2020  1100    48.3   31.7     1.7     0.000   0   52.52   60.5    3.5      --
157  04/08/2020  1200    52.5   31.7     1.8     0.000   0   44.96   51.6    3.8      --
158  04/08/2020  1300    55.9   31.7     2.0     0.000   0   39.65   44.0    4.1      --
159  04/08/2020  1400    57.7   31.7     2.1     0.000   0   37.13   37.6    4.5      --
160  04/08/2020  1500    58.6   31.7     2.3     0.000   0   35.99   32.3    4.9      --
161  04/08/2020  1600    59.0   31.7     2.4     0.000   0   35.47   27.9    5.4    4437
162  04/08/2020  1700    58.9   31.7     2.1     0.000   0   35.65   25.6    4.5      --
163  04/08/2020  1800    58.6   32.0     1.8     0.000   0   36.43   22.2    3.7      --
164  04/08/2020  1900    58.4   32.0     1.5     0.000   0   36.63   17.0    2.9      --
165  04/08/2020  2000    56.1   32.0     1.2     0.000   0   39.85    7.9    2.2      --
166  04/08/2020  2100    53.8   32.0     0.8     0.000   0   43.39  350.2    1.5      --
167  04/08/2020  2200    51.4   32.0     0.5     0.000   0   47.29  315.8    1.2    4369
