  Generated by FoxLW on Thursday April 2, 2020 at 02:32 PDT
-------------------------------------------------------------------------------
  Badger Canyon
  46.1800:-119.2800  (46 10' 48.00"N  119 16' 48.00"W)  elev 639.8 feet    file: 300027
-------------------------------------------------------------------------------

Line#   Date     Hour   TempF  DewPtF WS(mph)  Rain(in) LW    RH%  WDir_50m WS_50m Inv(ft)
  5  04/02/2020  0400    26.5   18.7    12.0     0.000   0   71.80  329.1   15.0     536
  6  04/02/2020  0500    25.9   20.4    10.1     0.000   0   79.40  329.9   12.4      --
  7  04/02/2020  0600    25.4   21.2     8.2     0.000   0   83.86  331.1    9.8      --
  8  04/02/2020  0700    26.3   21.8     6.3     0.000   0   82.93  333.1    7.2      --
  9  04/02/2020  0800    29.0   22.6     4.4     0.000   0   76.50  337.6    4.6      --
 10  04/02/2020  0900    33.6   26.4     2.5     0.000   0   74.54  352.6    2.1      --
 11  04/02/2020  1000    39.1   26.4     0.6     0.000   0   59.95   92.1    1.2  no_inv
 12  04/02/2020  1100    44.1   26.4     1.0     0.000   0   49.51    8.9    0.7      --
 13  04/02/2020  1200    46.5   26.4     1.4     0.000   0   45.21  324.2    1.7      --
 14  04/02/2020  1300    48.3   26.4     1.8     0.000   0   42.13  314.9    3.0      --
 15  04/02/2020  1400    49.4   26.4     2.2     0.000   0   40.47  311.2    4.3      --
 16  04/02/2020  1500    50.1   26.4     2.7     0.000   0   39.49  309.3    5.6      --
 17  04/02/2020  1600    50.5   26.4     3.1     0.000   0   38.82  308.1    6.9  no_inv
 18  04/02/2020  1700    50.5   26.4     3.8     0.000   0   38.84  312.6    7.5      --
 19  04/02/2020  1800    50.5   26.7     4.5     0.000   0   39.32  316.5    8.2      --
 20  04/02/2020  1900    50.5   26.7     5.2     0.000   0   39.46  319.8    8.9      --
 21  04/02/2020  2000    48.1   27.0     5.8     0.000   0   43.53  322.6    9.6      --
 22  04/02/2020  2100    45.8   27.2     6.5     0.000   0   47.85  325.1   10.3      --
 23  04/02/2020  2200    43.5   27.2     7.2     0.000   0   52.38  327.2   11.0  no_inv
 24  04/02/2020  2300    38.5   26.9     6.7     0.000   0   62.89  317.7    9.1      --
 25  04/03/2020  0000    35.3   26.8     6.2     0.000   0   70.76  304.0    7.6      --
 26  04/03/2020  0100    32.4   26.7     5.6     0.000   0   79.10  285.1    6.7      --
 27  04/03/2020  0200    29.9   26.7     5.1     0.000   5   87.53  263.5    6.7      --
 28  04/03/2020  0300    27.8   26.7     4.6     0.000  10   95.39  244.4    7.5      --
 29  04/03/2020  0400    26.2   25.3     4.1     0.000  10   96.33  230.4    9.0     496
 30  04/03/2020  0500    25.0   24.5     5.5     0.000  10   97.89  230.3   10.2      --
 31  04/03/2020  0600    24.4   24.4     7.0     0.000  10  100.00  230.2   11.4      --
 32  04/03/2020  0700    25.6   25.6     8.4     0.000  10  100.00  230.2   12.6      --
 33  04/03/2020  0800    29.3   25.3     9.9     0.000   5   84.92  230.1   13.7      --
 34  04/03/2020  0900    35.1   22.8    11.4     0.000   0   60.52  230.1   14.9      --
 35  04/03/2020  1000    41.8   22.2    12.9     0.000   0   45.50  230.0   16.1  no_inv
 36  04/03/2020  1100    47.3   21.7    11.9     0.000   0   35.94  234.6   14.8      --
 37  04/03/2020  1200    49.6   21.2    11.0     0.000   0   32.27  240.0   13.7      --
 38  04/03/2020  1300    51.4   21.4    10.1     0.000   0   30.50  246.3   12.7      --
 39  04/03/2020  1400    52.4   21.9     9.2     0.000   0   30.05  253.6   11.9      --
 40  04/03/2020  1500    53.0   22.6     8.3     0.000   0   30.27  261.7   11.3      --
 41  04/03/2020  1600    53.5   23.5     7.4     0.000   0   30.83  270.6   11.0    9963
 42  04/03/2020  1700    52.0   23.5     6.5     0.000   0   32.47  273.0    9.9      --
 43  04/03/2020  1800    49.2   22.6     5.7     0.000   0   34.84  276.0    8.9      --
 44  04/03/2020  1900    47.6   22.5     4.9     0.000   0   36.76  279.7    7.9      --
 45  04/03/2020  2000    45.2   22.5     4.0     0.000   0   40.15  284.5    7.0      --
 46  04/03/2020  2100    42.9   22.5     3.2     0.000   0   43.91  290.9    6.1      --
 47  04/03/2020  2200    40.5   22.5     2.3     0.000   0   48.06  299.2    5.3  no_inv
 48  04/03/2020  2300    37.5   22.5     2.2     0.000   0   54.24  298.5    5.1      --
 49  04/04/2020  0000    35.6   22.5     2.2     0.000   0   58.41  297.7    4.8      --
 50  04/04/2020  0100    33.8   22.5     2.1     0.000   0   62.62  296.9    4.6      --
 51  04/04/2020  0200    32.3   22.5     2.0     0.000   0   66.70  295.9    4.4      --
 52  04/04/2020  0300    30.9   22.5     1.9     0.000   0   70.46  294.9    4.2      --
 53  04/04/2020  0400    29.8   22.5     1.8     0.000   0   73.72  293.8    3.9    7087
 54  04/04/2020  0500    28.9   22.5     1.9     0.000   0   76.33  310.0    3.3      --
 55  04/04/2020  0600    28.5   22.5     2.0     0.000   5   77.88  330.8    3.1      --
 56  04/04/2020  0700    29.2   22.5     2.2     0.000   5   75.61  351.6    3.3      --
 57  04/04/2020  0800    31.4   21.8     2.3     0.000   0   67.14    8.2    3.9      --
 58  04/04/2020  0900    35.2   21.8     2.4     0.000   0   57.74   19.8    4.7      --
 59  04/04/2020  1000    40.0   21.8     2.5     0.000   0   47.76   27.8    5.7  no_inv
 60  04/04/2020  1100    44.9   21.8     2.7     0.000   0   39.60   25.2    6.0      --
 61  04/04/2020  1200    48.1   21.8     2.8     0.000   0   35.07   22.9    6.3      --
 62  04/04/2020  1300    50.7   21.8     3.0     0.000   0   31.79   20.8    6.6      --
 63  04/04/2020  1400    52.3   21.8     3.1     0.000   0   30.03   18.9    6.9      --
 64  04/04/2020  1500    53.2   21.8     3.2     0.000   0   28.97   17.2    7.2      --
 65  04/04/2020  1600    53.9   21.8     3.4     0.000   0   28.25   15.6    7.6  no_inv
 66  04/04/2020  1700    54.4   21.9     3.2     0.000   0   27.95   15.4    7.3      --
 67  04/04/2020  1800    53.8   22.3     3.1     0.000   0   28.98   15.0    7.0      --
 68  04/04/2020  1900    52.7   21.9     3.0     0.000   0   29.72   14.7    6.7      --
 69  04/04/2020  2000    52.0   21.9     2.8     0.000   0   30.42   14.3    6.4      --
 70  04/04/2020  2100    49.7   21.9     2.7     0.000   0   33.17   13.9    6.1      --
 71  04/04/2020  2200    47.3   21.9     2.6     0.000   0   36.21   13.4    5.8  no_inv
 72  04/04/2020  2300    45.6   21.9     2.9     0.000   0   38.66    3.5    6.0      --
 73  04/05/2020  0000    44.6   21.9     3.2     0.000   0   40.12  354.6    6.4      --
 74  04/05/2020  0100    43.8   21.9     3.5     0.000   0   41.42  346.9    6.9      --
 75  04/05/2020  0200    43.1   21.9     3.7     0.000   0   42.54  340.4    7.6      --
 76  04/05/2020  0300    42.5   21.9     4.0     0.000   0   43.43  334.9    8.3      --
 77  04/05/2020  0400    42.2   21.9     4.3     0.000   0   44.09  330.4    9.1    1433
 78  04/05/2020  0500    41.9   21.9     4.6     0.000   0   44.49  322.3    6.2      --
 79  04/05/2020  0600    41.7   21.9     4.9     0.000   0   44.81  301.1    3.5      --
 80  04/05/2020  0700    41.8   22.6     5.2     0.000   0   46.12  242.8    2.6      --
 81  04/05/2020  0800    42.3   28.0     5.5     0.000   0   56.58  200.7    4.5      --
 82  04/05/2020  0900    43.4   30.0     5.8     0.000   0   59.05  186.9    7.3      --
 83  04/05/2020  1000    44.9   30.4     6.1     0.000   0   56.38  180.8   10.3  no_inv
 84  04/05/2020  1100    47.9   31.6     5.6     0.000   0   52.86  176.6    7.6      --
 85  04/05/2020  1200    53.3   31.6     5.1     0.000   0   43.30  167.9    5.0      --
 86  04/05/2020  1300    58.1   31.6     4.6     0.000   0   36.40  142.9    2.7      --
 87  04/05/2020  1400    60.5   31.6     4.1     0.000   0   33.44   76.3    2.3      --
 88  04/05/2020  1500    61.8   31.6     3.6     0.000   0   31.88   41.0    4.3      --
 89  04/05/2020  1600    62.3   31.6     3.1     0.000   0   31.38   29.9    6.9  no_inv
 90  04/05/2020  1700    61.2   31.6     3.8     0.000   0   32.59    6.7    4.3      --
 91  04/05/2020  1800    60.3   31.6     4.6     0.000   0   33.75  318.0    3.6      --
 92  04/05/2020  1900    58.3   31.8     5.4     0.000   0   36.54  281.0    5.4      --
 93  04/05/2020  2000    57.2   32.4     6.2     0.000   0   38.83  265.9    8.3      --
 94  04/05/2020  2100    54.9   35.4     6.9     0.000   0   47.73  258.7   11.4      --
 95  04/05/2020  2200    52.5   40.8     7.7     0.010   0   64.26  254.6   14.6  no_inv
 96  04/05/2020  2300    48.6   39.9     9.0     0.000   0   71.63  269.0   13.3      --
 97  04/06/2020  0000    46.2   38.3    10.2     0.000   0   73.70  285.3   12.9      --
 98  04/06/2020  0100    44.0   34.0    11.5     0.000   0   67.82  301.1   13.7      --
 99  04/06/2020  0200    42.0   32.0    12.8     0.000   0   67.44  314.5   15.3      --
100  04/06/2020  0300    40.4   32.1    14.1     0.000   0   71.95  324.9   17.5      --
101  04/06/2020  0400    39.1   32.1    15.3     0.000   0   75.77  332.7   20.2    1548
102  04/06/2020  0500    38.1   32.1    13.4     0.000   0   78.67  333.2   18.3      --
103  04/06/2020  0600    37.6   33.3    11.5     0.000   0   84.43  333.9   16.3      --
104  04/06/2020  0700    38.2   33.6     9.6     0.000   0   83.47  334.8   14.4      --
105  04/06/2020  0800    39.9   32.0     7.7     0.000   0   73.05  336.0   12.4      --
106  04/06/2020  0900    42.8   31.9     5.8     0.000   0   64.96  337.5   10.5      --
107  04/06/2020  1000    46.8   31.8     3.9     0.000   0   55.69  339.9    8.6  no_inv
108  04/06/2020  1100    51.2   31.8     4.5     0.000   0   47.26  326.2    7.7      --
109  04/06/2020  1200    55.2   31.7     5.1     0.000   0   40.71  310.3    7.4      --
110  04/06/2020  1300    58.3   32.3     5.7     0.000   0   37.19  294.1    7.6      --
111  04/06/2020  1400    60.1   32.9     6.3     0.000   0   35.71  280.0    8.4      --
112  04/06/2020  1500    61.3   33.5     6.9     0.000   0   35.01  268.9    9.6      --
113  04/06/2020  1600    62.1   34.1     7.5     0.000   0   34.91  260.5   11.1    9019
114  04/06/2020  1700    62.2   34.1     6.8     0.000   0   34.81  263.0   10.3      --
115  04/06/2020  1800    57.7   33.5     6.0     0.000   0   39.90  266.0    9.5      --
116  04/06/2020  1900    48.4   33.2     5.3     0.000   0   55.39  269.5    8.7      --
117  04/06/2020  2000    43.3   33.1     4.5     0.000   0   67.01  273.7    8.0      --
118  04/06/2020  2100    41.0   33.1     3.8     0.000   0   73.33  278.7    7.3      --
119  04/06/2020  2200    38.7   33.1     3.0     0.000   0   80.32  284.6    6.7    8269
120  04/06/2020  2300    37.5   33.1     2.9     0.000   0   83.96  277.0    5.9      --
121  04/07/2020  0000    37.1   33.1     2.7     0.000   0   85.40  267.1    5.2      --
122  04/07/2020  0100    36.5   33.1     2.6     0.000   0   87.59  254.7    4.7      --
123  04/07/2020  0200    35.7   33.1     2.5     0.000   5   90.32  240.3    4.5      --
124  04/07/2020  0300    34.8   33.1     2.3     0.000  10   93.42  225.4    4.6      --
125  04/07/2020  0400    34.0   33.0     2.2     0.000  10   96.46  211.9    4.9     409
126  04/07/2020  0500    33.1   32.2     2.1     0.000  10   96.44  208.1    4.6      --
127  04/07/2020  0600    32.5   31.6     2.0     0.000  10   96.43  203.9    4.3      --
128  04/07/2020  0700    33.6   32.7     1.9     0.000  10   96.45  199.0    4.1      --
129  04/07/2020  0800    36.5   30.6     1.8     0.000   5   78.84  193.5    3.8      --
130  04/07/2020  0900    41.4   30.0     1.7     0.000   0   63.65  187.4    3.7      --
131  04/07/2020  1000    47.5   29.3     1.6     0.000   0   49.09  180.8    3.5    5123
132  04/07/2020  1100    53.8   28.7     1.7     0.000   0   37.89  172.7    2.0      --
133  04/07/2020  1200    58.6   28.1     1.9     0.000   0   31.02  134.6    0.8      --
134  04/07/2020  1300    62.2   27.5     2.0     0.000   0   26.71   43.9    1.3      --
135  04/07/2020  1400    64.1   27.1     2.2     0.000   0   24.58   26.5    2.7      --
136  04/07/2020  1500    65.0   26.9     2.4     0.000   0   23.55   21.2    4.1      --
137  04/07/2020  1600    65.5   26.8     2.5     0.000   0   23.08   18.7    5.6    8338
138  04/07/2020  1700    65.6   26.8     4.1     0.000   0   23.01    0.1    6.4      --
139  04/07/2020  1800    61.9   26.8     5.6     0.000   0   26.14  346.5    7.7      --
140  04/07/2020  1900    54.5   28.3     7.1     0.000   0   36.33  337.2    9.2      --
141  04/07/2020  2000    50.4   28.8     8.7     0.000   0   43.07  330.8   11.0      --
142  04/07/2020  2100    48.1   28.7    10.2     0.000   0   46.88  326.1   12.8      --
143  04/07/2020  2200    45.7   28.2    11.7     0.000   0   50.13  322.6   14.7    8404
144  04/07/2020  2300    42.9   28.3    11.5     0.000   0   56.01  323.1   14.4      --
145  04/08/2020  0000    41.8   28.4    11.2     0.000   0   58.71  323.7   14.0      --
146  04/08/2020  0100    40.7   28.5    10.9     0.000   0   61.56  324.3   13.7      --
147  04/08/2020  0200    39.6   28.6    10.6     0.000   0   64.45  324.9   13.3      --
148  04/08/2020  0300    38.6   28.7    10.4     0.000   0   67.26  325.6   13.0      --
149  04/08/2020  0400    37.7   28.8    10.1     0.000   0   69.90  326.3   12.6    1167
150  04/08/2020  0500    36.9   28.9     8.9     0.000   0   72.27  327.9   11.6      --
151  04/08/2020  0600    36.5   28.9     7.8     0.000   0   73.63  329.8   10.6      --
152  04/08/2020  0700    37.3   28.6     6.6     0.000   0   70.41  332.1    9.6      --
153  04/08/2020  0800    39.9   29.8     5.4     0.000   0   67.02  335.0    8.7      --
154  04/08/2020  0900    44.0   29.8     4.2     0.000   0   57.09  338.5    7.7      --
155  04/08/2020  1000    49.5   29.8     3.0     0.000   0   46.50  343.0    6.8    4109
156  04/08/2020  1100    55.4   29.8     2.6     0.000   0   37.40  344.4    5.7      --
157  04/08/2020  1200    60.9   29.8     2.2     0.000   0   30.65  346.4    4.6      --
158  04/08/2020  1300    65.3   29.8     1.7     0.000   0   26.34  349.6    3.6      --
159  04/08/2020  1400    67.6   29.8     1.3     0.000   0   24.29  355.5    2.5      --
160  04/08/2020  1500    68.8   29.8     0.8     0.000   0   23.31    9.4    1.5      --
161  04/08/2020  1600    69.5   29.8     0.4     0.000   0   22.79   53.3    0.9    5866
162  04/08/2020  1700    69.7   29.8     2.4     0.000   0   22.63  209.5    2.0      --
163  04/08/2020  1800    67.2   29.8     4.5     0.000   0   24.58  213.8    4.7      --
164  04/08/2020  1900    62.3   30.8     6.5     0.000   0   30.43  214.9    7.5      --
165  04/08/2020  2000    59.6   31.8     8.6     0.000   0   34.85  215.4   10.3      --
166  04/08/2020  2100    57.3   31.6    10.6     0.000   0   37.57  215.7   13.1      --
167  04/08/2020  2200    54.9   29.8    12.7     0.000   0   38.03  215.9   15.9     474
