  Generated by FoxLW on Thursday April 2, 2020 at 02:32 PDT
-------------------------------------------------------------------------------
  Alder Ridge
  45.8500:-119.8900  (45 51' 0.00"N  119 53' 24.00"W)  elev 715.2 feet    file: 300031
-------------------------------------------------------------------------------

Line#   Date     Hour   TempF  DewPtF WS(mph)  Rain(in) LW    RH%  WDir_50m WS_50m Inv(ft)
  5  04/02/2020  0400    38.0   27.4     1.4     0.000   0   65.14  220.4    3.1     556
  6  04/02/2020  0500    37.5   27.3     1.5     0.000   0   66.25  207.0    3.0      --
  7  04/02/2020  0600    37.1   27.0     1.7     0.000   0   66.60  193.5    3.1      --
  8  04/02/2020  0700    37.3   26.6     1.8     0.000   0   64.99  181.3    3.4      --
  9  04/02/2020  0800    38.2   26.1     1.9     0.000   0   61.45  171.1    3.7      --
 10  04/02/2020  0900    39.8   23.5     2.0     0.000   0   51.74  162.9    4.2      --
 11  04/02/2020  1000    42.1   22.8     2.1     0.000   0   46.00  156.5    4.7  no_inv
 12  04/02/2020  1100    45.0   22.1     4.0     0.000   0   39.98  189.9    5.1      --
 13  04/02/2020  1200    49.6   21.5     5.9     0.000   0   32.75  212.5    6.8      --
 14  04/02/2020  1300    53.6   21.7     7.8     0.000   0   28.39  225.0    9.0      --
 15  04/02/2020  1400    55.9   22.1     9.7     0.000   0   26.65  232.2   11.6      --
 16  04/02/2020  1500    57.1   22.2    11.6     0.000   0   25.60  236.8   14.2      --
 17  04/02/2020  1600    57.7   21.7    13.5     0.000   0   24.54  240.0   16.9  no_inv
 18  04/02/2020  1700    57.8   21.6    13.6     0.000   0   24.39  252.2   14.3      --
 19  04/02/2020  1800    55.8   21.3    13.6     0.000   0   25.86  268.5   12.7      --
 20  04/02/2020  1900    51.8   21.1    13.7     0.000   0   29.69  287.8   12.3      --
 21  04/02/2020  2000    49.6   21.0    13.8     0.000   0   32.05  306.1   13.2      --
 22  04/02/2020  2100    47.2   20.9    13.9     0.000   0   34.89  320.7   15.4      --
 23  04/02/2020  2200    44.9   21.1    13.9     0.000   0   38.50  331.2   18.2     530
 24  04/02/2020  2300    42.3   21.4    13.8     0.000   0   42.87  321.8   16.5      --
 25  04/03/2020  0000    40.8   21.6    13.6     0.000   0   45.85  310.6   15.3      --
 26  04/03/2020  0100    39.4   21.8    13.4     0.000   0   48.84  298.0   14.8      --
 27  04/03/2020  0200    38.1   21.9    13.2     0.000   0   51.70  285.3   15.1      --
 28  04/03/2020  0300    36.9   22.0    13.0     0.000   0   54.29  273.6   16.0      --
 29  04/03/2020  0400    36.0   22.0    12.9     0.000   0   56.48  263.5   17.5     547
 30  04/03/2020  0500    35.2   22.0    13.9     0.000   0   58.26  259.6   18.5      --
 31  04/03/2020  0600    34.7   22.0    14.9     0.000   0   59.37  256.1   19.5      --
 32  04/03/2020  0700    35.2   22.1    16.0     0.000   0   58.44  252.9   20.5      --
 33  04/03/2020  0800    36.6   22.1    17.0     0.000   0   55.28  250.1   21.6      --
 34  04/03/2020  0900    39.1   22.1    18.0     0.000   0   50.20  247.5   22.8      --
 35  04/03/2020  1000    42.4   22.1    19.1     0.000   0   44.16  245.2   24.0  no_inv
 36  04/03/2020  1100    46.2   22.2    19.5     0.000   0   38.35  247.1   24.5      --
 37  04/03/2020  1200    50.0   22.2    20.0     0.000   0   33.25  248.8   25.0      --
 38  04/03/2020  1300    52.9   22.2    20.5     0.000   0   29.89  250.5   25.5      --
 39  04/03/2020  1400    54.4   22.3    20.9     0.000   0   28.34  252.2   26.1      --
 40  04/03/2020  1500    55.1   22.3    21.4     0.000   0   27.66  253.7   26.7      --
 41  04/03/2020  1600    55.4   22.3    21.8     0.000   0   27.38  255.2   27.3  no_inv
 42  04/03/2020  1700    55.3   22.3    19.3     0.000   0   27.45  258.2   24.0      --
 43  04/03/2020  1800    53.3   22.4    16.7     0.000   0   29.57  262.2   20.8      --
 44  04/03/2020  1900    49.3   22.7    14.2     0.000   0   34.81  267.5   17.7      --
 45  04/03/2020  2000    47.2   23.7    11.6     0.000   0   39.39  275.1   14.8      --
 46  04/03/2020  2100    44.8   24.3     9.1     0.000   0   44.03  285.9   12.3      --
 47  04/03/2020  2200    42.5   24.3     6.6     0.000   0   48.32  301.3   10.5     400
 48  04/03/2020  2300    40.5   24.0     5.9     0.000   0   51.49  307.3    8.6      --
 49  04/04/2020  0000    39.6   23.8     5.2     0.000   0   52.97  316.4    6.8      --
 50  04/04/2020  0100    38.6   23.5     4.5     0.000   0   54.02  331.1    5.3      --
 51  04/04/2020  0200    37.8   23.5     3.8     0.000   0   55.88  354.1    4.4      --
 52  04/04/2020  0300    37.0   23.5     3.1     0.000   0   57.63   21.9    4.5      --
 53  04/04/2020  0400    36.3   23.5     2.5     0.000   0   59.20   44.2    5.4     375
 54  04/04/2020  0500    35.8   23.5     2.7     0.000   0   60.54   47.5    6.0      --
 55  04/04/2020  0600    35.4   23.5     3.0     0.000   0   61.43   50.2    6.5      --
 56  04/04/2020  0700    35.7   23.5     3.2     0.000   0   60.57   52.5    7.1      --
 57  04/04/2020  0800    37.0   23.5     3.5     0.000   0   57.64   54.4    7.7      --
 58  04/04/2020  0900    39.2   23.3     3.8     0.000   0   52.48   56.1    8.3      --
 59  04/04/2020  1000    42.2   23.2     4.0     0.000   0   46.46   57.5    8.9  no_inv
 60  04/04/2020  1100    45.7   23.1     3.8     0.000   0   40.52   57.6    8.5      --
 61  04/04/2020  1200    49.1   23.0     3.7     0.000   0   35.56   57.8    8.1      --
 62  04/04/2020  1300    52.0   22.9     3.5     0.000   0   31.83   57.9    7.8      --
 63  04/04/2020  1400    53.6   22.9     3.4     0.000   0   29.87   58.1    7.4      --
 64  04/04/2020  1500    54.8   22.8     3.2     0.000   0   28.60   58.2    7.1      --
 65  04/04/2020  1600    55.5   22.8     3.0     0.000   0   27.79   58.4    6.7  no_inv
 66  04/04/2020  1700    56.1   22.9     4.2     0.000   0   27.35   66.8    7.5      --
 67  04/04/2020  1800    55.9   23.1     5.3     0.000   0   27.83   73.4    8.4      --
 68  04/04/2020  1900    55.5   24.1     6.4     0.000   0   29.43   78.7    9.4      --
 69  04/04/2020  2000    55.3   25.6     7.5     0.000   0   31.47   83.0   10.5      --
 70  04/04/2020  2100    53.0   26.7     8.7     0.000   0   35.86   86.4   11.6      --
 71  04/04/2020  2200    50.6   27.3     9.8     0.000   0   40.15   89.3   12.7  no_inv
 72  04/04/2020  2300    49.0   28.0     8.8     0.000   0   43.84   83.6   11.4      --
 73  04/05/2020  0000    47.9   28.1     7.8     0.000   0   46.02   76.4   10.3      --
 74  04/05/2020  0100    46.9   26.5     6.8     0.000   0   44.68   67.7    9.3      --
 75  04/05/2020  0200    46.1   25.2     5.7     0.000   0   43.67   57.2    8.6      --
 76  04/05/2020  0300    45.4   24.3     4.7     0.000   0   43.18   45.3    8.2      --
 77  04/05/2020  0400    44.9   22.9     3.7     0.000   0   41.42   32.8    8.2  no_inv
 78  04/05/2020  0500    44.6   22.9     4.4     0.000   0   41.91   38.3    8.6      --
 79  04/05/2020  0600    44.4   23.2     5.1     0.000   0   42.75   43.3    9.0      --
 80  04/05/2020  0700    44.5   24.9     5.8     0.000   0   45.75   47.8    9.5      --
 81  04/05/2020  0800    45.0   26.8     6.5     0.000   0   48.61   51.9   10.0      --
 82  04/05/2020  0900    46.0   29.1     7.2     0.000   0   51.51   55.5   10.6      --
 83  04/05/2020  1000    47.5   29.6     7.9     0.000   0   49.69   58.8   11.2  no_inv
 84  04/05/2020  1100    50.4   30.1     7.3     0.000   0   45.46   61.6   10.7      --
 85  04/05/2020  1200    55.4   30.5     6.6     0.000   0   38.43   64.6   10.3      --
 86  04/05/2020  1300    59.8   31.4     6.0     0.000   0   33.98   67.9    9.9      --
 87  04/05/2020  1400    61.9   32.0     5.3     0.000   0   32.29   71.5    9.5      --
 88  04/05/2020  1500    63.1   32.4     4.7     0.000   0   31.59   75.4    9.1      --
 89  04/05/2020  1600    63.3   32.8     4.0     0.000   0   31.70   79.5    8.8  no_inv
 90  04/05/2020  1700    62.1   32.8     4.1     0.000   0   33.12   87.8    5.9      --
 91  04/05/2020  1800    60.2   32.4     4.2     0.000   0   35.03  110.3    3.3      --
 92  04/05/2020  1900    56.1   32.0     4.4     0.000   0   39.80  171.9    2.6      --
 93  04/05/2020  2000    53.9   32.0     4.5     0.000   0   43.14  211.6    4.6      --
 94  04/05/2020  2100    51.6   35.0     4.6     0.000   0   52.94  224.3    7.4      --
 95  04/05/2020  2200    49.2   40.4     4.7     0.020   0   71.39  230.0   10.4     788
 96  04/05/2020  2300    48.0   40.9     6.0     0.000   0   76.12  250.2    8.6      --
 97  04/06/2020  0000    48.2   40.9     7.3     0.000   0   75.66  276.0    8.2      --
 98  04/06/2020  0100    48.2   40.7     8.6     0.000   0   74.89  299.1    9.5      --
 99  04/06/2020  0200    48.2   40.1    10.0     0.000   0   73.50  314.8   11.9      --
100  04/06/2020  0300    48.0   36.5    11.3     0.000   0   64.16  324.8   14.9      --
101  04/06/2020  0400    47.8   31.1    12.6     0.000   0   52.09  331.3   18.2     256
102  04/06/2020  0500    47.6   31.7    10.6     0.000   0   53.91  331.5   15.0      --
103  04/06/2020  0600    47.3   32.4     8.5     0.000   0   55.81  331.6   11.9      --
104  04/06/2020  0700    47.4   32.3     6.5     0.000   0   55.63  332.0    8.7      --
105  04/06/2020  0800    47.8   32.5     4.4     0.000   0   55.20  332.6    5.6      --
106  04/06/2020  0900    48.6   32.5     2.4     0.000   0   53.62  335.1    2.4      --
107  04/06/2020  1000    49.7   32.5     0.3     0.000   0   51.34  136.7    0.8    5579
108  04/06/2020  1100    52.1   32.5     3.0     0.000   0   47.00  227.8    3.3      --
109  04/06/2020  1200    57.0   32.5     5.7     0.000   0   39.40  234.2    6.7      --
110  04/06/2020  1300    61.5   32.8     8.3     0.000   0   33.85  236.3   10.1      --
111  04/06/2020  1400    63.7   33.2    11.0     0.000   0   31.97  237.3   13.6      --
112  04/06/2020  1500    64.9   33.1    13.6     0.000   0   30.38  237.9   17.0      --
113  04/06/2020  1600    65.3   32.5    16.3     0.000   0   29.29  238.4   20.4  no_inv
114  04/06/2020  1700    64.5   33.1    14.1     0.000   0   30.88  240.8   18.0      --
115  04/06/2020  1800    62.2   33.2    12.0     0.000   0   33.66  243.9   15.6      --
116  04/06/2020  1900    57.6   33.7     9.8     0.000   0   40.40  248.2   13.2      --
117  04/06/2020  2000    55.0   33.8     7.6     0.000   0   44.54  254.2   11.0      --
118  04/06/2020  2100    52.7   33.4     5.4     0.000   0   47.74  263.2    8.9      --
119  04/06/2020  2200    50.3   33.4     3.2     0.000   0   51.95  276.9    7.2     453
120  04/06/2020  2300    48.7   33.4     3.0     0.000   0   55.32  277.9    6.6      --
121  04/07/2020  0000    47.7   33.7     2.7     0.000   0   58.03  279.1    6.0      --
122  04/07/2020  0100    46.7   33.7     2.4     0.000   0   60.25  280.6    5.4      --
123  04/07/2020  0200    45.7   33.7     2.2     0.000   0   62.48  282.5    4.8      --
124  04/07/2020  0300    44.8   33.7     1.9     0.000   0   64.62  284.9    4.2      --
125  04/07/2020  0400    44.0   33.7     1.6     0.000   0   66.62  288.1    3.6     474
126  04/07/2020  0500    43.4   33.7     1.4     0.000   0   68.38  284.4    3.0      --
127  04/07/2020  0600    42.9   33.7     1.3     0.000   0   69.48  278.7    2.3      --
128  04/07/2020  0700    43.3   33.7     1.1     0.000   0   68.58  269.0    1.8      --
129  04/07/2020  0800    44.4   28.3     0.9     0.000   0   52.76  251.1    1.3      --
130  04/07/2020  0900    46.5   28.0     0.7     0.000   0   48.23  219.2    1.0      --
131  04/07/2020  1000    49.3   27.6     0.5     0.000   0   42.74  184.7    1.2    2718
132  04/07/2020  1100    52.8   27.3     0.6     0.000   0   36.97  175.9    0.7      --
133  04/07/2020  1200    58.2   27.0     0.7     0.000   0   30.09  128.2    0.2      --
134  04/07/2020  1300    62.8   26.7     0.7     0.000   0   25.26   42.7    0.5      --
135  04/07/2020  1400    65.4   26.5     0.8     0.000   0   22.85   28.7    1.0      --
136  04/07/2020  1500    66.8   26.4     0.9     0.000   0   21.68   24.2    1.5      --
137  04/07/2020  1600    67.5   26.3     0.9     0.000   0   21.09   22.0    2.0    8424
138  04/07/2020  1700    67.8   26.4     3.8     0.000   0   20.96  351.2    5.3      --
139  04/07/2020  1800    66.1   26.5     6.6     0.000   0   22.32  344.5    8.9      --
140  04/07/2020  1900    62.8   28.8     9.4     0.000   0   27.51  341.6   12.5      --
141  04/07/2020  2000    61.0   27.1    12.2     0.000   0   27.41  340.0   16.2      --
142  04/07/2020  2100    58.6   27.5    15.1     0.000   0   30.27  339.0   19.9      --
143  04/07/2020  2200    56.3   27.9    17.9     0.000   0   33.49  338.4   23.5     594
144  04/07/2020  2300    54.2   28.3    15.4     0.000   0   36.68  336.0   20.3      --
145  04/08/2020  0000    53.1   28.7    12.9     0.000   0   38.80  332.8   17.1      --
146  04/08/2020  0100    52.1   30.4    10.4     0.000   0   43.15  328.1   13.9      --
147  04/08/2020  0200    51.2   30.7     7.9     0.000   0   45.23  320.7   10.9      --
148  04/08/2020  0300    50.5   29.4     5.4     0.000   0   43.99  308.3    8.3      --
149  04/08/2020  0400    49.8   28.2     2.9     0.000   0   43.02  286.4    6.3     620
150  04/08/2020  0500    49.3   27.5     2.7     0.000   0   42.55  289.0    4.5      --
151  04/08/2020  0600    49.1   26.5     2.6     0.000   0   41.22  295.1    2.7      --
152  04/08/2020  0700    49.3   26.5     2.5     0.000   0   40.79  321.0    1.1      --
153  04/08/2020  0800    50.3   29.1     2.4     0.000   0   43.80   64.6    1.2      --
154  04/08/2020  0900    51.9   28.9     2.2     0.000   0   40.90   85.8    2.9      --
155  04/08/2020  1000    54.2   28.7     2.1     0.000   0   37.27   91.2    4.7    3595
156  04/08/2020  1100    57.1   28.5     1.9     0.000   0   33.28   96.3    4.0      --
157  04/08/2020  1200    61.7   28.2     1.7     0.000   0   27.96  103.3    3.3      --
158  04/08/2020  1300    65.7   28.1     1.5     0.000   0   24.13  113.6    2.8      --
159  04/08/2020  1400    67.9   27.9     1.4     0.000   0   22.22  128.6    2.3      --
160  04/08/2020  1500    69.1   27.9     1.2     0.000   0   21.32  148.6    2.1      --
161  04/08/2020  1600    69.6   27.8     1.0     0.000   0   20.89  170.3    2.1    5942
162  04/08/2020  1700    69.7   27.8     3.0     0.000   0   20.80  215.7    3.6      --
163  04/08/2020  1800    69.0   27.8     4.9     0.000   0   21.32  230.7    5.9      --
164  04/08/2020  1900    67.6   29.1     6.9     0.000   0   23.67  237.1    8.4      --
165  04/08/2020  2000    66.7   29.8     8.9     0.000   0   25.02  240.5   10.9      --
166  04/08/2020  2100    64.4   29.5    10.9     0.000   0   26.82  242.7   13.5      --
167  04/08/2020  2200    62.1   27.8    12.9     0.000   0   27.14  244.1   16.1     469
