  Generated by FoxLW on Thursday April 2, 2020 at 02:32 PDT
-------------------------------------------------------------------------------
  Wallula
  46.0800:-118.9100  (46 4' 48.00"N  118 54' 36.00"W)  elev 367.5 feet    file: 300038
-------------------------------------------------------------------------------

Line#   Date     Hour   TempF  DewPtF WS(mph)  Rain(in) LW    RH%  WDir_50m WS_50m Inv(ft)
  5  04/02/2020  0400    36.7   25.5     5.6     0.000   0   63.76  317.0   10.1    1532
  6  04/02/2020  0500    36.1   25.4     4.8     0.000   0   64.80  316.9    8.8      --
  7  04/02/2020  0600    35.7   25.1     4.1     0.000   0   64.94  316.8    7.4      --
  8  04/02/2020  0700    36.0   24.6     3.3     0.000   0   62.87  316.7    6.1      --
  9  04/02/2020  0800    37.0   23.9     2.5     0.000   0   58.59  316.5    4.8      --
 10  04/02/2020  0900    38.9   21.0     1.7     0.000   0   48.29  316.2    3.4      --
 11  04/02/2020  1000    41.6   20.1     0.9     0.000   0   41.90  315.5    2.1  no_inv
 12  04/02/2020  1100    44.9   19.3     1.0     0.000   0   35.58  299.5    1.8      --
 13  04/02/2020  1200    49.3   18.5     1.1     0.000   0   29.00  279.0    1.7      --
 14  04/02/2020  1300    53.1   17.7     1.1     0.000   0   24.47  258.1    1.8      --
 15  04/02/2020  1400    55.2   17.2     1.2     0.000   0   22.17  241.4    2.1      --
 16  04/02/2020  1500    56.2   16.9     1.3     0.000   0   21.04  229.6    2.5      --
 17  04/02/2020  1600    56.7   16.7     1.3     0.000   0   20.55  221.5    3.0  no_inv
 18  04/02/2020  1700    56.2   16.9     2.0     0.000   0   21.09  232.6    4.0      --
 19  04/02/2020  1800    55.3   17.6     2.7     0.000   0   22.53  239.1    5.1      --
 20  04/02/2020  1900    54.7   17.6     3.3     0.000   0   22.98  243.2    6.2      --
 21  04/02/2020  2000    52.4   17.6     4.0     0.000   0   25.04  246.0    7.4      --
 22  04/02/2020  2100    50.0   17.6     4.7     0.000   0   27.30  248.1    8.6      --
 23  04/02/2020  2200    47.7   18.4     5.3     0.000   0   30.74  249.6    9.8     781
 24  04/02/2020  2300    44.9   18.7     5.4     0.000   0   34.59  245.7   10.1      --
 25  04/03/2020  0000    42.9   19.0     5.4     0.000   0   37.87  242.1   10.5      --
 26  04/03/2020  0100    41.1   19.3     5.5     0.000   0   41.21  238.8   10.9      --
 27  04/03/2020  0200    39.5   19.7     5.5     0.000   0   44.45  235.7   11.4      --
 28  04/03/2020  0300    38.2   20.0     5.6     0.000   0   47.42  232.9   11.9      --
 29  04/03/2020  0400    37.1   20.2     5.6     0.000   0   49.95  230.3   12.4     825
 30  04/03/2020  0500    36.3   25.6     7.7     0.000   0   64.64  231.6   14.1      --
 31  04/03/2020  0600    35.9   30.0     9.8     0.000   0   78.75  232.7   15.9      --
 32  04/03/2020  0700    36.4   28.8    12.0     0.000   0   73.60  233.6   17.6      --
 33  04/03/2020  0800    38.0   26.7    14.1     0.000   0   63.56  234.2   19.4      --
 34  04/03/2020  0900    40.7   25.9    16.2     0.000   0   55.25  234.8   21.1      --
 35  04/03/2020  1000    44.3   25.0    18.3     0.000   0   46.38  235.3   22.9  no_inv
 36  04/03/2020  1100    48.2   24.1    18.2     0.000   0   38.52  236.6   22.8      --
 37  04/03/2020  1200    52.0   23.3    18.2     0.000   0   32.35  237.9   22.7      --
 38  04/03/2020  1300    54.8   22.6    18.1     0.000   0   28.33  239.2   22.6      --
 39  04/03/2020  1400    56.2   22.0    18.0     0.000   0   26.30  240.5   22.5      --
 40  04/03/2020  1500    56.8   21.7    18.0     0.000   0   25.33  241.8   22.4      --
 41  04/03/2020  1600    57.1   21.6    17.9     0.000   0   24.97  243.1   22.3  no_inv
 42  04/03/2020  1700    56.0   21.7    16.4     0.000   0   26.07  249.0   19.5      --
 43  04/03/2020  1800    53.8   22.3    14.9     0.000   0   29.03  256.7   16.9      --
 44  04/03/2020  1900    52.6   22.8    13.5     0.000   0   30.92  266.9   14.8      --
 45  04/03/2020  2000    50.2   22.9    12.0     0.000   0   33.94  280.0   13.2      --
 46  04/03/2020  2100    47.9   25.1    10.6     0.000   0   40.65  295.6   12.5      --
 47  04/03/2020  2200    45.5   26.2     9.1     0.000   0   46.48  311.6   12.8  no_inv
 48  04/03/2020  2300    43.4   26.8     7.8     0.000   0   51.57  309.4   11.0      --
 49  04/04/2020  0000    42.2   26.0     6.6     0.000   0   52.49  306.4    9.3      --
 50  04/04/2020  0100    41.0   25.5     5.3     0.000   0   53.52  301.9    7.6      --
 51  04/04/2020  0200    40.0   25.0     4.1     0.000   0   54.67  295.0    6.0      --
 52  04/04/2020  0300    39.1   24.1     2.8     0.000   0   54.53  283.3    4.5      --
 53  04/04/2020  0400    38.3   24.1     1.5     0.000   0   56.17  262.4    3.4    1601
 54  04/04/2020  0500    37.7   24.1     1.7     0.000   0   57.50  280.2    2.9      --
 55  04/04/2020  0600    37.4   24.1     1.8     0.000   0   58.33  301.7    2.8      --
 56  04/04/2020  0700    37.6   24.1     2.0     0.000   0   57.73  321.7    3.1      --
 57  04/04/2020  0800    38.7   26.4     2.1     0.000   0   61.06  336.8    3.7      --
 58  04/04/2020  0900    40.5   26.2     2.3     0.000   0   56.30  347.3    4.5      --
 59  04/04/2020  1000    43.1   25.9     2.4     0.000   0   50.43  354.5    5.4  no_inv
 60  04/04/2020  1100    46.2   25.7     3.1     0.000   0   44.28  352.6    6.2      --
 61  04/04/2020  1200    49.7   25.4     3.8     0.000   0   38.43  351.2    7.1      --
 62  04/04/2020  1300    52.9   25.7     4.5     0.000   0   34.57  350.1    7.9      --
 63  04/04/2020  1400    54.9   26.1     5.1     0.000   0   32.74  349.2    8.8      --
 64  04/04/2020  1500    56.2   26.6     5.8     0.000   0   31.90  348.5    9.6      --
 65  04/04/2020  1600    57.1   27.2     6.5     0.000   0   31.54  347.9   10.4  no_inv
 66  04/04/2020  1700    57.7   27.2     5.8     0.000   0   30.89  349.4    7.9      --
 67  04/04/2020  1800    57.8   26.5     5.0     0.000   0   29.93  352.1    5.4      --
 68  04/04/2020  1900    56.2   26.5     4.3     0.000   0   31.68  359.7    3.0      --
 69  04/04/2020  2000    54.4   26.5     3.6     0.000   0   33.91   52.7    0.9      --
 70  04/04/2020  2100    52.5   26.5     2.9     0.000   0   36.31  142.6    2.4      --
 71  04/04/2020  2200    50.6   26.5     2.2     0.000   0   38.91  153.3    4.8  no_inv
 72  04/04/2020  2300    49.0   26.5     2.6     0.000   0   41.39  166.8    5.3      --
 73  04/05/2020  0000    48.0   26.5     3.0     0.000   0   42.93  177.6    6.0      --
 74  04/05/2020  0100    47.1   26.5     3.3     0.000   0   44.37  186.0    6.8      --
 75  04/05/2020  0200    46.3   26.5     3.7     0.000   0   45.67  192.3    7.8      --
 76  04/05/2020  0300    45.7   26.5     4.1     0.000   0   46.78  197.2    8.9      --
 77  04/05/2020  0400    45.2   26.5     4.5     0.000   0   47.66  201.1   10.0    1061
 78  04/05/2020  0500    44.8   26.5     4.3     0.000   0   48.30  208.5    7.5      --
 79  04/05/2020  0600    44.6   26.5     4.2     0.000   0   48.69  222.6    5.3      --
 80  04/05/2020  0700    44.7   26.5     4.0     0.000   0   48.59  251.4    3.8      --
 81  04/05/2020  0800    45.1   31.9     3.8     0.000   0   59.71  292.1    3.9      --
 82  04/05/2020  0900    45.8   37.3     3.7     0.000   0   71.94  318.9    5.5      --
 83  04/05/2020  1000    47.0   37.8     3.5     0.000   0   70.23  332.0    7.8  no_inv
 84  04/05/2020  1100    49.0   37.8     3.8     0.000   0   65.04  345.8    5.9      --
 85  04/05/2020  1200    52.5   37.3     4.0     0.000   0   56.25    9.2    4.6      --
 86  04/05/2020  1300    55.8   37.5     4.3     0.000   0   50.20   40.5    4.5      --
 87  04/05/2020  1400    57.8   37.7     4.5     0.000   0   46.97   65.8    5.6      --
 88  04/05/2020  1500    59.3   37.8     4.8     0.000   0   44.72   80.9    7.4      --
 89  04/05/2020  1600    60.2   37.8     5.0     0.000   0   43.34   89.8    9.5  no_inv
 90  04/05/2020  1700    60.6   37.8     5.7     0.000   0   42.72  103.6    5.0      --
 91  04/05/2020  1800    59.6   37.9     6.4     0.000   0   44.36  177.3    2.4      --
 92  04/05/2020  1900    57.6   39.3     7.0     0.000   0   50.30  232.3    5.8      --
 93  04/05/2020  2000    56.5   39.9     7.7     0.000   0   53.66  243.0   10.4      --
 94  04/05/2020  2100    54.2   40.3     8.4     0.000   0   59.30  247.0   15.2      --
 95  04/05/2020  2200    51.8   40.5     9.1     0.000   0   65.03  249.1   20.0     788
 96  04/05/2020  2300    50.3   40.6     8.5     0.000   0   69.28  247.6   18.8      --
 97  04/06/2020  0000    49.2   40.7     8.0     0.000   0   72.52  245.9   17.5      --
 98  04/06/2020  0100    48.1   40.3     7.4     0.000   0   74.11  243.9   16.3      --
 99  04/06/2020  0200    47.2   39.8     6.9     0.000   0   75.28  241.5   15.1      --
100  04/06/2020  0300    46.3   40.7     6.3     0.000   0   80.71  238.8   13.9      --
101  04/06/2020  0400    45.6   41.7     5.8     0.010   0   85.85  235.6   12.8    1248
102  04/06/2020  0500    44.6   39.6     5.6     0.000   0   82.52  243.7   11.0      --
103  04/06/2020  0600    44.3   39.3     5.4     0.000   0   82.45  254.5    9.6      --
104  04/06/2020  0700    44.3   38.8     5.3     0.000   0   80.98  268.6    8.6      --
105  04/06/2020  0800    44.8   38.5     5.1     0.000   0   78.66  285.1    8.2      --
106  04/06/2020  0900    45.6   38.1     4.9     0.000   0   74.74  301.8    8.5      --
107  04/06/2020  1000    48.6   35.6     4.7     0.000   0   60.50  316.1    9.5  no_inv
108  04/06/2020  1100    51.5   34.7     5.2     0.000   0   52.43  305.5    8.9      --
109  04/06/2020  1200    55.4   33.8     5.7     0.000   0   43.98  294.1    8.7      --
110  04/06/2020  1300    58.8   33.8     6.2     0.000   0   38.89  282.5    8.9      --
111  04/06/2020  1400    60.8   34.2     6.6     0.000   0   36.70  271.8    9.4      --
112  04/06/2020  1500    62.3   34.9     7.1     0.000   0   35.87  262.4   10.1      --
113  04/06/2020  1600    63.2   35.8     7.6     0.000   0   36.00  254.5   11.1    1723
114  04/06/2020  1700    63.3   35.8     9.0     0.000   0   35.95  269.3   11.4      --
115  04/06/2020  1800    61.4   34.7    10.5     0.000   0   36.74  282.8   12.3      --
116  04/06/2020  1900    57.5   34.1    11.9     0.000   0   41.22  293.8   13.8      --
117  04/06/2020  2000    55.4   32.7    13.4     0.000   0   42.00  302.4   15.7      --
118  04/06/2020  2100    53.0   32.3    14.8     0.000   0   45.18  309.0   17.9      --
119  04/06/2020  2200    50.7   32.4    16.2     0.000   0   49.43  314.1   20.3    8537
120  04/06/2020  2300    48.6   32.5    14.3     0.000   0   53.60  308.6   17.0      --
121  04/07/2020  0000    47.0   32.6    12.4     0.000   0   57.14  300.7   14.0      --
122  04/07/2020  0100    45.4   34.2    10.4     0.000   0   64.51  288.7   11.4      --
123  04/07/2020  0200    44.0   34.7     8.5     0.000   0   69.73  270.9    9.5      --
124  04/07/2020  0300    42.7   34.8     6.6     0.000   0   73.33  247.9    8.9      --
125  04/07/2020  0400    41.6   34.8     4.7     0.000   0   76.49  225.4    9.7     752
126  04/07/2020  0500    40.7   34.8     4.4     0.000   0   79.08  223.7    9.3      --
127  04/07/2020  0600    40.3   34.8     4.2     0.000   0   80.51  221.7    8.8      --
128  04/07/2020  0700    40.8   34.8     3.9     0.000   0   78.77  219.5    8.4      --
129  04/07/2020  0800    42.5   31.9     3.7     0.000   0   65.89  217.1    7.9      --
130  04/07/2020  0900    45.4   31.5     3.5     0.000   0   58.08  214.4    7.5      --
131  04/07/2020  1000    49.2   31.1     3.2     0.000   0   49.40  211.4    7.1    6076
132  04/07/2020  1100    53.5   30.6     2.8     0.000   0   41.38  212.9    5.6      --
133  04/07/2020  1200    58.2   30.2     2.5     0.000   0   34.42  215.5    4.1      --
134  04/07/2020  1300    61.8   29.9     2.1     0.000   0   29.85  221.1    2.6      --
135  04/07/2020  1400    63.7   29.6     1.7     0.000   0   27.62  240.2    1.2      --
136  04/07/2020  1500    64.6   29.4     1.3     0.000   0   26.55  331.6    0.9      --
137  04/07/2020  1600    65.0   29.4     1.0     0.000   0   26.07    6.7    2.1  no_inv
138  04/07/2020  1700    65.1   29.4     1.3     0.000   0   26.02  339.0    2.3      --
139  04/07/2020  1800    63.1   29.4     1.6     0.000   0   27.88  318.2    2.8      --
140  04/07/2020  1900    59.1   29.6     1.9     0.000   0   32.47  305.4    3.6      --
141  04/07/2020  2000    56.9   29.6     2.3     0.000   0   35.17  297.4    4.5      --
142  04/07/2020  2100    54.5   29.6     2.6     0.000   0   38.28  292.1    5.5      --
143  04/07/2020  2200    52.2   29.6     2.9     0.000   0   41.71  288.5    6.4    5455
144  04/07/2020  2300    49.9   29.6     2.9     0.000   0   45.41  291.1    6.4      --
145  04/08/2020  0000    48.7   29.6     2.9     0.000   0   47.54  293.6    6.4      --
146  04/08/2020  0100    47.5   29.6     2.9     0.000   0   49.64  296.2    6.4      --
147  04/08/2020  0200    46.5   29.6     2.9     0.000   0   51.63  298.8    6.4      --
148  04/08/2020  0300    45.5   29.6     3.0     0.000   0   53.43  301.4    6.5      --
149  04/08/2020  0400    44.8   29.6     3.0     0.000   0   54.98  303.9    6.5    1594
150  04/08/2020  0500    44.2   29.6     3.0     0.000   0   56.22  308.0    6.5      --
151  04/08/2020  0600    43.8   29.6     3.0     0.000   0   57.00  312.1    6.5      --
152  04/08/2020  0700    44.3   29.6     3.0     0.000   0   55.92  316.1    6.6      --
153  04/08/2020  0800    45.9   29.8     3.1     0.000   0   53.16  320.0    6.7      --
154  04/08/2020  0900    48.5   29.8     3.1     0.000   0   48.19  323.9    6.8      --
155  04/08/2020  1000    52.0   29.8     3.1     0.000   0   42.24  327.5    6.9    3091
156  04/08/2020  1100    56.2   29.8     2.8     0.000   0   36.30  329.5    6.1      --
157  04/08/2020  1200    61.2   29.8     2.4     0.000   0   30.31  332.0    5.2      --
158  04/08/2020  1300    65.3   29.8     2.0     0.000   0   26.25  335.7    4.4      --
159  04/08/2020  1400    67.6   29.8     1.7     0.000   0   24.30  341.0    3.5      --
160  04/08/2020  1500    68.7   29.8     1.3     0.000   0   23.39  349.5    2.8      --
161  04/08/2020  1600    69.3   29.8     0.9     0.000   0   22.92    3.9    2.1    4573
162  04/08/2020  1700    69.4   29.8     2.8     0.000   0   22.81  269.9    1.8      --
163  04/08/2020  1800    67.9   29.8     4.7     0.000   0   24.02  240.2    4.2      --
164  04/08/2020  1900    64.8   30.9     6.6     0.000   0   27.92  233.0    6.9      --
165  04/08/2020  2000    63.1   31.8     8.5     0.000   0   30.79  229.9    9.7      --
166  04/08/2020  2100    60.8   31.7    10.4     0.000   0   33.27  228.2   12.5      --
167  04/08/2020  2200    58.4   29.8    12.2     0.000   0   33.51  227.1   15.3     737
