  Generated by FoxLW on Thursday April 2, 2020 at 02:32 PDT
-------------------------------------------------------------------------------
  Smith Canyon East
  46.2800:-118.9900  (46 16' 48.00"N  118 59' 24.00"W)  elev 511.8 feet    file: 300023
-------------------------------------------------------------------------------

Line#   Date     Hour   TempF  DewPtF WS(mph)  Rain(in) LW    RH%  WDir_50m WS_50m Inv(ft)
  5  04/02/2020  0400    31.8   23.5     4.4     0.000   0   70.90  320.1    9.5     710
  6  04/02/2020  0500    31.3   23.5     3.9     0.000   0   72.46  316.3    8.1      --
  7  04/02/2020  0600    30.8   23.4     3.4     0.000   0   73.52  310.8    6.7      --
  8  04/02/2020  0700    31.3   23.2     3.0     0.000   0   71.76  302.6    5.4      --
  9  04/02/2020  0800    32.9   23.1     2.5     0.000   0   66.74  289.8    4.3      --
 10  04/02/2020  0900    35.7   20.9     2.0     0.000   0   54.34  269.9    3.5      --
 11  04/02/2020  1000    39.5   20.6     1.5     0.000   0   46.43  244.0    3.4  no_inv
 12  04/02/2020  1100    43.6   20.4     1.6     0.000   0   39.28  236.1    3.3      --
 13  04/02/2020  1200    46.7   20.2     1.6     0.000   0   34.60  228.1    3.3      --
 14  04/02/2020  1300    49.3   20.0     1.6     0.000   0   31.12  220.1    3.3      --
 15  04/02/2020  1400    50.9   19.9     1.7     0.000   0   29.13  212.6    3.5      --
 16  04/02/2020  1500    51.9   19.8     1.7     0.000   0   27.98  205.7    3.7      --
 17  04/02/2020  1600    52.6   19.8     1.8     0.000   0   27.21  199.5    3.9  no_inv
 18  04/02/2020  1700    53.1   19.9     3.0     0.000   0   26.90  233.4    3.6      --
 19  04/02/2020  1800    53.3   20.3     4.2     0.000   0   27.09  261.9    4.5      --
 20  04/02/2020  1900    52.1   20.7     5.4     0.000   0   28.78  278.2    6.1      --
 21  04/02/2020  2000    50.5   22.2     6.7     0.000   0   32.62  287.3    8.0      --
 22  04/02/2020  2100    48.8   24.4     7.9     0.000   0   38.16  292.8   10.0      --
 23  04/02/2020  2200    47.1   25.5     9.1     0.000   0   42.61  296.5   12.1  no_inv
 24  04/02/2020  2300    44.4   26.5     8.3     0.000   0   49.19  290.1   11.1      --
 25  04/03/2020  0000    42.4   26.2     7.5     0.000   0   52.38  282.7   10.4      --
 26  04/03/2020  0100    40.7   24.8     6.7     0.000   0   52.68  274.2    9.7      --
 27  04/03/2020  0200    39.2   23.2     5.9     0.000   0   52.24  264.8    9.4      --
 28  04/03/2020  0300    38.0   22.1     5.1     0.000   0   52.39  255.0    9.3      --
 29  04/03/2020  0400    37.0   20.3     4.3     0.000   0   50.36  245.2    9.5     684
 30  04/03/2020  0500    36.4   20.4     5.0     0.000   0   51.86  245.2    9.8      --
 31  04/03/2020  0600    36.0   22.4     5.8     0.000   0   57.43  245.3   10.2      --
 32  04/03/2020  0700    36.3   24.1     6.5     0.000   0   60.79  245.3   10.6      --
 33  04/03/2020  0800    37.5   25.1     7.3     0.000   0   60.63  245.3   11.0      --
 34  04/03/2020  0900    39.6   23.5     8.0     0.000   0   52.03  245.3   11.3      --
 35  04/03/2020  1000    42.5   22.1     8.8     0.000   0   43.91  245.4   11.7  no_inv
 36  04/03/2020  1100    46.0   20.8     9.4     0.000   0   36.36  253.0   11.9      --
 37  04/03/2020  1200    50.2   19.5     9.9     0.000   0   29.40  260.3   12.2      --
 38  04/03/2020  1300    53.7   19.0    10.5     0.000   0   25.34  267.0   12.8      --
 39  04/03/2020  1400    55.5   19.0    11.1     0.000   0   23.66  273.1   13.5      --
 40  04/03/2020  1500    56.3   19.1    11.7     0.000   0   23.09  278.6   14.4      --
 41  04/03/2020  1600    56.8   19.4    12.3     0.000   0   22.98  283.4   15.3  no_inv
 42  04/03/2020  1700    55.4   18.7    13.4     0.000   0   23.49  291.9   16.1      --
 43  04/03/2020  1800    52.5   17.9    14.5     0.000   0   25.20  299.5   17.2      --
 44  04/03/2020  1900    51.0   17.9    15.6     0.000   0   26.63  306.1   18.5      --
 45  04/03/2020  2000    48.7   18.4    16.7     0.000   0   29.73  311.7   20.1      --
 46  04/03/2020  2100    46.3   19.1    17.9     0.000   0   33.45  316.5   21.8      --
 47  04/03/2020  2200    44.0   19.9    19.0     0.000   0   37.76  320.6   23.7  no_inv
 48  04/03/2020  2300    41.5   20.6    16.2     0.000   0   42.82  321.0   20.6      --
 49  04/04/2020  0000    40.1   21.3    13.4     0.000   0   46.56  321.6   17.5      --
 50  04/04/2020  0100    38.8   23.2    10.6     0.000   0   53.07  322.5   14.4      --
 51  04/04/2020  0200    37.6   23.8     7.9     0.000   0   57.02  323.9   11.2      --
 52  04/04/2020  0300    36.6   22.6     5.1     0.000   0   56.60  326.3    8.2      --
 53  04/04/2020  0400    35.7   21.5     2.3     0.000   0   56.06  331.6    5.1    1187
 54  04/04/2020  0500    34.9   20.9     2.1     0.000   0   56.06  336.9    4.5      --
 55  04/04/2020  0600    34.5   19.9     2.0     0.000   0   54.63  343.7    3.9      --
 56  04/04/2020  0700    34.9   19.9     1.8     0.000   0   53.72  352.7    3.4      --
 57  04/04/2020  0800    36.4   23.0     1.6     0.000   0   57.87    4.2    3.0      --
 58  04/04/2020  0900    38.9   23.0     1.4     0.000   0   52.36   18.3    2.8      --
 59  04/04/2020  1000    42.4   23.0     1.3     0.000   0   45.79   33.7    2.8  no_inv
 60  04/04/2020  1100    46.3   23.0     1.5     0.000   0   39.50   23.0    3.1      --
 61  04/04/2020  1200    49.8   23.0     1.7     0.000   0   34.60   14.6    3.6      --
 62  04/04/2020  1300    52.8   23.0     1.9     0.000   0   30.93    8.2    4.1      --
 63  04/04/2020  1400    54.6   23.0     2.2     0.000   0   28.99    3.2    4.6      --
 64  04/04/2020  1500    55.8   23.0     2.4     0.000   0   27.77  359.3    5.2      --
 65  04/04/2020  1600    56.6   23.0     2.6     0.000   0   26.94  356.1    5.8  no_inv
 66  04/04/2020  1700    57.2   23.1     2.8     0.000   0   26.56    2.5    6.1      --
 67  04/04/2020  1800    57.1   23.4     3.0     0.000   0   26.87    8.0    6.5      --
 68  04/04/2020  1900    55.5   23.4     3.3     0.000   0   28.49   12.9    7.0      --
 69  04/04/2020  2000    53.7   23.4     3.5     0.000   0   30.46   17.0    7.6      --
 70  04/04/2020  2100    51.9   23.4     3.7     0.000   0   32.57   20.7    8.1      --
 71  04/04/2020  2200    50.0   23.4     3.9     0.000   0   34.85   23.8    8.7  no_inv
 72  04/04/2020  2300    48.2   23.4     3.7     0.000   0   37.28   16.7    6.9      --
 73  04/05/2020  0000    47.1   23.4     3.5     0.000   0   38.88    5.0    5.3      --
 74  04/05/2020  0100    46.1   23.4     3.2     0.000   0   40.36  344.9    4.1      --
 75  04/05/2020  0200    45.3   23.4     3.0     0.000   0   41.69  315.0    3.7      --
 76  04/05/2020  0300    44.6   23.4     2.8     0.000   0   42.80  286.9    4.3      --
 77  04/05/2020  0400    44.0   23.4     2.5     0.000   0   43.67  269.1    5.6    1642
 78  04/05/2020  0500    43.7   23.4     2.6     0.000   0   44.27  278.9    5.2      --
 79  04/05/2020  0600    43.5   23.4     2.6     0.000   0   44.67  289.9    5.0      --
 80  04/05/2020  0700    43.6   23.4     2.6     0.000   0   44.35  301.5    5.0      --
 81  04/05/2020  0800    44.4   28.8     2.7     0.000   0   53.82  312.8    5.2      --
 82  04/05/2020  0900    45.9   32.0     2.7     0.000   0   57.98  323.0    5.5      --
 83  04/05/2020  1000    48.0   32.0     2.7     0.000   0   53.57  331.6    6.0  no_inv
 84  04/05/2020  1100    50.9   32.0     2.5     0.000   0   48.04  335.9    5.3      --
 85  04/05/2020  1200    54.5   32.0     2.2     0.000   0   42.09  341.5    4.6      --
 86  04/05/2020  1300    57.7   32.0     2.0     0.000   0   37.58  349.0    3.9      --
 87  04/05/2020  1400    59.5   32.0     1.7     0.000   0   35.21  359.4    3.4      --
 88  04/05/2020  1500    60.8   32.0     1.5     0.000   0   33.67   13.1    3.0      --
 89  04/05/2020  1600    61.5   32.0     1.2     0.000   0   32.75   30.0    2.8  no_inv
 90  04/05/2020  1700    61.8   32.0     1.9     0.000   0   32.48  338.0    1.6      --
 91  04/05/2020  1800    61.0   32.1     2.5     0.000   0   33.50  282.3    2.6      --
 92  04/05/2020  1900    59.4   32.0     3.2     0.000   0   35.37  265.5    4.6      --
 93  04/05/2020  2000    58.5   32.0     3.8     0.000   0   36.52  259.0    6.6      --
 94  04/05/2020  2100    56.1   32.0     4.5     0.000   0   39.73  255.6    8.8      --
 95  04/05/2020  2200    53.8   32.1     5.1     0.000   0   43.41  253.5   10.9  no_inv
 96  04/05/2020  2300    50.9   32.3     5.3     0.000   0   48.67  264.7   10.1      --
 97  04/06/2020  0000    49.4   32.5     5.5     0.000   0   52.01  277.2    9.8      --
 98  04/06/2020  0100    48.0   32.8     5.7     0.000   0   55.41  290.0    9.9      --
 99  04/06/2020  0200    46.7   33.0     5.9     0.000   0   58.74  301.8   10.6      --
100  04/06/2020  0300    45.6   33.3     6.2     0.000   0   61.86  312.0   11.6      --
101  04/06/2020  0400    44.7   33.5     6.4     0.000   0   64.62  320.3   12.9     678
102  04/06/2020  0500    44.0   33.1     6.0     0.000   0   65.17  320.0   12.2      --
103  04/06/2020  0600    43.7   32.7     5.7     0.000   0   64.89  319.7   11.6      --
104  04/06/2020  0700    43.8   32.3     5.4     0.000   0   63.47  319.3   11.0      --
105  04/06/2020  0800    44.6   31.5     5.0     0.000   0   59.92  318.9   10.4      --
106  04/06/2020  0900    46.0   30.7     4.7     0.000   0   54.84  318.4    9.8      --
107  04/06/2020  1000    48.0   29.7     4.4     0.000   0   48.88  317.9    9.2  no_inv
108  04/06/2020  1100    51.3   28.8     6.2     0.000   0   41.65  303.3    9.9      --
109  04/06/2020  1200    56.7   27.9     8.0     0.000   0   32.89  291.3   11.2      --
110  04/06/2020  1300    61.6   27.7     9.8     0.000   0   27.51  282.0   12.9      --
111  04/06/2020  1400    63.9   27.6    11.6     0.000   0   25.20  275.0   14.8      --
112  04/06/2020  1500    65.4   27.2    13.4     0.000   0   23.62  269.7   16.8      --
113  04/06/2020  1600    65.9   26.5    15.2     0.000   0   22.43  265.6   19.0  no_inv
114  04/06/2020  1700    65.5   26.2    16.1     0.000   0   22.47  276.2   18.7      --
115  04/06/2020  1800    63.0   26.6    17.0     0.000   0   24.94  286.9   19.0      --
116  04/06/2020  1900    57.8   27.2    17.8     0.000   0   30.72  296.9   19.9      --
117  04/06/2020  2000    55.0   28.0    18.7     0.000   0   35.19  305.7   21.4      --
118  04/06/2020  2100    52.7   29.0    19.6     0.000   0   39.86  313.2   23.3      --
119  04/06/2020  2200    50.3   30.0    20.5     0.000   0   45.30  319.6   25.6    1738
120  04/06/2020  2300    47.7   31.0    17.3     0.000   0   52.03  318.1   21.0      --
121  04/07/2020  0000    46.0   31.9    14.2     0.000   0   57.75  315.9   16.4      --
122  04/07/2020  0100    44.3   33.9    11.1     0.000   0   66.60  312.0   11.8      --
123  04/07/2020  0200    42.8   34.8     8.0     0.000   0   73.25  303.2    7.3      --
124  04/07/2020  0300    41.4   32.9     4.8     0.000   0   71.33  272.5    3.5      --
125  04/07/2020  0400    40.3   31.2     1.7     0.000   0   69.74  194.1    3.8  no_inv
126  04/07/2020  0500    39.4   30.1     1.8     0.000   0   69.22  192.8    3.9      --
127  04/07/2020  0600    38.9   28.6     1.8     0.000   0   66.20  191.6    4.0      --
128  04/07/2020  0700    39.5   28.6     1.8     0.000   0   64.55  190.4    4.1      --
129  04/07/2020  0800    41.4   32.7     1.9     0.000   0   70.81  189.3    4.1      --
130  04/07/2020  0900    44.6   32.1     1.9     0.000   0   61.17  188.2    4.2      --
131  04/07/2020  1000    48.9   31.5     1.9     0.000   0   50.84  187.2    4.3    5936
132  04/07/2020  1100    53.5   30.8     1.7     0.000   0   41.67  186.0    3.7      --
133  04/07/2020  1200    58.3   30.2     1.4     0.000   0   34.28  184.3    3.1      --
134  04/07/2020  1300    62.0   29.7     1.2     0.000   0   29.48  181.9    2.5      --
135  04/07/2020  1400    63.9   29.4     0.9     0.000   0   27.12  178.1    2.0      --
136  04/07/2020  1500    64.8   29.1     0.7     0.000   0   25.97  171.4    1.4      --
137  04/07/2020  1600    65.3   29.0     0.4     0.000   0   25.46  156.8    0.9    8545
138  04/07/2020  1700    65.4   29.0     0.9     0.000   0   25.40  269.7    0.7      --
139  04/07/2020  1800    63.6   29.0     1.5     0.000   0   27.02  296.0    1.9      --
140  04/07/2020  1900    60.0   29.4     2.0     0.000   0   31.06  301.3    3.3      --
141  04/07/2020  2000    58.1   29.4     2.6     0.000   0   33.33  303.5    4.6      --
142  04/07/2020  2100    55.7   29.4     3.1     0.000   0   36.26  304.8    5.9      --
143  04/07/2020  2200    53.4   29.4     3.6     0.000   0   39.49  305.5    7.3    1335
144  04/07/2020  2300    50.9   29.4     3.3     0.000   0   43.33  302.0    6.4      --
145  04/08/2020  0000    49.4   29.4     2.9     0.000   0   45.81  297.3    5.6      --
146  04/08/2020  0100    48.0   29.4     2.5     0.000   0   48.22  291.0    4.8      --
147  04/08/2020  0200    46.8   29.4     2.1     0.000   0   50.46  282.4    4.1      --
148  04/08/2020  0300    45.8   29.4     1.8     0.000   0   52.45  270.5    3.5      --
149  04/08/2020  0400    45.0   29.4     1.4     0.000   0   54.11  254.7    3.1     756
150  04/08/2020  0500    44.3   29.4     1.7     0.000   0   55.36  265.3    3.6      --
151  04/08/2020  0600    44.0   29.4     2.0     0.000   0   56.12  273.0    4.3      --
152  04/08/2020  0700    44.5   29.4     2.3     0.000   0   55.14  278.5    4.9      --
153  04/08/2020  0800    45.9   29.1     2.6     0.000   0   51.70  282.7    5.7      --
154  04/08/2020  0900    48.4   29.0     2.9     0.000   0   46.92  286.0    6.4      --
155  04/08/2020  1000    51.8   28.9     3.2     0.000   0   41.17  288.5    7.2    2228
156  04/08/2020  1100    55.8   28.8     2.8     0.000   0   35.35  286.4    6.2      --
157  04/08/2020  1200    61.0   28.7     2.4     0.000   0   29.17  283.4    5.1      --
158  04/08/2020  1300    65.4   28.6     2.0     0.000   0   24.95  279.0    4.1      --
159  04/08/2020  1400    67.8   28.6     1.6     0.000   0   22.89  272.0    3.2      --
160  04/08/2020  1500    69.1   28.5     1.2     0.000   0   21.91  259.1    2.3      --
161  04/08/2020  1600    69.7   28.5     0.8     0.000   0   21.40  234.3    1.7    6049
162  04/08/2020  1700    69.9   28.5     2.0     0.000   0   21.26  233.5    3.3      --
163  04/08/2020  1800    68.5   28.5     3.3     0.000   0   22.29  233.3    4.9      --
164  04/08/2020  1900    65.7   28.6     4.5     0.000   0   24.62  233.1    6.5      --
165  04/08/2020  2000    64.2   29.1     5.8     0.000   0   26.55  233.1    8.2      --
166  04/08/2020  2100    61.8   29.9     7.1     0.000   0   29.79  233.0    9.8      --
167  04/08/2020  2200    59.5   30.5     8.3     0.000   0   33.18  233.0   11.4     616
