  Generated by FoxLW on Thursday April 2, 2020 at 02:32 PDT
-------------------------------------------------------------------------------
  Connell Bench
  46.7100:-118.9100  (46 42' 36.00"N  118 54' 36.00"W)  elev 1135.2 feet    file: 300046
-------------------------------------------------------------------------------

Line#   Date     Hour   TempF  DewPtF WS(mph)  Rain(in) LW    RH%  WDir_50m WS_50m Inv(ft)
  5  04/02/2020  0400    33.1   16.4    12.7     0.000   0   49.86    7.6   15.9     105
  6  04/02/2020  0500    32.6   17.9    11.0     0.000   0   54.23    3.6   12.9      --
  7  04/02/2020  0600    32.2   18.4     9.3     0.000   0   56.39  357.4   10.0      --
  8  04/02/2020  0700    32.5   18.4     7.6     0.000   0   55.60  346.5    7.4      --
  9  04/02/2020  0800    33.8   18.4     5.9     0.000   0   52.84  325.1    5.2      --
 10  04/02/2020  0900    36.0   16.4     4.3     0.000   0   44.32  288.6    4.5      --
 11  04/02/2020  1000    39.0   16.4     2.6     0.000   0   39.27  255.5    5.7  no_inv
 12  04/02/2020  1100    42.6   16.4     2.6     0.000   0   34.22  249.8    5.6      --
 13  04/02/2020  1200    46.6   16.3     2.6     0.000   0   29.35  243.8    5.5      --
 14  04/02/2020  1300    49.8   16.3     2.6     0.000   0   26.06  237.9    5.5      --
 15  04/02/2020  1400    51.4   16.3     2.6     0.000   0   24.50  231.9    5.6      --
 16  04/02/2020  1500    52.2   16.3     2.6     0.000   0   23.80  226.2    5.7      --
 17  04/02/2020  1600    52.5   16.3     2.7     0.000   0   23.49  220.7    5.9  no_inv
 18  04/02/2020  1700    51.7   16.4     2.5     0.000   0   24.34  223.4    5.3      --
 19  04/02/2020  1800    49.9   16.7     2.2     0.000   0   26.29  226.7    4.8      --
 20  04/02/2020  1900    48.9   16.7     2.0     0.000   0   27.26  230.7    4.4      --
 21  04/02/2020  2000    46.6   16.7     1.8     0.000   0   29.76  235.6    3.9      --
 22  04/02/2020  2100    44.2   16.7     1.6     0.000   0   32.53  241.8    3.5      --
 23  04/02/2020  2200    41.9   16.7     1.4     0.000   0   35.58  249.6    3.2     763
 24  04/02/2020  2300    39.0   16.7     2.5     0.000   0   39.85  253.4    4.8      --
 25  04/03/2020  0000    37.0   16.7     3.5     0.000   0   43.12  255.3    6.4      --
 26  04/03/2020  0100    35.1   16.7     4.6     0.000   0   46.39  256.4    8.0      --
 27  04/03/2020  0200    33.5   18.1     5.7     0.000   0   52.61  257.1    9.6      --
 28  04/03/2020  0300    32.1   20.4     6.7     0.000   0   61.58  257.7   11.2      --
 29  04/03/2020  0400    31.0   22.8     7.8     0.000   0   71.33  258.1   12.8      75
 30  04/03/2020  0500    30.1   23.2     8.5     0.000   0   75.05  252.0   12.9      --
 31  04/03/2020  0600    29.7   23.0     9.1     0.000   0   75.84  246.0   13.1      --
 32  04/03/2020  0700    30.2   22.7     9.8     0.000   0   73.27  240.3   13.4      --
 33  04/03/2020  0800    31.9   20.3    10.5     0.000   0   61.76  234.9   13.9      --
 34  04/03/2020  0900    34.8   19.8    11.1     0.000   0   53.89  229.8   14.4      --
 35  04/03/2020  1000    38.6   19.3    11.8     0.000   0   45.44  225.2   15.1  no_inv
 36  04/03/2020  1100    42.4   18.8    11.8     0.000   0   38.26  230.8   14.6      --
 37  04/03/2020  1200    45.2   18.3    11.8     0.000   0   33.74  236.8   14.3      --
 38  04/03/2020  1300    47.5   18.4    11.7     0.000   0   31.05  243.0   14.1      --
 39  04/03/2020  1400    48.8   18.7    11.7     0.000   0   29.91  249.3   14.1      --
 40  04/03/2020  1500    49.6   19.1    11.6     0.000   0   29.56  255.6   14.2      --
 41  04/03/2020  1600    50.2   19.7    11.6     0.000   0   29.64  261.6   14.6  no_inv
 42  04/03/2020  1700    49.5   19.3    12.4     0.000   0   29.93  272.5   14.5      --
 43  04/03/2020  1800    48.0   18.5    13.2     0.000   0   30.60  283.2   14.9      --
 44  04/03/2020  1900    47.2   18.3    13.9     0.000   0   31.15  292.9   15.9      --
 45  04/03/2020  2000    44.9   18.4    14.7     0.000   0   34.26  301.4   17.2      --
 46  04/03/2020  2100    42.5   18.9    15.5     0.000   0   38.29  308.5   18.8      --
 47  04/03/2020  2200    40.2   19.5    16.3     0.000   0   42.92  314.4   20.7     622
 48  04/03/2020  2300    37.1   20.0    13.9     0.000   0   49.66  316.1   17.8      --
 49  04/04/2020  0000    34.9   21.8    11.6     0.000   0   58.22  318.6   14.9      --
 50  04/04/2020  0100    32.9   22.5     9.2     0.000   0   65.14  322.3   12.0      --
 51  04/04/2020  0200    31.1   21.8     6.8     0.000   0   67.96  328.2    9.2      --
 52  04/04/2020  0300    29.5   20.9     4.4     0.000   0   69.84  339.0    6.7      --
 53  04/04/2020  0400    28.3   20.4     2.1     0.000   0   71.83    1.2    4.6  no_inv
 54  04/04/2020  0500    27.3   19.5     1.8     0.000   0   71.96    2.7    3.7      --
 55  04/04/2020  0600    26.8   19.5     1.5     0.000   0   73.61    5.1    2.7      --
 56  04/04/2020  0700    27.5   19.5     1.3     0.000   0   71.27    9.9    1.9      --
 57  04/04/2020  0800    29.9   21.1     1.0     0.000   0   69.27   23.3    1.0      --
 58  04/04/2020  0900    34.0   20.9     0.7     0.000   0   58.27   90.1    0.5      --
 59  04/04/2020  1000    39.2   20.6     0.5     0.000   0   46.93  149.3    1.1     510
 60  04/04/2020  1100    44.7   20.4     0.8     0.000   0   37.61  102.4    1.0      --
 61  04/04/2020  1200    49.2   20.2     1.0     0.000   0   31.42   72.4    1.5      --
 62  04/04/2020  1300    52.5   20.0     1.3     0.000   0   27.49   59.2    2.3      --
 63  04/04/2020  1400    54.3   19.8     1.6     0.000   0   25.60   52.5    3.0      --
 64  04/04/2020  1500    55.2   19.7     1.8     0.000   0   24.71   48.6    3.8      --
 65  04/04/2020  1600    55.6   19.7     2.1     0.000   0   24.30   46.0    4.6  no_inv
 66  04/04/2020  1700    55.2   19.9     3.7     0.000   0   24.91   40.2    6.2      --
 67  04/04/2020  1800    54.3   20.4     5.3     0.000   0   26.31   36.7    7.8      --
 68  04/04/2020  1900    53.8   22.3     6.8     0.000   0   28.94   34.4    9.5      --
 69  04/04/2020  2000    51.5   24.9     8.4     0.000   0   35.19   32.8   11.1      --
 70  04/04/2020  2100    49.2   26.4    10.0     0.000   0   40.93   31.7   12.8      --
 71  04/04/2020  2200    46.8   27.6    11.6     0.000   0   46.83   30.8   14.5     300
 72  04/04/2020  2300    44.7   29.8     9.8     0.000   0   55.43   31.0   12.3      --
 73  04/05/2020  0000    43.4   31.0     7.9     0.000   0   61.41   31.5   10.1      --
 74  04/05/2020  0100    42.2   27.5     6.1     0.000   0   55.55   32.1    7.9      --
 75  04/05/2020  0200    41.3   25.0     4.3     0.000   0   51.89   33.2    5.7      --
 76  04/05/2020  0300    40.5   23.2     2.5     0.000   0   49.70   35.8    3.5      --
 77  04/05/2020  0400    39.9   20.2     0.6     0.000   0   44.83   46.2    1.4     323
 78  04/05/2020  0500    39.6   20.2     1.0     0.000   0   45.48   21.9    2.1      --
 79  04/05/2020  0600    39.3   20.2     1.4     0.000   0   45.90   10.7    2.9      --
 80  04/05/2020  0700    39.6   20.2     1.8     0.000   0   45.37    4.7    3.9      --
 81  04/05/2020  0800    40.7   25.6     2.2     0.000   0   54.63    1.0    4.8      --
 82  04/05/2020  0900    42.6   31.0     2.7     0.000   0   63.37  358.5    5.8      --
 83  04/05/2020  1000    45.2   31.6     3.0     0.000   0   58.67  356.8    6.7  no_inv
 84  04/05/2020  1100    48.4   31.4     2.9     0.000   0   51.57    0.8    6.3      --
 85  04/05/2020  1200    51.7   31.2     2.8     0.000   0   45.20    5.3    6.0      --
 86  04/05/2020  1300    54.5   31.0     2.7     0.000   0   40.60   10.4    5.6      --
 87  04/05/2020  1400    56.0   30.9     2.5     0.000   0   38.19   16.0    5.3      --
 88  04/05/2020  1500    57.0   30.8     2.4     0.000   0   36.62   22.2    5.1      --
 89  04/05/2020  1600    57.7   30.7     2.2     0.000   0   35.75   28.9    5.0  no_inv
 90  04/05/2020  1700    57.8   30.8     2.4     0.000   0   35.64   41.2    4.7      --
 91  04/05/2020  1800    56.7   31.1     2.5     0.000   0   37.45   54.2    4.7      --
 92  04/05/2020  1900    54.5   30.9     2.6     0.000   0   40.40   66.7    4.9      --
 93  04/05/2020  2000    53.2   30.9     2.8     0.000   0   42.28   77.6    5.4      --
 94  04/05/2020  2100    50.9   30.9     2.9     0.000   0   46.08   86.6    5.9      --
 95  04/05/2020  2200    48.6   30.9     3.0     0.000   0   50.27   93.8    6.7    1082
 96  04/05/2020  2300    46.8   30.9     3.1     0.000   0   53.83   81.3    5.9      --
 97  04/06/2020  0000    45.4   30.9     3.2     0.000   0   56.65   66.0    5.5      --
 98  04/06/2020  0100    44.1   30.9     3.3     0.000   0   59.44   49.8    5.6      --
 99  04/06/2020  0200    43.0   30.9     3.4     0.000   0   62.08   34.9    6.0      --
100  04/06/2020  0300    42.0   30.9     3.4     0.000   0   64.52   22.8    6.8      --
101  04/06/2020  0400    41.2   30.9     3.5     0.000   0   66.60   13.5    7.8     435
102  04/06/2020  0500    40.6   30.9     3.4     0.000   0   68.12    6.9    7.1      --
103  04/06/2020  0600    40.2   30.9     3.2     0.000   0   69.08  358.9    6.4      --
104  04/06/2020  0700    40.5   30.9     3.1     0.000   0   68.22  349.3    5.9      --
105  04/06/2020  0800    41.7   32.4     2.9     0.000   0   69.39  338.4    5.6      --
106  04/06/2020  0900    43.7   30.9     2.8     0.000   0   60.46  326.7    5.6      --
107  04/06/2020  1000    46.5   29.3     2.6     0.000   0   50.90  315.1    5.7  no_inv
108  04/06/2020  1100    50.1   27.7     5.0     0.000   0   41.57  295.0    7.6      --
109  04/06/2020  1200    55.1   26.2     7.4     0.000   0   32.58  283.8   10.1      --
110  04/06/2020  1300    59.1   25.3     9.9     0.000   0   27.19  277.1   12.8      --
111  04/06/2020  1400    61.1   24.8    12.3     0.000   0   24.69  272.8   15.6      --
112  04/06/2020  1500    62.2   23.8    14.7     0.000   0   22.87  269.8   18.5      --
113  04/06/2020  1600    62.7   23.1    17.1     0.000   0   21.79  267.7   21.4    8630
114  04/06/2020  1700    62.5   23.2    17.0     0.000   0   22.00  275.7   20.5      --
115  04/06/2020  1800    59.5   23.6    16.9     0.000   0   24.88  284.3   20.0      --
116  04/06/2020  1900    53.4   24.2    16.7     0.000   0   31.87  293.2   19.9      --
117  04/06/2020  2000    50.0   25.0    16.6     0.000   0   37.34  301.8   20.4      --
118  04/06/2020  2100    47.7   26.0    16.5     0.000   0   42.37  310.0   21.2      --
119  04/06/2020  2200    45.3   27.0    16.3     0.000   0   48.26  317.3   22.5     650
120  04/06/2020  2300    43.6   28.0    14.7     0.000   0   53.86  310.6   19.8      --
121  04/07/2020  0000    42.8   28.9    13.1     0.000   0   57.62  302.0   17.4      --
122  04/07/2020  0100    42.0   31.1    11.5     0.000   0   64.95  290.9   15.5      --
123  04/07/2020  0200    41.2   32.0     9.9     0.000   0   69.42  277.5   14.4      --
124  04/07/2020  0300    40.4   32.7     8.3     0.000   0   73.79  262.8   14.1      --
125  04/07/2020  0400    39.7   30.1     6.7     0.000   0   68.27  248.4   14.8      12
126  04/07/2020  0500    39.0   28.8     6.2     0.000   0   66.39  249.4   13.8      --
127  04/07/2020  0600    38.6   27.7     5.8     0.000   0   64.45  250.4   12.7      --
128  04/07/2020  0700    39.2   26.6     5.3     0.000   0   60.36  251.6   11.7      --
129  04/07/2020  0800    40.8   29.8     4.8     0.000   0   64.47  253.1   10.7      --
130  04/07/2020  0900    43.7   29.3     4.4     0.000   0   56.63  254.9    9.7      --
131  04/07/2020  1000    47.5   28.8     3.9     0.000   0   47.99  257.1    8.7    4539
132  04/07/2020  1100    51.7   28.2     3.6     0.000   0   40.02  256.4    7.9      --
133  04/07/2020  1200    56.4   27.7     3.3     0.000   0   33.07  255.5    7.2      --
134  04/07/2020  1300    60.0   27.3     2.9     0.000   0   28.50  254.5    6.5      --
135  04/07/2020  1400    62.0   26.9     2.6     0.000   0   26.25  253.2    5.8      --
136  04/07/2020  1500    62.9   26.7     2.3     0.000   0   25.17  251.5    5.1      --
137  04/07/2020  1600    63.4   26.6     2.0     0.000   0   24.68  249.3    4.3    8176
138  04/07/2020  1700    63.5   26.6     1.8     0.000   0   24.62  251.1    4.0      --
139  04/07/2020  1800    60.8   26.6     1.7     0.000   0   27.05  253.4    3.7      --
140  04/07/2020  1900    55.3   26.9     1.5     0.000   0   33.31  256.0    3.3      --
141  04/07/2020  2000    52.3   26.9     1.4     0.000   0   37.18  259.3    3.0      --
142  04/07/2020  2100    50.0   26.9     1.2     0.000   0   40.55  263.4    2.7      --
143  04/07/2020  2200    47.6   26.9     1.1     0.000   0   44.25  268.5    2.4     835
144  04/07/2020  2300    45.7   26.9     2.9     0.000   0   47.59   41.0    1.4      --
145  04/08/2020  0000    45.0   26.9     4.8     0.000   0   48.81   62.5    4.8      --
146  04/08/2020  0100    44.3   25.2     6.6     0.000   0   46.55   66.1    8.3      --
147  04/08/2020  0200    43.7   23.2     8.5     0.000   0   44.07   67.6   11.8      --
148  04/08/2020  0300    43.0   22.8    10.4     0.000   0   44.42   68.4   15.3      --
149  04/08/2020  0400    42.4   20.8    12.2     0.000   0   41.80   68.9   18.8     166
150  04/08/2020  0500    41.9   22.5    10.5     0.000   0   45.76   71.7   15.6      --
151  04/08/2020  0600    41.5   23.2     8.8     0.000   0   47.84   75.9   12.6      --
152  04/08/2020  0700    42.2   24.6     7.1     0.000   0   49.39   82.7    9.6      --
153  04/08/2020  0800    44.1   22.3     5.4     0.000   0   41.58   95.2    6.9      --
154  04/08/2020  0900    47.3   26.6     3.8     0.000   0   44.10  120.6    4.9      --
155  04/08/2020  1000    51.5   26.6     2.1     0.000   0   37.73  160.5    4.6    5506
156  04/08/2020  1100    56.1   26.6     2.2     0.000   0   31.90  175.0    4.3      --
157  04/08/2020  1200    60.7   26.6     2.4     0.000   0   27.09  190.6    4.3      --
158  04/08/2020  1300    64.2   26.6     2.5     0.000   0   23.95  205.2    4.6      --
159  04/08/2020  1400    66.0   26.6     2.7     0.000   0   22.48  217.4    5.1      --
160  04/08/2020  1500    66.9   26.6     2.9     0.000   0   21.80  226.9    5.8      --
161  04/08/2020  1600    67.3   26.6     3.0     0.000   0   21.48  234.1    6.7    6318
162  04/08/2020  1700    67.3   26.6     4.4     0.000   0   21.44  227.8    8.0      --
163  04/08/2020  1800    65.5   26.6     5.8     0.000   0   22.85  223.4    9.4      --
164  04/08/2020  1900    61.8   28.0     7.2     0.000   0   27.66  220.1   10.8      --
165  04/08/2020  2000    59.7   28.6     8.5     0.000   0   30.46  217.6   12.3      --
166  04/08/2020  2100    57.3   28.6     9.9     0.000   0   33.12  215.6   13.7      --
167  04/08/2020  2200    55.0   28.1    11.3     0.000   0   35.41  214.0   15.2     276
