  Generated by FoxLW on Thursday April 2, 2020 at 02:32 PDT
-------------------------------------------------------------------------------
  Green Bluff
  47.8100:-117.3000  (47 48' 36.00"N  117 17' 60.00"W)  elev 2273.6 feet    file: 300048
-------------------------------------------------------------------------------

Line#   Date     Hour   TempF  DewPtF WS(mph)  Rain(in) LW    RH%  WDir_50m WS_50m Inv(ft)
  5  04/02/2020  0400    29.9   28.4     1.0     0.050  10   94.04  109.3    2.2    1068
  6  04/02/2020  0500    28.9   25.5     1.2     0.000  10   86.86  137.9    1.4      --
  7  04/02/2020  0600    28.6   25.2     1.5     0.000  10   86.83  191.5    1.3      --
  8  04/02/2020  0700    28.7   24.8     1.8     0.000  10   85.02  222.5    2.1      --
  9  04/02/2020  0800    28.8   24.4     2.0     0.000  10   83.63  234.8    3.2      --
 10  04/02/2020  0900    29.8   25.2     2.2     0.000  10   82.63  240.7    4.3      --
 11  04/02/2020  1000    33.2   21.2     2.5     0.000   5   61.04  244.2    5.5  no_inv
 12  04/02/2020  1100    36.6   17.4     3.2     0.000   0   45.21  252.9    6.2      --
 13  04/02/2020  1200    38.8   16.8     4.0     0.000   0   40.28  259.9    6.9      --
 14  04/02/2020  1300    40.7   16.9     4.7     0.000   0   37.72  265.4    7.8      --
 15  04/02/2020  1400    41.7   17.4     5.4     0.000   0   37.06  269.7    8.7      --
 16  04/02/2020  1500    42.3   18.1     6.2     0.000   0   37.25  273.2    9.7      --
 17  04/02/2020  1600    42.7   18.9     6.9     0.000   0   38.01  276.1   10.7  no_inv
 18  04/02/2020  1700    42.9   18.9     6.9     0.000   0   37.73  268.0   10.2      --
 19  04/02/2020  1800    42.4   18.4     6.9     0.000   0   37.73  259.4   10.0      --
 20  04/02/2020  1900    41.5   18.6     6.9     0.000   0   39.39  250.6   10.0      --
 21  04/02/2020  2000    40.6   19.4     6.9     0.000   0   42.09  241.9   10.2      --
 22  04/02/2020  2100    39.8   20.2     6.9     0.000   0   45.13  233.8   10.6      --
 23  04/02/2020  2200    38.9   21.1     6.9     0.000   0   48.52  226.5   11.3     413
 24  04/02/2020  2300    37.2   22.1     6.9     0.000   0   53.94  220.5   11.7      --
 25  04/03/2020  0000    35.8   22.9     6.9     0.000   0   59.01  215.0   12.3      --
 26  04/03/2020  0100    34.7   23.7     6.9     0.000   0   63.88  210.0   13.0      --
 27  04/03/2020  0200    33.7   24.3     7.0     0.000   0   68.22  205.6   13.7      --
 28  04/03/2020  0300    32.8   24.7     7.0     0.000   0   71.70  201.6   14.6      --
 29  04/03/2020  0400    33.1   24.9     7.0     0.000   0   71.41  198.1   15.4    1041
 30  04/03/2020  0500    31.8   28.4     8.3     0.000   0   87.04  204.8   15.5      --
 31  04/03/2020  0600    31.6   28.2     9.7     0.000   0   87.00  211.3   15.8      --
 32  04/03/2020  0700    31.8   27.5    11.0     0.000   0   84.02  217.4   16.3      --
 33  04/03/2020  0800    32.5   25.4    12.4     0.000   0   74.98  223.2   17.0      --
 34  04/03/2020  0900    33.7   24.9    13.7     0.000   0   70.03  228.4   17.8      --
 35  04/03/2020  1000    35.2   24.4    15.0     0.000   0   64.30  233.2   18.8  no_inv
 36  04/03/2020  1100    37.0   23.9    15.6     0.000   0   58.67  240.1   19.0      --
 37  04/03/2020  1200    38.6   23.4    16.2     0.000   0   53.92  246.8   19.4      --
 38  04/03/2020  1300    39.8   23.0    16.8     0.000   0   50.57  253.1   20.0      --
 39  04/03/2020  1400    40.5   22.7    17.4     0.000   0   48.68  258.9   20.9      --
 40  04/03/2020  1500    40.8   22.5    18.0     0.000   0   47.58  264.2   22.0      --
 41  04/03/2020  1600    41.0   22.4    18.6     0.000   0   47.17  269.0   23.3  no_inv
 42  04/03/2020  1700    40.7   22.4    17.5     0.000   0   47.60  270.4   22.0      --
 43  04/03/2020  1800    39.7   22.3    16.3     0.000   0   49.29  272.0   20.6      --
 44  04/03/2020  1900    38.5   22.3    15.2     0.000   0   51.72  273.8   19.3      --
 45  04/03/2020  2000    37.2   21.9    14.1     0.000   0   53.49  275.8   18.0      --
 46  04/03/2020  2100    36.0   21.7    13.0     0.000   0   55.60  278.2   16.8      --
 47  04/03/2020  2200    34.8   22.8    11.9     0.000   0   61.25  280.9   15.6     298
 48  04/03/2020  2300    33.7   22.8    10.1     0.000   0   63.98  279.6   12.7      --
 49  04/04/2020  0000    32.8   22.9     8.3     0.000   0   66.59  277.5    9.8      --
 50  04/04/2020  0100    32.0   23.4     6.5     0.000   0   70.31  273.8    7.0      --
 51  04/04/2020  0200    31.2   23.8     4.7     0.000   0   73.60  265.0    4.2      --
 52  04/04/2020  0300    30.6   24.1     2.9     0.000   0   76.39  229.4    1.8      --
 53  04/04/2020  0400    30.1   24.5     1.1     0.000   5   79.57  145.7    2.5     627
 54  04/04/2020  0500    29.6   24.5     1.3     0.000  10   80.97  155.6    2.7      --
 55  04/04/2020  0600    29.3   24.5     1.5     0.000  10   81.93  163.4    3.1      --
 56  04/04/2020  0700    29.6   24.5     1.6     0.000  10   81.00  169.6    3.5      --
 57  04/04/2020  0800    30.6   23.4     1.8     0.000   5   74.09  174.4    3.9      --
 58  04/04/2020  0900    32.5   23.4     2.0     0.000   0   68.80  178.2    4.4      --
 59  04/04/2020  1000    35.0   23.4     2.2     0.000   0   62.19  181.3    4.9    7298
 60  04/04/2020  1100    38.0   23.4     2.4     0.000   0   55.31  162.7    3.6      --
 61  04/04/2020  1200    41.0   23.4     2.7     0.000   0   49.18  132.4    3.1      --
 62  04/04/2020  1300    43.5   23.4     2.9     0.000   0   44.61  101.3    3.5      --
 63  04/04/2020  1400    44.9   23.4     3.1     0.000   0   42.35   81.5    4.7      --
 64  04/04/2020  1500    45.9   23.4     3.3     0.000   0   40.78   70.4    6.2      --
 65  04/04/2020  1600    46.5   23.4     3.6     0.000   0   39.87   63.8    7.9  no_inv
 66  04/04/2020  1700    46.4   23.4     4.9     0.000   0   39.98   66.7    9.1      --
 67  04/04/2020  1800    46.3   24.4     6.2     0.000   0   41.85   68.9   10.4      --
 68  04/04/2020  1900    46.3   25.4     7.6     0.000   0   43.56   70.6   11.6      --
 69  04/04/2020  2000    44.0   25.8     8.9     0.000   0   48.56   72.0   12.9      --
 70  04/04/2020  2100    41.6   26.0    10.2     0.000   0   53.43   73.1   14.2      --
 71  04/04/2020  2200    39.3   25.7    11.5     0.000   0   57.97   74.0   15.5     752
 72  04/04/2020  2300    37.9   26.3    10.5     0.000   0   62.56   74.1   14.9      --
 73  04/05/2020  0000    37.0   26.7     9.5     0.000   0   65.89   74.1   14.4      --
 74  04/05/2020  0100    36.2   26.9     8.5     0.000   0   68.63   74.1   13.8      --
 75  04/05/2020  0200    35.4   26.4     7.5     0.000   0   69.42   74.1   13.2      --
 76  04/05/2020  0300    34.8   28.9     6.5     0.000   0   78.87   74.1   12.6      --
 77  04/05/2020  0400    34.3   31.9     5.4     0.050  10   90.90   74.1   12.1     765
 78  04/05/2020  0500    32.8   28.4     4.9     0.000   5   83.77   77.0   10.8      --
 79  04/05/2020  0600    32.4   29.3     4.5     0.070  10   88.21   80.6    9.6      --
 80  04/05/2020  0700    32.1   28.5     4.0     0.010   5   86.36   85.3    8.4      --
 81  04/05/2020  0800    35.7   32.1     3.5     0.000   0   86.60   91.4    7.3      --
 82  04/05/2020  0900    36.0   32.4     3.0     0.000   0   86.62   99.6    6.3      --
 83  04/05/2020  1000    36.5   32.9     2.5     0.100  10   86.63  110.4    5.5  no_inv
 84  04/05/2020  1100    37.6   33.9     2.3     0.000   5   86.53  105.9    4.8      --
 85  04/05/2020  1200    40.1   34.7     2.0     0.020   0   80.88   99.7    4.0      --
 86  04/05/2020  1300    44.3   33.2     1.8     0.000   0   64.76   91.0    3.3      --
 87  04/05/2020  1400    46.6   33.2     1.5     0.000   0   59.44   78.3    2.8      --
 88  04/05/2020  1500    48.2   33.2     1.3     0.000   0   55.83   60.7    2.4      --
 89  04/05/2020  1600    49.3   33.2     1.1     0.000   0   53.64   39.7    2.4  no_inv
 90  04/05/2020  1700    48.9   33.2     2.1     0.000   0   54.55   86.6    3.6      --
 91  04/05/2020  1800    48.0   33.5     3.1     0.000   0   57.08  103.7    5.9      --
 92  04/05/2020  1900    47.5   33.5     4.2     0.000   0   58.16  111.0    8.4      --
 93  04/05/2020  2000    45.1   33.6     5.2     0.000   0   63.86  114.9   10.9      --
 94  04/05/2020  2100    42.8   34.3     6.2     0.000   0   71.68  117.3   13.5      --
 95  04/05/2020  2200    40.5   35.0     7.3     0.000   0   80.65  118.9   16.1     443
 96  04/05/2020  2300    39.9   34.4     6.2     0.000   0   80.62  118.2   13.5      --
 97  04/06/2020  0000    39.7   34.1     5.0     0.000   0   80.23  117.0   10.9      --
 98  04/06/2020  0100    39.4   33.5     3.9     0.000   0   79.26  115.1    8.3      --
 99  04/06/2020  0200    39.1   33.5     2.8     0.000   0   80.12  111.6    5.8      --
100  04/06/2020  0300    38.8   33.5     1.7     0.000   0   80.99  102.4    3.2      --
101  04/06/2020  0400    38.6   33.5     0.6     0.000   0   81.82   53.2    1.2    1449
102  04/06/2020  0500    38.3   33.5     0.8     0.000   0   82.60   61.0    0.2      --
103  04/06/2020  0600    38.1   33.5     1.1     0.000   0   83.31  227.9    0.7      --
104  04/06/2020  0700    38.1   33.5     1.3     0.000   0   83.21  229.8    1.7      --
105  04/06/2020  0800    38.5   31.0     1.6     0.000   0   74.06  230.3    2.7      --
106  04/06/2020  0900    38.7   30.6     1.8     0.000   0   72.24  230.6    3.6      --
107  04/06/2020  1000    38.9   30.8     2.1     0.010   0   72.45  230.7    4.6  no_inv
108  04/06/2020  1100    42.2   26.8     4.4     0.000   0   54.14  246.9    6.9      --
109  04/06/2020  1200    46.6   25.5     6.8     0.000   0   43.32  254.6    9.5      --
110  04/06/2020  1300    51.0   25.1     9.2     0.000   0   36.16  259.0   12.2      --
111  04/06/2020  1400    53.3   24.9    11.5     0.000   0   32.93  261.8   15.0      --
112  04/06/2020  1500    54.5   24.1    13.9     0.000   0   30.39  263.7   17.8      --
113  04/06/2020  1600    55.1   22.8    16.3     0.000   0   28.28  265.0   20.5    8377
114  04/06/2020  1700    54.1   23.0    15.8     0.000   0   29.62  265.4   19.9      --
115  04/06/2020  1800    52.0   23.4    15.3     0.000   0   32.46  265.8   19.2      --
116  04/06/2020  1900    50.8   23.6    14.8     0.000   0   34.18  266.3   18.6      --
117  04/06/2020  2000    48.5   23.7    14.3     0.000   0   37.47  266.7   18.0      --
118  04/06/2020  2100    46.1   24.1    13.8     0.000   0   41.65  267.2   17.3      --
119  04/06/2020  2200    43.8   24.6    13.3     0.000   0   46.40  267.8   16.7     194
120  04/06/2020  2300    41.3   26.4    11.8     0.000   0   54.99  261.9   14.9      --
121  04/07/2020  0000    39.5   27.0    10.4     0.000   0   60.68  254.6   13.4      --
122  04/07/2020  0100    37.8   27.8     8.9     0.000   0   66.83  245.5   12.1      --
123  04/07/2020  0200    36.3   27.7     7.4     0.000   0   70.48  234.7   11.2      --
124  04/07/2020  0300    35.1   27.1     5.9     0.000   0   72.33  222.6   10.8      --
125  04/07/2020  0400    34.0   26.7     4.5     0.000   0   74.07  210.0   10.9     339
126  04/07/2020  0500    33.3   26.0     4.4     0.000   0   74.30  210.9   10.6      --
127  04/07/2020  0600    32.8   26.0     4.3     0.000   0   75.51  211.9   10.3      --
128  04/07/2020  0700    33.4   26.0     4.2     0.000   0   73.75  213.0   10.0      --
129  04/07/2020  0800    35.2   25.6     4.2     0.000   0   67.78  214.1    9.7      --
130  04/07/2020  0900    38.1   25.3     4.1     0.000   0   59.55  215.3    9.4      --
131  04/07/2020  1000    42.0   24.9     4.0     0.000   0   50.45  216.6    9.2  no_inv
132  04/07/2020  1100    46.3   24.5     3.9     0.000   0   42.05  224.1    8.4      --
133  04/07/2020  1200    51.0   24.2     3.8     0.000   0   34.87  233.2    7.7      --
134  04/07/2020  1300    54.6   23.9     3.7     0.000   0   30.18  243.5    7.3      --
135  04/07/2020  1400    56.4   23.7     3.6     0.000   0   27.93  254.7    7.1      --
136  04/07/2020  1500    57.4   23.5     3.5     0.000   0   26.85  266.0    7.2      --
137  04/07/2020  1600    57.8   23.5     3.4     0.000   0   26.38  276.5    7.6    5679
138  04/07/2020  1700    56.4   23.5     5.1     0.000   0   27.73  276.5    3.5      --
139  04/07/2020  1800    53.5   24.8     6.8     0.000   0   32.59   97.5    0.7      --
140  04/07/2020  1900    51.9   25.3     8.5     0.000   0   35.27   96.8    4.9      --
141  04/07/2020  2000    49.6   25.2    10.2     0.000   0   38.20   96.7    9.1      --
142  04/07/2020  2100    47.3   24.5    11.9     0.000   0   40.52   96.7   13.3      --
143  04/07/2020  2200    44.9   23.0    13.6     0.000   0   41.55   96.7   17.4     498
144  04/07/2020  2300    42.4   24.1    11.6     0.000   0   47.99   96.7   15.1      --
145  04/08/2020  0000    41.0   24.3     9.6     0.000   0   51.14   96.7   12.8      --
146  04/08/2020  0100    39.6   24.5     7.5     0.000   0   54.43   96.7   10.5      --
147  04/08/2020  0200    38.4   24.2     5.5     0.000   0   56.45   96.7    8.1      --
148  04/08/2020  0300    37.3   24.1     3.5     0.000   0   58.50   96.7    5.8      --
149  04/08/2020  0400    36.5   24.0     1.5     0.000   0   60.33   96.7    3.5     587
150  04/08/2020  0500    35.8   24.0     1.3     0.000   0   61.64   95.2    2.8      --
151  04/08/2020  0600    35.5   24.0     1.1     0.000   0   62.56   92.7    2.1      --
152  04/08/2020  0700    35.9   24.0     0.9     0.000   0   61.46   88.1    1.5      --
153  04/08/2020  0800    37.3   27.3     0.7     0.000   0   66.99   76.3    0.9      --
154  04/08/2020  0900    39.7   27.3     0.5     0.000   0   61.01   25.4    0.4      --
155  04/08/2020  1000    43.0   27.3     0.3     0.000   0   53.74  315.9    0.7    2810
156  04/08/2020  1100    46.9   27.3     0.6     0.000   0   46.29  265.4    0.9      --
157  04/08/2020  1200    52.0   27.3     0.9     0.000   0   38.21  245.0    1.5      --
158  04/08/2020  1300    56.3   27.3     1.2     0.000   0   32.66  236.5    2.2      --
159  04/08/2020  1400    58.7   27.3     1.4     0.000   0   29.97  232.0    3.0      --
160  04/08/2020  1500    59.9   27.3     1.7     0.000   0   28.69  229.3    3.7      --
161  04/08/2020  1600    60.6   27.3     2.0     0.000   0   28.02  227.5    4.4    6043
162  04/08/2020  1700    60.8   27.3     4.3     0.000   0   27.83  232.2    7.0      --
163  04/08/2020  1800    60.0   27.3     6.7     0.000   0   28.57  234.3    9.6      --
164  04/08/2020  1900    58.5   29.3     9.0     0.000   0   32.75  235.6   12.2      --
165  04/08/2020  2000    57.7   28.9    11.4     0.000   0   33.13  236.4   14.8      --
166  04/08/2020  2100    55.3   27.3    13.7     0.000   0   33.84  236.9   17.4      --
167  04/08/2020  2200    53.0   27.3    16.1     0.000   0   36.85  237.3   20.1     343
