  Generated by FoxLW on Thursday April 2, 2020 at 02:32 PDT
-------------------------------------------------------------------------------
  Lind
  47.0000:-118.5700  (47 0' 0.00"N  118 34' 12.00"W)  elev 1617.5 feet    file: 300028
-------------------------------------------------------------------------------

Line#   Date     Hour   TempF  DewPtF WS(mph)  Rain(in) LW    RH%  WDir_50m WS_50m Inv(ft)
  5  04/02/2020  0400    31.7   17.6    10.1     0.000   0   55.51   16.4   12.7     291
  6  04/02/2020  0500    31.2   17.7     9.1     0.000   0   56.70    9.1   10.3      --
  7  04/02/2020  0600    30.9   17.7     8.0     0.000   0   57.59  358.0    8.3      --
  8  04/02/2020  0700    31.1   17.8     6.9     0.000   0   57.31  340.6    6.7      --
  9  04/02/2020  0800    31.8   17.8     5.8     0.000   0   55.67  316.4    6.0      --
 10  04/02/2020  0900    33.3   15.9     4.7     0.000   0   48.30  291.6    6.5      --
 11  04/02/2020  1000    35.4   16.2     3.6     0.000   0   45.08  273.2    8.0  no_inv
 12  04/02/2020  1100    38.2   16.2     3.5     0.000   0   40.37  271.5    7.7      --
 13  04/02/2020  1200    42.5   16.2     3.4     0.000   0   34.17  269.7    7.4      --
 14  04/02/2020  1300    46.1   16.2     3.2     0.000   0   29.76  267.7    7.2      --
 15  04/02/2020  1400    48.0   16.2     3.1     0.000   0   27.72  265.5    6.9      --
 16  04/02/2020  1500    48.9   16.2     3.0     0.000   0   26.75  263.2    6.6      --
 17  04/02/2020  1600    49.3   16.2     2.9     0.000   0   26.34  260.6    6.4  no_inv
 18  04/02/2020  1700    48.4   16.3     2.7     0.000   0   27.40  266.8    5.5      --
 19  04/02/2020  1800    46.5   16.6     2.5     0.000   0   29.73  275.2    4.6      --
 20  04/02/2020  1900    45.5   16.6     2.2     0.000   0   30.92  286.9    3.9      --
 21  04/02/2020  2000    43.2   16.6     2.0     0.000   0   33.80  302.6    3.5      --
 22  04/02/2020  2100    40.8   21.1     1.8     0.000   0   45.04  321.3    3.3      --
 23  04/02/2020  2200    38.5   26.5     1.6     0.020   0   61.88  339.5    3.6     971
 24  04/02/2020  2300    36.3   27.9     2.2     0.000   0   71.08  309.4    3.4      --
 25  04/03/2020  0000    35.8   27.4     2.7     0.000   0   71.19  283.3    4.1      --
 26  04/03/2020  0100    35.3   26.9     3.2     0.000   0   71.33  267.2    5.3      --
 27  04/03/2020  0200    34.7   26.5     3.8     0.000   0   71.48  257.6    6.8      --
 28  04/03/2020  0300    34.2   26.0     4.3     0.000   0   71.60  251.7    8.5      --
 29  04/03/2020  0400    34.7   26.1     4.9     0.000   0   70.62  247.7   10.1     940
 30  04/03/2020  0500    32.9   25.9     7.0     0.000   0   75.29  244.5   12.0      --
 31  04/03/2020  0600    33.0   27.2     9.0     0.000   0   79.03  242.2   13.9      --
 32  04/03/2020  0700    33.1   26.3    11.1     0.000   0   75.77  240.4   15.9      --
 33  04/03/2020  0800    34.2   21.6    13.2     0.000   0   59.43  239.0   17.8      --
 34  04/03/2020  0900    35.8   21.0    15.2     0.000   0   54.69  237.9   19.7      --
 35  04/03/2020  1000    37.9   20.5    17.3     0.000   0   49.12  237.0   21.7  no_inv
 36  04/03/2020  1100    40.3   19.9    16.8     0.000   0   43.59  241.2   20.8      --
 37  04/03/2020  1200    42.8   19.4    16.3     0.000   0   38.76  245.8   20.0      --
 38  04/03/2020  1300    44.9   19.0    15.8     0.000   0   35.09  250.7   19.4      --
 39  04/03/2020  1400    46.1   18.7    15.3     0.000   0   33.21  255.9   18.9      --
 40  04/03/2020  1500    46.8   18.8    14.9     0.000   0   32.27  261.4   18.5      --
 41  04/03/2020  1600    47.4   19.0    14.4     0.000   0   32.03  267.0   18.4  no_inv
 42  04/03/2020  1700    46.9   19.5    13.4     0.000   0   33.31  268.5   17.3      --
 43  04/03/2020  1800    45.8   19.5    12.4     0.000   0   34.62  270.3   16.2      --
 44  04/03/2020  1900    45.2   20.3    11.5     0.000   0   36.60  272.3   15.1      --
 45  04/03/2020  2000    42.9   20.8    10.5     0.000   0   40.89  274.6   14.0      --
 46  04/03/2020  2100    40.5   21.2     9.6     0.000   0   45.67  277.4   13.0      --
 47  04/03/2020  2200    38.2   21.6     8.6     0.000   0   50.74  280.6   12.0     826
 48  04/03/2020  2300    36.6   21.6     7.4     0.000   0   54.11  281.3   10.5      --
 49  04/04/2020  0000    35.6   21.1     6.2     0.000   0   55.25  282.3    9.1      --
 50  04/04/2020  0100    34.7   20.8     5.0     0.000   0   56.60  283.7    7.6      --
 51  04/04/2020  0200    33.8   20.2     3.8     0.000   0   57.00  285.7    6.1      --
 52  04/04/2020  0300    33.0   20.2     2.7     0.000   0   58.86  289.0    4.7      --
 53  04/04/2020  0400    32.3   20.2     1.5     0.000   0   60.53  295.2    3.3      72
 54  04/04/2020  0500    31.7   20.2     1.5     0.000   0   61.94  284.0    2.5      --
 55  04/04/2020  0600    31.3   20.2     1.5     0.000   0   62.91  263.4    1.8      --
 56  04/04/2020  0700    31.7   20.2     1.5     0.000   0   61.86  230.4    1.6      --
 57  04/04/2020  0800    33.1   20.5     1.5     0.000   0   59.25  199.3    1.9      --
 58  04/04/2020  0900    35.6   20.3     1.5     0.000   0   53.34  181.1    2.6      --
 59  04/04/2020  1000    38.9   20.1     1.6     0.000   0   46.43  171.1    3.5    7039
 60  04/04/2020  1100    42.7   19.9     1.8     0.000   0   39.73  150.1    3.2      --
 61  04/04/2020  1200    47.0   19.8     2.1     0.000   0   33.50  128.7    3.4      --
 62  04/04/2020  1300    50.4   19.6     2.3     0.000   0   29.33  111.7    4.0      --
 63  04/04/2020  1400    52.2   19.5     2.6     0.000   0   27.32   99.9    4.8      --
 64  04/04/2020  1500    53.0   19.4     2.9     0.000   0   26.39   91.9    5.8      --
 65  04/04/2020  1600    53.4   19.4     3.1     0.000   0   25.97   86.2    6.9  no_inv
 66  04/04/2020  1700    53.3   19.6     4.0     0.000   0   26.35   80.4    7.8      --
 67  04/04/2020  1800    53.0   19.9     4.8     0.000   0   27.02   75.9    8.8      --
 68  04/04/2020  1900    52.8   20.6     5.7     0.000   0   28.02   72.3    9.8      --
 69  04/04/2020  2000    50.5   22.2     6.5     0.000   0   32.62   69.4   10.9      --
 70  04/04/2020  2100    48.1   24.6     7.3     0.000   0   39.42   66.9   11.9      --
 71  04/04/2020  2200    45.8   27.5     8.2     0.000   0   48.61   64.9   13.0  no_inv
 72  04/04/2020  2300    42.9   28.3     7.7     0.000   0   55.96   64.9   12.9      --
 73  04/05/2020  0000    41.7   28.1     7.3     0.000   0   58.24   64.9   12.8      --
 74  04/05/2020  0100    40.5   27.3     6.8     0.000   0   58.93   64.9   12.6      --
 75  04/05/2020  0200    39.5   26.0     6.4     0.000   0   58.04   64.9   12.5      --
 76  04/05/2020  0300    38.7   24.3     6.0     0.000   0   55.83   64.9   12.4      --
 77  04/05/2020  0400    39.0   22.6     5.5     0.000   0   51.41   64.9   12.2    1261
 78  04/05/2020  0500    37.6   19.9     4.9     0.000   0   48.38   62.7   10.6      --
 79  04/05/2020  0600    37.4   19.9     4.2     0.000   0   48.88   59.6    9.0      --
 80  04/05/2020  0700    37.5   19.9     3.5     0.000   0   48.59   55.2    7.4      --
 81  04/05/2020  0800    38.2   25.3     2.9     0.000   0   59.36   48.5    5.9      --
 82  04/05/2020  0900    39.5   30.7     2.2     0.000   0   70.44   37.6    4.6      --
 83  04/05/2020  1000    41.4   30.8     1.6     0.000   0   65.54   18.7    3.5  no_inv
 84  04/05/2020  1100    44.2   30.5     1.5     0.000   0   58.28   18.1    3.3      --
 85  04/05/2020  1200    47.8   30.3     1.4     0.000   0   50.35   17.5    3.1      --
 86  04/05/2020  1300    51.0   30.1     1.3     0.000   0   44.45   16.7    2.9      --
 87  04/05/2020  1400    52.9   30.0     1.2     0.000   0   41.21   15.9    2.7      --
 88  04/05/2020  1500    54.2   29.9     1.1     0.000   0   39.07   14.9    2.5      --
 89  04/05/2020  1600    55.1   29.8     1.0     0.000   0   37.87   13.8    2.3  no_inv
 90  04/05/2020  1700    55.2   29.9     1.7     0.000   0   37.80   60.6    2.4      --
 91  04/05/2020  1800    53.8   30.2     2.3     0.000   0   40.22   88.4    3.6      --
 92  04/05/2020  1900    50.9   30.0     2.9     0.000   0   44.51  100.7    5.3      --
 93  04/05/2020  2000    49.3   30.0     3.6     0.000   0   47.24  107.1    7.0      --
 94  04/05/2020  2100    46.9   30.0     4.2     0.000   0   51.58  110.8    8.8      --
 95  04/05/2020  2200    44.6   30.0     4.8     0.000   0   56.36  113.3   10.6    1312
 96  04/05/2020  2300    42.1   30.0     4.7     0.000   0   61.96  104.3    9.4      --
 97  04/06/2020  0000    41.0   30.0     4.6     0.000   0   64.68   92.8    8.4      --
 98  04/06/2020  0100    39.9   30.0     4.5     0.000   0   67.48   79.1    7.9      --
 99  04/06/2020  0200    38.9   30.0     4.4     0.000   0   70.23   64.3    7.8      --
100  04/06/2020  0300    38.0   30.0     4.2     0.000   0   72.81   50.3    8.3      --
101  04/06/2020  0400    37.2   30.0     4.1     0.000   0   75.13   38.3    9.2  no_inv
102  04/06/2020  0500    36.5   30.0     3.8     0.000   0   77.08   32.6    7.6      --
103  04/06/2020  0600    36.1   30.0     3.5     0.000   0   78.29   23.9    6.1      --
104  04/06/2020  0700    36.5   30.0     3.1     0.000   0   77.10   10.4    4.9      --
105  04/06/2020  0800    37.8   32.0     2.8     0.000   0   79.41  349.7    4.1      --
106  04/06/2020  0900    40.1   30.7     2.4     0.000   0   68.74  323.8    4.0      --
107  04/06/2020  1000    43.3   29.2     2.1     0.000   0   57.34  301.2    4.6  no_inv
108  04/06/2020  1100    47.3   27.8     4.1     0.000   0   46.41  284.5    6.4      --
109  04/06/2020  1200    52.3   26.4     6.1     0.000   0   36.47  275.5    8.5      --
110  04/06/2020  1300    56.2   25.7     8.1     0.000   0   30.61  270.1   10.7      --
111  04/06/2020  1400    58.1   25.6    10.1     0.000   0   28.53  266.6   12.9      --
112  04/06/2020  1500    59.2   25.4    12.1     0.000   0   27.15  264.1   15.2      --
113  04/06/2020  1600    59.6   24.7    14.1     0.000   0   26.03  262.3   17.5    8089
114  04/06/2020  1700    59.3   24.8    13.9     0.000   0   26.42  266.7   17.3      --
115  04/06/2020  1800    56.7   24.9    13.9     0.000   0   29.04  271.1   17.1      --
116  04/06/2020  1900    51.4   25.1    13.8     0.000   0   35.62  275.7   17.0      --
117  04/06/2020  2000    48.5   25.5    13.6     0.000   0   40.49  280.2   17.1      --
118  04/06/2020  2100    46.1   26.2    13.6     0.000   0   45.50  284.7   17.2      --
119  04/06/2020  2200    43.8   27.1    13.5     0.000   0   51.63  289.1   17.5    3029
120  04/06/2020  2300    41.8   28.0    12.3     0.000   0   57.70  281.5   16.0      --
121  04/07/2020  0000    40.8   30.4    11.2     0.000   0   66.09  272.6   14.9      --
122  04/07/2020  0100    39.8   31.6    10.1     0.000   0   72.00  262.5   14.1      --
123  04/07/2020  0200    38.9   32.2     9.0     0.000   0   76.50  251.7   13.9      --
124  04/07/2020  0300    38.0   32.2     7.8     0.000   0   79.20  240.9   14.1      --
125  04/07/2020  0400    37.3   29.9     6.7     0.000   0   74.48  230.8   14.9     196
126  04/07/2020  0500    36.6   29.7     6.6     0.000   0   75.83  232.4   14.1      --
127  04/07/2020  0600    36.2   29.5     6.6     0.000   0   76.19  234.3   13.3      --
128  04/07/2020  0700    36.8   29.1     6.5     0.000   0   73.52  236.4   12.5      --
129  04/07/2020  0800    38.5   29.7     6.4     0.000   0   70.17  238.7   11.8      --
130  04/07/2020  0900    41.4   29.2     6.3     0.000   0   61.57  241.4   11.0      --
131  04/07/2020  1000    45.2   28.7     6.3     0.000   0   52.16  244.4   10.3    4035
132  04/07/2020  1100    49.4   28.2     5.6     0.000   0   43.60  246.5    9.4      --
133  04/07/2020  1200    53.8   27.7     4.9     0.000   0   36.42  249.1    8.4      --
134  04/07/2020  1300    57.1   27.3     4.3     0.000   0   31.72  252.4    7.5      --
135  04/07/2020  1400    58.9   27.0     3.6     0.000   0   29.42  256.5    6.6      --
136  04/07/2020  1500    59.7   26.8     2.9     0.000   0   28.32  262.0    5.8      --
137  04/07/2020  1600    60.1   26.8     2.2     0.000   0   27.85  269.1    5.0    7449
138  04/07/2020  1700    60.1   26.8     2.8     0.000   0   27.83  249.8    4.8      --
139  04/07/2020  1800    59.2   26.8     3.3     0.000   0   28.70  231.2    5.2      --
140  04/07/2020  1900    57.5   27.0     3.9     0.000   0   30.93  216.6    6.0      --
141  04/07/2020  2000    56.5   27.0     4.4     0.000   0   32.04  206.0    7.2      --
142  04/07/2020  2100    54.1   27.0     4.9     0.000   0   34.88  198.5    8.5      --
143  04/07/2020  2200    51.8   26.8     5.5     0.000   0   37.64  193.0    9.9     338
144  04/07/2020  2300    49.3   25.4     7.1     0.000   0   39.03  172.5    6.5      --
145  04/08/2020  0000    47.5   23.9     8.7     0.000   0   39.23  129.5    5.1      --
146  04/08/2020  0100    45.9   23.2    10.3     0.000   0   40.33   90.1    7.0      --
147  04/08/2020  0200    44.6   22.1    11.9     0.000   0   40.62   72.4   10.6      --
148  04/08/2020  0300    43.5   20.5    13.5     0.000   0   39.42   64.0   14.6      --
149  04/08/2020  0400    42.7   20.3    15.1     0.000   0   40.51   59.3   18.8     373
150  04/08/2020  0500    42.1   20.5    13.0     0.000   0   41.66   62.7   16.1      --
151  04/08/2020  0600    41.8   22.3    11.0     0.000   0   45.57   67.5   13.5      --
152  04/08/2020  0700    42.4   23.3     8.9     0.000   0   46.41   74.4   11.0      --
153  04/08/2020  0800    44.0   22.6     6.9     0.000   0   42.33   85.3    8.7      --
154  04/08/2020  0900    46.7   28.0     4.8     0.000   0   47.85  102.5    7.0      --
155  04/08/2020  1000    50.2   29.2     2.8     0.000   0   44.09  127.1    6.2    5832
156  04/08/2020  1100    54.2   29.2     3.0     0.000   0   38.06  143.0    5.0      --
157  04/08/2020  1200    58.5   29.2     3.1     0.000   0   32.60  165.5    4.4      --
158  04/08/2020  1300    61.8   29.2     3.3     0.000   0   28.98  190.0    4.6      --
159  04/08/2020  1400    63.5   29.2     3.5     0.000   0   27.28  209.2    5.6      --
160  04/08/2020  1500    64.4   29.2     3.7     0.000   0   26.52  222.1    6.9      --
161  04/08/2020  1600    64.7   29.2     3.8     0.000   0   26.17  230.4    8.5    5789
162  04/08/2020  1700    64.8   29.2     5.4     0.000   0   26.16  225.1    9.7      --
163  04/08/2020  1800    63.7   29.2     6.9     0.000   0   27.16  221.0   11.0      --
164  04/08/2020  1900    61.5   31.2     8.5     0.000   0   31.84  217.8   12.3      --
165  04/08/2020  2000    60.2   31.2    10.0     0.000   0   33.23  215.2   13.7      --
166  04/08/2020  2100    57.9   30.7    11.6     0.000   0   35.37  213.1   15.1      --
167  04/08/2020  2200    55.6   29.2    13.1     0.000   0   36.25  211.4   16.5     508
