  Generated by FoxLW on Thursday April 2, 2020 at 02:32 PDT
-------------------------------------------------------------------------------
  Pullman
  46.7000:-117.1500  (46 42' 0.00"N  117 9' 0.00"W)  elev 2477.0 feet    file: 300029
-------------------------------------------------------------------------------

Line#   Date     Hour   TempF  DewPtF WS(mph)  Rain(in) LW    RH%  WDir_50m WS_50m Inv(ft)
  5  04/02/2020  0400    29.0   24.3     6.6     0.000   0   82.41  252.4   14.6     820
  6  04/02/2020  0500    28.5   24.2     7.5     0.000   0   83.61  254.4   14.7      --
  7  04/02/2020  0600    28.2   24.0     8.4     0.000   0   83.99  256.3   14.8      --
  8  04/02/2020  0700    28.5   23.6     9.3     0.000   0   81.67  258.2   14.9      --
  9  04/02/2020  0800    29.7   21.2    10.2     0.000   0   70.19  260.1   15.0      --
 10  04/02/2020  0900    31.7   20.6    11.1     0.000   0   63.15  262.0   15.2      --
 11  04/02/2020  1000    34.5   20.0    12.0     0.000   0   55.16  263.8   15.3  no_inv
 12  04/02/2020  1100    37.6   19.5    11.6     0.000   0   47.55  266.2   14.8      --
 13  04/02/2020  1200    40.9   18.9    11.2     0.000   0   40.78  268.9   14.2      --
 14  04/02/2020  1300    43.4   19.1    10.8     0.000   0   37.26  271.7   13.7      --
 15  04/02/2020  1400    44.6   19.5    10.4     0.000   0   36.36  274.7   13.2      --
 16  04/02/2020  1500    45.1   20.3     9.9     0.000   0   36.88  278.0   12.7      --
 17  04/02/2020  1600    45.2   21.1     9.5     0.000   0   37.95  281.5   12.3  no_inv
 18  04/02/2020  1700    44.5   21.1     8.7     0.000   0   39.01  273.7   10.8      --
 19  04/02/2020  1800    43.0   20.9     7.8     0.000   0   40.81  263.6    9.5      --
 20  04/02/2020  1900    42.2   20.8     6.9     0.000   0   42.03  250.9    8.6      --
 21  04/02/2020  2000    39.9   20.9     6.1     0.000   0   46.25  236.3    8.3      --
 22  04/02/2020  2100    37.5   20.9     5.2     0.000   0   50.59  221.3    8.5      --
 23  04/02/2020  2200    35.2   20.2     4.3     0.000   0   53.83  207.8    9.2     812
 24  04/02/2020  2300    34.1   20.4     5.1     0.000   0   56.89  219.4   10.5      --
 25  04/03/2020  0000    33.6   22.2     5.9     0.000   0   62.56  228.1   12.1      --
 26  04/03/2020  0100    33.1   24.4     6.7     0.000   0   70.18  234.6   13.9      --
 27  04/03/2020  0200    32.6   27.0     7.5     0.000   0   79.63  239.6   15.9      --
 28  04/03/2020  0300    32.2   28.9     8.3     0.000   0   87.43  243.5   18.0      --
 29  04/03/2020  0400    32.7   29.0     9.1     0.000   0   86.16  246.5   20.1  no_inv
 30  04/03/2020  0500    31.5   28.9     9.8     0.000   5   89.94  246.8   20.8      --
 31  04/03/2020  0600    31.3   28.2    10.5     0.000  10   88.31  247.0   21.4      --
 32  04/03/2020  0700    31.3   27.3    11.2     0.000   5   84.82  247.2   22.1      --
 33  04/03/2020  0800    31.5   24.7    12.0     0.000   0   75.65  247.4   22.8      --
 34  04/03/2020  0900    32.0   23.6    12.7     0.000   0   70.87  247.6   23.5      --
 35  04/03/2020  1000    32.7   22.4    13.4     0.000   0   65.48  247.8   24.1  no_inv
 36  04/03/2020  1100    34.0   21.2    14.4     0.000   0   58.93  249.9   24.0      --
 37  04/03/2020  1200    36.5   20.1    15.4     0.000   0   50.98  252.0   24.0      --
 38  04/03/2020  1300    39.0   19.1    16.3     0.000   0   44.39  254.1   23.9      --
 39  04/03/2020  1400    40.5   18.4    17.3     0.000   0   40.58  256.2   23.9      --
 40  04/03/2020  1500    41.5   17.9    18.2     0.000   0   38.18  258.3   24.0      --
 41  04/03/2020  1600    42.2   17.8    19.2     0.000   0   36.98  260.4   24.0  no_inv
 42  04/03/2020  1700    42.4   17.8    17.0     0.000   0   36.77  264.2   21.0      --
 43  04/03/2020  1800    41.4   18.6    14.8     0.000   0   39.40  269.4   18.0      --
 44  04/03/2020  1900    40.0   19.0    12.5     0.000   0   42.30  276.5   15.3      --
 45  04/03/2020  2000    38.7   20.2    10.3     0.000   0   47.01  286.5   12.9      --
 46  04/03/2020  2100    37.3   21.2     8.1     0.000   0   51.90  300.4   11.1      --
 47  04/03/2020  2200    35.9   21.4     5.8     0.000   0   55.16  318.2   10.1     270
 48  04/03/2020  2300    34.6   21.4     5.6     0.000   0   58.02  308.5    9.1      --
 49  04/04/2020  0000    33.6   21.3     5.3     0.000   0   60.08  296.9    8.4      --
 50  04/04/2020  0100    32.7   20.9     5.1     0.000   0   61.50  283.9    8.2      --
 51  04/04/2020  0200    31.9   20.8     4.9     0.000   0   63.35  270.8    8.3      --
 52  04/04/2020  0300    31.1   20.8     4.7     0.000   0   65.24  258.8    8.9      --
 53  04/04/2020  0400    30.5   20.8     4.4     0.000   0   66.84  248.6    9.8     641
 54  04/04/2020  0500    30.1   20.8     4.4     0.000   0   68.11  238.0    7.7      --
 55  04/04/2020  0600    29.7   20.8     4.4     0.000   0   69.04  220.9    6.1      --
 56  04/04/2020  0700    30.2   20.8     4.4     0.000   0   67.76  195.4    5.3      --
 57  04/04/2020  0800    31.7   22.3     4.4     0.000   0   67.79  168.3    5.8      --
 58  04/04/2020  0900    34.3   24.0     4.3     0.000   0   65.34  148.6    7.2      --
 59  04/04/2020  1000    37.8   24.0     4.3     0.000   0   56.94  136.5    9.2  no_inv
 60  04/04/2020  1100    41.5   24.0     5.3     0.000   0   49.44  128.5    9.4      --
 61  04/04/2020  1200    44.5   24.0     6.2     0.000   0   44.04  121.0    9.8      --
 62  04/04/2020  1300    46.9   24.1     7.2     0.000   0   40.32  114.2   10.3      --
 63  04/04/2020  1400    48.3   24.6     8.2     0.000   0   39.20  108.2   11.0      --
 64  04/04/2020  1500    49.2   25.0     9.1     0.000   0   38.58  102.9   11.8      --
 65  04/04/2020  1600    49.8   25.4    10.1     0.000   0   38.29   98.2   12.6  no_inv
 66  04/04/2020  1700    49.0   25.4     9.9     0.000   0   39.39  100.1   13.9      --
 67  04/04/2020  1800    47.5   25.8     9.8     0.000   0   42.37  101.7   15.1      --
 68  04/04/2020  1900    46.7   26.7     9.6     0.000   0   45.43  103.0   16.4      --
 69  04/04/2020  2000    44.4   28.4     9.4     0.000   0   53.25  104.1   17.6      --
 70  04/04/2020  2100    42.0   29.6     9.3     0.000   0   61.19  105.1   18.9      --
 71  04/04/2020  2200    39.7   30.9     9.1     0.000   0   70.62  106.0   20.2     381
 72  04/04/2020  2300    38.4   32.2     8.6     0.000   0   78.26  109.5   18.7      --
 73  04/05/2020  0000    37.8   33.4     8.0     0.000   0   84.28  113.6   17.2      --
 74  04/05/2020  0100    37.1   32.7     7.4     0.000   0   84.01  118.3   15.9      --
 75  04/05/2020  0200    36.5   31.5     6.9     0.000   0   81.78  124.0   14.7      --
 76  04/05/2020  0300    36.0   31.1     6.3     0.000   0   82.42  130.5   13.7      --
 77  04/05/2020  0400    35.5   31.3     5.8     0.010   0   84.52  138.0   12.9  no_inv
 78  04/05/2020  0500    34.5   28.1     5.2     0.000   0   77.31  141.6   11.1      --
 79  04/05/2020  0600    34.0   28.2     4.6     0.020   0   78.84  146.5    9.3      --
 80  04/05/2020  0700    34.1   27.8     3.9     0.020   0   77.40  153.6    7.7      --
 81  04/05/2020  0800    38.2   33.2     3.3     0.000   0   81.94  164.2    6.2      --
 82  04/05/2020  0900    39.3   38.3     2.7     0.000   5   96.36  180.3    5.1      --
 83  04/05/2020  1000    41.7   38.2     2.1     0.060  10   87.42  202.4    4.6  no_inv
 84  04/05/2020  1100    42.9   39.7     2.5     0.000  10   88.27  176.2    2.7      --
 85  04/05/2020  1200    44.6   40.5     3.0     0.020   5   85.59  119.9    2.4      --
 86  04/05/2020  1300    46.0   41.0     3.5     0.020   0   82.80   85.7    4.1      --
 87  04/05/2020  1400    47.8   40.0     4.0     0.000   0   74.20   73.0    6.2      --
 88  04/05/2020  1500    47.5   41.2     4.5     0.000   0   78.60   67.1    8.6      --
 89  04/05/2020  1600    46.7   42.5     4.9     0.050   8   85.30   63.7   11.0  no_inv
 90  04/05/2020  1700    45.7   42.3     5.7     0.040   5   88.06   77.0   11.6      --
 91  04/05/2020  1800    43.6   42.0     6.4     0.100  10   94.25   88.3   12.8      --
 92  04/05/2020  1900    42.4   40.6     7.1     0.080  10   93.11   97.4   14.4      --
 93  04/05/2020  2000    40.1   39.1     7.8     0.150  10   96.18  104.5   16.3      --
 94  04/05/2020  2100    37.8   37.0     8.6     0.140  10   97.26  110.1   18.4      --
 95  04/05/2020  2200    35.4   34.5     9.3     0.220  10   96.48  114.6   20.6     441
 96  04/05/2020  2300    35.2   34.3     8.3     0.130  10   96.48  115.2   18.4      --
 97  04/06/2020  0000    35.3   34.4     7.4     0.040  10   96.49  116.1   16.3      --
 98  04/06/2020  0100    35.3   34.4     6.4     0.000  10   96.48  117.2   14.1      --
 99  04/06/2020  0200    35.1   34.2     5.4     0.000  10   96.48  118.8   12.0      --
100  04/06/2020  0300    34.9   34.0     4.5     0.000  10   96.47  120.9    9.9      --
101  04/06/2020  0400    34.6   33.7     3.5     0.000  10   96.47  124.3    7.8  no_inv
102  04/06/2020  0500    35.6   32.5     3.5     0.000   5   88.28  133.0    5.8      --
103  04/06/2020  0600    35.3   32.2     3.4     0.000   0   88.27  150.1    4.0      --
104  04/06/2020  0700    35.9   32.3     3.3     0.000   0   86.64  183.8    3.0      --
105  04/06/2020  0800    36.8   33.2     3.3     0.000   0   86.70  222.9    3.5      --
106  04/06/2020  0900    37.9   34.3     3.2     0.000   0   86.72  245.1    5.1      --
107  04/06/2020  1000    39.4   35.5     3.2     0.010   0   85.91  256.1    7.0  no_inv
108  04/06/2020  1100    42.4   34.5     5.6     0.000   0   73.52  261.8    9.4      --
109  04/06/2020  1200    46.1   33.7     7.9     0.000   0   61.85  265.1   11.9      --
110  04/06/2020  1300    48.5   34.5    10.3     0.000   0   58.31  267.3   14.3      --
111  04/06/2020  1400    49.9   34.7    12.7     0.000   0   55.76  268.8   16.8      --
112  04/06/2020  1500    50.8   34.4    15.1     0.000   0   53.18  270.0   19.3      --
113  04/06/2020  1600    51.3   34.1    17.5     0.000   0   51.62  270.9   21.8  no_inv
114  04/06/2020  1700    50.6   34.0    16.4     0.000   0   52.76  275.0   20.9      --
115  04/06/2020  1800    49.1   33.8    15.4     0.000   0   55.37  279.6   20.1      --
116  04/06/2020  1900    48.2   33.3    14.3     0.000   0   55.94  284.5   19.4      --
117  04/06/2020  2000    45.9   32.1    13.3     0.000   0   58.27  289.8   18.9      --
118  04/06/2020  2100    43.6   31.1    12.2     0.000   0   61.23  295.3   18.5      --
119  04/06/2020  2200    41.2   31.6    11.2     0.000   0   68.38  301.0   18.3     697
120  04/06/2020  2300    39.5   30.6    11.1     0.000   0   70.15  290.9   18.1      --
121  04/07/2020  0000    38.2   29.7    11.1     0.000   0   71.00  280.8   18.4      --
122  04/07/2020  0100    37.0   28.8    11.1     0.000   0   72.08  271.4   19.3      --
123  04/07/2020  0200    35.8   28.2    11.0     0.000   0   73.45  263.0   20.6      --
124  04/07/2020  0300    34.8   27.8    11.0     0.000   0   75.17  255.8   22.3      --
125  04/07/2020  0400    34.0   27.7    11.0     0.000   0   77.27  249.7   24.3      42
126  04/07/2020  0500    33.4   28.0    10.3     0.000   0   80.17  250.2   22.1      --
127  04/07/2020  0600    33.0   28.2     9.6     0.000   0   82.02  250.8   19.9      --
128  04/07/2020  0700    33.4   28.4     8.9     0.000   0   81.50  251.5   17.7      --
129  04/07/2020  0800    34.6   26.6     8.2     0.000   0   72.26  252.5   15.5      --
130  04/07/2020  0900    36.7   26.9     7.5     0.000   0   67.28  253.8   13.3      --
131  04/07/2020  1000    39.7   27.2     6.8     0.000   0   60.82  255.6   11.1    4769
132  04/07/2020  1100    43.3   27.6     6.1     0.000   0   53.48  258.0   10.2      --
133  04/07/2020  1200    47.9   27.9     5.5     0.000   0   45.53  260.9    9.3      --
134  04/07/2020  1300    51.5   28.1     4.8     0.000   0   40.31  264.4    8.5      --
135  04/07/2020  1400    53.1   28.3     4.1     0.000   0   38.20  268.7    7.7      --
136  04/07/2020  1500    54.0   28.5     3.5     0.000   0   37.27  273.9    6.9      --
137  04/07/2020  1600    54.3   28.5     2.8     0.000   0   36.84  280.3    6.3    7451
138  04/07/2020  1700    53.3   28.5     2.5     0.000   0   38.24  276.6    5.2      --
139  04/07/2020  1800    51.2   28.6     2.2     0.000   0   41.46  270.9    4.2      --
140  04/07/2020  1900    50.1   28.6     1.9     0.000   0   43.26  261.8    3.2      --
141  04/07/2020  2000    47.7   28.6     1.6     0.000   0   47.21  245.4    2.4      --
142  04/07/2020  2100    45.4   28.6     1.2     0.000   0   51.57  217.2    1.9      --
143  04/07/2020  2200    43.1   28.6     0.9     0.000   0   56.39  183.9    2.0     936
144  04/07/2020  2300    40.4   28.6     1.2     0.000   0   62.50  160.1    2.2      --
145  04/08/2020  0000    38.5   28.6     1.5     0.000   0   67.34  142.5    2.7      --
146  04/08/2020  0100    36.7   28.6     1.8     0.000   0   72.12  131.0    3.4      --
147  04/08/2020  0200    35.2   28.6     2.0     0.000   0   76.65  123.5    4.2      --
148  04/08/2020  0300    33.9   28.6     2.3     0.000   0   80.72  118.4    4.9      --
149  04/08/2020  0400    32.9   28.6     2.6     0.000   0   84.15  114.7    5.8     221
150  04/08/2020  0500    32.1   28.6     2.6     0.000   0   86.75  115.9    5.8      --
151  04/08/2020  0600    31.7   28.6     2.6     0.000   5   88.23  117.1    5.8      --
152  04/08/2020  0700    32.7   28.6     2.6     0.000   5   84.81  118.3    5.8      --
153  04/08/2020  0800    35.3   33.4     2.6     0.000   5   92.86  119.6    5.8      --
154  04/08/2020  0900    39.5   33.4     2.6     0.000   5   78.59  120.8    5.8      --
155  04/08/2020  1000    44.9   33.4     2.6     0.000   0   63.99  122.0    5.8    5615
156  04/08/2020  1100    50.4   33.4     2.3     0.000   0   52.04  123.3    4.4      --
157  04/08/2020  1200    54.8   33.4     2.1     0.000   0   44.20  125.6    3.1      --
158  04/08/2020  1300    58.1   33.4     1.8     0.000   0   39.24  131.4    1.8      --
159  04/08/2020  1400    59.8   33.4     1.6     0.000   0   36.94  164.2    0.6      --
160  04/08/2020  1500    60.6   33.4     1.3     0.000   0   35.89  273.6    1.0      --
161  04/08/2020  1600    61.0   33.4     1.0     0.000   0   35.40  287.3    2.3    5764
162  04/08/2020  1700    59.0   33.4     2.2     0.000   0   37.98  272.0    3.6      --
163  04/08/2020  1800    55.0   33.7     3.3     0.000   0   44.44  265.2    5.1      --
164  04/08/2020  1900    52.8   33.7     4.4     0.000   0   48.21  261.4    6.6      --
165  04/08/2020  2000    50.4   34.0     5.6     0.000   0   53.25  259.0    8.1      --
166  04/08/2020  2100    48.1   34.5     6.4     0.000   0   59.17  257.3    9.6      --
167  04/08/2020  2200    45.7   34.6     6.8     0.000   0   64.99  256.1   11.1     838
