  Generated by FoxLW on Thursday April 2, 2020 at 02:32 PDT
-------------------------------------------------------------------------------
  Roza
  46.2900:-119.7300  (46 17' 24.00"N  119 43' 48.00"W)  elev 1164.7 feet    file: 300045
-------------------------------------------------------------------------------

Line#   Date     Hour   TempF  DewPtF WS(mph)  Rain(in) LW    RH%  WDir_50m WS_50m Inv(ft)
  5  04/02/2020  0400    35.8   19.5     7.2     0.000   0   50.97  353.7   14.5     475
  6  04/02/2020  0500    35.4   19.6     6.3     0.000   0   52.22  353.7   11.4      --
  7  04/02/2020  0600    35.1   20.2     5.4     0.000   0   54.13  353.7    8.3      --
  8  04/02/2020  0700    35.3   21.0     4.5     0.000   0   55.57  353.8    5.3      --
  9  04/02/2020  0800    36.3   26.4     3.6     0.000   0   67.15  354.1    2.2      --
 10  04/02/2020  0900    38.0   28.2     2.7     0.000   0   67.47  172.4    0.9      --
 11  04/02/2020  1000    40.3   28.2     1.8     0.000   0   61.56  173.3    4.0  no_inv
 12  04/02/2020  1100    43.1   28.2     1.9     0.000   0   55.31  178.9    4.2      --
 13  04/02/2020  1200    46.6   28.2     2.0     0.000   0   48.38  184.1    4.3      --
 14  04/02/2020  1300    49.4   28.2     2.1     0.000   0   43.62  188.8    4.6      --
 15  04/02/2020  1400    50.8   28.2     2.2     0.000   0   41.41  192.9    4.8      --
 16  04/02/2020  1500    51.4   28.2     2.3     0.000   0   40.47  196.7    5.1      --
 17  04/02/2020  1600    51.6   28.2     2.5     0.000   0   40.11  200.0    5.4  no_inv
 18  04/02/2020  1700    50.9   28.2     3.4     0.000   0   41.14  226.1    3.8      --
 19  04/02/2020  1800    49.5   28.4     4.3     0.000   0   43.71  266.5    3.7      --
 20  04/02/2020  1900    48.8   28.4     5.2     0.000   0   45.07  296.0    5.1      --
 21  04/02/2020  2000    46.4   28.3     6.1     0.000   0   49.02  310.5    7.2      --
 22  04/02/2020  2100    44.1   27.6     7.0     0.000   0   52.10  318.2    9.5      --
 23  04/02/2020  2200    41.7   26.3     7.9     0.000   0   53.99  322.7   12.0     720
 24  04/02/2020  2300    39.8   26.1     7.2     0.000   0   57.81  318.0   10.9      --
 25  04/03/2020  0000    38.5   26.5     6.4     0.000   0   61.49  312.3    9.9      --
 26  04/03/2020  0100    37.4   27.0     5.7     0.000   0   65.74  305.5    9.0      --
 27  04/03/2020  0200    36.4   28.4     4.9     0.000   0   72.45  297.2    8.3      --
 28  04/03/2020  0300    35.5   28.4     4.2     0.000   0   75.07  287.7    7.8      --
 29  04/03/2020  0400    34.7   28.4     3.4     0.000   0   77.35  277.1    7.5     729
 30  04/03/2020  0500    34.1   28.4     3.2     0.000   0   79.18  272.2    6.9      --
 31  04/03/2020  0600    33.8   28.4     3.0     0.000   0   80.35  266.4    6.4      --
 32  04/03/2020  0700    34.0   28.4     2.9     0.000   0   79.56  259.7    5.9      --
 33  04/03/2020  0800    35.0   28.4     2.7     0.000   0   76.55  252.0    5.6      --
 34  04/03/2020  0900    36.7   23.0     2.5     0.000   0   57.04  243.5    5.3      --
 35  04/03/2020  1000    39.2   18.8     2.4     0.000   0   43.40  234.3    5.2  no_inv
 36  04/03/2020  1100    42.3   18.4     4.1     0.000   0   37.88  250.0    6.5      --
 37  04/03/2020  1200    46.7   18.1     5.7     0.000   0   31.52  260.1    8.1      --
 38  04/03/2020  1300    50.4   18.7     7.4     0.000   0   28.18  266.6    9.9      --
 39  04/03/2020  1400    52.4   19.5     9.1     0.000   0   27.08  271.2   11.8      --
 40  04/03/2020  1500    53.4   20.0    10.8     0.000   0   26.72  274.5   13.7      --
 41  04/03/2020  1600    53.9   19.7    12.5     0.000   0   25.90  277.0   15.6    6711
 42  04/03/2020  1700    54.0   19.4    13.0     0.000   0   25.44  283.8   15.8      --
 43  04/03/2020  1800    52.1   18.7    13.6     0.000   0   26.51  290.5   16.2      --
 44  04/03/2020  1900    48.1   18.3    14.1     0.000   0   30.17  296.8   16.8      --
 45  04/03/2020  2000    46.0   18.2    14.6     0.000   0   32.61  302.5   17.6      --
 46  04/03/2020  2100    43.6   18.4    15.2     0.000   0   35.90  307.7   18.5      --
 47  04/03/2020  2200    41.3   18.8    15.7     0.000   0   39.95  312.4   19.6     581
 48  04/03/2020  2300    39.7   19.2    13.2     0.000   0   43.17  312.0   16.5      --
 49  04/04/2020  0000    39.1   20.9    10.6     0.000   0   47.49  311.4   13.3      --
 50  04/04/2020  0100    38.5   21.4     8.1     0.000   0   49.86  310.4   10.2      --
 51  04/04/2020  0200    37.9   21.3     5.6     0.000   0   50.65  308.5    7.1      --
 52  04/04/2020  0300    37.4   20.8     3.0     0.000   0   50.81  303.7    4.0      --
 53  04/04/2020  0400    36.8   20.5     0.5     0.000   0   51.15  269.7    1.1    7511
 54  04/04/2020  0500    36.4   20.0     0.8     0.000   0   50.96  274.7    0.1      --
 55  04/04/2020  0600    36.1   20.0     1.1     0.000   0   51.56   89.0    0.9      --
 56  04/04/2020  0700    36.4   20.0     1.4     0.000   0   50.97   89.2    1.9      --
 57  04/04/2020  0800    37.4   20.0     1.6     0.000   0   49.00   89.2    2.9      --
 58  04/04/2020  0900    39.2   19.8     1.9     0.000   0   45.35   89.3    3.9      --
 59  04/04/2020  1000    41.5   19.6     2.2     0.000   0   41.04   89.3    4.9    6627
 60  04/04/2020  1100    44.2   19.5     2.5     0.000   0   36.72   78.1    5.2      --
 61  04/04/2020  1200    46.8   19.3     2.8     0.000   0   33.05   68.4    5.7      --
 62  04/04/2020  1300    49.1   19.2     3.1     0.000   0   30.24   60.4    6.3      --
 63  04/04/2020  1400    50.4   19.1     3.4     0.000   0   28.70   53.9    7.0      --
 64  04/04/2020  1500    51.2   19.0     3.7     0.000   0   27.75   48.7    7.8      --
 65  04/04/2020  1600    51.8   19.0     4.0     0.000   0   27.16   44.4    8.6  no_inv
 66  04/04/2020  1700    52.1   19.1     5.3     0.000   0   26.99   34.8    9.3      --
 67  04/04/2020  1800    51.9   19.6     6.6     0.000   0   27.72   26.7   10.2      --
 68  04/04/2020  1900    51.1   22.3     8.0     0.000   0   32.02   20.0   11.2      --
 69  04/04/2020  2000    50.3   23.2     9.3     0.000   0   34.27   14.5   12.4      --
 70  04/04/2020  2100    49.6   24.1    10.7     0.000   0   36.53   10.0   13.7      --
 71  04/04/2020  2200    48.8   23.4    12.0     0.000   0   36.61    6.3   15.0     301
 72  04/04/2020  2300    47.1   26.2    10.3     0.000   0   43.81    6.1   13.1      --
 73  04/05/2020  0000    45.7   27.7     8.5     0.000   0   48.98    5.9   11.2      --
 74  04/05/2020  0100    44.6   24.8     6.8     0.000   0   45.51    5.6    9.2      --
 75  04/05/2020  0200    43.6   22.8     5.1     0.000   0   43.43    5.1    7.3      --
 76  04/05/2020  0300    42.8   21.5     3.3     0.000   0   42.26    4.2    5.4      --
 77  04/05/2020  0400    42.2   19.2     1.6     0.000   0   39.21    2.4    3.5     442
 78  04/05/2020  0500    41.9   19.2     1.8     0.000   0   39.77    8.2    4.0      --
 79  04/05/2020  0600    41.7   19.2     2.1     0.000   0   40.09   12.6    4.5      --
 80  04/05/2020  0700    41.7   19.2     2.3     0.000   0   39.97   16.0    5.1      --
 81  04/05/2020  0800    42.2   24.6     2.6     0.000   0   49.31   18.8    5.7      --
 82  04/05/2020  0900    43.1   30.0     2.8     0.000   0   59.46   21.0    6.2      --
 83  04/05/2020  1000    44.5   30.5     3.1     0.000   0   57.53   22.9    6.8  no_inv
 84  04/05/2020  1100    47.3   30.5     3.3     0.000   0   51.87   29.9    7.0      --
 85  04/05/2020  1200    52.2   30.5     3.6     0.000   0   43.20   36.5    7.3      --
 86  04/05/2020  1300    56.5   30.5     3.8     0.000   0   36.96   42.4    7.7      --
 87  04/05/2020  1400    58.5   30.5     4.1     0.000   0   34.28   47.8    8.2      --
 88  04/05/2020  1500    59.7   30.5     4.3     0.000   0   32.93   52.5    8.7      --
 89  04/05/2020  1600    60.0   30.5     4.6     0.000   0   32.56   56.7    9.3  no_inv
 90  04/05/2020  1700    58.8   30.5     5.8     0.000   0   33.94   43.7    9.3      --
 91  04/05/2020  1800    58.0   30.5     6.9     0.000   0   35.02   31.3    9.7      --
 92  04/05/2020  1900    56.3   32.6     8.1     0.000   0   40.45   20.4   10.5      --
 93  04/05/2020  2000    55.3   32.6     9.3     0.000   0   41.95   11.3   11.7      --
 94  04/05/2020  2100    53.0   32.5    10.5     0.000   0   45.48    4.0   13.1      --
 95  04/05/2020  2200    50.7   32.2    11.7     0.000   0   48.93  358.2   14.6    1050
 96  04/05/2020  2300    49.5   32.2    11.8     0.000   0   51.26  358.0   14.8      --
 97  04/06/2020  0000    48.6   32.2    11.9     0.000   0   52.97  357.7   14.9      --
 98  04/06/2020  0100    47.8   32.3    12.0     0.000   0   54.59  357.5   15.0      --
 99  04/06/2020  0200    47.1   31.0    12.1     0.000   0   53.16  357.2   15.1      --
100  04/06/2020  0300    46.5   31.0    12.1     0.000   0   54.44  357.0   15.2      --
101  04/06/2020  0400    46.0   31.0    12.2     0.000   0   55.48  356.8   15.3     396
102  04/06/2020  0500    45.7   32.5    10.7     0.000   0   59.89  352.9   13.4      --
103  04/06/2020  0600    45.5   33.0     9.1     0.000   0   61.38  347.8   11.6      --
104  04/06/2020  0700    45.6   32.6     7.6     0.000   0   60.16  340.9    9.9      --
105  04/06/2020  0800    46.1   30.8     6.1     0.000   0   54.84  331.3    8.4      --
106  04/06/2020  0900    47.1   30.7     4.5     0.000   0   52.60  318.3    7.3      --
107  04/06/2020  1000    48.6   30.6     3.0     0.000   0   49.62  301.6    6.6  no_inv
108  04/06/2020  1100    50.7   30.5     3.8     0.000   0   45.64  295.3    7.2      --
109  04/06/2020  1200    53.6   30.4     4.5     0.000   0   40.88  290.1    7.9      --
110  04/06/2020  1300    56.1   30.9     5.3     0.000   0   38.03  285.6    8.6      --
111  04/06/2020  1400    57.6   31.5     6.0     0.000   0   36.93  281.9    9.4      --
112  04/06/2020  1500    58.6   32.1     6.8     0.000   0   36.51  278.7   10.2      --
113  04/06/2020  1600    59.2   32.7     7.6     0.000   0   36.65  276.0   11.0  no_inv
114  04/06/2020  1700    59.4   32.7     8.7     0.000   0   36.38  281.0   12.0      --
115  04/06/2020  1800    57.9   32.0     9.8     0.000   0   37.34  285.1   13.1      --
116  04/06/2020  1900    54.8   31.8    10.9     0.000   0   41.37  288.6   14.2      --
117  04/06/2020  2000    53.1   29.9    12.1     0.000   0   40.72  291.5   15.4      --
118  04/06/2020  2100    50.8   28.9    13.2     0.000   0   42.68  294.1   16.6      --
119  04/06/2020  2200    48.5   28.5    14.3     0.000   0   45.75  296.2   17.9     626
120  04/06/2020  2300    47.1   28.1    12.5     0.000   0   47.25  296.8   16.1      --
121  04/07/2020  0000    46.3   29.2    10.6     0.000   0   51.00  297.5   14.3      --
122  04/07/2020  0100    45.4   29.3     8.8     0.000   0   53.08  298.3   12.5      --
123  04/07/2020  0200    44.6   30.0     6.9     0.000   0   56.39  299.5   10.7      --
124  04/07/2020  0300    43.8   30.7     5.1     0.000   0   59.61  301.1    9.0      --
125  04/07/2020  0400    43.1   31.1     3.2     0.000   0   62.31  303.5    7.2     686
126  04/07/2020  0500    42.5   31.8     3.2     0.000   0   65.54  295.9    6.8      --
127  04/07/2020  0600    42.1   31.8     3.2     0.000   0   66.50  287.4    6.4      --
128  04/07/2020  0700    42.5   31.8     3.2     0.000   0   65.61  278.3    6.3      --
129  04/07/2020  0800    43.6   26.8     3.1     0.000   0   51.12  269.0    6.3      --
130  04/07/2020  0900    45.7   26.7     3.1     0.000   0   47.18  259.8    6.4      --
131  04/07/2020  1000    48.6   26.7     3.0     0.000   0   42.22  251.4    6.8    5319
132  04/07/2020  1100    52.2   26.7     3.7     0.000   0   36.91  261.2    7.0      --
133  04/07/2020  1200    57.5   26.6     4.2     0.000   0   30.44  270.1    7.5      --
134  04/07/2020  1300    62.0   27.3     4.8     0.000   0   26.70  277.7    8.1      --
135  04/07/2020  1400    64.5   28.1     5.4     0.000   0   25.16  284.2    8.9      --
136  04/07/2020  1500    65.8   28.8     6.0     0.000   0   24.79  289.6    9.7      --
137  04/07/2020  1600    66.6   29.6     6.6     0.000   0   24.93  294.1   10.6    7925
138  04/07/2020  1700    66.8   29.6     6.6     0.000   0   24.73  299.9   10.3      --
139  04/07/2020  1800    64.3   28.8     6.5     0.000   0   26.17  305.9   10.2      --
140  04/07/2020  1900    59.1   28.7     6.4     0.000   0   31.18  312.1   10.1      --
141  04/07/2020  2000    56.3   28.5     6.3     0.000   0   34.26  318.2   10.1      --
142  04/07/2020  2100    54.0   28.3     6.2     0.000   0   37.00  324.3   10.3      --
143  04/07/2020  2200    51.6   28.2     6.1     0.000   0   40.24  330.0   10.6     837
144  04/07/2020  2300    50.0   28.2     6.1     0.000   0   42.67  333.4   10.9      --
145  04/08/2020  0000    49.5   28.1     6.0     0.000   0   43.33  336.5   11.3      --
146  04/08/2020  0100    49.0   28.1     6.0     0.000   0   44.08  339.4   11.7      --
147  04/08/2020  0200    48.5   28.1     5.9     0.000   0   44.88  342.2   12.1      --
148  04/08/2020  0300    48.0   28.1     5.9     0.000   0   45.71  344.7   12.6      --
149  04/08/2020  0400    47.6   28.1     5.8     0.000   0   46.54  347.1   13.0     252
150  04/08/2020  0500    47.2   28.4     5.1     0.000   0   47.76  343.7   10.9      --
151  04/08/2020  0600    46.9   28.4     4.5     0.000   0   48.39  338.8    8.9      --
152  04/08/2020  0700    47.2   28.4     3.8     0.000   0   47.76  331.1    7.0      --
153  04/08/2020  0800    48.3   28.1     3.1     0.000   0   45.31  318.1    5.3      --
154  04/08/2020  0900    50.2   28.1     2.4     0.000   0   42.22  295.3    4.1      --
155  04/08/2020  1000    52.8   28.1     1.8     0.000   0   38.34  263.4    3.9    5477
156  04/08/2020  1100    56.0   28.1     2.0     0.000   0   34.16  262.3    4.5      --
157  04/08/2020  1200    60.5   28.1     2.3     0.000   0   29.11  261.5    5.1      --
158  04/08/2020  1300    64.1   28.1     2.6     0.000   0   25.57  260.9    5.8      --
159  04/08/2020  1400    66.1   28.1     2.9     0.000   0   23.87  260.4    6.4      --
160  04/08/2020  1500    67.1   28.1     3.2     0.000   0   23.08  260.0    7.1      --
161  04/08/2020  1600    67.6   28.1     3.5     0.000   0   22.71  259.7    7.7    7149
162  04/08/2020  1700    67.6   28.1     3.2     0.000   0   22.66  255.7    6.9      --
163  04/08/2020  1800    66.5   28.1     2.9     0.000   0   23.55  250.7    6.2      --
164  04/08/2020  1900    64.2   28.1     2.7     0.000   0   25.49  244.3    5.5      --
165  04/08/2020  2000    63.0   28.1     2.4     0.000   0   26.63  236.3    4.8      --
166  04/08/2020  2100    60.6   28.1     2.1     0.000   0   28.92  226.2    4.4      --
167  04/08/2020  2200    58.3   28.1     1.8     0.000   0   31.44  214.1    4.1     946
