  Generated by FoxLW on Thursday April 2, 2020 at 02:32 PDT
-------------------------------------------------------------------------------
  Paterson West
  45.9400:-119.6600  (45 56' 24.00"N  119 39' 36.00"W)  elev 567.6 feet    file: 300026
-------------------------------------------------------------------------------

Line#   Date     Hour   TempF  DewPtF WS(mph)  Rain(in) LW    RH%  WDir_50m WS_50m Inv(ft)
  5  04/02/2020  0400    38.8   29.0     1.4     0.000   0   67.58  250.8    3.2  no_inv
  6  04/02/2020  0500    38.3   28.9     1.5     0.000   0   68.63  235.7    2.6      --
  7  04/02/2020  0600    38.0   28.7     1.6     0.000   0   68.87  214.8    2.3      --
  8  04/02/2020  0700    38.1   28.2     1.7     0.000   0   67.39  191.7    2.4      --
  9  04/02/2020  0800    38.7   27.7     1.7     0.000   0   64.35  172.8    2.8      --
 10  04/02/2020  0900    39.8   25.0     1.8     0.000   0   55.14  159.6    3.4      --
 11  04/02/2020  1000    41.5   24.4     1.9     0.000   0   50.16  150.8    4.2  no_inv
 12  04/02/2020  1100    43.8   23.7     3.1     0.000   0   44.60  178.9    4.3      --
 13  04/02/2020  1200    48.4   23.0     4.4     0.000   0   36.56  200.3    5.3      --
 14  04/02/2020  1300    52.6   23.1     5.6     0.000   0   31.36  213.6    6.9      --
 15  04/02/2020  1400    55.1   23.6     6.8     0.000   0   29.17  221.8    8.6      --
 16  04/02/2020  1500    56.4   24.3     8.1     0.000   0   28.68  227.2   10.5      --
 17  04/02/2020  1600    57.1   25.1     9.3     0.000   0   28.97  230.9   12.4  no_inv
 18  04/02/2020  1700    56.2   25.1    10.0     0.000   0   29.90  247.5   10.5      --
 19  04/02/2020  1800    54.4   24.4    10.8     0.000   0   31.01  268.5    9.9      --
 20  04/02/2020  1900    53.4   24.0    11.5     0.000   0   31.64  289.5   10.6      --
 21  04/02/2020  2000    51.0   22.7    12.2     0.000   0   32.62  305.9   12.4      --
 22  04/02/2020  2100    48.7   23.1    12.9     0.000   0   36.31  317.4   15.1      --
 23  04/02/2020  2200    46.3   23.7    13.6     0.000   0   40.52  325.2   18.1     664
 24  04/02/2020  2300    43.7   24.2    12.4     0.000   0   45.81  316.4   15.2      --
 25  04/03/2020  0000    41.9   26.2    11.2     0.000   0   53.29  304.0   12.9      --
 26  04/03/2020  0100    40.3   27.1    10.0     0.000   0   58.93  287.3   11.4      --
 27  04/03/2020  0200    38.8   27.4     8.8     0.000   0   63.22  267.9   11.1      --
 28  04/03/2020  0300    37.5   27.1     7.6     0.000   0   65.65  249.5   12.1      --
 29  04/03/2020  0400    36.5   26.0     6.4     0.000   0   65.26  235.1   14.1     547
 30  04/03/2020  0500    35.7   27.4     7.8     0.000   0   71.37  233.2   14.8      --
 31  04/03/2020  0600    35.2   27.6     9.2     0.000   0   73.34  231.5   15.6      --
 32  04/03/2020  0700    35.7   27.3    10.6     0.000   0   71.30  230.0   16.4      --
 33  04/03/2020  0800    37.2   26.8    12.0     0.000   0   65.72  228.6   17.2      --
 34  04/03/2020  0900    39.7   25.3    13.4     0.000   0   56.03  227.3   18.0      --
 35  04/03/2020  1000    43.0   25.2    14.8     0.000   0   49.05  226.1   18.9  no_inv
 36  04/03/2020  1100    46.4   25.1    15.4     0.000   0   42.85  232.6   19.0      --
 37  04/03/2020  1200    49.0   25.0    15.9     0.000   0   38.71  238.9   19.4      --
 38  04/03/2020  1300    51.1   24.9    16.5     0.000   0   35.67  244.8   20.0      --
 39  04/03/2020  1400    52.3   24.8    17.1     0.000   0   34.03  250.4   20.7      --
 40  04/03/2020  1500    53.1   24.8    17.7     0.000   0   33.03  255.5   21.7      --
 41  04/03/2020  1600    53.6   24.8    18.3     0.000   0   32.41  260.1   22.8  no_inv
 42  04/03/2020  1700    53.9   24.9    15.8     0.000   0   32.25  261.5   20.1      --
 43  04/03/2020  1800    52.6   25.8    13.3     0.000   0   34.99  263.3   17.5      --
 44  04/03/2020  1900    50.0   26.7    10.8     0.000   0   40.02  265.7   14.8      --
 45  04/03/2020  2000    48.6   27.3     8.3     0.000   0   43.37  269.1   12.2      --
 46  04/03/2020  2100    46.2   27.5     5.8     0.000   0   47.84  274.4    9.6      --
 47  04/03/2020  2200    43.9   27.3     3.3     0.000   0   51.69  283.4    7.2     526
 48  04/03/2020  2300    42.1   27.0     3.1     0.000   0   54.77  283.5    5.2      --
 49  04/04/2020  0000    41.1   26.4     2.9     0.000   0   55.35  283.8    3.2      --
 50  04/04/2020  0100    40.2   26.4     2.7     0.000   0   57.44  285.0    1.2      --
 51  04/04/2020  0200    39.3   26.4     2.6     0.000   0   59.45  100.5    0.9      --
 52  04/04/2020  0300    38.5   26.4     2.4     0.000   0   61.31  102.3    2.9      --
 53  04/04/2020  0400    37.8   26.4     2.2     0.000   0   62.94  102.7    4.9     513
 54  04/04/2020  0500    37.3   26.4     2.2     0.000   0   64.29   97.8    4.8      --
 55  04/04/2020  0600    37.0   26.4     2.2     0.000   0   65.17   92.7    4.7      --
 56  04/04/2020  0700    37.3   26.4     2.2     0.000   0   64.33   87.6    4.7      --
 57  04/04/2020  0800    38.4   26.4     2.2     0.000   0   61.45   82.5    4.8      --
 58  04/04/2020  0900    40.5   26.3     2.2     0.000   0   56.63   77.5    4.8      --
 59  04/04/2020  1000    43.3   25.4     2.2     0.000   0   48.81   72.6    4.9  no_inv
 60  04/04/2020  1100    46.6   24.4     2.3     0.000   0   41.44   65.3    4.9      --
 61  04/04/2020  1200    49.8   23.5     2.4     0.000   0   35.42   58.1    5.1      --
 62  04/04/2020  1300    52.5   22.7     2.5     0.000   0   30.96   51.3    5.2      --
 63  04/04/2020  1400    54.2   22.1     2.6     0.000   0   28.45   45.1    5.5      --
 64  04/04/2020  1500    55.2   21.8     2.7     0.000   0   26.94   39.5    5.8      --
 65  04/04/2020  1600    56.0   21.7     2.8     0.000   0   26.07   34.5    6.2  no_inv
 66  04/04/2020  1700    56.5   21.8     4.0     0.000   0   25.73   22.9    6.9      --
 67  04/04/2020  1800    56.3   22.1     5.2     0.000   0   26.22   13.8    7.8      --
 68  04/04/2020  1900    56.0   23.4     6.5     0.000   0   28.04    6.8    8.9      --
 69  04/04/2020  2000    55.8   24.8     7.7     0.000   0   30.05    1.3   10.1      --
 70  04/04/2020  2100    53.4   25.9     8.9     0.000   0   34.14  357.1   11.4      --
 71  04/04/2020  2200    51.1   26.6    10.1     0.000   0   38.34  353.7   12.7     182
 72  04/04/2020  2300    49.4   27.4     9.9     0.000   0   42.16  359.1   12.2      --
 73  04/05/2020  0000    48.3   28.1     9.7     0.000   0   45.24    4.9   11.8      --
 74  04/05/2020  0100    47.4   28.7     9.5     0.000   0   48.11   11.1   11.6      --
 75  04/05/2020  0200    46.5   29.2     9.3     0.000   0   50.58   17.4   11.5      --
 76  04/05/2020  0300    45.9   29.5     9.1     0.000   0   52.48   23.7   11.5      --
 77  04/05/2020  0400    45.4   29.6     8.9     0.000   0   53.69   29.9   11.7     469
 78  04/05/2020  0500    45.1   29.7     8.2     0.000   0   54.49   32.8   11.2      --
 79  04/05/2020  0600    44.9   28.3     7.4     0.000   0   51.97   35.9   10.7      --
 80  04/05/2020  0700    45.0   26.6     6.6     0.000   0   48.09   39.3   10.3      --
 81  04/05/2020  0800    45.6   28.6     5.9     0.000   0   51.14   43.0    9.9      --
 82  04/05/2020  0900    46.6   29.0     5.1     0.000   0   50.08   47.0    9.5      --
 83  04/05/2020  1000    48.2   29.5     4.3     0.000   0   48.21   51.4    9.2  no_inv
 84  04/05/2020  1100    50.7   30.0     4.3     0.000   0   44.83   50.6    9.1      --
 85  04/05/2020  1200    54.2   30.5     4.3     0.000   0   40.17   49.9    9.1      --
 86  04/05/2020  1300    57.3   30.9     4.2     0.000   0   36.47   49.1    9.0      --
 87  04/05/2020  1400    59.2   31.2     4.2     0.000   0   34.52   48.4    8.9      --
 88  04/05/2020  1500    60.5   31.5     4.2     0.000   0   33.24   47.6    8.9      --
 89  04/05/2020  1600    61.4   31.5     4.2     0.000   0   32.29   46.8    8.9  no_inv
 90  04/05/2020  1700    61.5   31.5     4.5     0.000   0   32.17   44.6    5.1      --
 91  04/05/2020  1800    59.8   34.5     4.9     0.000   0   38.67   29.6    1.4      --
 92  04/05/2020  1900    56.1   36.7     5.2     0.010   0   47.98  240.5    2.5      --
 93  04/05/2020  2000    54.2   37.0     5.6     0.000   0   52.19  234.2    6.3      --
 94  04/05/2020  2100    51.8   36.4     5.9     0.000   0   55.55  232.6   10.1      --
 95  04/05/2020  2200    49.5   40.0     6.3     0.010   0   69.64  231.8   13.9     964
 96  04/05/2020  2300    48.0   39.6     6.9     0.000   0   72.41  243.0   11.9      --
 97  04/06/2020  0000    47.9   39.8     7.5     0.000   0   73.51  257.6   10.6      --
 98  04/06/2020  0100    47.6   39.9     8.2     0.000   0   74.42  274.9   10.1      --
 99  04/06/2020  0200    47.3   39.5     8.8     0.000   0   74.20  292.2   10.6      --
100  04/06/2020  0300    47.0   38.9     9.5     0.000   0   73.50  306.8   11.9      --
101  04/06/2020  0400    46.6   37.8    10.1     0.000   0   71.29  318.0   13.9     321
102  04/06/2020  0500    46.2   35.5     8.7     0.000   0   66.09  317.1   12.0      --
103  04/06/2020  0600    45.9   34.4     7.2     0.000   0   63.82  315.8   10.2      --
104  04/06/2020  0700    46.1   33.1     5.8     0.000   0   60.32  314.0    8.4      --
105  04/06/2020  0800    46.7   33.4     4.3     0.000   0   59.59  311.2    6.5      --
106  04/06/2020  0900    47.9   33.3     2.8     0.000   0   56.86  306.3    4.8      --
107  04/06/2020  1000    49.6   33.3     1.4     0.000   0   53.18  295.7    3.0    5738
108  04/06/2020  1100    52.3   33.2     2.9     0.000   0   47.99  265.5    4.0      --
109  04/06/2020  1200    55.9   33.2     4.5     0.000   0   42.00  249.5    5.6      --
110  04/06/2020  1300    59.0   33.7     6.0     0.000   0   38.41  241.0    7.4      --
111  04/06/2020  1400    60.9   34.3     7.6     0.000   0   36.77  235.9    9.3      --
112  04/06/2020  1500    62.2   34.9     9.1     0.000   0   35.99  232.6   11.3      --
113  04/06/2020  1600    63.0   35.3    10.6     0.000   0   35.47  230.3   13.3  no_inv
114  04/06/2020  1700    63.0   35.3    10.5     0.000   0   35.52  239.4   12.3      --
115  04/06/2020  1800    61.3   34.8    10.4     0.000   0   36.90  249.9   11.6      --
116  04/06/2020  1900    57.8   35.0    10.4     0.000   0   42.33  261.2   11.4      --
117  04/06/2020  2000    55.8   34.8    10.3     0.000   0   44.91  272.5   11.6      --
118  04/06/2020  2100    53.5   34.4    10.2     0.000   0   48.13  283.0   12.3      --
119  04/06/2020  2200    51.2   34.2    10.1     0.000   0   52.06  292.2   13.3    4855
120  04/06/2020  2300    49.1   34.0     8.6     0.000   0   55.75  289.7   11.1      --
121  04/07/2020  0000    47.5   34.0     7.2     0.000   0   59.24  286.0    8.8      --
122  04/07/2020  0100    46.0   34.2     5.7     0.000   0   63.21  279.8    6.7      --
123  04/07/2020  0200    44.5   34.3     4.3     0.000   0   67.11  268.0    4.7      --
124  04/07/2020  0300    43.2   34.6     2.8     0.000   0   71.30  242.1    3.1      --
125  04/07/2020  0400    42.2   34.6     1.4     0.000   0   74.34  197.0    2.9     617
126  04/07/2020  0500    41.3   34.6     1.4     0.000   0   76.88  190.0    2.7      --
127  04/07/2020  0600    40.8   34.6     1.3     0.000   0   78.30  182.2    2.6      --
128  04/07/2020  0700    41.2   34.6     1.3     0.000   0   77.22  173.7    2.5      --
129  04/07/2020  0800    42.4   30.0     1.3     0.000   0   61.18  164.9    2.5      --
130  04/07/2020  0900    44.6   29.4     1.2     0.000   0   54.80  156.2    2.5      --
131  04/07/2020  1000    47.7   28.7     1.2     0.000   0   47.41  148.0    2.6    2459
132  04/07/2020  1100    51.5   28.0     1.6     0.000   0   39.97  133.4    1.0      --
133  04/07/2020  1200    57.2   27.3     2.0     0.000   0   31.63    2.1    0.9      --
134  04/07/2020  1300    62.2   26.8     2.4     0.000   0   25.89  345.1    2.5      --
135  04/07/2020  1400    65.0   26.3     2.8     0.000   0   23.02  341.6    4.2      --
136  04/07/2020  1500    66.5   26.1     3.2     0.000   0   21.60  340.1    5.9      --
137  04/07/2020  1600    67.4   26.0     3.6     0.000   0   20.88  339.2    7.6    1474
138  04/07/2020  1700    67.7   26.0     5.2     0.000   0   20.71  338.4    9.1      --
139  04/07/2020  1800    65.7   26.2     6.7     0.000   0   22.42  337.8   10.5      --
140  04/07/2020  1900    61.4   28.5     8.3     0.000   0   28.58  337.4   12.0      --
141  04/07/2020  2000    59.1   28.9     9.8     0.000   0   31.55  337.0   13.5      --
142  04/07/2020  2100    56.8   28.9    11.4     0.000   0   34.32  336.7   14.9      --
143  04/07/2020  2200    54.4   27.9    12.9     0.000   0   35.78  336.5   16.4     722
144  04/07/2020  2300    52.4   29.8    11.2     0.000   0   41.67  332.7   13.6      --
145  04/08/2020  0000    51.5   30.8     9.4     0.000   0   45.01  327.1   11.0      --
146  04/08/2020  0100    50.6   30.7     7.7     0.000   0   46.27  318.0    8.5      --
147  04/08/2020  0200    49.8   29.1     5.9     0.000   0   44.74  302.4    6.4      --
148  04/08/2020  0300    49.0   28.1     4.2     0.000   0   44.02  275.8    5.1      --
149  04/08/2020  0400    48.5   27.4     2.4     0.000   0   43.79  243.7    5.4    1413
150  04/08/2020  0500    48.0   26.4     2.3     0.000   0   42.69  237.8    4.2      --
151  04/08/2020  0600    47.7   26.4     2.1     0.000   0   43.16  227.2    3.0      --
152  04/08/2020  0700    48.0   26.4     2.0     0.000   0   42.62  205.6    2.1      --
153  04/08/2020  0800    49.1   28.7     1.8     0.000   0   45.04  166.3    1.8      --
154  04/08/2020  0900    51.0   28.2     1.7     0.000   0   41.13  131.5    2.3      --
155  04/08/2020  1000    53.6   27.6     1.5     0.000   0   36.53  114.1    3.3    3899
156  04/08/2020  1100    56.7   27.1     1.6     0.000   0   31.80  127.4    3.1      --
157  04/08/2020  1200    61.4   26.5     1.7     0.000   0   26.35  142.1    3.0      --
158  04/08/2020  1300    65.3   26.1     1.8     0.000   0   22.56  156.4    3.2      --
159  04/08/2020  1400    67.4   25.7     1.9     0.000   0   20.66  168.7    3.5      --
160  04/08/2020  1500    68.5   25.5     1.9     0.000   0   19.74  178.6    4.0      --
161  04/08/2020  1600    69.0   25.5     2.0     0.000   0   19.33  186.2    4.5    6901
162  04/08/2020  1700    69.1   25.5     3.2     0.000   0   19.26  205.1    5.1      --
163  04/08/2020  1800    68.2   25.5     4.3     0.000   0   19.85  218.8    6.2      --
164  04/08/2020  1900    66.4   26.0     5.4     0.000   0   21.59  228.2    7.4      --
165  04/08/2020  2000    65.4   26.6     6.5     0.000   0   22.95  234.7    8.9      --
166  04/08/2020  2100    63.1   27.2     7.7     0.000   0   25.56  239.3   10.4      --
167  04/08/2020  2200    60.8   27.5     8.8     0.000   0   27.99  242.8   11.9     642
