  Generated by FoxLW on Thursday April 2, 2020 at 02:32 PDT
-------------------------------------------------------------------------------
  Walla Walla
  46.0800:-118.2700  (46 4' 48.00"N  118 16' 12.00"W)  elev 1223.8 feet    file: 300130
-------------------------------------------------------------------------------

Line#   Date     Hour   TempF  DewPtF WS(mph)  Rain(in) LW    RH%  WDir_50m WS_50m Inv(ft)
  5  04/02/2020  0400    33.2   29.0     6.5     0.000   0   84.26  194.4   14.4    1526
  6  04/02/2020  0500    32.8   28.9     5.9     0.000   0   85.43  198.2   12.5      --
  7  04/02/2020  0600    32.4   28.5     5.2     0.000   0   85.39  203.3   10.7      --
  8  04/02/2020  0700    32.7   27.9     4.6     0.000   0   82.36  210.3    9.0      --
  9  04/02/2020  0800    33.8   25.1     3.9     0.000   0   70.23  220.4    7.5      --
 10  04/02/2020  0900    35.8   24.2     3.2     0.000   0   62.50  234.8    6.3      --
 11  04/02/2020  1000    38.5   23.2     2.6     0.000   0   53.86  253.8    5.7  no_inv
 12  04/02/2020  1100    41.7   22.3     2.4     0.000   0   45.63  248.6    4.6      --
 13  04/02/2020  1200    45.5   21.4     2.2     0.000   0   37.91  240.0    3.5      --
 14  04/02/2020  1300    48.6   20.6     1.9     0.000   0   32.72  224.4    2.5      --
 15  04/02/2020  1400    50.2   20.0     1.7     0.000   0   30.09  195.7    2.0      --
 16  04/02/2020  1500    50.9   19.6     1.5     0.000   0   28.82  159.9    2.1      --
 17  04/02/2020  1600    51.2   19.5     1.3     0.000   0   28.33  136.0    2.8  no_inv
 18  04/02/2020  1700    50.8   19.7     3.4     0.000   0   28.92  166.6    4.6      --
 19  04/02/2020  1800    50.1   20.7     5.5     0.000   0   31.08  178.4    7.0      --
 20  04/02/2020  1900    49.7   22.6     7.6     0.000   0   34.22  184.2    9.5      --
 21  04/02/2020  2000    47.3   24.0     9.7     0.000   0   39.50  187.5   12.1      --
 22  04/02/2020  2100    45.0   24.5    11.9     0.000   0   44.18  189.6   14.7      --
 23  04/02/2020  2200    42.7   24.4    14.0     0.000   0   48.10  191.1   17.3  no_inv
 24  04/02/2020  2300    40.7   25.7    12.6     0.000   0   54.65  193.2   16.4      --
 25  04/03/2020  0000    39.5   28.3    11.2     0.000   0   64.11  195.6   15.5      --
 26  04/03/2020  0100    38.3   29.9     9.8     0.000   0   71.43  198.2   14.7      --
 27  04/03/2020  0200    37.3   30.7     8.4     0.000   0   76.74  201.1   13.9      --
 28  04/03/2020  0300    36.4   27.6     7.0     0.000   0   70.16  204.4   13.1      --
 29  04/03/2020  0400    36.6   24.8     5.6     0.000   0   61.89  208.0   12.4     698
 30  04/03/2020  0500    35.2   29.2     7.5     0.000   0   78.32  213.8   13.7      --
 31  04/03/2020  0600    34.9   30.4     9.3     0.000   0   83.39  218.6   15.0      --
 32  04/03/2020  0700    35.1   29.0    11.1     0.000   0   78.02  222.5   16.5      --
 33  04/03/2020  0800    35.9   25.9    13.0     0.000   0   66.79  225.9   18.0      --
 34  04/03/2020  0900    37.3   24.3    14.8     0.000   0   58.98  228.6   19.5      --
 35  04/03/2020  1000    39.3   22.5    16.6     0.000   0   50.59  231.0   21.1  no_inv
 36  04/03/2020  1100    41.9   20.8    16.5     0.000   0   42.53  233.8   20.7      --
 37  04/03/2020  1200    45.8   19.1    16.3     0.000   0   34.07  236.6   20.4      --
 38  04/03/2020  1300    49.2   17.7    16.2     0.000   0   28.27  239.6   20.2      --
 39  04/03/2020  1400    51.0   16.6    16.0     0.000   0   25.22  242.6   20.0      --
 40  04/03/2020  1500    51.9   16.0    15.9     0.000   0   23.78  245.6   19.8      --
 41  04/03/2020  1600    52.3   15.9    15.8     0.000   0   23.34  248.7   19.7  no_inv
 42  04/03/2020  1700    51.1   16.7    15.0     0.000   0   25.17  248.0   18.8      --
 43  04/03/2020  1800    48.7   17.2    14.2     0.000   0   28.09  247.2   17.8      --
 44  04/03/2020  1900    47.4   17.5    13.5     0.000   0   29.94  246.4   16.9      --
 45  04/03/2020  2000    45.1   17.9    12.8     0.000   0   33.21  245.4   15.9      --
 46  04/03/2020  2100    42.7   18.9    12.0     0.000   0   37.94  244.3   15.0      --
 47  04/03/2020  2200    40.4   21.5    11.2     0.000   0   46.55  243.1   14.1     547
 48  04/03/2020  2300    39.0   23.0    10.1     0.000   0   52.35  240.6   13.1      --
 49  04/04/2020  0000    38.5   24.1     8.9     0.000   0   55.80  237.7   12.2      --
 50  04/04/2020  0100    37.9   24.3     7.7     0.000   0   57.60  234.4   11.3      --
 51  04/04/2020  0200    37.4   22.8     6.5     0.000   0   55.07  230.6   10.5      --
 52  04/04/2020  0300    36.9   21.6     5.3     0.000   0   53.48  226.0    9.7      --
 53  04/04/2020  0400    36.4   20.8     4.1     0.000   0   52.64  220.7    8.9    6623
 54  04/04/2020  0500    36.0   19.5     3.8     0.000   0   50.67  226.7    6.9      --
 55  04/04/2020  0600    35.7   19.5     3.5     0.000   0   51.32  237.4    5.0      --
 56  04/04/2020  0700    36.1   19.5     3.3     0.000   0   50.51  259.0    3.5      --
 57  04/04/2020  0800    37.4   24.9     3.0     0.000   0   60.16  297.4    3.0      --
 58  04/04/2020  0900    39.8   28.4     2.8     0.000   0   63.40  331.6    3.9      --
 59  04/04/2020  1000    42.9   28.4     2.5     0.000   0   56.14  349.2    5.5  no_inv
 60  04/04/2020  1100    46.4   28.4     3.8     0.000   0   49.25  359.3    6.6      --
 61  04/04/2020  1200    49.3   27.3     5.2     0.000   0   42.23    6.6    7.8      --
 62  04/04/2020  1300    51.8   28.2     6.5     0.000   0   39.97   11.8    9.0      --
 63  04/04/2020  1400    53.2   28.8     7.8     0.000   0   38.92   15.8   10.3      --
 64  04/04/2020  1500    54.1   29.3     9.1     0.000   0   38.27   18.8   11.7      --
 65  04/04/2020  1600    54.8   29.5    10.5     0.000   0   37.73   21.2   13.1  no_inv
 66  04/04/2020  1700    54.3   29.6     9.0     0.000   0   38.50   20.0   10.3      --
 67  04/04/2020  1800    53.4   29.9     7.6     0.000   0   40.31   17.8    7.5      --
 68  04/04/2020  1900    52.9   30.0     6.1     0.000   0   41.20   13.0    4.7      --
 69  04/04/2020  2000    50.5   30.0     4.7     0.000   0   45.01  355.3    2.1      --
 70  04/04/2020  2100    48.2   29.8     3.2     0.000   0   48.63  251.4    1.5      --
 71  04/04/2020  2200    45.9   29.0     1.8     0.000   0   51.44  221.1    4.0     730
 72  04/04/2020  2300    44.5   29.0     2.3     0.000   0   54.23  208.0    4.8      --
 73  04/05/2020  0000    43.8   29.0     2.8     0.000   0   55.54  198.9    5.8      --
 74  04/05/2020  0100    43.2   29.0     3.3     0.000   0   56.85  192.6    6.9      --
 75  04/05/2020  0200    42.7   32.9     3.7     0.000   0   68.07  188.1    8.0      --
 76  04/05/2020  0300    43.1   37.0     4.2     0.020   0   79.08  184.7    9.2      --
 77  04/05/2020  0400    42.6   40.8     4.7     0.060  10   92.97  182.1   10.4     231
 78  04/05/2020  0500    39.0   35.3     4.2     0.000   5   86.59  186.0    8.4      --
 79  04/05/2020  0600    38.9   35.0     3.7     0.000   0   85.84  192.3    6.5      --
 80  04/05/2020  0700    38.6   34.2     3.2     0.000   0   84.18  203.4    4.8      --
 81  04/05/2020  0800    45.9   39.6     2.7     0.000   0   78.64  225.5    3.3      --
 82  04/05/2020  0900    46.7   43.7     2.2     0.000   5   89.05  263.3    2.9      --
 83  04/05/2020  1000    46.8   45.5     1.7     0.000  10   95.38  296.2    3.8  no_inv
 84  04/05/2020  1100    47.5   46.4     3.0     0.000  10   96.07  341.0    3.4      --
 85  04/05/2020  1200    48.5   43.8     4.2     0.000   5   83.59   13.4    5.0      --
 86  04/05/2020  1300    49.1   45.0     5.4     0.000   0   85.43   28.1    7.3      --
 87  04/05/2020  1400    49.4   45.4     6.7     0.010   0   86.18   35.5    9.8      --
 88  04/05/2020  1500    49.2   45.6     7.9     0.110  10   87.34   39.8   12.4      --
 89  04/05/2020  1600    49.1   45.5     9.1     0.140  10   87.33   42.5   15.1  no_inv
 90  04/05/2020  1700    49.0   45.4     8.1     0.000   5   87.24   47.3   12.1      --
 91  04/05/2020  1800    49.2   45.6     7.1     0.000   0   87.33   55.1    9.2      --
 92  04/05/2020  1900    49.2   45.5     6.1     0.000   0   87.33   69.5    6.6      --
 93  04/05/2020  2000    49.0   45.9     5.1     0.000   0   88.79   97.1    4.9      --
 94  04/05/2020  2100    48.9   45.7     4.1     0.000   0   88.73  135.0    5.0      --
 95  04/05/2020  2200    49.2   48.1     3.1     0.000   5   96.08  161.2    6.9     236
 96  04/05/2020  2300    47.9   46.9     3.4     0.000  10   96.28  171.3    7.2      --
 97  04/06/2020  0000    46.9   45.9     3.7     0.000  10   96.46  180.3    7.7      --
 98  04/06/2020  0100    45.9   45.0     4.1     0.000  10   96.63  188.0    8.4      --
 99  04/06/2020  0200    45.2   44.3     4.4     0.000  10   96.63  194.5    9.2      --
100  04/06/2020  0300    44.6   43.7     4.7     0.000  10   96.62  199.8   10.1      --
101  04/06/2020  0400    45.0   44.1     5.0     0.030  10   96.43  204.2   11.1    2532
102  04/06/2020  0500    45.0   42.0     4.8     0.000   5   89.20  206.9   10.5      --
103  04/06/2020  0600    45.4   42.3     4.6     0.000   0   89.03  209.8   10.0      --
104  04/06/2020  0700    45.0   41.6     4.4     0.000   0   87.72  213.1    9.5      --
105  04/06/2020  0800    42.8   39.0     4.2     0.000   0   86.22  216.6    9.0      --
106  04/06/2020  0900    42.9   39.0     3.9     0.000   0   85.99  220.6    8.6      --
107  04/06/2020  1000    44.0   37.9     3.7     0.000   0   79.07  224.9    8.2  no_inv
108  04/06/2020  1100    46.8   35.9     4.1     0.000   0   65.49  231.9    8.3      --
109  04/06/2020  1200    50.0   35.5     4.4     0.000   0   57.18  238.7    8.4      --
110  04/06/2020  1300    53.3   36.1     4.8     0.000   0   51.92  245.1    8.7      --
111  04/06/2020  1400    55.4   36.8     5.1     0.000   0   49.51  251.1    9.1      --
112  04/06/2020  1500    56.9   37.8     5.5     0.000   0   48.62  256.6    9.5      --
113  04/06/2020  1600    57.9   38.8     5.8     0.000   0   48.85  261.6   10.1  no_inv
114  04/06/2020  1700    57.0   38.8     6.6     0.000   0   50.50  261.9   10.6      --
115  04/06/2020  1800    55.1   37.9     7.4     0.000   0   52.26  262.2   11.1      --
116  04/06/2020  1900    54.0   37.2     8.1     0.000   0   52.75  262.4   11.6      --
117  04/06/2020  2000    51.7   36.1     8.9     0.000   0   55.17  262.7   12.1      --
118  04/06/2020  2100    49.4   35.8     9.7     0.000   0   59.50  262.9   12.6      --
119  04/06/2020  2200    47.0   35.4    10.5     0.000   0   63.77  263.1   13.1     570
120  04/06/2020  2300    45.7   35.2     9.9     0.000   0   66.63  254.1   12.7      --
121  04/07/2020  0000    44.8   35.0     9.3     0.000   0   68.32  244.8   12.7      --
122  04/07/2020  0100    43.8   34.7     8.8     0.000   0   70.19  235.7   13.0      --
123  04/07/2020  0200    42.9   34.5     8.2     0.000   0   72.16  227.3   13.6      --
124  04/07/2020  0300    42.0   34.8     7.6     0.000   0   75.34  219.6   14.5      --
125  04/07/2020  0400    41.3   35.4     7.0     0.000   0   79.21  213.0   15.6     642
126  04/07/2020  0500    40.7   35.3     7.0     0.000   0   81.11  213.6   14.8      --
127  04/07/2020  0600    40.3   35.3     7.0     0.000   0   81.98  214.2   14.0      --
128  04/07/2020  0700    40.7   35.1     6.9     0.000   0   80.38  214.9   13.2      --
129  04/07/2020  0800    41.9   31.5     6.9     0.000   0   66.53  215.7   12.4      --
130  04/07/2020  0900    43.9   31.1     6.9     0.000   0   60.54  216.6   11.7      --
131  04/07/2020  1000    46.7   30.7     6.8     0.000   0   53.51  217.6   10.9    6080
132  04/07/2020  1100    50.0   30.3     6.0     0.000   0   46.47  221.0    9.4      --
133  04/07/2020  1200    54.2   29.9     5.1     0.000   0   39.10  225.8    7.9      --
134  04/07/2020  1300    57.6   29.5     4.3     0.000   0   34.08  232.6    6.5      --
135  04/07/2020  1400    59.4   29.3     3.4     0.000   0   31.62  242.8    5.3      --
136  04/07/2020  1500    60.3   29.1     2.6     0.000   0   30.47  258.6    4.3      --
137  04/07/2020  1600    60.7   29.0     1.7     0.000   0   29.97  280.8    3.8    6963
138  04/07/2020  1700    60.7   29.0     2.5     0.000   0   29.95  254.5    1.7      --
139  04/07/2020  1800    60.1   29.0     3.3     0.000   0   30.56  162.8    1.7      --
140  04/07/2020  1900    59.0   29.3     4.1     0.000   0   32.16  136.6    3.8      --
141  04/07/2020  2000    58.3   29.3     4.9     0.000   0   32.90  129.7    6.1      --
142  04/07/2020  2100    56.0   29.6     5.8     0.000   0   36.29  126.6    8.5      --
143  04/07/2020  2200    53.6   29.9     6.6     0.000   0   39.95  124.9   10.9     738
144  04/07/2020  2300    51.8   29.6     5.8     0.000   0   42.21  129.8    9.2      --
145  04/08/2020  0000    50.5   29.4     5.1     0.000   0   43.96  136.7    7.6      --
146  04/08/2020  0100    49.4   29.3     4.3     0.000   0   45.53  147.2    6.1      --
147  04/08/2020  0200    48.5   29.3     3.6     0.000   0   47.18  163.1    5.0      --
148  04/08/2020  0300    47.7   29.3     2.9     0.000   0   48.57  185.2    4.5      --
149  04/08/2020  0400    47.1   29.3     2.1     0.000   0   49.64  209.0    4.7     782
150  04/08/2020  0500    46.7   29.3     2.1     0.000   0   50.37  219.1    4.3      --
151  04/08/2020  0600    46.5   29.3     2.2     0.000   0   50.85  231.0    4.0      --
152  04/08/2020  0700    46.8   29.3     2.2     0.000   0   50.31  243.9    4.0      --
153  04/08/2020  0800    47.7   34.7     2.2     0.000   0   60.39  256.6    4.1      --
154  04/08/2020  0900    49.3   36.1     2.2     0.000   0   60.07  268.0    4.4      --
155  04/08/2020  1000    51.7   36.1     2.2     0.000   0   55.13  277.5    4.9    5404
156  04/08/2020  1100    54.5   36.1     2.1     0.000   0   49.64  279.8    4.7      --
157  04/08/2020  1200    58.9   36.1     2.0     0.000   0   42.41  282.4    4.4      --
158  04/08/2020  1300    62.6   36.1     1.9     0.000   0   37.24  285.1    4.2      --
159  04/08/2020  1400    64.5   36.1     1.9     0.000   0   34.74  288.1    4.1      --
160  04/08/2020  1500    65.5   36.1     1.8     0.000   0   33.59  291.5    3.9      --
161  04/08/2020  1600    66.0   36.1     1.7     0.000   0   33.05  295.1    3.7    3693
162  04/08/2020  1700    66.0   36.1     2.3     0.000   0   32.98  265.8    3.2      --
163  04/08/2020  1800    65.1   36.1     2.9     0.000   0   34.14  236.6    3.7      --
164  04/08/2020  1900    63.0   36.1     3.5     0.000   0   36.64  217.6    4.9      --
165  04/08/2020  2000    61.9   36.1     4.1     0.000   0   38.11  206.7    6.4      --
166  04/08/2020  2100    59.6   36.1     4.7     0.000   0   41.41  200.0    8.0      --
167  04/08/2020  2200    57.2   36.3     5.3     0.000   0   45.41  195.6    9.7     643
