  Generated by FoxLW on Thursday April 2, 2020 at 02:32 PDT
-------------------------------------------------------------------------------
  Basin City
  46.6500:-119.1600  (46 38' 60.00"N  119 9' 36.00"W)  elev 899.0 feet    file: 300116
-------------------------------------------------------------------------------

Line#   Date     Hour   TempF  DewPtF WS(mph)  Rain(in) LW    RH%  WDir_50m WS_50m Inv(ft)
  5  04/02/2020  0400    33.6   15.4    13.7     0.000   0   46.68  359.2   17.1     347
  6  04/02/2020  0500    33.0   16.7    11.8     0.000   0   50.46  356.4   14.1      --
  7  04/02/2020  0600    32.6   17.1     9.8     0.000   0   52.19  351.9   11.1      --
  8  04/02/2020  0700    32.9   17.7     7.8     0.000   0   53.12  344.3    8.2      --
  9  04/02/2020  0800    33.8   17.9     5.9     0.000   0   51.58  329.1    5.6      --
 10  04/02/2020  0900    35.6   17.5     3.9     0.000   0   47.19  295.9    3.9      --
 11  04/02/2020  1000    38.2   17.5     2.0     0.000   0   42.66  251.9    4.4  no_inv
 12  04/02/2020  1100    41.5   17.5     2.1     0.000   0   37.45  237.3    4.1      --
 13  04/02/2020  1200    46.2   17.5     2.3     0.000   0   31.30  221.6    4.1      --
 14  04/02/2020  1300    50.1   17.5     2.5     0.000   0   27.05  206.9    4.4      --
 15  04/02/2020  1400    52.1   17.5     2.6     0.000   0   25.11  194.6    4.9      --
 16  04/02/2020  1500    53.2   17.5     2.8     0.000   0   24.16  185.0    5.6      --
 17  04/02/2020  1600    53.7   17.5     2.9     0.000   0   23.74  177.8    6.4  no_inv
 18  04/02/2020  1700    52.7   17.6     4.1     0.000   0   24.64  204.7    5.6      --
 19  04/02/2020  1800    50.8   18.0     5.3     0.000   0   27.01  232.8    6.2      --
 20  04/02/2020  1900    49.7   19.0     6.6     0.000   0   29.24  252.2    7.9      --
 21  04/02/2020  2000    47.4   20.2     7.8     0.000   0   33.67  264.0   10.1      --
 22  04/02/2020  2100    45.1   20.9     9.0     0.000   0   37.77  271.2   12.6      --
 23  04/02/2020  2200    42.7   21.2    10.2     0.000   0   42.01  276.0   15.3     309
 24  04/02/2020  2300    40.4   21.5    10.8     0.000   0   46.50  274.7   15.6      --
 25  04/03/2020  0000    38.8   21.8    11.4     0.000   0   49.95  273.5   15.9      --
 26  04/03/2020  0100    37.4   22.0    12.0     0.000   0   53.29  272.3   16.3      --
 27  04/03/2020  0200    36.1   20.9    12.6     0.000   0   53.63  271.1   16.6      --
 28  04/03/2020  0300    35.0   21.1    13.1     0.000   0   56.49  270.0   17.0      --
 29  04/03/2020  0400    34.1   21.2    13.7     0.000   0   58.73  269.0   17.3     324
 30  04/03/2020  0500    33.4   21.1    13.2     0.000   0   60.28  263.7   16.1      --
 31  04/03/2020  0600    33.0   21.0    12.7     0.000   0   60.94  257.7   15.1      --
 32  04/03/2020  0700    33.4   20.8    12.1     0.000   0   59.51  250.8   14.3      --
 33  04/03/2020  0800    34.7   22.0    11.6     0.000   0   59.36  243.2   13.6      --
 34  04/03/2020  0900    37.1   20.3    11.1     0.000   0   50.22  235.1   13.3      --
 35  04/03/2020  1000    40.2   20.0    10.6     0.000   0   43.83  226.7   13.2  no_inv
 36  04/03/2020  1100    43.6   19.7    10.5     0.000   0   37.93  233.5   12.6      --
 37  04/03/2020  1200    46.5   19.4    10.5     0.000   0   33.65  240.9   12.3      --
 38  04/03/2020  1300    48.8   19.7    10.4     0.000   0   31.20  248.6   12.1      --
 39  04/03/2020  1400    50.2   20.2    10.4     0.000   0   30.25  256.3   12.2      --
 40  04/03/2020  1500    51.1   20.8    10.3     0.000   0   30.02  263.8   12.5      --
 41  04/03/2020  1600    51.7   21.4    10.3     0.000   0   30.16  270.9   13.0  no_inv
 42  04/03/2020  1700    51.1   21.2    10.8     0.000   0   30.60  278.1   13.1      --
 43  04/03/2020  1800    49.8   20.9    11.3     0.000   0   31.66  285.1   13.5      --
 44  04/03/2020  1900    49.1   20.7    11.7     0.000   0   32.27  291.5   14.1      --
 45  04/03/2020  2000    46.7   19.4    12.2     0.000   0   33.40  297.5   14.8      --
 46  04/03/2020  2100    44.4   19.8    12.7     0.000   0   36.99  302.8   15.7      --
 47  04/03/2020  2200    42.0   20.1    13.2     0.000   0   41.03  307.5   16.7     874
 48  04/03/2020  2300    38.9   21.8    11.6     0.000   0   49.73  309.0   15.3      --
 49  04/04/2020  0000    36.7   22.3    10.1     0.000   0   55.53  310.8   13.9      --
 50  04/04/2020  0100    34.7   23.0     8.5     0.000   0   61.93  313.0   12.5      --
 51  04/04/2020  0200    32.8   22.3     7.0     0.000   0   64.94  315.7   11.2      --
 52  04/04/2020  0300    31.2   21.7     5.4     0.000   0   67.51  319.1    9.9      --
 53  04/04/2020  0400    29.9   21.3     3.9     0.000   0   70.01  323.6    8.6     147
 54  04/04/2020  0500    28.9   20.7     3.3     0.000   0   71.01  323.0    7.1      --
 55  04/04/2020  0600    28.3   20.7     2.7     0.000   0   72.66  322.2    5.6      --
 56  04/04/2020  0700    29.0   20.7     2.1     0.000   0   70.62  320.8    4.1      --
 57  04/04/2020  0800    31.2   21.0     1.5     0.000   0   65.46  317.6    2.6      --
 58  04/04/2020  0900    34.9   20.8     0.9     0.000   0   55.96  305.9    1.1      --
 59  04/04/2020  1000    39.8   20.6     0.3     0.000   0   45.83  184.0    0.6  no_inv
 60  04/04/2020  1100    45.1   20.5     0.6     0.000   0   37.14   80.8    0.7      --
 61  04/04/2020  1200    49.8   20.3     1.0     0.000   0   30.92   58.3    1.6      --
 62  04/04/2020  1300    53.3   20.2     1.4     0.000   0   26.92   52.7    2.5      --
 63  04/04/2020  1400    55.2   20.0     1.8     0.000   0   25.01   50.2    3.5      --
 64  04/04/2020  1500    56.2   20.0     2.1     0.000   0   24.10   48.8    4.5      --
 65  04/04/2020  1600    56.7   20.0     2.5     0.000   0   23.67   47.8    5.5  no_inv
 66  04/04/2020  1700    56.7   20.1     3.8     0.000   0   23.80   52.2    6.7      --
 67  04/04/2020  1800    55.6   20.7     5.2     0.000   0   25.40   55.2    8.0      --
 68  04/04/2020  1900    53.3   21.9     6.5     0.000   0   29.03   57.4    9.2      --
 69  04/04/2020  2000    52.0   24.5     7.8     0.000   0   33.96   59.1   10.5      --
 70  04/04/2020  2100    49.7   26.2     9.1     0.000   0   39.73   60.4   11.8      --
 71  04/04/2020  2200    47.3   27.5    10.4     0.000   0   45.82   61.4   13.1  no_inv
 72  04/04/2020  2300    45.4   29.1     9.4     0.000   0   52.79   57.1   12.1      --
 73  04/05/2020  0000    44.2   30.5     8.3     0.000   0   58.43   52.1   11.2      --
 74  04/05/2020  0100    43.1   28.8     7.2     0.000   0   56.67   46.3   10.4      --
 75  04/05/2020  0200    42.2   25.8     6.2     0.000   0   51.73   39.7    9.8      --
 76  04/05/2020  0300    41.5   23.7     5.1     0.000   0   48.76   32.2    9.2      --
 77  04/05/2020  0400    41.0   20.2     4.0     0.000   0   42.95   23.9    8.9    1264
 78  04/05/2020  0500    40.6   20.2     4.1     0.000   0   43.55   19.5    8.8      --
 79  04/05/2020  0600    40.4   20.2     4.1     0.000   0   43.96   15.0    8.8      --
 80  04/05/2020  0700    40.5   20.2     4.1     0.000   0   43.67   10.6    8.8      --
 81  04/05/2020  0800    41.3   25.6     4.2     0.000   0   53.24    6.1    8.8      --
 82  04/05/2020  0900    42.7   31.0     4.2     0.000   0   62.93    1.7    9.0      --
 83  04/05/2020  1000    44.8   31.2     4.2     0.000   0   58.75  357.5    9.1  no_inv
 84  04/05/2020  1100    48.2   31.2     4.0     0.000   0   51.56    1.2    8.4      --
 85  04/05/2020  1200    53.4   31.2     3.7     0.000   0   42.44    5.6    7.7      --
 86  04/05/2020  1300    57.8   31.1     3.4     0.000   0   36.23   10.8    7.1      --
 87  04/05/2020  1400    59.8   31.1     3.1     0.000   0   33.63   16.9    6.6      --
 88  04/05/2020  1500    60.9   31.1     2.9     0.000   0   32.31   24.1    6.1      --
 89  04/05/2020  1600    61.3   31.1     2.6     0.000   0   31.91   32.2    5.8  no_inv
 90  04/05/2020  1700    60.2   31.2     2.4     0.000   0   33.27   37.7    5.1      --
 91  04/05/2020  1800    58.9   31.5     2.2     0.000   0   35.33   44.7    4.4      --
 92  04/05/2020  1900    56.1   31.2     2.0     0.000   0   38.49   53.8    3.9      --
 93  04/05/2020  2000    54.6   31.2     1.9     0.000   0   40.65   65.4    3.5      --
 94  04/05/2020  2100    52.3   31.2     1.7     0.000   0   44.29   79.2    3.3      --
 95  04/05/2020  2200    49.9   31.2     1.5     0.000   0   48.29   94.1    3.3  no_inv
 96  04/05/2020  2300    47.9   31.2     2.2     0.000   0   52.05   53.3    3.2      --
 97  04/06/2020  0000    46.4   31.2     2.9     0.000   0   55.06   24.3    4.4      --
 98  04/06/2020  0100    45.1   31.2     3.6     0.000   0   58.00   10.0    6.2      --
 99  04/06/2020  0200    43.8   31.2     4.3     0.000   0   60.78    2.5    8.3      --
100  04/06/2020  0300    42.8   31.2     5.0     0.000   0   63.29  358.0   10.4      --
101  04/06/2020  0400    41.9   33.0     5.7     0.000   0   70.36  355.0   12.6  no_inv
102  04/06/2020  0500    41.3   31.7     5.2     0.000   0   68.62  352.0   11.4      --
103  04/06/2020  0600    40.9   31.2     4.8     0.000   0   68.08  348.2   10.2      --
104  04/06/2020  0700    41.2   31.2     4.3     0.000   0   67.27  343.6    9.1      --
105  04/06/2020  0800    42.3   34.0     3.8     0.000   0   72.07  337.7    8.1      --
106  04/06/2020  0900    44.3   32.4     3.4     0.000   0   62.71  330.3    7.2      --
107  04/06/2020  1000    47.1   30.7     2.9     0.000   0   52.69  320.9    6.4  no_inv
108  04/06/2020  1100    50.7   29.0     4.5     0.000   0   42.88  308.0    7.7      --
109  04/06/2020  1200    55.9   27.4     6.2     0.000   0   33.27  298.9    9.1      --
110  04/06/2020  1300    60.2   26.5     7.8     0.000   0   27.49  292.5   10.8      --
111  04/06/2020  1400    62.4   26.5     9.4     0.000   0   25.39  287.9   12.6      --
112  04/06/2020  1500    63.6   26.6    11.0     0.000   0   24.45  284.4   14.4      --
113  04/06/2020  1600    64.1   26.2    12.6     0.000   0   23.66  281.7   16.3    9573
114  04/06/2020  1700    64.1   26.5    12.2     0.000   0   23.99  285.0   15.5      --
115  04/06/2020  1800    60.9   26.3    11.8     0.000   0   26.60  288.6   14.9      --
116  04/06/2020  1900    54.3   26.9    11.4     0.000   0   34.52  292.5   14.3      --
117  04/06/2020  2000    50.7   27.4    11.0     0.000   0   40.22  296.8   13.8      --
118  04/06/2020  2100    48.3   28.2    10.6     0.000   0   45.36  301.3   13.3      --
119  04/06/2020  2200    46.0   29.1    10.2     0.000   0   51.43  306.1   12.9    8944
120  04/06/2020  2300    44.5   29.9     9.5     0.000   0   56.34  299.9   12.0      --
121  04/07/2020  0000    44.1   30.6     8.9     0.000   0   58.86  292.6   11.2      --
122  04/07/2020  0100    43.6   31.3     8.2     0.000   0   61.46  284.4   10.6      --
123  04/07/2020  0200    43.1   31.1     7.6     0.000   0   62.22  275.4   10.3      --
124  04/07/2020  0300    42.5   30.2     6.9     0.000   0   61.50  266.1   10.2      --
125  04/07/2020  0400    42.0   29.2     6.2     0.000   0   60.27  256.8   10.4     255
126  04/07/2020  0500    41.4   28.4     5.7     0.000   0   59.52  253.3    9.5      --
127  04/07/2020  0600    41.0   27.4     5.1     0.000   0   57.85  249.1    8.7      --
128  04/07/2020  0700    41.5   27.2     4.5     0.000   0   56.40  244.1    8.0      --
129  04/07/2020  0800    43.0   29.3     4.0     0.000   0   57.95  238.2    7.3      --
130  04/07/2020  0900    45.6   28.8     3.4     0.000   0   51.64  231.1    6.7      --
131  04/07/2020  1000    49.1   28.4     2.8     0.000   0   44.49  222.9    6.3    5649
132  04/07/2020  1100    53.1   27.9     2.8     0.000   0   37.65  230.0    5.8      --
133  04/07/2020  1200    57.7   27.5     2.7     0.000   0   31.25  238.2    5.4      --
134  04/07/2020  1300    61.4   27.1     2.6     0.000   0   26.97  247.4    5.2      --
135  04/07/2020  1400    63.4   26.8     2.5     0.000   0   24.88  257.2    5.1      --
136  04/07/2020  1500    64.4   26.7     2.5     0.000   0   23.87  267.1    5.1      --
137  04/07/2020  1600    64.9   26.6     2.4     0.000   0   23.40  276.6    5.3    8161
138  04/07/2020  1700    64.9   26.6     3.8     0.000   0   23.34  297.2    5.8      --
139  04/07/2020  1800    62.8   26.6     5.2     0.000   0   25.11  313.2    6.8      --
140  04/07/2020  1900    58.6   27.6     6.6     0.000   0   30.45  324.4    8.2      --
141  04/07/2020  2000    56.2   28.1     8.0     0.000   0   33.79  332.1    9.8      --
142  04/07/2020  2100    53.9   27.9     9.4     0.000   0   36.45  337.5   11.6      --
143  04/07/2020  2200    51.5   27.4    10.7     0.000   0   38.91  341.5   13.4     360
144  04/07/2020  2300    48.5   27.0    10.9     0.000   0   43.01  354.0   11.0      --
145  04/08/2020  0000    46.6   26.8    11.0     0.000   0   45.60   11.9    9.4      --
146  04/08/2020  0100    44.9   26.5    11.1     0.000   0   48.21   34.1    9.0      --
147  04/08/2020  0200    43.3   26.3    11.3     0.000   0   50.74   55.2    9.9      --
148  04/08/2020  0300    42.0   26.2    11.4     0.000   0   53.11   70.9   11.9      --
149  04/08/2020  0400    40.9   26.1    11.6     0.000   0   55.25   81.6   14.5  no_inv
150  04/08/2020  0500    40.0   26.6     9.7     0.000   0   58.42   81.6   11.9      --
151  04/08/2020  0600    39.6   26.7     7.8     0.000   0   59.70   81.5    9.4      --
152  04/08/2020  0700    40.3   26.9     5.9     0.000   0   58.36   81.5    6.9      --
153  04/08/2020  0800    42.4   26.7     4.0     0.000   0   53.42   81.3    4.4      --
154  04/08/2020  0900    45.8   26.7     2.2     0.000   0   46.86   80.8    1.9      --
155  04/08/2020  1000    50.3   26.7     0.3     0.000   0   39.56  264.9    0.6    3126
156  04/08/2020  1100    55.3   26.7     0.6     0.000   0   32.92  235.9    1.2      --
157  04/08/2020  1200    60.4   26.7     0.9     0.000   0   27.46  227.6    2.0      --
158  04/08/2020  1300    64.3   26.7     1.3     0.000   0   23.90  223.8    2.7      --
159  04/08/2020  1400    66.4   26.7     1.6     0.000   0   22.21  221.7    3.5      --
160  04/08/2020  1500    67.5   26.7     1.9     0.000   0   21.41  220.3    4.2      --
161  04/08/2020  1600    68.1   26.7     2.3     0.000   0   21.01  219.4    5.0    5698
162  04/08/2020  1700    68.2   26.7     3.9     0.000   0   20.91  233.4    6.4      --
163  04/08/2020  1800    66.4   26.7     5.6     0.000   0   22.26  242.1    8.1      --
164  04/08/2020  1900    62.7   28.2     7.3     0.000   0   26.97  247.8    9.8      --
165  04/08/2020  2000    60.7   28.7     9.0     0.000   0   29.53  251.7   11.7      --
166  04/08/2020  2100    58.3   28.4    10.7     0.000   0   31.81  254.5   13.5      --
167  04/08/2020  2200    56.0   26.7    12.3     0.000   0   32.16  256.7   15.4     552
