  Generated by FoxLW on Thursday April 2, 2020 at 02:32 PDT
-------------------------------------------------------------------------------
  College Place
  46.0300:-118.4000  (46 1' 48.00"N  118 24' 0.00"W)  elev 764.4 feet    file: 300133
-------------------------------------------------------------------------------

Line#   Date     Hour   TempF  DewPtF WS(mph)  Rain(in) LW    RH%  WDir_50m WS_50m Inv(ft)
  5  04/02/2020  0400    34.8   30.0     4.1     0.000   0   82.47  245.2    8.9     493
  6  04/02/2020  0500    34.3   29.9     3.7     0.000   0   83.63  248.9    8.0      --
  7  04/02/2020  0600    33.9   29.5     3.4     0.000   0   83.46  253.5    7.1      --
  8  04/02/2020  0700    34.3   28.8     3.0     0.000   0   80.07  259.3    6.3      --
  9  04/02/2020  0800    35.5   27.9     2.7     0.000   0   73.46  266.8    5.6      --
 10  04/02/2020  0900    37.7   24.8     2.4     0.000   0   59.35  276.4    4.9      --
 11  04/02/2020  1000    40.7   23.7     2.0     0.000   0   50.33  288.2    4.5  no_inv
 12  04/02/2020  1100    44.2   22.6     1.8     0.000   0   41.99  287.6    3.5      --
 13  04/02/2020  1200    48.1   21.6     1.6     0.000   0   34.66  286.5    2.6      --
 14  04/02/2020  1300    51.2   20.7     1.3     0.000   0   29.79  284.1    1.6      --
 15  04/02/2020  1400    52.8   20.0     1.1     0.000   0   27.30  274.3    0.6      --
 16  04/02/2020  1500    53.5   19.5     0.9     0.000   0   26.09  137.3    0.4      --
 17  04/02/2020  1600    53.8   19.4     0.6     0.000   0   25.63  118.2    1.3  no_inv
 18  04/02/2020  1700    53.0   19.6     3.7     0.000   0   26.59  185.4    4.3      --
 19  04/02/2020  1800    51.3   21.4     6.8     0.000   0   30.56  194.1    8.2      --
 20  04/02/2020  1900    50.5   22.9     9.9     0.000   0   33.64  197.1   12.1      --
 21  04/02/2020  2000    48.1   21.9    13.0     0.000   0   35.27  198.7   16.1      --
 22  04/02/2020  2100    45.8   23.2    16.1     0.000   0   40.57  199.6   20.0      --
 23  04/02/2020  2200    43.4   24.5    19.2     0.000   0   46.87  200.2   24.0     437
 24  04/02/2020  2300    42.0   25.8    16.6     0.000   0   52.39  201.6   21.3      --
 25  04/03/2020  0000    41.3   27.0    14.1     0.000   0   56.62  203.3   18.6      --
 26  04/03/2020  0100    40.6   29.3    11.5     0.000   0   63.69  205.7   15.9      --
 27  04/03/2020  0200    40.0   30.4     8.9     0.000   0   68.30  208.9   13.3      --
 28  04/03/2020  0300    39.5   27.0     6.3     0.000   0   60.66  213.8   10.7      --
 29  04/03/2020  0400    39.0   24.4     3.7     0.000   0   55.48  221.7    8.2  no_inv
 30  04/03/2020  0500    38.6   23.5     5.9     0.000   0   54.25  226.7   10.2      --
 31  04/03/2020  0600    38.3   28.9     8.0     0.000   0   68.59  230.1   12.3      --
 32  04/03/2020  0700    38.5   29.5    10.1     0.000   0   69.71  232.5   14.4      --
 33  04/03/2020  0800    39.3   26.1    12.3     0.000   0   58.86  234.2   16.4      --
 34  04/03/2020  0900    40.7   24.5    14.4     0.000   0   52.01  235.6   18.5      --
 35  04/03/2020  1000    42.7   22.7    16.5     0.000   0   44.68  236.7   20.7  no_inv
 36  04/03/2020  1100    45.2   20.9    16.2     0.000   0   37.68  239.3   20.1      --
 37  04/03/2020  1200    49.0   19.2    15.9     0.000   0   30.42  242.1   19.7      --
 38  04/03/2020  1300    52.1   17.9    15.6     0.000   0   25.50  244.9   19.2      --
 39  04/03/2020  1400    53.8   17.0    15.2     0.000   0   23.07  247.9   18.9      --
 40  04/03/2020  1500    54.6   16.6    14.9     0.000   0   22.13  251.0   18.5      --
 41  04/03/2020  1600    54.9   16.9    14.6     0.000   0   22.13  254.2   18.3  no_inv
 42  04/03/2020  1700    53.7   17.2    14.4     0.000   0   23.36  253.2   18.0      --
 43  04/03/2020  1800    51.3   17.3    14.3     0.000   0   25.62  252.1   17.9      --
 44  04/03/2020  1900    50.0   17.6    14.1     0.000   0   27.35  251.0   17.7      --
 45  04/03/2020  2000    47.7   18.4    14.0     0.000   0   30.78  249.9   17.5      --
 46  04/03/2020  2100    45.3   19.6    13.9     0.000   0   35.48  248.8   17.3      --
 47  04/03/2020  2200    43.0   21.0    13.7     0.000   0   41.07  247.6   17.1     308
 48  04/03/2020  2300    40.3   23.6    11.8     0.000   0   50.85  245.6   14.8      --
 49  04/04/2020  0000    38.6   25.1     9.8     0.000   0   57.95  242.9   12.6      --
 50  04/04/2020  0100    37.0   26.3     7.9     0.000   0   64.88  239.1   10.3      --
 51  04/04/2020  0200    35.6   24.1     5.9     0.000   0   62.63  233.2    8.2      --
 52  04/04/2020  0300    34.1   22.5     3.6     0.000   0   62.15  223.2    6.2      --
 53  04/04/2020  0400    33.0   21.6     1.7     0.000   0   62.55  205.0    4.5     282
 54  04/04/2020  0500    32.4   19.9     1.9     0.000   0   59.58  216.3    3.2      --
 55  04/04/2020  0600    31.9   20.2     2.2     0.000   0   61.35  241.7    2.1      --
 56  04/04/2020  0700    32.7   21.8     2.3     0.000   0   63.84  287.9    1.9      --
 57  04/04/2020  0800    34.9   27.2     2.3     0.000   0   73.16  320.9    2.8      --
 58  04/04/2020  0900    38.7   28.8     2.4     0.000   0   67.48  335.4    4.1      --
 59  04/04/2020  1000    43.5   29.1     2.5     0.000   0   56.71  342.5    5.5  no_inv
 60  04/04/2020  1100    48.2   30.8     3.6     0.000   0   50.69  350.5    6.4      --
 61  04/04/2020  1200    51.3   31.3     4.6     0.000   0   46.16  356.3    7.5      --
 62  04/04/2020  1300    53.9   31.1     5.7     0.000   0   41.62    0.7    8.5      --
 63  04/04/2020  1400    55.3   30.8     6.8     0.000   0   39.04    4.1    9.7      --
 64  04/04/2020  1500    56.2   30.5     7.8     0.000   0   37.31    6.8   10.8      --
 65  04/04/2020  1600    56.9   30.3     8.9     0.000   0   36.16    8.9   12.0  no_inv
 66  04/04/2020  1700    56.5   30.3     8.2     0.000   0   36.71    3.5   11.2      --
 67  04/04/2020  1800    55.6   30.7     7.4     0.000   0   38.40  357.3   10.5      --
 68  04/04/2020  1900    55.2   31.1     6.7     0.000   0   39.74  350.3    9.9      --
 69  04/04/2020  2000    52.8   31.4     5.9     0.000   0   43.79  342.6    9.6      --
 70  04/04/2020  2100    50.5   31.3     5.2     0.000   0   47.58  334.4    9.4      --
 71  04/04/2020  2200    48.1   30.7     4.4     0.000   0   50.71  326.1    9.3     668
 72  04/04/2020  2300    46.2   30.7     4.5     0.000   0   54.63  318.6    6.3      --
 73  04/05/2020  0000    45.0   30.7     4.5     0.000   0   57.05  299.0    3.7      --
 74  04/05/2020  0100    44.0   30.7     4.5     0.000   0   59.35  240.8    2.5      --
 75  04/05/2020  0200    44.0   36.0     4.6     0.000   0   73.37  195.5    4.4      --
 76  04/05/2020  0300    43.1   40.6     4.3     0.050  10   90.63  181.3    7.2      --
 77  04/05/2020  0400    42.5   41.5     3.9     0.060  10   96.21  175.2   10.2     508
 78  04/05/2020  0500    39.3   36.1     3.9     0.000   5   88.31  179.2    8.0      --
 79  04/05/2020  0600    39.2   36.0     3.8     0.000   0   88.17  186.1    5.9      --
 80  04/05/2020  0700    39.3   35.7     3.3     0.000   0   86.55  200.1    4.0      --
 81  04/05/2020  0800    46.8   41.1     2.9     0.000   0   80.24  233.0    2.6      --
 82  04/05/2020  0900    47.9   44.4     2.5     0.000   5   87.54  281.2    2.9      --
 83  04/05/2020  1000    48.9   45.8     2.0     0.000  10   89.14  307.1    4.5  no_inv
 84  04/05/2020  1100    50.0   46.7     3.3     0.040  10   88.23  338.3    3.9      --
 85  04/05/2020  1200    49.7   45.2     4.7     0.030   5   84.69    8.3    4.7      --
 86  04/05/2020  1300    51.9   45.8     6.0     0.000   0   79.48   26.7    6.2      --
 87  04/05/2020  1400    52.4   46.3     7.3     0.000   0   79.64   37.2    8.1      --
 88  04/05/2020  1500    51.9   46.9     8.6     0.000   0   83.00   43.4   10.2      --
 89  04/05/2020  1600    51.0   47.4     9.9     0.080  10   87.44   47.6   12.4  no_inv
 90  04/05/2020  1700    51.2   47.2     9.1     0.000   5   86.08   55.7    9.1      --
 91  04/05/2020  1800    51.3   47.4     8.4     0.000   0   86.29   72.3    6.2      --
 92  04/05/2020  1900    51.0   47.3     7.6     0.000   0   87.39  108.4    4.4      --
 93  04/05/2020  2000    50.0   46.9     6.8     0.000   0   89.05  151.5    5.3      --
 94  04/05/2020  2100    49.4   46.4     6.0     0.000   0   89.23  173.7    8.0      --
 95  04/05/2020  2200    48.2   47.0     4.9     0.000   5   95.33  184.0   11.2     717
 96  04/05/2020  2300    47.7   46.5     5.1     0.000  10   95.70  186.6   10.9      --
 97  04/06/2020  0000    47.2   46.2     5.0     0.000  10   96.24  189.3   10.6      --
 98  04/06/2020  0100    46.8   45.9     4.8     0.000  10   96.66  192.2   10.3      --
 99  04/06/2020  0200    46.5   45.5     4.7     0.000  10   96.65  195.2   10.1      --
100  04/06/2020  0300    46.2   45.2     4.5     0.000  10   96.65  198.4    9.9      --
101  04/06/2020  0400    46.8   45.6     4.4     0.010  10   95.44  201.7    9.7     699
102  04/06/2020  0500    46.4   44.2     4.2     0.000  10   91.70  208.8    8.6      --
103  04/06/2020  0600    46.3   44.0     3.9     0.000  10   91.77  217.8    7.6      --
104  04/06/2020  0700    47.1   44.2     3.7     0.010  10   89.65  229.0    6.9      --
105  04/06/2020  0800    45.5   40.9     3.5     0.000   5   84.04  242.1    6.5      --
106  04/06/2020  0900    45.9   40.7     3.3     0.000   0   81.98  256.1    6.5      --
107  04/06/2020  1000    46.7   40.2     3.1     0.010   0   78.01  269.4    6.8  no_inv
108  04/06/2020  1100    50.1   38.1     3.0     0.000   0   63.19  271.0    6.7      --
109  04/06/2020  1200    53.4   37.4     3.0     0.000   0   54.48  272.6    6.6      --
110  04/06/2020  1300    56.4   36.8     3.0     0.000   0   47.77  274.3    6.5      --
111  04/06/2020  1400    58.3   36.4     2.9     0.000   0   43.85  276.0    6.4      --
112  04/06/2020  1500    59.6   36.1     2.9     0.000   0   41.39  277.8    6.3      --
113  04/06/2020  1600    60.4   36.0     2.8     0.000   0   40.08  279.7    6.3  no_inv
114  04/06/2020  1700    59.5   36.0     4.7     0.000   0   41.27  272.9    8.0      --
115  04/06/2020  1800    57.7   37.2     6.5     0.000   0   46.29  268.6    9.8      --
116  04/06/2020  1900    56.7   37.5     8.4     0.000   0   48.53  265.7   11.7      --
117  04/06/2020  2000    54.4   37.1    10.2     0.000   0   51.93  263.6   13.6      --
118  04/06/2020  2100    52.0   34.7    12.1     0.000   0   51.55  262.0   15.5      --
119  04/06/2020  2200    49.7   34.3    13.9     0.000   0   55.21  260.7   17.4     339
120  04/06/2020  2300    47.5   33.8    12.8     0.000   0   58.94  252.5   15.9      --
121  04/07/2020  0000    45.6   34.9    11.6     0.000   0   65.77  242.8   14.8      --
122  04/07/2020  0100    43.9   34.9    10.5     0.000   0   70.36  231.8   14.1      --
123  04/07/2020  0200    42.3   34.8     9.3     0.000   0   74.41  220.3   14.0      --
124  04/07/2020  0300    40.9   34.6     8.2     0.000   0   77.98  209.1   14.5      --
125  04/07/2020  0400    39.8   35.2     7.0     0.000   0   83.69  199.0   15.5     411
126  04/07/2020  0500    38.8   35.6     6.4     0.000   0   87.99  201.3   14.1      --
127  04/07/2020  0600    38.4   36.0     5.9     0.000   0   90.81  204.1   12.8      --
128  04/07/2020  0700    39.0   36.4     5.3     0.000   0   90.05  207.6   11.5      --
129  04/07/2020  0800    40.9   31.5     4.8     0.000   0   68.85  211.9   10.3      --
130  04/07/2020  0900    44.0   30.9     4.2     0.000   0   59.81  217.4    9.1      --
131  04/07/2020  1000    48.1   30.4     3.6     0.000   0   50.10  224.4    8.0    4917
132  04/07/2020  1100    52.5   29.8     3.4     0.000   0   41.49  230.8    7.1      --
133  04/07/2020  1200    56.9   29.3     3.2     0.000   0   34.65  238.9    6.2      --
134  04/07/2020  1300    60.2   28.9     3.0     0.000   0   30.22  249.3    5.6      --
135  04/07/2020  1400    61.9   28.5     2.8     0.000   0   28.05  261.9    5.1      --
136  04/07/2020  1500    62.7   28.3     2.5     0.000   0   27.02  276.1    5.0      --
137  04/07/2020  1600    63.1   28.2     2.3     0.000   0   26.58  290.3    5.1    7450
138  04/07/2020  1700    63.1   28.3     2.4     0.000   0   26.61  281.0    3.5      --
139  04/07/2020  1800    60.0   28.4     2.5     0.000   0   29.90  258.0    2.1      --
140  04/07/2020  1900    53.5   28.5     2.5     0.000   0   38.02  204.2    1.7      --
141  04/07/2020  2000    49.9   28.7     2.4     0.000   0   43.66  165.8    2.8      --
142  04/07/2020  2100    47.6   28.9     2.2     0.000   0   48.10  151.5    4.3      --
143  04/07/2020  2200    45.3   29.2     1.9     0.000   0   53.03  145.0    6.0     496
144  04/07/2020  2300    43.7   29.1     2.0     0.000   0   56.21  157.4    5.0      --
145  04/08/2020  0000    43.1   29.0     2.2     0.000   0   57.28  174.3    4.4      --
146  04/08/2020  0100    42.5   28.9     2.3     0.000   0   58.39  194.2    4.3      --
147  04/08/2020  0200    42.0   28.9     2.4     0.000   0   59.40  213.0    4.7      --
148  04/08/2020  0300    41.4   28.8     2.6     0.000   0   60.48  227.6    5.5      --
149  04/08/2020  0400    40.9   28.7     2.7     0.000   0   61.59  238.0    6.5     540
150  04/08/2020  0500    40.4   28.6     2.7     0.000   0   62.42  243.1    5.8      --
151  04/08/2020  0600    40.0   28.8     2.5     0.000   0   63.96  249.5    5.1      --
152  04/08/2020  0700    40.7   29.5     2.3     0.000   0   63.89  257.7    4.5      --
153  04/08/2020  0800    42.9   34.4     2.1     0.000   0   71.79  268.1    4.1      --
154  04/08/2020  0900    46.5   34.4     1.9     0.000   0   62.68  280.6    3.8      --
155  04/08/2020  1000    51.1   34.4     1.6     0.000   0   52.71  294.7    3.6    5882
156  04/08/2020  1100    56.1   34.4     1.6     0.000   0   43.86  292.9    3.6      --
157  04/08/2020  1200    60.9   34.4     1.6     0.000   0   37.02  291.0    3.5      --
158  04/08/2020  1300    64.5   34.4     1.5     0.000   0   32.60  289.0    3.4      --
159  04/08/2020  1400    66.4   34.4     1.5     0.000   0   30.53  286.9    3.3      --
160  04/08/2020  1500    67.3   34.4     1.5     0.000   0   29.57  284.7    3.2      --
161  04/08/2020  1600    67.8   34.7     1.4     0.000   0   29.38  282.4    3.2    7054
162  04/08/2020  1700    67.8   35.1     1.8     0.000   0   29.81  255.9    3.0      --
163  04/08/2020  1800    64.7   35.2     2.2     0.000   0   33.39  232.3    3.5      --
164  04/08/2020  1900    58.4   34.7     2.6     0.000   0   40.78  216.4    4.4      --
165  04/08/2020  2000    54.9   34.8     2.6     0.000   0   46.37  206.4    5.6      --
166  04/08/2020  2100    52.6   34.8     2.5     0.000   0   50.66  200.0    6.8      --
167  04/08/2020  2200    50.3   34.9     2.4     0.000   0   55.41  195.5    8.1     367
