  Generated by FoxLW on Thursday April 2, 2020 at 02:32 PDT
-------------------------------------------------------------------------------
  Pullman NE
  46.7800:-117.0900  (46 46' 48.00"N  117 5' 24.00"W)  elev 2595.1 feet    file: 300152
-------------------------------------------------------------------------------

Line#   Date     Hour   TempF  DewPtF WS(mph)  Rain(in) LW    RH%  WDir_50m WS_50m Inv(ft)
  5  04/02/2020  0400    29.3   24.7     4.3     0.000  10   82.70  230.4    9.6     742
  6  04/02/2020  0500    28.9   24.6     5.5     0.000  10   83.79  237.3   10.3      --
  7  04/02/2020  0600    28.6   24.4     6.8     0.000   5   83.95  243.2   11.1      --
  8  04/02/2020  0700    28.8   24.0     8.0     0.000   0   81.78  248.2   12.1      --
  9  04/02/2020  0800    29.7   21.4     9.2     0.000   0   70.86  252.5   13.1      --
 10  04/02/2020  0900    31.3   20.8    10.4     0.000   0   64.63  256.2   14.1      --
 11  04/02/2020  1000    33.5   20.1    11.7     0.000   0   57.36  259.3   15.3  no_inv
 12  04/02/2020  1100    36.3   19.4    11.2     0.000   0   49.75  262.4   14.6      --
 13  04/02/2020  1200    40.0   18.7    10.8     0.000   0   41.91  265.8   14.0      --
 14  04/02/2020  1300    42.9   18.8    10.4     0.000   0   37.67  269.5   13.4      --
 15  04/02/2020  1400    44.2   19.3     9.9     0.000   0   36.58  273.4   12.9      --
 16  04/02/2020  1500    44.8   20.0     9.5     0.000   0   36.82  277.7   12.5      --
 17  04/02/2020  1600    45.0   20.9     9.1     0.000   0   37.90  282.2   12.1  no_inv
 18  04/02/2020  1700    44.6   20.9     8.3     0.000   0   38.49  274.5   10.7      --
 19  04/02/2020  1800    43.8   20.5     7.5     0.000   0   39.03  264.8    9.6      --
 20  04/02/2020  1900    43.3   20.4     6.7     0.000   0   39.55  252.8    8.8      --
 21  04/02/2020  2000    41.0   20.4     5.9     0.000   0   43.44  239.1    8.4      --
 22  04/02/2020  2100    38.6   20.4     5.1     0.000   0   47.56  225.1    8.6      --
 23  04/02/2020  2200    36.3   19.9     4.2     0.000   0   50.98  212.2    9.2     739
 24  04/02/2020  2300    34.9   20.1     5.1     0.000   0   54.22  221.9   10.8      --
 25  04/03/2020  0000    34.1   21.8     6.0     0.000   0   60.34  228.9   12.6      --
 26  04/03/2020  0100    33.3   24.0     6.8     0.000   0   68.38  234.1   14.5      --
 27  04/03/2020  0200    32.6   26.6     7.7     0.000   0   78.21  238.0   16.6      --
 28  04/03/2020  0300    32.0   27.8     8.6     0.000   0   84.23  241.1   18.7      --
 29  04/03/2020  0400    32.4   27.9     9.4     0.000   0   83.38  243.5   20.8    1444
 30  04/03/2020  0500    31.1   27.8    10.0     0.000   0   87.30  243.7   21.2      --
 31  04/03/2020  0600    30.9   27.1    10.6     0.000   0   85.76  243.9   21.6      --
 32  04/03/2020  0700    30.9   26.2    11.2     0.000   0   82.55  244.1   21.9      --
 33  04/03/2020  0800    31.2   23.7    11.7     0.000   0   73.43  244.3   22.3      --
 34  04/03/2020  0900    31.8   22.6    12.3     0.000   0   68.58  244.4   22.6      --
 35  04/03/2020  1000    32.7   21.5    12.9     0.000   0   63.06  244.6   23.0  no_inv
 36  04/03/2020  1100    34.2   20.4    13.8     0.000   0   56.56  247.4   22.9      --
 37  04/03/2020  1200    36.6   19.3    14.7     0.000   0   49.08  250.1   22.8      --
 38  04/03/2020  1300    38.9   18.4    15.7     0.000   0   43.14  252.9   22.8      --
 39  04/03/2020  1400    40.3   17.7    16.6     0.000   0   39.63  255.7   22.8      --
 40  04/03/2020  1500    41.2   17.2    17.5     0.000   0   37.45  258.5   22.9      --
 41  04/03/2020  1600    41.8   17.1    18.4     0.000   0   36.39  261.2   23.0  no_inv
 42  04/03/2020  1700    42.0   17.2    17.0     0.000   0   36.27  266.2   20.3      --
 43  04/03/2020  1800    41.1   17.6    15.6     0.000   0   38.30  272.6   17.8      --
 44  04/03/2020  1900    39.7   18.2    14.1     0.000   0   41.47  281.0   15.6      --
 45  04/03/2020  2000    38.2   18.3    12.7     0.000   0   44.13  291.7   13.9      --
 46  04/03/2020  2100    36.8   20.4    11.3     0.000   0   50.96  305.0   12.8      --
 47  04/03/2020  2200    35.4   21.6     9.9     0.000   0   56.68  319.9   12.4     580
 48  04/03/2020  2300    34.2   22.2     9.0     0.000   0   61.03  310.7   10.8      --
 49  04/04/2020  0000    33.4   22.8     8.2     0.000   0   64.73  298.8    9.6      --
 50  04/04/2020  0100    32.6   22.6     7.3     0.000   0   66.17  284.2    8.9      --
 51  04/04/2020  0200    31.9   21.9     6.5     0.000   0   66.06  268.4    8.8      --
 52  04/04/2020  0300    31.3   21.2     5.6     0.000   0   65.96  253.4    9.4      --
 53  04/04/2020  0400    30.7   20.1     4.8     0.000   0   64.19  240.9   10.5     558
 54  04/04/2020  0500    30.3   20.1     4.7     0.000   0   65.29  231.3    8.4      --
 55  04/04/2020  0600    30.0   20.1     4.6     0.000   0   66.12  215.8    6.6      --
 56  04/04/2020  0700    30.4   20.1     4.4     0.000   0   65.01  192.5    5.6      --
 57  04/04/2020  0800    31.8   22.5     4.3     0.000   0   68.03  165.6    5.8      --
 58  04/04/2020  0900    34.2   22.7     4.2     0.000   0   62.23  144.6    7.1      --
 59  04/04/2020  1000    37.5   22.9     4.1     0.000   0   55.24  131.1    9.0  no_inv
 60  04/04/2020  1100    40.9   23.1     5.1     0.000   0   48.76  125.7    9.4      --
 61  04/04/2020  1200    43.9   23.3     6.1     0.000   0   43.86  120.8    9.9      --
 62  04/04/2020  1300    46.3   24.0     7.1     0.000   0   41.17  116.5   10.5      --
 63  04/04/2020  1400    47.6   24.6     8.1     0.000   0   40.19  112.6   11.1      --
 64  04/04/2020  1500    48.5   25.1     9.0     0.000   0   39.68  109.1   11.8      --
 65  04/04/2020  1600    49.0   25.5    10.0     0.000   0   39.59  106.1   12.5  no_inv
 66  04/04/2020  1700    48.3   25.5    10.1     0.000   0   40.62  106.8   13.9      --
 67  04/04/2020  1800    46.9   25.8    10.2     0.000   0   43.31  107.5   15.2      --
 68  04/04/2020  1900    46.1   26.5    10.3     0.000   0   45.95  108.0   16.5      --
 69  04/04/2020  2000    43.8   27.8    10.3     0.000   0   53.08  108.4   17.8      --
 70  04/04/2020  2100    41.4   28.8    10.4     0.000   0   60.58  108.8   19.1      --
 71  04/04/2020  2200    39.1   29.9    10.5     0.000   0   69.40  109.2   20.5    1051
 72  04/04/2020  2300    37.9   31.2     9.9     0.000   0   76.55  111.6   19.4      --
 73  04/05/2020  0000    37.3   32.3     9.2     0.000   0   81.72  114.3   18.4      --
 74  04/05/2020  0100    36.8   33.2     8.6     0.000   0   86.70  117.3   17.4      --
 75  04/05/2020  0200    36.2   33.7     7.9     0.000   0   90.48  120.7   16.4      --
 76  04/05/2020  0300    35.7   32.7     7.3     0.000   0   88.73  124.4   15.5      --
 77  04/05/2020  0400    35.3   32.1     6.7     0.010   0   87.98  128.6   14.7    1049
 78  04/05/2020  0500    34.7   29.5     6.0     0.000   0   81.02  132.9   12.5      --
 79  04/05/2020  0600    34.4   29.0     5.3     0.000   0   80.27  139.0   10.4      --
 80  04/05/2020  0700    33.8   27.8     4.6     0.020   0   78.32  148.1    8.4      --
 81  04/05/2020  0800    37.7   33.2     4.0     0.000   0   83.77  162.0    6.8      --
 82  04/05/2020  0900    38.7   37.0     3.3     0.000   5   93.66  182.3    5.8      --
 83  04/05/2020  1000    40.6   37.5     2.6     0.050  10   88.46  206.7    5.8  no_inv
 84  04/05/2020  1100    42.0   38.5     2.9     0.000   5   87.08  191.5    3.7      --
 85  04/05/2020  1200    44.1   39.3     3.1     0.020   0   83.07  153.2    2.4      --
 86  04/05/2020  1300    45.8   39.8     3.4     0.010   0   79.62  103.1    3.0      --
 87  04/05/2020  1400    48.1   38.4     3.7     0.000   0   69.06   80.5    4.8      --
 88  04/05/2020  1500    47.8   39.8     3.9     0.000   0   73.70   71.0    7.0      --
 89  04/05/2020  1600    46.9   41.3     4.2     0.030   0   80.65   66.0    9.3  no_inv
 90  04/05/2020  1700    45.8   41.2     5.2     0.030   0   83.67   82.0   10.5      --
 91  04/05/2020  1800    43.7   41.5     6.2     0.080  10   91.88   93.9   12.4      --
 92  04/05/2020  1900    42.5   40.1     7.2     0.080  10   91.11  102.4   14.7      --
 93  04/05/2020  2000    40.1   38.8     8.2     0.110  10   94.70  108.5   17.2      --
 94  04/05/2020  2100    37.8   36.7     9.2     0.100  10   95.85  113.0   19.9      --
 95  04/05/2020  2200    35.5   34.6    10.2     0.210  10   96.48  116.4   22.6     568
 96  04/05/2020  2300    35.2   34.3     9.2     0.110  10   96.48  117.0   20.4      --
 97  04/06/2020  0000    35.3   34.5     8.2     0.040   5   96.49  117.6   18.1      --
 98  04/06/2020  0100    35.3   34.4     7.2     0.000   5   96.49  118.5   15.9      --
 99  04/06/2020  0200    35.1   34.2     6.2     0.000  10   96.48  119.7   13.6      --
100  04/06/2020  0300    34.9   34.0     5.2     0.000  10   96.47  121.3   11.4      --
101  04/06/2020  0400    34.6   33.7     4.1     0.000  10   96.47  123.7    9.2     410
102  04/06/2020  0500    35.5   32.4     3.7     0.000   5   88.29  128.1    7.7      --
103  04/06/2020  0600    35.3   32.2     3.3     0.000   0   88.28  134.6    6.2      --
104  04/06/2020  0700    35.7   32.1     2.9     0.000   0   86.65  144.7    4.9      --
105  04/06/2020  0800    36.5   33.0     2.4     0.000   0   86.71  161.0    3.9      --
106  04/06/2020  0900    37.3   33.7     2.0     0.000   0   86.73  185.6    3.3      --
107  04/06/2020  1000    38.4   34.7     1.6     0.010   5   86.57  212.8    3.5    2843
108  04/06/2020  1100    40.7   34.1     4.2     0.000   5   76.98  241.5    5.9      --
109  04/06/2020  1200    44.5   33.7     6.9     0.000   0   65.75  252.5    8.9      --
110  04/06/2020  1300    47.3   34.5     9.5     0.000   0   60.99  257.9   12.1      --
111  04/06/2020  1400    49.0   34.8    12.2     0.000   0   57.79  261.0   15.3      --
112  04/06/2020  1500    50.2   34.5    14.8     0.000   0   54.59  263.0   18.6      --
113  04/06/2020  1600    50.9   34.2    17.5     0.000   0   52.53  264.5   21.8  no_inv
114  04/06/2020  1700    50.4   34.0    16.2     0.000   0   53.21  268.4   20.8      --
115  04/06/2020  1800    49.4   33.9    15.0     0.000   0   55.08  272.8   19.8      --
116  04/06/2020  1900    48.8   33.4    13.8     0.000   0   55.05  277.5   19.0      --
117  04/06/2020  2000    46.5   32.1    12.6     0.000   0   57.04  282.7   18.2      --
118  04/06/2020  2100    44.1   32.6    11.3     0.000   0   63.59  288.2   17.7      --
119  04/06/2020  2200    41.8   32.0    10.1     0.000   0   67.91  294.0   17.3     622
120  04/06/2020  2300    40.1   30.9    10.0     0.000   0   69.43  285.9   17.1      --
121  04/07/2020  0000    38.8   29.9     9.9     0.000   0   70.09  277.7   17.3      --
122  04/07/2020  0100    37.6   29.1     9.8     0.000   0   70.95  269.8   17.8      --
123  04/07/2020  0200    36.5   28.4     9.7     0.000   0   72.08  262.5   18.5      --
124  04/07/2020  0300    35.6   28.0     9.6     0.000   0   73.55  255.8   19.6      --
125  04/07/2020  0400    34.8   27.9     9.4     0.000   0   75.39  249.9   20.9  no_inv
126  04/07/2020  0500    34.2   27.9     8.9     0.000   0   77.30  249.8   19.3      --
127  04/07/2020  0600    33.9   28.0     8.3     0.000   0   78.72  249.7   17.6      --
128  04/07/2020  0700    34.2   28.7     7.7     0.000   0   80.11  249.5   16.0      --
129  04/07/2020  0800    35.1   26.5     7.2     0.000   0   70.57  249.3   14.3      --
130  04/07/2020  0900    36.7   28.4     6.6     0.000   0   71.56  249.1   12.7      --
131  04/07/2020  1000    39.0   28.4     6.0     0.000   0   65.32  248.8   11.0    3871
132  04/07/2020  1100    42.2   28.4     5.4     0.000   0   57.80  250.9   10.0      --
133  04/07/2020  1200    46.9   28.4     4.8     0.000   0   48.34  253.4    9.1      --
134  04/07/2020  1300    50.8   28.4     4.3     0.000   0   41.79  256.5    8.2      --
135  04/07/2020  1400    52.7   28.4     3.7     0.000   0   38.88  260.4    7.3      --
136  04/07/2020  1500    53.8   28.4     3.1     0.000   0   37.45  265.4    6.4      --
137  04/07/2020  1600    54.2   28.4     2.5     0.000   0   36.88  271.8    5.6    7374
138  04/07/2020  1700    53.7   28.4     2.2     0.000   0   37.56  268.7    4.5      --
139  04/07/2020  1800    52.7   28.7     2.0     0.000   0   39.43  263.6    3.4      --
140  04/07/2020  1900    52.1   28.7     1.7     0.000   0   40.25  254.0    2.4      --
141  04/07/2020  2000    49.8   28.7     1.4     0.000   0   43.90  232.4    1.5      --
142  04/07/2020  2100    47.4   28.7     1.1     0.000   0   47.91  186.2    1.2      --
143  04/07/2020  2200    45.1   28.7     0.8     0.000   0   52.34  147.5    1.8     856
144  04/07/2020  2300    42.7   28.7     1.9     0.000   0   57.38  129.9    4.0      --
145  04/08/2020  0000    40.9   28.7     2.9     0.000   0   61.45  125.0    6.3      --
146  04/08/2020  0100    39.3   28.7     3.9     0.000   0   65.37  122.7    8.6      --
147  04/08/2020  0200    37.9   28.7     5.0     0.000   0   69.00  121.4   10.9      --
148  04/08/2020  0300    36.8   28.6     6.0     0.000   0   72.00  120.6   13.3      --
149  04/08/2020  0400    35.9   28.5     7.0     0.000   0   74.32  120.0   15.6     140
150  04/08/2020  0500    35.3   28.6     6.4     0.000   0   76.44  120.5   14.1      --
151  04/08/2020  0600    34.9   28.7     5.7     0.000   0   77.87  121.1   12.7      --
152  04/08/2020  0700    35.6   28.7     5.1     0.000   0   75.71  121.8   11.2      --
153  04/08/2020  0800    37.5   27.7     4.4     0.000   0   67.45  122.8    9.8      --
154  04/08/2020  0900    40.7   31.5     3.8     0.000   0   69.56  124.2    8.3      --
155  04/08/2020  1000    44.9   31.5     3.1     0.000   0   59.23  126.1    6.9    5729
156  04/08/2020  1100    49.5   31.5     2.8     0.000   0   49.85  128.3    5.4      --
157  04/08/2020  1200    54.0   31.5     2.4     0.000   0   42.21  132.0    4.0      --
158  04/08/2020  1300    57.4   31.5     2.0     0.000   0   37.26  139.7    2.6      --
159  04/08/2020  1400    59.2   31.5     1.7     0.000   0   34.94  163.3    1.3      --
160  04/08/2020  1500    60.1   31.5     1.4     0.000   0   33.88  236.5    1.1      --
161  04/08/2020  1600    60.5   31.5     1.0     0.000   0   33.38  272.4    2.2    5035
162  04/08/2020  1700    59.8   31.5     2.1     0.000   0   34.28  263.4    3.6      --
163  04/08/2020  1800    58.2   31.8     3.1     0.000   0   36.61  259.5    5.1      --
164  04/08/2020  1900    57.4   31.8     4.2     0.000   0   37.73  257.4    6.6      --
165  04/08/2020  2000    55.1   32.0     5.2     0.000   0   41.30  256.1    8.1      --
166  04/08/2020  2100    52.7   32.6     6.3     0.000   0   46.10  255.1    9.5      --
167  04/08/2020  2200    50.4   33.2     7.4     0.000   0   51.50  254.5   11.0     761
