  Generated by FoxLW on Thursday April 2, 2020 at 02:32 PDT
-------------------------------------------------------------------------------
  Garfield East
  47.0000:-117.0600  (47 0' 0.00"N  117 3' 36.00"W)  elev 2732.9 feet    file: 300206
-------------------------------------------------------------------------------

Line#   Date     Hour   TempF  DewPtF WS(mph)  Rain(in) LW    RH%  WDir_50m WS_50m Inv(ft)
  5  04/02/2020  0400    27.4   24.2     4.9     0.000  10   87.86  221.8   10.9     605
  6  04/02/2020  0500    26.9   24.1     6.0     0.000  10   89.14  227.9   11.3      --
  7  04/02/2020  0600    26.6   23.9     7.1     0.000  10   89.41  233.6   11.9      --
  8  04/02/2020  0700    26.8   23.5     8.2     0.000   5   86.88  238.7   12.5      --
  9  04/02/2020  0800    27.9   20.9     9.3     0.000   0   74.71  243.2   13.3      --
 10  04/02/2020  0900    29.8   20.3    10.4     0.000   0   67.30  247.3   14.1      --
 11  04/02/2020  1000    32.3   19.6    11.5     0.000   0   58.81  250.9   15.0  no_inv
 12  04/02/2020  1100    35.6   18.9    11.4     0.000   0   50.14  254.8   14.6      --
 13  04/02/2020  1200    39.4   18.2    11.4     0.000   0   42.03  258.9   14.3      --
 14  04/02/2020  1300    42.2   18.2    11.3     0.000   0   37.66  263.2   14.0      --
 15  04/02/2020  1400    43.4   18.5    11.2     0.000   0   36.39  267.6   13.9      --
 16  04/02/2020  1500    44.0   19.0    11.1     0.000   0   36.45  272.1   13.8      --
 17  04/02/2020  1600    44.1   19.8    11.0     0.000   0   37.44  276.6   13.8  no_inv
 18  04/02/2020  1700    43.3   19.8    11.1     0.000   0   38.66  267.7   12.8      --
 19  04/02/2020  1800    41.6   19.6    11.1     0.000   0   40.97  257.5   12.2      --
 20  04/02/2020  1900    40.7   19.9    11.1     0.000   0   43.02  246.8   12.0      --
 21  04/02/2020  2000    38.3   20.9    11.1     0.000   0   49.04  236.0   12.3      --
 22  04/02/2020  2100    36.0   22.0    11.1     0.000   0   56.40  226.0   12.9      --
 23  04/02/2020  2200    33.6   23.2    11.1     0.000   0   65.14  217.2   13.9     585
 24  04/02/2020  2300    32.8   24.5    10.7     0.000   0   71.17  219.4   14.8      --
 25  04/03/2020  0000    32.5   25.8    10.3     0.000   0   75.98  221.5   15.6      --
 26  04/03/2020  0100    32.2   26.9     9.9     0.000   0   80.53  223.3   16.5      --
 27  04/03/2020  0200    31.8   27.6     9.5     0.000   0   84.17  224.9   17.4      --
 28  04/03/2020  0300    31.5   28.1     9.1     0.000   0   86.94  226.4   18.3      --
 29  04/03/2020  0400    31.2   28.2     8.7     0.000   5   88.58  227.7   19.2    1550
 30  04/03/2020  0500    30.9   28.0     9.7     0.000  10   88.78  229.5   19.6      --
 31  04/03/2020  0600    30.8   27.2    10.7     0.000   5   86.33  231.3   20.0      --
 32  04/03/2020  0700    30.8   25.8    11.6     0.000   0   81.66  233.0   20.5      --
 33  04/03/2020  0800    31.0   23.1    12.6     0.000   0   72.12  234.6   20.9      --
 34  04/03/2020  0900    31.0   23.6    13.6     0.000   0   73.44  236.1   21.4      --
 35  04/03/2020  1000    30.8   25.1    14.6     0.040   0   79.38  237.6   21.9  no_inv
 36  04/03/2020  1100    33.4   19.8    15.4     0.000   0   56.74  240.5   22.1      --
 37  04/03/2020  1200    35.7   16.8    16.1     0.000   0   45.48  243.3   22.3      --
 38  04/03/2020  1300    38.0   15.4    16.8     0.000   0   39.23  246.0   22.6      --
 39  04/03/2020  1400    39.4   14.4    17.6     0.000   0   35.58  248.6   23.0      --
 40  04/03/2020  1500    40.4   13.8    18.3     0.000   0   33.30  251.1   23.4      --
 41  04/03/2020  1600    41.0   13.6    19.1     0.000   0   32.22  253.6   23.9  no_inv
 42  04/03/2020  1700    41.2   13.7    18.2     0.000   0   32.14  260.5   21.4      --
 43  04/03/2020  1800    40.3   14.2    17.4     0.000   0   33.95  268.9   19.3      --
 44  04/03/2020  1900    38.8   14.9    16.5     0.000   0   37.16  279.1   17.8      --
 45  04/03/2020  2000    37.3   15.9    15.6     0.000   0   41.08  290.8   16.9      --
 46  04/03/2020  2100    35.8   16.9    14.8     0.000   0   45.72  303.3   16.7      --
 47  04/03/2020  2200    34.3   18.1    13.9     0.000   0   51.08  315.4   17.4     451
 48  04/03/2020  2300    33.1   19.3    12.6     0.000   0   56.36  306.5   14.6      --
 49  04/04/2020  0000    32.3   21.9    11.3     0.000   0   65.03  293.9   12.3      --
 50  04/04/2020  0100    31.5   23.3    10.0     0.000   0   71.41  276.8   10.9      --
 51  04/04/2020  0200    30.7   24.0     8.7     0.000   0   75.87  257.0   10.6      --
 52  04/04/2020  0300    30.1   23.1     7.4     0.000   0   75.01  238.4   11.6      --
 53  04/04/2020  0400    29.5   20.9     6.1     0.000   0   69.71  224.0   13.6     427
 54  04/04/2020  0500    29.1   19.4     5.6     0.000   0   66.74  219.0   11.8      --
 55  04/04/2020  0600    28.8   17.5     5.1     0.000   0   62.32  212.3   10.1      --
 56  04/04/2020  0700    29.0   17.3     4.6     0.000   0   60.93  203.2    8.7      --
 57  04/04/2020  0800    30.1   22.2     4.1     0.000   0   72.04  190.8    7.5      --
 58  04/04/2020  0900    32.1   22.0     3.5     0.000   0   65.95  174.9    6.8      --
 59  04/04/2020  1000    34.9   21.8     3.0     0.000   0   58.55  157.1    6.7    5973
 60  04/04/2020  1100    38.2   21.6     3.1     0.000   0   50.94  149.9    6.6      --
 61  04/04/2020  1200    41.6   21.4     3.2     0.000   0   44.21  142.4    6.6      --
 62  04/04/2020  1300    44.5   21.3     3.2     0.000   0   39.32  135.1    6.7      --
 63  04/04/2020  1400    46.1   21.1     3.3     0.000   0   36.80  128.1    6.9      --
 64  04/04/2020  1500    47.2   21.1     3.3     0.000   0   35.16  121.6    7.2      --
 65  04/04/2020  1600    47.9   21.0     3.4     0.000   0   34.22  115.7    7.6  no_inv
 66  04/04/2020  1700    47.2   21.2     4.1     0.000   0   35.30  111.3    8.7      --
 67  04/04/2020  1800    45.9   21.5     4.8     0.000   0   37.64  107.9   10.0      --
 68  04/04/2020  1900    45.2   22.0     5.4     0.000   0   39.41  105.2   11.2      --
 69  04/04/2020  2000    42.9   23.0     6.1     0.000   0   44.99  103.1   12.5      --
 70  04/04/2020  2100    40.5   24.6     6.8     0.000   0   52.59  101.4   13.8      --
 71  04/04/2020  2200    38.2   26.7     7.5     0.000   0   63.00  100.0   15.1     929
 72  04/04/2020  2300    37.3   27.0     7.2     0.000   0   65.81  102.6   14.6      --
 73  04/05/2020  0000    36.9   26.9     6.9     0.000   0   66.65  105.4   14.0      --
 74  04/05/2020  0100    36.5   26.5     6.6     0.000   0   66.62  108.3   13.6      --
 75  04/05/2020  0200    36.1   25.8     6.2     0.000   0   65.74  111.5   13.1      --
 76  04/05/2020  0300    35.8   28.6     5.9     0.000   0   75.09  114.9   12.7      --
 77  04/05/2020  0400    35.4   31.9     5.6     0.040   0   86.99  118.5   12.4     941
 78  04/05/2020  0500    33.7   28.4     5.4     0.000   0   80.67  127.6   10.7      --
 79  04/05/2020  0600    33.5   28.1     5.3     0.020   0   80.43  139.6    9.4      --
 80  04/05/2020  0700    33.1   27.1     5.1     0.020   0   78.21  154.7    8.5      --
 81  04/05/2020  0800    37.5   32.5     4.9     0.000   0   81.79  171.5    8.4      --
 82  04/05/2020  0900    38.3   35.7     4.8     0.000   0   90.28  187.5    9.0      --
 83  04/05/2020  1000    39.5   36.3     4.6     0.040   7   88.25  200.6   10.2  no_inv
 84  04/05/2020  1100    40.9   37.1     4.2     0.010   0   86.35  196.2    8.2      --
 85  04/05/2020  1200    42.9   37.8     3.7     0.010   0   81.90  189.2    6.3      --
 86  04/05/2020  1300    45.7   36.9     3.2     0.000   0   71.08  176.5    4.6      --
 87  04/05/2020  1400    47.0   36.9     2.8     0.000   0   67.71  151.9    3.3      --
 88  04/05/2020  1500    47.0   37.9     2.3     0.000   0   70.62  114.4    3.1      --
 89  04/05/2020  1600    46.5   39.2     1.9     0.010   0   75.42   85.1    4.2  no_inv
 90  04/05/2020  1700    45.7   38.7     3.1     0.000   0   76.21  101.3    6.7      --
 91  04/05/2020  1800    44.1   39.0     4.4     0.020   0   82.14  108.4    9.4      --
 92  04/05/2020  1900    43.2   38.4     5.7     0.010   0   82.98  112.3   12.2      --
 93  04/05/2020  2000    40.8   38.0     6.9     0.000   0   89.45  114.7   15.1      --
 94  04/05/2020  2100    38.5   37.0     8.2     0.010   0   94.17  116.3   18.0      --
 95  04/05/2020  2200    36.2   35.3     9.4     0.060  10   96.73  117.5   20.8     200
 96  04/05/2020  2300    36.0   35.1     8.8     0.000   5   96.71  118.3   19.5      --
 97  04/06/2020  0000    36.1   35.2     8.2     0.000   0   96.61  119.2   18.1      --
 98  04/06/2020  0100    36.1   35.2     7.6     0.000   5   96.52  120.2   16.7      --
 99  04/06/2020  0200    35.9   35.0     6.9     0.000  10   96.48  121.5   15.4      --
100  04/06/2020  0300    35.7   34.8     6.3     0.000  10   96.48  123.0   14.0      --
101  04/06/2020  0400    35.5   34.6     5.7     0.000  10   96.49  124.8   12.7     830
102  04/06/2020  0500    36.4   33.5     5.4     0.000   5   88.84  132.4   10.5      --
103  04/06/2020  0600    36.2   33.2     5.1     0.000   0   88.84  143.7    8.6      --
104  04/06/2020  0700    36.5   33.1     4.8     0.000   0   87.32  160.4    7.1      --
105  04/06/2020  0800    35.9   32.3     4.4     0.000   0   86.60  182.4    6.6      --
106  04/06/2020  0900    36.2   32.5     4.1     0.000   0   86.27  204.7    7.1      --
107  04/06/2020  1000    37.1   32.1     3.8     0.010   0   81.95  222.0    8.4    2714
108  04/06/2020  1100    39.8   30.4     6.2     0.000   0   68.99  238.4    9.9      --
109  04/06/2020  1200    43.3   30.0     8.6     0.000   0   59.22  249.8   12.0      --
110  04/06/2020  1300    46.5   30.2    11.0     0.000   0   52.85  257.5   14.5      --
111  04/06/2020  1400    48.5   30.0    13.4     0.000   0   48.59  263.0   17.1      --
112  04/06/2020  1500    49.9   29.3    15.7     0.000   0   44.73  266.9   19.9      --
113  04/06/2020  1600    50.8   29.1    18.1     0.000   0   42.95  269.9   22.7  no_inv
114  04/06/2020  1700    49.5   29.0    16.7     0.000   0   45.04  270.7   21.7      --
115  04/06/2020  1800    46.7   29.2    15.2     0.000   0   50.17  271.5   20.7      --
116  04/06/2020  1900    45.2   29.1    13.8     0.000   0   52.91  272.4   19.7      --
117  04/06/2020  2000    42.9   28.3    12.3     0.000   0   55.96  273.4   18.8      --
118  04/06/2020  2100    40.6   29.4    10.9     0.000   0   64.17  274.5   17.8      --
119  04/06/2020  2200    38.2   29.5     9.4     0.000   0   70.42  275.8   16.9     503
120  04/06/2020  2300    36.8   29.0     9.4     0.000   0   73.20  268.1   16.9      --
121  04/07/2020  0000    35.8   28.6     9.4     0.000   0   75.00  260.5   17.2      --
122  04/07/2020  0100    34.7   28.3     9.4     0.000   0   77.08  253.4   17.8      --
123  04/07/2020  0200    33.7   28.0     9.5     0.000   0   79.37  246.7   18.6      --
124  04/07/2020  0300    32.8   27.9     9.5     0.000   0   81.81  240.8   19.7      --
125  04/07/2020  0400    32.0   27.8     9.5     0.000   0   84.35  235.5   21.0  no_inv
126  04/07/2020  0500    31.3   27.9     9.1     0.000   0   86.88  235.3   19.6      --
127  04/07/2020  0600    30.9   28.0     8.7     0.000   5   88.66  235.0   18.2      --
128  04/07/2020  0700    31.3   28.1     8.3     0.000  10   87.91  234.8   16.8      --
129  04/07/2020  0800    32.6   26.4     7.9     0.000   5   77.63  234.4   15.4      --
130  04/07/2020  0900    34.8   26.6     7.5     0.000   0   71.83  234.1   14.0      --
131  04/07/2020  1000    37.8   26.9     7.1     0.000   0   64.42  233.6   12.7    3760
132  04/07/2020  1100    41.5   28.1     6.3     0.000   0   58.45  234.9   11.5      --
133  04/07/2020  1200    46.3   28.1     5.6     0.000   0   48.76  236.4   10.3      --
134  04/07/2020  1300    50.2   28.1     4.8     0.000   0   42.18  238.4    9.1      --
135  04/07/2020  1400    52.2   28.1     4.1     0.000   0   39.07  241.0    8.0      --
136  04/07/2020  1500    53.2   28.1     3.3     0.000   0   37.62  244.4    6.8      --
137  04/07/2020  1600    53.8   28.1     2.6     0.000   0   36.93  249.2    5.7  no_inv
138  04/07/2020  1700    52.8   28.1     2.4     0.000   0   38.21  247.8    5.2      --
139  04/07/2020  1800    50.9   28.3     2.1     0.000   0   41.43  246.1    4.7      --
140  04/07/2020  1900    49.9   28.3     1.9     0.000   0   43.07  244.0    4.2      --
141  04/07/2020  2000    47.5   28.3     1.7     0.000   0   47.01  241.3    3.7      --
142  04/07/2020  2100    45.2   28.3     1.5     0.000   0   51.35  237.7    3.2      --
143  04/07/2020  2200    42.9   28.3     1.2     0.000   0   56.15  232.9    2.7      92
144  04/07/2020  2300    40.7   28.3     1.4     0.000   0   60.99  213.8    2.0      --
145  04/08/2020  0000    39.4   28.3     1.6     0.000   0   64.10  183.9    1.8      --
146  04/08/2020  0100    38.3   28.3     1.8     0.000   0   67.10  154.1    2.1      --
147  04/08/2020  0200    37.2   28.3     1.9     0.000   0   69.89  135.1    2.7      --
148  04/08/2020  0300    36.3   28.3     2.1     0.000   0   72.36  124.3    3.5      --
149  04/08/2020  0400    35.6   28.3     2.3     0.000   0   74.41  117.7    4.5      14
150  04/08/2020  0500    35.1   28.3     2.1     0.000   0   75.96  121.8    4.2      --
151  04/08/2020  0600    34.8   28.3     2.0     0.000   0   77.02  126.5    3.9      --
152  04/08/2020  0700    35.5   28.3     1.8     0.000   0   74.73  131.8    3.6      --
153  04/08/2020  0800    37.6   30.1     1.7     0.000   0   74.18  137.9    3.4      --
154  04/08/2020  0900    41.0   30.1     1.6     0.000   0   64.98  144.8    3.3      --
155  04/08/2020  1000    45.3   30.1     1.4     0.000   0   55.00  152.2    3.1    5186
156  04/08/2020  1100    50.0   30.1     1.6     0.000   0   46.22  170.7    2.9      --
157  04/08/2020  1200    54.2   30.1     1.8     0.000   0   39.59  190.3    3.0      --
158  04/08/2020  1300    57.3   30.1     2.0     0.000   0   35.33  207.1    3.3      --
159  04/08/2020  1400    58.9   30.1     2.1     0.000   0   33.36  219.7    4.0      --
160  04/08/2020  1500    59.7   30.1     2.3     0.000   0   32.48  228.5    4.7      --
161  04/08/2020  1600    60.0   30.1     2.5     0.000   0   32.09  234.9    5.5    5568
162  04/08/2020  1700    58.5   30.1     4.3     0.000   0   33.85  240.1    7.3      --
163  04/08/2020  1800    55.5   31.0     6.1     0.000   0   39.21  243.3    9.1      --
164  04/08/2020  1900    53.8   32.1     7.9     0.000   0   43.45  245.4   11.0      --
165  04/08/2020  2000    51.4   32.2     9.7     0.000   0   47.48  246.9   12.9      --
166  04/08/2020  2100    49.1   31.7    11.5     0.000   0   50.78  248.0   14.7      --
167  04/08/2020  2200    46.8   30.1    13.3     0.000   0   52.14  248.9   16.6  no_inv
