  Generated by FoxLW on Thursday April 2, 2020 at 02:32 PDT
-------------------------------------------------------------------------------
  Prescott North
  46.3400:-118.3200  (46 20' 24.00"N  118 19' 12.00"W)  elev 1761.8 feet    file: 300222
-------------------------------------------------------------------------------

Line#   Date     Hour   TempF  DewPtF WS(mph)  Rain(in) LW    RH%  WDir_50m WS_50m Inv(ft)
  5  04/02/2020  0400    30.4   28.7     5.5     0.000  10   93.41  195.7   12.1     220
  6  04/02/2020  0500    29.9   28.5     5.3     0.000  10   94.51  200.5   11.4      --
  7  04/02/2020  0600    29.5   27.9     5.2     0.000  10   93.62  206.1   10.7      --
  8  04/02/2020  0700    29.8   26.9     5.1     0.000  10   88.82  212.3   10.1      --
  9  04/02/2020  0800    31.0   23.6     4.9     0.000   5   73.96  219.1    9.7      --
 10  04/02/2020  0900    33.0   22.1     4.8     0.000   0   63.95  226.4    9.5      --
 11  04/02/2020  1000    35.8   20.5     4.6     0.000   0   53.34  234.0    9.4  no_inv
 12  04/02/2020  1100    39.2   19.0     4.3     0.000   0   43.67  236.3    8.7      --
 13  04/02/2020  1200    43.2   17.5     4.0     0.000   0   35.03  238.8    8.1      --
 14  04/02/2020  1300    46.5   16.2     3.6     0.000   0   29.32  241.9    7.5      --
 15  04/02/2020  1400    48.1   15.2     3.3     0.000   0   26.36  245.4    6.9      --
 16  04/02/2020  1500    48.9   14.6     3.0     0.000   0   24.90  249.6    6.3      --
 17  04/02/2020  1600    49.3   14.4     2.6     0.000   0   24.33  254.5    5.8  no_inv
 18  04/02/2020  1700    48.9   14.6     4.6     0.000   0   24.93  231.4    6.8      --
 19  04/02/2020  1800    48.1   16.5     6.6     0.000   0   27.89  216.1    8.6      --
 20  04/02/2020  1900    47.7   18.2     8.5     0.000   0   30.60  206.4   10.7      --
 21  04/02/2020  2000    45.3   19.4    10.5     0.000   0   35.12  200.1   13.1      --
 22  04/02/2020  2100    43.0   19.1    12.5     0.000   0   37.90  195.8   15.6      --
 23  04/02/2020  2200    40.6   20.7    14.4     0.000   0   44.49  192.6   18.1  no_inv
 24  04/02/2020  2300    38.6   22.4    13.2     0.000   0   51.62  196.3   17.5      --
 25  04/03/2020  0000    37.3   23.9    12.0     0.000   0   58.03  200.2   17.0      --
 26  04/03/2020  0100    36.1   26.8    10.8     0.000   0   68.72  204.3   16.6      --
 27  04/03/2020  0200    35.0   28.2     9.6     0.000   0   75.99  208.7   16.3      --
 28  04/03/2020  0300    34.1   28.8     8.4     0.000   0   80.84  213.2   16.0      --
 29  04/03/2020  0400    33.4   25.5     7.2     0.000   0   72.40  217.8   15.9    1384
 30  04/03/2020  0500    32.8   28.9     8.9     0.000   0   85.16  219.5   16.9      --
 31  04/03/2020  0600    32.6   28.2    10.6     0.000   0   83.81  221.0   17.9      --
 32  04/03/2020  0700    32.8   25.7    12.4     0.000   0   74.91  222.4   18.9      --
 33  04/03/2020  0800    33.6   24.7    14.1     0.000   0   69.70  223.6   19.9      --
 34  04/03/2020  0900    35.0   23.6    15.8     0.000   0   62.78  224.7   21.0      --
 35  04/03/2020  1000    37.0   22.4    17.5     0.000   0   55.06  225.7   22.0  no_inv
 36  04/03/2020  1100    39.5   21.2    16.7     0.000   0   47.55  229.4   20.6      --
 37  04/03/2020  1200    42.2   20.1    15.8     0.000   0   40.88  233.7   19.4      --
 38  04/03/2020  1300    44.5   19.3    14.9     0.000   0   36.05  238.6   18.2      --
 39  04/03/2020  1400    45.9   19.0    14.1     0.000   0   33.77  244.0   17.2      --
 40  04/03/2020  1500    46.8   19.4    13.2     0.000   0   33.17  250.1   16.3      --
 41  04/03/2020  1600    47.5   20.4    12.3     0.000   0   33.83  256.8   15.7  no_inv
 42  04/03/2020  1700    47.2   20.6    12.0     0.000   0   34.52  264.5   14.7      --
 43  04/03/2020  1800    46.6   20.5    11.8     0.000   0   35.10  273.2   14.0      --
 44  04/03/2020  1900    46.3   20.7    11.5     0.000   0   35.76  282.5   13.7      --
 45  04/03/2020  2000    44.0   21.3    11.3     0.000   0   40.09  292.0   13.8      --
 46  04/03/2020  2100    41.6   22.3    11.0     0.000   0   45.75  301.1   14.2      --
 47  04/03/2020  2200    39.3   23.3    10.8     0.000   0   52.40  309.6   14.9     381
 48  04/03/2020  2300    37.3   24.6     9.7     0.000   0   59.67  303.1   11.7      --
 49  04/04/2020  0000    36.0   25.5     8.6     0.000   0   65.24  292.0    8.6      --
 50  04/04/2020  0100    34.8   25.4     7.5     0.000   0   68.22  271.0    6.3      --
 51  04/04/2020  0200    33.7   23.9     6.4     0.000   0   67.08  236.4    5.5      --
 52  04/04/2020  0300    32.7   22.8     5.3     0.000   0   66.70  204.5    6.8      --
 53  04/04/2020  0400    31.9   22.1     4.2     0.000   0   66.83  186.6    9.4     298
 54  04/04/2020  0500    31.2   21.0     3.6     0.000   0   65.29  184.7    7.7      --
 55  04/04/2020  0600    30.8   21.0     3.0     0.000   0   66.33  182.0    6.1      --
 56  04/04/2020  0700    31.4   21.0     2.5     0.000   0   64.89  177.2    4.6      --
 57  04/04/2020  0800    33.1   25.5     1.9     0.000   0   73.15  167.6    3.0      --
 58  04/04/2020  0900    36.0   25.5     1.3     0.000   0   65.12  142.1    1.8      --
 59  04/04/2020  1000    39.8   25.5     0.7     0.000   0   56.11   82.7    1.5  no_inv
 60  04/04/2020  1100    43.7   25.5     2.4     0.000   0   48.29   51.3    3.2      --
 61  04/04/2020  1200    46.5   25.4     4.0     0.000   0   43.30   42.6    5.3      --
 62  04/04/2020  1300    48.9   26.0     5.7     0.000   0   40.53   38.8    7.3      --
 63  04/04/2020  1400    50.2   26.5     7.4     0.000   0   39.39   36.6    9.4      --
 64  04/04/2020  1500    51.1   27.0     9.0     0.000   0   38.96   35.2   11.5      --
 65  04/04/2020  1600    51.7   27.2    10.7     0.000   0   38.54   34.3   13.6  no_inv
 66  04/04/2020  1700    52.0   27.5     9.4     0.000   0   38.39   32.6   12.4      --
 67  04/04/2020  1800    51.9   27.7     8.2     0.000   0   38.99   30.6   11.3      --
 68  04/04/2020  1900    50.4   27.9     7.0     0.000   0   41.53   28.1   10.2      --
 69  04/04/2020  2000    48.7   28.1     5.7     0.000   0   44.56   25.0    9.1      --
 70  04/04/2020  2100    47.1   27.9     4.5     0.000   0   47.01   21.1    8.1      --
 71  04/04/2020  2200    45.4   26.8     3.2     0.000   0   47.83   16.1    7.1     403
 72  04/04/2020  2300    43.7   26.8     3.7     0.000   0   50.96   22.3    3.7      --
 73  04/05/2020  0000    42.7   26.8     4.2     0.000   0   53.01   93.4    0.8      --
 74  04/05/2020  0100    41.8   30.0     4.7     0.000   0   62.54  176.2    3.5      --
 75  04/05/2020  0200    41.9   33.7     5.2     0.010   0   72.41  182.9    6.9      --
 76  04/05/2020  0300    41.3   39.1     5.8     0.080  10   91.85  185.1   10.4      --
 77  04/05/2020  0400    40.8   39.9     6.3     0.110  10   96.57  186.2   13.9     545
 78  04/05/2020  0500    37.9   34.8     5.6     0.000   5   88.36  190.0   12.0      --
 79  04/05/2020  0600    36.9   33.8     5.0     0.000   0   88.28  195.3   10.1      --
 80  04/05/2020  0700    36.5   32.9     4.3     0.000   0   86.58  202.7    8.4      --
 81  04/05/2020  0800    41.2   37.6     3.7     0.000   0   86.91  213.7    6.9      --
 82  04/05/2020  0900    42.1   38.5     3.0     0.000   0   86.94  229.8    5.8      --
 83  04/05/2020  1000    43.2   39.4     2.4     0.000   0   86.06  251.0    5.3  no_inv
 84  04/05/2020  1100    45.6   38.9     2.2     0.000   0   77.14  250.7    3.8      --
 85  04/05/2020  1200    48.5   37.8     2.1     0.000   0   66.51  250.0    2.4      --
 86  04/05/2020  1300    50.0   37.8     2.0     0.000   0   62.70  246.9    0.9      --
 87  04/05/2020  1400    50.9   37.8     1.8     0.000   0   60.82   80.9    0.5      --
 88  04/05/2020  1500    49.3   39.8     1.7     0.000   0   69.61   74.3    2.0      --
 89  04/05/2020  1600    47.5   42.0     1.5     0.040   7   81.13   73.3    3.4  no_inv
 90  04/05/2020  1700    47.7   41.7     1.4     0.000   0   79.75   71.9    3.1      --
 91  04/05/2020  1800    47.4   41.4     1.3     0.000   0   79.54   70.2    2.8      --
 92  04/05/2020  1900    47.0   41.2     1.1     0.000   0   80.25   68.1    2.5      --
 93  04/05/2020  2000    46.6   41.5     1.0     0.000   5   82.12   65.4    2.2      --
 94  04/05/2020  2100    45.8   40.9     0.8     0.000  10   83.01   61.7    1.9      --
 95  04/05/2020  2200    46.0   43.0     0.7     0.000  10   89.26   56.6    1.5     191
 96  04/05/2020  2300    44.6   42.0     1.5     0.000  10   90.54  169.6    1.0      --
 97  04/06/2020  0000    43.5   41.2     2.2     0.000  10   91.57  198.8    2.9      --
 98  04/06/2020  0100    42.5   40.5     2.9     0.000  10   92.57  204.3    5.0      --
 99  04/06/2020  0200    41.6   39.8     3.7     0.000  10   93.50  206.5    7.1      --
100  04/06/2020  0300    40.8   39.3     4.4     0.000  10   94.34  207.7    9.3      --
101  04/06/2020  0400    40.2   38.9     5.2     0.000  10   95.02  208.4   11.4     539
102  04/06/2020  0500    40.4   37.8     5.0     0.000   5   90.27  211.3   11.0      --
103  04/06/2020  0600    40.2   37.7     4.8     0.000   5   90.64  214.3   10.6      --
104  04/06/2020  0700    40.4   37.6     4.7     0.000   5   89.39  217.6   10.2      --
105  04/06/2020  0800    40.1   35.6     4.5     0.000   0   84.00  221.1    9.8      --
106  04/06/2020  0900    40.9   35.7     4.4     0.000   0   81.36  224.8    9.5      --
107  04/06/2020  1000    43.8   33.3     4.2     0.000   0   66.22  228.8    9.3  no_inv
108  04/06/2020  1100    46.5   32.6     5.2     0.000   0   58.11  235.4    9.7      --
109  04/06/2020  1200    49.8   32.0     6.2     0.000   0   50.05  241.4   10.2      --
110  04/06/2020  1300    52.7   32.1     7.2     0.000   0   45.28  246.7   10.9      --
111  04/06/2020  1400    54.3   32.6     8.2     0.000   0   43.47  251.4   11.6      --
112  04/06/2020  1500    55.5   33.3     9.2     0.000   0   42.96  255.5   12.4      --
113  04/06/2020  1600    56.1   34.0    10.3     0.000   0   43.10  259.1   13.2  no_inv
114  04/06/2020  1700    55.6   33.6    10.9     0.000   0   43.30  271.7   12.9      --
115  04/06/2020  1800    54.5   33.0    11.6     0.000   0   43.86  284.2   13.2      --
116  04/06/2020  1900    53.9   31.7    12.2     0.000   0   42.57  295.7   14.1      --
117  04/06/2020  2000    51.6   31.3    12.9     0.000   0   45.62  305.5   15.5      --
118  04/06/2020  2100    49.2   31.5    13.5     0.000   0   50.34  313.5   17.2      --
119  04/06/2020  2200    46.9   31.9    14.1     0.000   0   55.64  319.9   19.2     424
120  04/06/2020  2300    44.9   32.2    13.2     0.000   0   60.75  308.6   15.7      --
121  04/07/2020  0000    43.4   32.5    12.3     0.000   0   65.09  291.9   13.2      --
122  04/07/2020  0100    42.0   34.2    11.4     0.000   0   73.85  270.0   12.1      --
123  04/07/2020  0200    40.7   34.8    10.4     0.000   0   79.18  247.8   13.0      --
124  04/07/2020  0300    39.6   35.0     9.5     0.000   0   83.54  230.6   15.5      --
125  04/07/2020  0400    38.7   35.0     8.6     0.000   0   86.73  218.8   18.9     279
126  04/07/2020  0500    38.0   35.0     8.9     0.000   0   88.94  217.6   17.9      --
127  04/07/2020  0600    37.6   34.8     9.1     0.000   0   89.56  216.2   16.8      --
128  04/07/2020  0700    37.9   34.5     9.4     0.000   0   87.31  214.7   15.8      --
129  04/07/2020  0800    39.1   32.1     9.7     0.000   0   75.89  212.9   14.8      --
130  04/07/2020  0900    41.1   31.7    10.0     0.000   0   69.01  210.9   13.8      --
131  04/07/2020  1000    43.8   31.2    10.3     0.000   0   60.93  208.5   12.8    3939
132  04/07/2020  1100    47.1   30.7     8.8     0.000   0   52.70  210.6   11.1      --
133  04/07/2020  1200    51.5   30.3     7.3     0.000   0   43.90  213.5    9.3      --
134  04/07/2020  1300    55.1   29.9     5.9     0.000   0   37.91  217.7    7.6      --
135  04/07/2020  1400    57.0   29.6     4.4     0.000   0   35.00  224.3    6.0      --
136  04/07/2020  1500    57.9   29.4     3.0     0.000   0   33.61  235.5    4.5      --
137  04/07/2020  1600    58.3   29.4     1.5     0.000   0   33.01  256.1    3.3    6501
138  04/07/2020  1700    58.4   29.4     1.8     0.000   0   33.00  231.5    2.6      --
139  04/07/2020  1800    57.7   29.4     2.0     0.000   0   33.77  198.5    2.5      --
140  04/07/2020  1900    56.4   29.6     2.3     0.000   0   35.78  172.8    3.2      --
141  04/07/2020  2000    55.7   29.6     2.6     0.000   0   36.73  158.1    4.3      --
142  04/07/2020  2100    53.3   29.6     2.8     0.000   0   40.00  149.6    5.6      --
143  04/07/2020  2200    51.0   29.6     3.1     0.000   0   43.60  144.4    6.9  no_inv
144  04/07/2020  2300    49.4   29.6     3.0     0.000   0   46.18  147.2    6.6      --
145  04/08/2020  0000    48.4   29.6     2.9     0.000   0   47.94  150.3    6.4      --
146  04/08/2020  0100    47.6   29.6     2.8     0.000   0   49.55  153.6    6.2      --
147  04/08/2020  0200    46.8   29.6     2.8     0.000   0   50.97  157.1    6.0      --
148  04/08/2020  0300    46.2   29.6     2.7     0.000   0   52.15  160.9    5.8      --
149  04/08/2020  0400    45.7   29.6     2.6     0.000   0   53.06  164.9    5.7  no_inv
150  04/08/2020  0500    45.4   29.6     2.3     0.000   0   53.67  168.8    4.8      --
151  04/08/2020  0600    45.2   29.6     2.0     0.000   0   54.13  174.3    4.1      --
152  04/08/2020  0700    45.5   29.6     1.8     0.000   0   53.57  182.2    3.3      --
153  04/08/2020  0800    46.4   32.4     1.5     0.000   0   57.94  194.2    2.7      --
154  04/08/2020  0900    48.0   32.4     1.2     0.000   0   54.58  211.9    2.3      --
155  04/08/2020  1000    50.2   32.4     1.0     0.000   0   50.24  234.9    2.1    5760
156  04/08/2020  1100    52.9   32.4     1.2     0.000   0   45.42  236.5    2.6      --
157  04/08/2020  1200    57.1   32.4     1.4     0.000   0   39.07  237.6    3.0      --
158  04/08/2020  1300    60.5   32.4     1.6     0.000   0   34.55  238.4    3.5      --
159  04/08/2020  1400    62.4   32.4     1.8     0.000   0   32.38  239.1    3.9      --
160  04/08/2020  1500    63.2   32.4     2.0     0.000   0   31.40  239.6    4.4      --
161  04/08/2020  1600    63.6   32.4     2.2     0.000   0   30.95  240.0    4.8    5705
162  04/08/2020  1700    63.7   32.4     3.5     0.000   0   30.93  225.1    5.7      --
163  04/08/2020  1800    62.8   32.4     4.8     0.000   0   31.88  214.7    6.9      --
164  04/08/2020  1900    61.0   33.2     6.2     0.000   0   35.04  207.6    8.2      --
165  04/08/2020  2000    60.0   34.1     7.5     0.000   0   37.59  202.5    9.7      --
166  04/08/2020  2100    57.7   34.4     8.9     0.000   0   41.38  198.7   11.2      --
167  04/08/2020  2200    55.4   34.3    10.2     0.000   0   44.91  195.8   12.7  no_inv
