  Generated by FoxLW on Thursday April 2, 2020 at 02:32 PDT
-------------------------------------------------------------------------------
  Wallula West
  45.9800:-119.0300  (45 58' 48.00"N  119 1' 48.00"W)  elev 846.5 feet    file: 300215
-------------------------------------------------------------------------------

Line#   Date     Hour   TempF  DewPtF WS(mph)  Rain(in) LW    RH%  WDir_50m WS_50m Inv(ft)
  5  04/02/2020  0400    34.7   26.2     2.6     0.000   0   70.81  319.4    5.8     467
  6  04/02/2020  0500    34.1   26.1     2.4     0.000   0   72.05  312.0    4.8      --
  7  04/02/2020  0600    33.7   25.8     2.3     0.000   0   72.42  301.1    3.9      --
  8  04/02/2020  0700    34.0   25.4     2.1     0.000   0   70.19  284.8    3.2      --
  9  04/02/2020  0800    35.3   24.8     2.0     0.000   0   65.23  262.9    3.0      --
 10  04/02/2020  0900    37.5   22.1     1.8     0.000   0   53.41  240.2    3.1      --
 11  04/02/2020  1000    40.5   21.4     1.6     0.000   0   45.96  222.4    3.7  no_inv
 12  04/02/2020  1100    44.1   20.7     1.9     0.000   0   38.82  230.4    4.2      --
 13  04/02/2020  1200    48.4   20.0     2.1     0.000   0   32.13  236.7    4.7      --
 14  04/02/2020  1300    51.8   19.4     2.4     0.000   0   27.64  241.8    5.2      --
 15  04/02/2020  1400    53.6   19.0     2.6     0.000   0   25.38  245.9    5.8      --
 16  04/02/2020  1500    54.4   18.7     2.9     0.000   0   24.30  249.2    6.4      --
 17  04/02/2020  1600    54.9   18.6     3.1     0.000   0   23.84  251.9    7.0  no_inv
 18  04/02/2020  1700    54.4   18.7     4.6     0.000   0   24.35  250.6    8.3      --
 19  04/02/2020  1800    53.6   20.0     6.1     0.000   0   26.52  249.6    9.6      --
 20  04/02/2020  1900    53.1   21.4     7.6     0.000   0   28.65  248.9   10.9      --
 21  04/02/2020  2000    50.8   22.6     9.0     0.000   0   32.84  248.3   12.3      --
 22  04/02/2020  2100    48.4   23.4    10.5     0.000   0   37.05  247.8   13.6      --
 23  04/02/2020  2200    46.1   24.0    12.0     0.000   0   41.40  247.4   14.9    1119
 24  04/02/2020  2300    42.1   25.2    11.0     0.000   0   50.86  243.6   14.6      --
 25  04/03/2020  0000    39.0   26.6    10.0     0.000   0   60.70  239.6   14.3      --
 26  04/03/2020  0100    36.2   27.4     9.1     0.000   0   70.17  235.5   14.1      --
 27  04/03/2020  0200    33.8   28.1     8.1     0.000   0   79.38  231.4   14.0      --
 28  04/03/2020  0300    31.7   25.8     7.1     0.000   0   78.41  227.1   13.9      --
 29  04/03/2020  0400    30.1   23.3     6.2     0.000   0   75.37  222.9   14.0    1214
 30  04/03/2020  0500    29.0   28.5     8.2     0.000   5   98.14  226.8   15.4      --
 31  04/03/2020  0600    28.4   28.1    10.2     0.000  10   98.99  230.1   16.8      --
 32  04/03/2020  0700    29.0   25.7    12.2     0.000   5   87.29  232.8   18.3      --
 33  04/03/2020  0800    31.0   25.0    14.3     0.000   0   78.18  235.1   19.9      --
 34  04/03/2020  0900    34.5   24.3    16.3     0.000   0   65.79  237.1   21.4      --
 35  04/03/2020  1000    39.2   23.5    18.3     0.000   0   53.02  238.8   23.0  no_inv
 36  04/03/2020  1100    44.1   22.7    18.0     0.000   0   42.32  240.3   22.6      --
 37  04/03/2020  1200    48.5   22.0    17.7     0.000   0   34.76  241.8   22.2      --
 38  04/03/2020  1300    51.8   21.3    17.4     0.000   0   29.93  243.4   21.8      --
 39  04/03/2020  1400    53.5   20.8    17.0     0.000   0   27.52  245.0   21.5      --
 40  04/03/2020  1500    54.3   20.5    16.7     0.000   0   26.35  246.7   21.1      --
 41  04/03/2020  1600    54.8   20.4    16.4     0.000   0   25.85  248.4   20.8  no_inv
 42  04/03/2020  1700    53.5   21.6    14.1     0.000   0   28.53  248.0   18.3      --
 43  04/03/2020  1800    50.9   22.5    11.8     0.000   0   32.55  247.5   15.8      --
 44  04/03/2020  1900    49.5   23.2     9.4     0.000   0   35.22  246.9   13.2      --
 45  04/03/2020  2000    47.2   24.0     7.1     0.000   0   39.74  245.8   10.7      --
 46  04/03/2020  2100    44.8   24.0     4.8     0.000   0   43.47  244.2    8.2      --
 47  04/03/2020  2200    42.5   23.9     2.5     0.000   0   47.29  241.1    5.7    1064
 48  04/03/2020  2300    40.3   23.0     2.2     0.000   0   49.77  237.4    4.9      --
 49  04/04/2020  0000    39.1   23.0     2.0     0.000   0   52.15  232.5    4.2      --
 50  04/04/2020  0100    38.0   23.0     1.7     0.000   0   54.46  225.4    3.5      --
 51  04/04/2020  0200    37.0   23.0     1.5     0.000   0   56.62  214.9    2.8      --
 52  04/04/2020  0300    36.1   23.0     1.2     0.000   0   58.57  199.5    2.3      --
 53  04/04/2020  0400    35.4   23.0     0.9     0.000   0   60.22  178.5    2.1     950
 54  04/04/2020  0500    34.9   23.0     1.3     0.000   0   61.53  142.4    1.0      --
 55  04/04/2020  0600    34.5   23.0     1.6     0.000   0   62.38   62.8    1.3      --
 56  04/04/2020  0700    35.0   23.0     2.0     0.000   0   61.24   40.8    2.5      --
 57  04/04/2020  0800    36.5   27.1     2.3     0.000   0   68.31   33.9    3.9      --
 58  04/04/2020  0900    39.2   26.6     2.7     0.000   0   60.43   30.6    5.3      --
 59  04/04/2020  1000    42.7   26.1     3.0     0.000   0   51.69   28.8    6.8  no_inv
 60  04/04/2020  1100    46.4   25.6     4.3     0.000   0   43.86   23.4    7.8      --
 61  04/04/2020  1200    49.5   25.2     5.6     0.000   0   38.38   19.3    8.9      --
 62  04/04/2020  1300    52.0   25.1     6.9     0.000   0   34.78   16.1   10.0      --
 63  04/04/2020  1400    53.5   25.2     8.2     0.000   0   33.14   13.6   11.1      --
 64  04/04/2020  1500    54.5   25.5     9.4     0.000   0   32.44   11.5   12.3      --
 65  04/04/2020  1600    55.1   25.8    10.7     0.000   0   31.93    9.8   13.4  no_inv
 66  04/04/2020  1700    55.5   26.0     9.3     0.000   0   31.75   14.2   11.1      --
 67  04/04/2020  1800    55.6   26.3     7.9     0.000   0   32.14   20.9    8.9      --
 68  04/04/2020  1900    54.1   26.5     6.5     0.000   0   34.22   31.9    6.9      --
 69  04/04/2020  2000    52.4   26.8     5.1     0.000   0   36.80   50.4    5.3      --
 70  04/04/2020  2100    50.7   26.6     3.7     0.000   0   38.91   78.7    4.6      --
 71  04/04/2020  2200    49.0   25.6     2.3     0.000   0   39.86  107.4    5.2  no_inv
 72  04/04/2020  2300    47.3   25.6     2.3     0.000   0   42.47  118.7    4.3      --
 73  04/05/2020  0000    46.2   25.6     2.3     0.000   0   44.14  135.5    3.5      --
 74  04/05/2020  0100    45.3   25.6     2.3     0.000   0   45.68  157.5    3.3      --
 75  04/05/2020  0200    44.5   25.6     2.3     0.000   0   47.05  179.8    3.5      --
 76  04/05/2020  0300    43.9   25.6     2.3     0.000   0   48.21  197.1    4.2      --
 77  04/05/2020  0400    43.4   25.6     2.2     0.000   0   49.11  208.9    5.1     755
 78  04/05/2020  0500    43.1   25.6     2.4     0.000   0   49.73  214.0    3.1      --
 79  04/05/2020  0600    42.9   25.6     2.5     0.000   0   50.13  235.1    1.3      --
 80  04/05/2020  0700    43.0   25.6     2.7     0.000   0   49.86  344.8    1.2      --
 81  04/05/2020  0800    43.7   31.0     2.8     0.000   0   60.71    7.6    3.1      --
 82  04/05/2020  0900    44.9   35.1     3.0     0.000   0   68.43   12.9    5.0      --
 83  04/05/2020  1000    46.6   35.1     3.2     0.000   0   64.06   15.2    7.0  no_inv
 84  04/05/2020  1100    49.2   35.1     4.0     0.000   0   58.05   24.0    7.4      --
 85  04/05/2020  1200    52.7   35.1     4.8     0.000   0   51.03   31.7    8.0      --
 86  04/05/2020  1300    55.7   35.1     5.6     0.000   0   45.87   38.2    8.7      --
 87  04/05/2020  1400    57.4   35.2     6.4     0.000   0   43.09   43.8    9.5      --
 88  04/05/2020  1500    58.7   35.2     7.2     0.000   0   41.30   48.5   10.4      --
 89  04/05/2020  1600    59.4   35.2     8.0     0.000   0   40.23   52.4   11.3  no_inv
 90  04/05/2020  1700    59.5   35.2     8.2     0.000   0   40.12   37.5    6.6      --
 91  04/05/2020  1800    58.2   35.3     8.4     0.000   0   42.08  346.3    3.7      --
 92  04/05/2020  1900    55.5   36.4     8.6     0.000   0   48.47  288.9    6.1      --
 93  04/05/2020  2000    54.1   37.2     8.8     0.000   0   52.83  271.9   10.7      --
 94  04/05/2020  2100    51.7   41.4     8.9     0.000   0   67.68  265.3   15.6      --
 95  04/05/2020  2200    49.4   46.8     9.1     0.070  10   90.72  261.9   20.7    1558
 96  04/05/2020  2300    48.0   47.1     8.2     0.000  10   96.62  263.3   18.4      --
 97  04/06/2020  0000    47.0   46.1     7.2     0.010  10   96.57  265.1   16.2      --
 98  04/06/2020  0100    46.0   45.1     6.2     0.010  10   96.53  267.5   13.9      --
 99  04/06/2020  0200    45.1   44.2     5.2     0.000  10   96.51  270.7   11.7      --
100  04/06/2020  0300    44.3   43.4     4.3     0.000  10   96.47  275.5    9.6      --
101  04/06/2020  0400    44.5   43.6     3.3     0.010  10   96.45  282.8    7.5     942
102  04/06/2020  0500    41.8   38.6     3.3     0.000  10   88.47  290.3    7.1      --
103  04/06/2020  0600    41.6   38.4     3.3     0.000  10   88.45  298.6    6.8      --
104  04/06/2020  0700    41.5   37.8     3.2     0.000   5   86.81  307.5    6.7      --
105  04/06/2020  0800    42.6   39.0     3.2     0.000   0   86.88  316.5    6.7      --
106  04/06/2020  0900    43.2   39.6     3.2     0.000   0   86.82  325.3    6.9      --
107  04/06/2020  1000    44.8   39.9     3.2     0.000   0   82.79  333.4    7.2    6430
108  04/06/2020  1100    50.8   35.8     4.4     0.000   0   56.28  313.6    6.6      --
109  04/06/2020  1200    57.1   33.6     5.7     0.000   0   40.89  292.8    6.9      --
110  04/06/2020  1300    60.9   33.5     6.9     0.000   0   35.71  275.5    7.9      --
111  04/06/2020  1400    62.6   33.9     8.2     0.000   0   34.11  263.1    9.5      --
112  04/06/2020  1500    63.4   34.5     9.4     0.000   0   33.93  254.6   11.4      --
113  04/06/2020  1600    63.6   34.9    10.6     0.000   0   34.30  248.6   13.4  no_inv
114  04/06/2020  1700    62.5   35.3     9.2     0.000   0   36.22  249.0   11.9      --
115  04/06/2020  1800    59.2   34.5     7.7     0.000   0   39.36  249.6   10.3      --
116  04/06/2020  1900    52.5   34.5     6.2     0.000   0   50.12  250.4    8.7      --
117  04/06/2020  2000    48.8   34.3     4.8     0.000   0   57.13  251.6    7.2      --
118  04/06/2020  2100    46.5   34.4     3.3     0.000   0   62.44  253.4    5.6      --
119  04/06/2020  2200    44.2   34.4     1.8     0.000   0   68.24  256.7    4.1    8163
120  04/06/2020  2300    41.8   34.4     2.7     0.000   0   74.62  237.4    5.5      --
121  04/07/2020  0000    40.3   34.4     3.5     0.000   0   79.18  226.7    7.2      --
122  04/07/2020  0100    38.8   34.4     4.4     0.000   0   84.05  220.3    9.1      --
123  04/07/2020  0200    37.3   34.3     5.2     0.000   0   88.85  216.2   11.1      --
124  04/07/2020  0300    36.0   34.1     6.1     0.000   5   92.94  213.3   13.1      --
125  04/07/2020  0400    34.8   33.7     6.9     0.000  10   95.91  211.2   15.2    1136
126  04/07/2020  0500    33.7   33.2     6.4     0.000  10   97.80  212.4   14.1      --
127  04/07/2020  0600    33.2   32.6     5.8     0.000  10   97.76  213.7   12.9      --
128  04/07/2020  0700    34.0   33.1     5.3     0.000  10   96.53  215.2   11.8      --
129  04/07/2020  0800    36.3   31.0     4.8     0.000   5   80.71  217.1   10.7      --
130  04/07/2020  0900    40.3   30.7     4.3     0.000   0   68.25  219.4    9.6      --
131  04/07/2020  1000    45.5   30.4     3.7     0.000   0   55.19  222.4    8.5    3491
132  04/07/2020  1100    51.1   30.0     3.4     0.000   0   44.09  219.9    7.7      --
133  04/07/2020  1200    56.4   29.7     3.1     0.000   0   35.95  216.8    6.9      --
134  04/07/2020  1300    60.5   29.5     2.8     0.000   0   30.75  212.9    6.1      --
135  04/07/2020  1400    62.6   29.3     2.5     0.000   0   28.25  207.9    5.4      --
136  04/07/2020  1500    63.7   29.1     2.1     0.000   0   27.04  201.5    4.7      --
137  04/07/2020  1600    64.3   29.1     1.8     0.000   0   26.44  193.1    4.1    7574
138  04/07/2020  1700    64.5   29.1     1.6     0.000   0   26.33  197.4    3.6      --
139  04/07/2020  1800    60.8   29.2     1.5     0.000   0   30.06  203.5    3.0      --
140  04/07/2020  1900    53.2   29.3     1.3     0.000   0   39.61  212.0    2.5      --
141  04/07/2020  2000    49.1   29.3     1.1     0.000   0   46.19  224.4    2.1      --
142  04/07/2020  2100    46.7   29.3     1.0     0.000   0   50.43  241.7    1.8      --
143  04/07/2020  2200    44.4   29.3     0.8     0.000   0   55.11  262.5    1.8     631
144  04/07/2020  2300    41.8   29.3     0.8     0.000   0   60.75  256.6    1.6      --
145  04/08/2020  0000    41.0   29.3     0.7     0.000   0   62.83  249.7    1.5      --
146  04/08/2020  0100    40.1   29.3     0.7     0.000   0   65.10  241.9    1.4      --
147  04/08/2020  0200    39.2   29.3     0.7     0.000   0   67.44  233.1    1.4      --
148  04/08/2020  0300    38.3   29.3     0.6     0.000   0   69.76  223.9    1.3      --
149  04/08/2020  0400    37.5   29.3     0.6     0.000   0   71.96  214.5    1.3     542
150  04/08/2020  0500    36.8   29.3     0.6     0.000   0   73.98  218.4    1.0      --
151  04/08/2020  0600    36.3   29.3     0.5     0.000   0   75.32  226.4    0.6      --
152  04/08/2020  0700    37.4   29.3     0.5     0.000   0   72.18  250.4    0.3      --
153  04/08/2020  0800    40.4   30.2     0.5     0.000   0   66.81  321.3    0.3      --
154  04/08/2020  0900    45.1   30.1     0.4     0.000   0   55.31  357.2    0.6      --
155  04/08/2020  1000    51.1   29.9     0.4     0.000   0   43.88    7.8    0.9    6007
156  04/08/2020  1100    57.3   29.7     0.5     0.000   0   34.81  337.2    0.5      --
157  04/08/2020  1200    62.2   29.6     0.6     0.000   0   29.09  275.1    0.5      --
158  04/08/2020  1300    65.8   29.5     0.7     0.000   0   25.50  245.7    0.9      --
159  04/08/2020  1400    67.7   29.4     0.8     0.000   0   23.78  235.3    1.4      --
160  04/08/2020  1500    68.6   29.3     0.9     0.000   0   22.97  230.3    1.9      --
161  04/08/2020  1600    69.1   29.3     1.0     0.000   0   22.58  227.4    2.4    6474
162  04/08/2020  1700    69.2   29.3     2.0     0.000   0   22.52  218.1    3.7      --
163  04/08/2020  1800    66.1   29.3     3.0     0.000   0   25.06  213.7    5.1      --
164  04/08/2020  1900    59.7   29.4     4.0     0.000   0   31.44  211.2    6.5      --
165  04/08/2020  2000    56.2   29.4     5.0     0.000   0   35.65  209.6    7.9      --
166  04/08/2020  2100    53.9   30.0     6.0     0.000   0   39.80  208.5    9.4      --
167  04/08/2020  2200    51.5   30.6     6.9     0.000   0   44.50  207.7   10.8     493
