  Generated by FoxLW on Thursday April 2, 2020 at 02:32 PDT
-------------------------------------------------------------------------------
  LaCrosse
  46.8600:-117.8500  (46 51' 36.00"N  117 50' 60.00"W)  elev 1519.0 feet    file: 300201
-------------------------------------------------------------------------------

Line#   Date     Hour   TempF  DewPtF WS(mph)  Rain(in) LW    RH%  WDir_50m WS_50m Inv(ft)
  5  04/02/2020  0400    31.7   24.5     3.8     0.000   0   74.61  218.5    8.5     345
  6  04/02/2020  0500    31.2   24.5     4.3     0.000   0   75.83  226.4    8.5      --
  7  04/02/2020  0600    30.8   24.2     4.7     0.000   0   76.18  234.3    8.6      --
  8  04/02/2020  0700    31.2   23.8     5.1     0.000   0   73.71  241.9    8.8      --
  9  04/02/2020  0800    32.5   21.2     5.5     0.000   0   62.66  248.9    9.2      --
 10  04/02/2020  0900    34.9   20.6     5.9     0.000   0   55.42  255.3    9.7      --
 11  04/02/2020  1000    38.2   19.9     6.3     0.000   0   47.42  260.9   10.4  no_inv
 12  04/02/2020  1100    41.8   19.3     6.0     0.000   0   40.00  262.0   10.1      --
 13  04/02/2020  1200    45.5   18.6     5.7     0.000   0   33.80  263.1    9.9      --
 14  04/02/2020  1300    48.2   18.8     5.3     0.000   0   30.68  264.2    9.8      --
 15  04/02/2020  1400    49.5   19.2     5.0     0.000   0   29.85  265.4    9.6      --
 16  04/02/2020  1500    50.0   19.9     4.7     0.000   0   30.11  266.6    9.4      --
 17  04/02/2020  1600    50.2   20.8     4.4     0.000   0   31.01  267.9    9.2  no_inv
 18  04/02/2020  1700    49.4   20.8     5.6     0.000   0   31.96  251.3    8.5      --
 19  04/02/2020  1800    47.8   20.3     6.9     0.000   0   33.27  233.6    8.6      --
 20  04/02/2020  1900    46.8   20.9     8.1     0.000   0   35.36  217.8    9.5      --
 21  04/02/2020  2000    44.5   22.1     9.4     0.000   0   40.68  205.5   11.0      --
 22  04/02/2020  2100    42.2   23.2    10.7     0.000   0   46.62  196.3   12.8      --
 23  04/02/2020  2200    39.8   24.2    11.9     0.000   0   53.26  189.6   14.9  no_inv
 24  04/02/2020  2300    38.0   25.9    10.9     0.000   0   61.36  195.1   14.1      --
 25  04/03/2020  0000    36.8   27.6     9.8     0.000   0   68.97  201.2   13.4      --
 26  04/03/2020  0100    35.8   28.8     8.8     0.000   0   75.43  207.9   12.8      --
 27  04/03/2020  0200    34.8   28.7     7.7     0.000   0   78.25  215.0   12.5      --
 28  04/03/2020  0300    34.0   25.6     6.7     0.000   0   70.99  222.4   12.4      --
 29  04/03/2020  0400    34.2   23.3     5.6     0.000   0   64.07  229.9   12.4    1030
 30  04/03/2020  0500    32.8   27.4     7.2     0.000   0   80.48  229.7   13.5      --
 31  04/03/2020  0600    32.5   29.5     8.8     0.000   0   88.61  229.5   14.6      --
 32  04/03/2020  0700    32.7   28.2    10.4     0.000   0   83.41  229.4   15.7      --
 33  04/03/2020  0800    33.6   24.9    12.0     0.000   0   70.16  229.2   16.8      --
 34  04/03/2020  0900    34.6   24.7    13.6     0.000   0   66.72  229.1   17.9      --
 35  04/03/2020  1000    35.6   25.6    15.2     0.010   0   66.76  229.0   19.0  no_inv
 36  04/03/2020  1100    40.0   20.2    15.2     0.000   0   44.63  232.8   18.8      --
 37  04/03/2020  1200    42.6   18.0    15.2     0.000   0   36.68  236.6   18.7      --
 38  04/03/2020  1300    44.8   16.6    15.2     0.000   0   31.78  240.4   18.6      --
 39  04/03/2020  1400    46.1   15.7    15.2     0.000   0   29.08  244.3   18.7      --
 40  04/03/2020  1500    47.0   15.2    15.2     0.000   0   27.55  248.1   18.8      --
 41  04/03/2020  1600    47.5   15.1    15.2     0.000   0   26.91  251.9   19.0  no_inv
 42  04/03/2020  1700    47.4   16.8    13.3     0.000   0   29.07  254.2   17.1      --
 43  04/03/2020  1800    47.0   17.5    11.4     0.000   0   30.38  257.0   15.2      --
 44  04/03/2020  1900    46.9   18.0     9.5     0.000   0   31.28  260.7   13.4      --
 45  04/03/2020  2000    44.5   19.1     7.6     0.000   0   35.81  265.5   11.7      --
 46  04/03/2020  2100    42.2   19.5     5.7     0.000   0   39.80  272.0   10.0      --
 47  04/03/2020  2200    39.8   19.5     3.8     0.000   0   43.52  280.8    8.5     913
 48  04/03/2020  2300    37.7   19.3     3.9     0.000   0   46.89  270.7    8.0      --
 49  04/04/2020  0000    36.2   18.3     4.0     0.000   0   47.70  259.5    7.7      --
 50  04/04/2020  0100    34.9   18.3     4.0     0.000   0   50.39  247.9    7.7      --
 51  04/04/2020  0200    33.6   18.3     4.1     0.000   0   52.95  236.7    8.0      --
 52  04/04/2020  0300    32.6   18.3     4.2     0.000   0   55.27  226.8    8.6      --
 53  04/04/2020  0400    31.7   18.3     4.2     0.000   0   57.26  218.4    9.4     183
 54  04/04/2020  0500    31.0   18.3     3.8     0.000   0   58.83  213.4    7.9      --
 55  04/04/2020  0600    30.6   18.3     3.4     0.000   0   59.86  206.0    6.4      --
 56  04/04/2020  0700    31.0   18.3     3.0     0.000   0   58.75  194.7    5.1      --
 57  04/04/2020  0800    32.6   23.7     2.7     0.000   0   69.34  176.9    4.1      --
 58  04/04/2020  0900    35.4   24.3     2.2     0.000   0   63.52  152.2    3.7      --
 59  04/04/2020  1000    39.2   23.9     1.9     0.000   0   53.86  127.4    4.1    7129
 60  04/04/2020  1100    43.5   23.5     2.1     0.000   0   44.80  110.0    4.1      --
 61  04/04/2020  1200    48.3   23.1     2.4     0.000   0   36.77   94.2    4.5      --
 62  04/04/2020  1300    52.1   22.8     2.7     0.000   0   31.46   81.7    5.2      --
 63  04/04/2020  1400    54.2   22.5     3.0     0.000   0   28.86   72.3    6.0      --
 64  04/04/2020  1500    55.2   22.4     3.3     0.000   0   27.61   65.5    7.0      --
 65  04/04/2020  1600    55.8   22.3     3.6     0.000   0   27.01   60.3    8.0  no_inv
 66  04/04/2020  1700    54.8   22.6     5.9     0.000   0   28.25   75.2    9.9      --
 67  04/04/2020  1800    53.0   25.5     8.3     0.000   0   34.06   84.9   12.2      --
 68  04/04/2020  1900    52.0   26.6    10.6     0.000   0   37.10   91.5   14.7      --
 69  04/04/2020  2000    49.7   26.6    12.9     0.000   0   40.43   96.1   17.4      --
 70  04/04/2020  2100    47.3   28.7    15.2     0.000   0   48.06   99.4   20.1      --
 71  04/04/2020  2200    45.0   30.9    17.6     0.000   0   57.50  102.0   22.9    1334
 72  04/04/2020  2300    43.6   33.1    15.4     0.000   0   66.30  106.4   18.5      --
 73  04/05/2020  0000    43.1   35.2    13.1     0.000   0   73.53  113.7   14.2      --
 74  04/05/2020  0100    42.6   38.3    10.9     0.000   0   84.84  126.6   10.4      --
 75  04/05/2020  0200    42.1   40.0     8.7     0.000   0   91.98  151.4    7.6      --
 76  04/05/2020  0300    41.7   37.4     6.5     0.000   0   84.34  188.7    7.2      --
 77  04/05/2020  0400    42.3   41.3     4.3     0.060  10   96.36  217.4    9.5    3644
 78  04/05/2020  0500    38.7   35.9     4.2     0.000   5   89.82  215.4    9.2      --
 79  04/05/2020  0600    37.3   34.9     4.1     0.070  10   90.82  213.4    9.0      --
 80  04/05/2020  0700    36.6   33.0     4.0     0.010   5   86.61  211.2    8.7      --
 81  04/05/2020  0800    41.6   38.4     3.8     0.000   0   88.28  208.9    8.5      --
 82  04/05/2020  0900    42.3   38.7     3.7     0.000   0   86.96  206.4    8.2      --
 83  04/05/2020  1000    42.7   39.1     3.6     0.090  10   86.99  203.9    8.0  no_inv
 84  04/05/2020  1100    43.8   39.8     3.8     0.000   5   85.67  198.2    8.1      --
 85  04/05/2020  1200    46.8   38.8     4.0     0.000   0   73.56  192.8    8.2      --
 86  04/05/2020  1300    51.1   36.4     4.2     0.000   0   56.91  187.5    8.4      --
 87  04/05/2020  1400    52.7   36.1     4.4     0.000   0   53.06  182.5    8.7      --
 88  04/05/2020  1500    53.8   35.9     4.6     0.000   0   50.66  177.9    9.0      --
 89  04/05/2020  1600    54.5   35.9     4.8     0.000   0   49.34  173.6    9.4  no_inv
 90  04/05/2020  1700    53.1   35.9     5.2     0.000   0   51.92  161.1    9.8      --
 91  04/05/2020  1800    50.2   36.7     5.6     0.000   0   59.56  149.9   10.6      --
 92  04/05/2020  1900    48.6   36.8     6.1     0.000   0   63.52  140.7   11.7      --
 93  04/05/2020  2000    46.3   36.9     6.5     0.000   0   69.59  133.2   13.1      --
 94  04/05/2020  2100    44.0   36.9     6.9     0.000   0   76.10  127.3   14.6      --
 95  04/05/2020  2200    41.6   36.9     7.4     0.000   0   83.06  122.5   16.3     876
 96  04/05/2020  2300    41.0   36.6     6.6     0.000   0   84.15  127.0   13.7      --
 97  04/06/2020  0000    40.8   36.4     5.9     0.000   0   84.46  133.4   11.3      --
 98  04/06/2020  0100    40.4   36.4     5.1     0.000   0   85.44  143.3    9.0      --
 99  04/06/2020  0200    40.0   36.4     4.4     0.000   0   86.86  158.8    7.2      --
100  04/06/2020  0300    39.5   36.4     3.7     0.000   0   88.43  181.5    6.2      --
101  04/06/2020  0400    39.0   36.4     2.9     0.000   5   90.08  207.2    6.4     721
102  04/06/2020  0500    38.6   36.4     2.7     0.000  10   91.77  213.6    5.3      --
103  04/06/2020  0600    38.2   36.4     2.5     0.000  10   93.02  223.5    4.2      --
104  04/06/2020  0700    38.5   36.4     2.3     0.000  10   92.07  239.2    3.3      --
105  04/06/2020  0800    39.5   32.6     2.1     0.000   5   75.94  262.6    2.9      --
106  04/06/2020  0900    41.3   31.8     1.8     0.000   0   68.60  289.1    3.0      --
107  04/06/2020  1000    43.9   31.0     1.6     0.000   0   60.07  309.8    3.6  no_inv
108  04/06/2020  1100    47.8   30.2     3.6     0.000   0   50.26  289.6    5.4      --
109  04/06/2020  1200    52.8   29.4     5.5     0.000   0   40.39  280.1    7.5      --
110  04/06/2020  1300    56.8   29.5     7.4     0.000   0   35.07  274.8    9.8      --
111  04/06/2020  1400    58.6   29.9     9.4     0.000   0   33.49  271.6   12.1      --
112  04/06/2020  1500    59.5   30.1    11.3     0.000   0   32.60  269.3   14.4      --
113  04/06/2020  1600    59.7   29.6    13.3     0.000   0   31.65  267.7   16.7    8256
114  04/06/2020  1700    57.8   29.6    13.2     0.000   0   33.95  272.1   16.4      --
115  04/06/2020  1800    53.9   29.2    13.2     0.000   0   38.39  276.5   16.2      --
116  04/06/2020  1900    51.8   28.8    13.2     0.000   0   40.95  281.1   16.1      --
117  04/06/2020  2000    49.4   28.6    13.1     0.000   0   44.25  285.7   16.1      --
118  04/06/2020  2100    47.1   28.9    13.1     0.000   0   48.98  290.3   16.2      --
119  04/06/2020  2200    44.8   29.3    13.1     0.000   0   54.32  294.7   16.4     937
120  04/06/2020  2300    43.1   29.6    12.6     0.000   0   58.79  281.4   15.2      --
121  04/07/2020  0000    42.0   30.0    12.0     0.000   0   62.09  266.6   14.9      --
122  04/07/2020  0100    41.0   31.8    11.5     0.000   0   69.49  252.1   15.6      --
123  04/07/2020  0200    40.0   32.2    11.0     0.000   0   73.35  239.7   17.1      --
124  04/07/2020  0300    39.1   32.5    10.5     0.000   0   76.91  229.6   19.4      --
125  04/07/2020  0400    38.3   32.7     9.9     0.000   0   79.93  221.9   22.0     274
126  04/07/2020  0500    37.7   32.6    10.2     0.000   0   81.62  223.4   20.7      --
127  04/07/2020  0600    37.3   32.4    10.4     0.000   0   82.09  225.1   19.4      --
128  04/07/2020  0700    37.8   32.1    10.7     0.000   0   79.62  227.0   18.0      --
129  04/07/2020  0800    39.2   30.0    10.9     0.000   0   69.21  229.3   16.7      --
130  04/07/2020  0900    41.7   29.6    11.1     0.000   0   62.08  231.9   15.5      --
131  04/07/2020  1000    45.0   29.3    11.4     0.000   0   53.90  235.0   14.2    4910
132  04/07/2020  1100    48.8   28.9    10.0     0.000   0   46.02  234.9   12.9      --
133  04/07/2020  1200    53.2   28.6     8.6     0.000   0   38.57  234.8   11.6      --
134  04/07/2020  1300    56.6   29.0     7.1     0.000   0   34.49  234.6   10.3      --
135  04/07/2020  1400    58.5   29.5     5.7     0.000   0   32.99  234.3    9.0      --
136  04/07/2020  1500    59.3   30.1     4.3     0.000   0   32.85  234.0    7.7      --
137  04/07/2020  1600    59.8   30.9     2.9     0.000   0   33.34  233.6    6.4    7533
138  04/07/2020  1700    58.7   30.9     2.5     0.000   0   34.68  232.5    5.6      --
139  04/07/2020  1800    56.4   29.9     2.2     0.000   0   36.20  231.1    4.8      --
140  04/07/2020  1900    55.2   29.9     1.9     0.000   0   37.86  229.2    4.1      --
141  04/07/2020  2000    52.8   29.9     1.5     0.000   0   41.24  226.3    3.3      --
142  04/07/2020  2100    50.5   29.9     1.2     0.000   0   44.96  221.8    2.6      --
143  04/07/2020  2200    48.1   29.9     0.8     0.000   0   49.06  213.8    1.9     419
144  04/07/2020  2300    46.2   29.9     1.0     0.000   0   52.67  190.9    1.8      --
145  04/08/2020  0000    45.3   29.9     1.2     0.000   0   54.64  169.1    2.0      --
146  04/08/2020  0100    44.4   29.9     1.4     0.000   0   56.57  153.1    2.3      --
147  04/08/2020  0200    43.5   29.9     1.5     0.000   0   58.38  142.3    2.9      --
148  04/08/2020  0300    42.8   29.9     1.7     0.000   0   60.02  135.1    3.5      --
149  04/08/2020  0400    42.2   29.9     1.9     0.000   0   61.42  130.0    4.1  no_inv
150  04/08/2020  0500    41.8   29.9     1.9     0.000   0   62.53  130.1    4.2      --
151  04/08/2020  0600    41.4   29.9     1.9     0.000   0   63.32  130.1    4.3      --
152  04/08/2020  0700    42.1   29.9     2.0     0.000   0   61.75  130.2    4.4      --
153  04/08/2020  0800    43.9   30.0     2.0     0.000   0   57.78  130.2    4.5      --
154  04/08/2020  0900    46.9   30.0     2.1     0.000   0   51.52  130.3    4.6      --
155  04/08/2020  1000    50.9   30.0     2.1     0.000   0   44.46  130.4    4.7    5923
156  04/08/2020  1100    55.2   30.0     2.1     0.000   0   37.96  141.2    3.6      --
157  04/08/2020  1200    59.5   30.0     2.1     0.000   0   32.56  159.2    2.8      --
158  04/08/2020  1300    62.7   30.0     2.1     0.000   0   29.04  186.5    2.5      --
159  04/08/2020  1400    64.3   30.0     2.1     0.000   0   27.40  214.6    2.7      --
160  04/08/2020  1500    65.1   30.0     2.0     0.000   0   26.66  234.0    3.5      --
161  04/08/2020  1600    65.5   30.0     2.0     0.000   0   26.33  245.6    4.5    5871
162  04/08/2020  1700    65.5   30.0     3.7     0.000   0   26.33  237.8    6.2      --
163  04/08/2020  1800    64.0   30.0     5.3     0.000   0   27.76  233.4    7.8      --
164  04/08/2020  1900    60.9   31.3     6.9     0.000   0   32.65  230.5    9.6      --
165  04/08/2020  2000    59.2   32.0     8.6     0.000   0   35.69  228.5   11.3      --
166  04/08/2020  2100    56.8   31.9    10.2     0.000   0   38.70  227.1   13.1      --
167  04/08/2020  2200    54.5   31.4    11.9     0.000   0   41.20  226.0   14.8  no_inv
