  Generated by FoxLW on Thursday April 2, 2020 at 02:32 PDT
-------------------------------------------------------------------------------
  Grayland
  46.7900:-124.0800  (46 47' 24.00"N  124 4' 48.00"W)  elev 55.8 feet    file: 300213
-------------------------------------------------------------------------------

Line#   Date     Hour   TempF  DewPtF WS(mph)  Rain(in) LW    RH%  WDir_50m WS_50m Inv(ft)
  5  04/02/2020  0400    39.4   35.9     2.7     0.000   0   87.09  307.0   11.7  no_inv
  6  04/02/2020  0500    39.3   35.9     2.9     0.000   0   87.47  303.4   11.2      --
  7  04/02/2020  0600    39.3   36.1     3.2     0.000   0   87.97  299.3   10.6      --
  8  04/02/2020  0700    39.5   36.0     3.4     0.010   0   87.29  294.9   10.2      --
  9  04/02/2020  0800    39.5   36.1     3.7     0.000   0   87.29  290.1    9.8      --
 10  04/02/2020  0900    39.2   34.8     3.9     0.000   0   84.07  284.9    9.5      --
 11  04/02/2020  1000    39.2   34.8     4.2     0.020   0   83.98  279.4    9.3  no_inv
 12  04/02/2020  1100    39.9   34.0     4.4     0.000   0   79.40  280.3    9.7      --
 13  04/02/2020  1200    41.0   34.1     4.6     0.000   0   76.17  281.1   10.2      --
 14  04/02/2020  1300    42.2   34.7     4.8     0.000   0   74.68  281.8   10.7      --
 15  04/02/2020  1400    42.9   35.3     5.0     0.000   0   74.42  282.5   11.1      --
 16  04/02/2020  1500    43.3   35.9     5.2     0.000   0   74.93  283.1   11.6      --
 17  04/02/2020  1600    43.5   36.5     5.4     0.000   0   76.20  283.6   12.1    7109
 18  04/02/2020  1700    43.2   36.5     5.1     0.000   0   77.04  286.1   12.2      --
 19  04/02/2020  1800    42.5   35.8     4.8     0.000   0   76.90  288.5   12.4      --
 20  04/02/2020  1900    41.7   35.5     4.5     0.000   0   78.54  290.8   12.6      --
 21  04/02/2020  2000    40.9   35.5     4.2     0.000   0   80.92  293.0   12.8      --
 22  04/02/2020  2100    40.2   35.5     3.9     0.000   0   83.38  295.2   13.0      --
 23  04/02/2020  2200    39.4   35.5     3.6     0.000   0   85.93  297.3   13.2    4729
 24  04/02/2020  2300    39.2   35.5     3.6     0.000   0   86.43  294.1   13.2      --
 25  04/03/2020  0000    39.2   35.5     3.5     0.000   0   86.43  290.9   13.2      --
 26  04/03/2020  0100    39.0   35.5     3.5     0.000   0   87.29  287.8   13.3      --
 27  04/03/2020  0200    38.7   35.5     3.5     0.000   0   88.16  284.6   13.4      --
 28  04/03/2020  0300    38.5   36.4     3.4     0.000   5   92.09  281.6   13.6      --
 29  04/03/2020  0400    38.3   37.1     3.4     0.050  10   95.40  278.6   13.8    5503
 30  04/03/2020  0500    38.7   35.6     3.8     0.000   5   88.75  275.1   13.5      --
 31  04/03/2020  0600    38.6   35.6     4.2     0.010   0   88.84  271.4   13.3      --
 32  04/03/2020  0700    38.7   35.3     4.6     0.010   0   87.49  267.7   13.1      --
 33  04/03/2020  0800    38.7   35.3     5.0     0.000   0   87.50  263.9   13.0      --
 34  04/03/2020  0900    37.5   33.4     5.4     0.000   0   85.06  260.0   12.9      --
 35  04/03/2020  1000    37.9   31.8     5.8     0.000   0   78.41  256.1   12.9    7045
 36  04/03/2020  1100    38.1   31.8     5.7     0.000   0   77.83  260.8   12.4      --
 37  04/03/2020  1200    38.8   32.5     5.6     0.000   0   77.82  265.8   11.9      --
 38  04/03/2020  1300    39.8   34.1     5.4     0.010   0   79.78  271.2   11.5      --
 39  04/03/2020  1400    41.4   34.0     5.3     0.000   0   74.88  277.0   11.3      --
 40  04/03/2020  1500    41.7   35.5     5.2     0.010   0   78.53  282.9   11.1      --
 41  04/03/2020  1600    42.0   36.5     5.0     0.020   0   80.64  289.0   11.1    5394
 42  04/03/2020  1700    42.0   36.1     4.6     0.000   0   79.60  294.6   10.1      --
 43  04/03/2020  1800    41.3   35.2     4.2     0.000   0   78.72  301.4    9.2      --
 44  04/03/2020  1900    40.6   34.7     3.7     0.000   0   79.24  309.5    8.5      --
 45  04/03/2020  2000    40.0   34.7     3.3     0.000   0   81.17  318.9    8.0      --
 46  04/03/2020  2100    39.3   34.4     2.9     0.000   0   82.61  329.3    7.7      --
 47  04/03/2020  2200    39.5   35.5     2.5     0.000   0   85.26  340.1    7.7    4561
 48  04/03/2020  2300    38.0   34.8     2.5     0.000   5   88.36  347.7    6.8      --
 49  04/04/2020  0000    37.4   34.6     2.5     0.000  10   89.37  357.4    6.0      --
 50  04/04/2020  0100    36.9   34.4     2.5     0.000  10   90.43    9.3    5.5      --
 51  04/04/2020  0200    36.4   34.2     2.5     0.000  10   91.47   23.0    5.2      --
 52  04/04/2020  0300    36.0   34.0     2.5     0.000  10   92.47   37.3    5.3      --
 53  04/04/2020  0400    35.6   33.8     2.6     0.000  10   93.39   50.3    5.7    2811
 54  04/04/2020  0500    35.5   33.4     2.6     0.000  10   91.79   39.0    5.2      --
 55  04/04/2020  0600    35.3   33.4     2.7     0.000  10   92.44   26.0    5.0      --
 56  04/04/2020  0700    35.7   33.4     2.8     0.000  10   91.18   12.6    5.0      --
 57  04/04/2020  0800    36.6   33.5     2.8     0.000   5   88.50    0.0    5.3      --
 58  04/04/2020  0900    38.2   35.1     2.9     0.000   0   88.47  349.3    5.9      --
 59  04/04/2020  1000    40.2   35.1     3.0     0.000   0   82.00  340.6    6.6    4802
 60  04/04/2020  1100    42.0   35.1     3.7     0.000   0   76.53  334.3    8.0      --
 61  04/04/2020  1200    43.1   33.9     4.3     0.000   0   69.66  330.0    9.5      --
 62  04/04/2020  1300    44.0   35.0     5.0     0.000   0   70.52  326.9   11.0      --
 63  04/04/2020  1400    44.4   35.8     5.7     0.000   0   71.69  324.5   12.5      --
 64  04/04/2020  1500    44.6   36.4     6.4     0.000   0   72.65  322.6   14.1      --
 65  04/04/2020  1600    44.7   36.8     7.1     0.000   0   73.65  321.1   15.7    2838
 66  04/04/2020  1700    44.6   36.8     7.2     0.000   0   74.04  322.4   16.0      --
 67  04/04/2020  1800    44.2   36.4     7.4     0.000   0   73.96  323.5   16.3      --
 68  04/04/2020  1900    44.2   36.9     7.5     0.000   0   75.38  324.6   16.6      --
 69  04/04/2020  2000    44.2   37.3     7.7     0.000   0   76.35  325.7   17.0      --
 70  04/04/2020  2100    44.2   37.8     7.8     0.000   0   77.84  326.7   17.3      --
 71  04/04/2020  2200    44.3   38.1     8.0     0.000   0   78.90  327.7   17.7  no_inv
 72  04/04/2020  2300    43.7   37.7     7.1     0.000   0   79.13  324.6   15.3      --
 73  04/05/2020  0000    43.2   37.0     6.2     0.000   0   78.66  320.2   12.9      --
 74  04/05/2020  0100    42.8   36.6     5.3     0.000   0   78.48  314.0   10.6      --
 75  04/05/2020  0200    42.6   35.9     4.4     0.000   0   76.97  304.7    8.6      --
 76  04/05/2020  0300    42.4   37.5     3.5     0.000   0   82.55  290.0    6.9      --
 77  04/05/2020  0400    43.2   39.5     2.6     0.020   0   86.73  268.4    5.8     377
 78  04/05/2020  0500    41.9   37.3     2.6     0.000   0   83.65  274.1    5.5      --
 79  04/05/2020  0600    41.9   37.3     2.5     0.000   0   83.48  280.5    5.3      --
 80  04/05/2020  0700    42.5   37.2     2.5     0.000   0   81.16  287.4    5.1      --
 81  04/05/2020  0800    42.0   36.9     2.4     0.000   0   82.06  294.7    5.0      --
 82  04/05/2020  0900    42.4   37.6     2.3     0.000   0   82.97  302.2    5.0      --
 83  04/05/2020  1000    43.2   36.7     2.3     0.000   0   77.51  309.7    5.0  no_inv
 84  04/05/2020  1100    44.1   36.6     3.4     0.000   0   74.76  317.8    7.9      --
 85  04/05/2020  1200    45.3   36.5     4.5     0.000   0   71.01  321.6   10.8      --
 86  04/05/2020  1300    46.3   36.9     5.7     0.000   0   69.46  323.7   13.7      --
 87  04/05/2020  1400    46.8   37.3     6.8     0.000   0   69.31  325.1   16.6      --
 88  04/05/2020  1500    46.6   38.6     7.9     0.000   0   73.49  326.1   19.6      --
 89  04/05/2020  1600    46.2   39.7     9.1     0.010   0   77.98  326.9   22.5  no_inv
 90  04/05/2020  1700    46.9   38.4     8.9     0.000   0   72.06  330.3   21.5      --
 91  04/05/2020  1800    46.2   37.8     8.7     0.000   0   72.37  334.0   20.5      --
 92  04/05/2020  1900    45.5   38.2     8.5     0.000   0   75.62  338.2   19.7      --
 93  04/05/2020  2000    44.7   38.1     8.4     0.000   0   77.30  342.6   19.0      --
 94  04/05/2020  2100    44.0   37.8     8.2     0.000   0   78.79  347.4   18.3      --
 95  04/05/2020  2200    43.2   37.7     8.0     0.000   0   80.63  352.5   17.9     807
 96  04/05/2020  2300    42.8   37.5     7.6     0.000   0   81.58  350.5   16.8      --
 97  04/06/2020  0000    42.5   37.5     7.1     0.000   0   82.33  348.2   15.7      --
 98  04/06/2020  0100    42.1   37.4     6.7     0.000   0   83.26  345.5   14.7      --
 99  04/06/2020  0200    41.8   37.4     6.2     0.000   0   84.30  342.5   13.7      --
100  04/06/2020  0300    41.5   37.5     5.8     0.000   0   85.39  338.9   12.7      --
101  04/06/2020  0400    41.3   37.5     5.3     0.000   0   86.47  334.9   11.8    1180
102  04/06/2020  0500    41.0   37.6     5.1     0.000   0   87.38  330.5   11.1      --
103  04/06/2020  0600    40.9   37.6     4.9     0.000   0   87.87  325.6   10.5      --
104  04/06/2020  0700    41.2   37.6     4.7     0.000   0   86.72  320.1   10.0      --
105  04/06/2020  0800    42.2   37.6     4.5     0.000   0   83.56  314.1    9.6      --
106  04/06/2020  0900    43.8   39.7     4.3     0.000   0   85.32  307.6    9.2      --
107  04/06/2020  1000    45.7   40.0     4.1     0.000   0   80.31  300.8    9.1    7017
108  04/06/2020  1100    47.6   40.0     4.6     0.000   0   74.71  300.4   10.1      --
109  04/06/2020  1200    49.3   40.0     5.0     0.000   0   70.00  300.1   11.1      --
110  04/06/2020  1300    50.3   40.3     5.5     0.000   0   68.50  299.8   12.2      --
111  04/06/2020  1400    50.5   40.7     6.0     0.000   0   68.82  299.6   13.2      --
112  04/06/2020  1500    50.4   41.0     6.4     0.000   0   69.95  299.4   14.3      --
113  04/06/2020  1600    50.2   41.4     6.9     0.000   0   71.63  299.2   15.3    2408
114  04/06/2020  1700    49.8   41.4     6.6     0.000   0   72.69  302.3   15.5      --
115  04/06/2020  1800    48.9   41.0     6.2     0.000   0   73.94  305.2   15.8      --
116  04/06/2020  1900    47.1   41.0     5.9     0.000   0   79.22  308.1   16.0      --
117  04/06/2020  2000    46.2   41.0     5.6     0.000   0   81.99  310.9   16.4      --
118  04/06/2020  2100    43.8   40.9     5.2     0.000   0   89.31  313.5   16.7      --
119  04/06/2020  2200    41.5   40.6     4.9     0.000   5   96.58  316.1   17.1    2498
120  04/06/2020  2300    40.9   40.0     4.7     0.000  10   96.57  313.3   16.0      --
121  04/07/2020  0000    40.9   40.0     4.5     0.000  10   96.57  310.1   14.9      --
122  04/07/2020  0100    41.1   40.2     4.3     0.000  10   96.57  306.5   13.9      --
123  04/07/2020  0200    41.2   40.3     4.1     0.000  10   96.57  302.3   13.0      --
124  04/07/2020  0300    41.2   40.3     3.9     0.000  10   96.57  297.5   12.2      --
125  04/07/2020  0400    41.1   40.2     3.7     0.000  10   96.57  292.0   11.4    3215
126  04/07/2020  0500    41.0   40.1     3.6     0.000  10   96.57  287.4   10.4      --
127  04/07/2020  0600    40.9   40.0     3.5     0.000  10   96.57  281.9    9.4      --
128  04/07/2020  0700    41.1   40.2     3.4     0.000  10   96.57  275.3    8.6      --
129  04/07/2020  0800    41.6   40.7     3.4     0.000  10   96.58  267.3    7.9      --
130  04/07/2020  0900    42.6   38.6     3.3     0.000   5   85.62  258.0    7.4      --
131  04/07/2020  1000    43.8   38.4     3.2     0.000   0   81.15  247.6    7.1    2735
132  04/07/2020  1100    45.3   38.3     3.4     0.000   0   76.26  257.1    7.0      --
133  04/07/2020  1200    47.6   38.2     3.5     0.000   0   69.68  266.6    7.2      --
134  04/07/2020  1300    49.2   38.1     3.7     0.000   0   65.36  275.4    7.5      --
135  04/07/2020  1400    49.9   38.1     3.9     0.000   0   63.59  283.4    8.0      --
136  04/07/2020  1500    50.1   38.0     4.1     0.000   0   63.05  290.2    8.6      --
137  04/07/2020  1600    50.0   38.0     4.2     0.000   0   63.15  296.1    9.4    1847
138  04/07/2020  1700    49.8   38.0     3.7     0.000   0   63.75  300.5    8.4      --
139  04/07/2020  1800    49.0   38.0     3.2     0.000   0   65.56  306.0    7.5      --
140  04/07/2020  1900    47.5   38.1     2.7     0.000   0   69.60  313.0    6.7      --
141  04/07/2020  2000    46.7   38.1     2.2     0.000   0   71.85  321.6    6.0      --
142  04/07/2020  2100    44.3   38.1     1.7     0.000   0   78.52  332.2    5.5      --
143  04/07/2020  2200    42.0   38.1     1.2     0.000   5   85.89  344.5    5.2    1186
144  04/07/2020  2300    41.4   38.1     1.1     0.000  10   87.68  354.4    4.2      --
145  04/08/2020  0000    41.4   38.1     1.1     0.000  10   87.70    9.6    3.4      --
146  04/08/2020  0100    41.6   38.1     1.1     0.000  10   87.18   31.9    2.9      --
147  04/08/2020  0200    41.7   38.1     1.0     0.000  10   86.95   57.0    3.0      --
148  04/08/2020  0300    41.7   38.1     1.0     0.000  10   86.96   77.2    3.6      --
149  04/08/2020  0400    41.6   38.1     1.0     0.000  10   87.15   90.6    4.5    1209
150  04/08/2020  0500    41.5   38.1     1.2     0.000  10   87.37   81.1    4.0      --
151  04/08/2020  0600    41.4   38.1     1.3     0.000  10   87.68   69.7    3.8      --
152  04/08/2020  0700    42.1   38.1     1.5     0.000  10   85.41   57.1    3.7      --
153  04/08/2020  0800    43.9   38.1     1.6     0.000   5   79.78   44.4    3.7      --
154  04/08/2020  0900    46.6   37.6     1.8     0.000   0   70.75   32.7    4.0      --
155  04/08/2020  1000    49.7   37.6     2.0     0.000   0   63.02   22.7    4.3    3360
156  04/08/2020  1100    52.4   37.6     2.9     0.000   0   56.99  358.3    5.8      --
157  04/08/2020  1200    54.3   37.6     3.9     0.000   0   53.11  345.1    7.8      --
158  04/08/2020  1300    55.1   38.2     4.9     0.000   0   52.77  337.5   10.1      --
159  04/08/2020  1400    55.0   38.7     5.9     0.000   0   53.99  332.8   12.4      --
160  04/08/2020  1500    54.6   39.2     6.9     0.000   0   55.90  329.6   14.9      --
161  04/08/2020  1600    54.0   39.7     7.8     0.000   0   58.37  327.3   17.4    1168
162  04/08/2020  1700    53.1   39.7     7.4     0.000   0   60.23  327.1   17.5      --
163  04/08/2020  1800    51.8   39.2     6.9     0.000   0   62.01  327.0   17.5      --
164  04/08/2020  1900    49.1   39.3     6.5     0.000   0   68.89  326.9   17.6      --
165  04/08/2020  2000    47.5   39.2     6.1     0.000   0   72.56  326.8   17.7      --
166  04/08/2020  2100    45.2   39.1     5.6     0.000   0   78.92  326.7   17.8      --
167  04/08/2020  2200    42.9   39.0     5.2     0.000   0   85.92  326.6   17.9    1152
