  Generated by FoxLW on Thursday April 2, 2020 at 02:32 PDT
-------------------------------------------------------------------------------
  Hartline South
  47.6400:-119.1500  (47 38' 24.00"N  119 9' 0.00"W)  elev 1830.7 feet    file: 300205
-------------------------------------------------------------------------------

Line#   Date     Hour   TempF  DewPtF WS(mph)  Rain(in) LW    RH%  WDir_50m WS_50m Inv(ft)
  5  04/02/2020  0400    28.5   15.6    10.0     0.000   0   57.79  354.8   12.7     813
  6  04/02/2020  0500    28.1   15.6     8.7     0.000   0   59.09  351.5   11.0      --
  7  04/02/2020  0600    27.7   15.8     7.3     0.000   0   60.48  346.9    9.4      --
  8  04/02/2020  0700    27.9   17.5     6.0     0.000   0   64.52  340.4    7.8      --
  9  04/02/2020  0800    28.8   16.6     4.7     0.000   0   59.64  330.9    6.4      --
 10  04/02/2020  0900    30.5   17.5     3.4     0.000   0   58.12  316.6    5.2      --
 11  04/02/2020  1000    32.8   17.5     2.1     0.000   0   52.85  296.4    4.6  no_inv
 12  04/02/2020  1100    35.9   17.5     2.7     0.000   0   46.75  274.0    4.4      --
 13  04/02/2020  1200    39.4   17.5     3.3     0.000   0   40.79  253.1    4.9      --
 14  04/02/2020  1300    42.2   17.5     4.0     0.000   0   36.49  237.7    5.9      --
 15  04/02/2020  1400    43.9   17.3     4.6     0.000   0   33.80  227.3    7.2      --
 16  04/02/2020  1500    45.1   17.5     5.2     0.000   0   32.56  220.2    8.6      --
 17  04/02/2020  1600    45.9   17.5     5.8     0.000   0   31.77  215.2   10.2  no_inv
 18  04/02/2020  1700    45.6   17.6     6.1     0.000   0   32.16  226.9    9.9      --
 19  04/02/2020  1800    45.1   18.7     6.4     0.000   0   34.46  238.7   10.0      --
 20  04/02/2020  1900    44.8   19.1     6.7     0.000   0   35.35  249.8   10.6      --
 21  04/02/2020  2000    42.5   19.5     7.0     0.000   0   39.41  259.5   11.5      --
 22  04/02/2020  2100    40.1   20.1     7.3     0.000   0   44.19  267.6   12.6      --
 23  04/02/2020  2200    37.8   20.7     7.5     0.000   0   49.81  274.2   14.0  no_inv
 24  04/02/2020  2300    35.8   20.8     7.3     0.000   0   54.15  272.9   13.7      --
 25  04/03/2020  0000    34.2   20.8     7.1     0.000   0   57.72  271.6   13.4      --
 26  04/03/2020  0100    32.7   20.7     6.9     0.000   0   60.99  270.2   13.1      --
 27  04/03/2020  0200    31.4   20.5     6.7     0.000   0   63.79  268.8   12.8      --
 28  04/03/2020  0300    30.2   20.3     6.4     0.000   0   65.96  267.3   12.5      --
 29  04/03/2020  0400    29.3   19.9     6.2     0.000   0   67.42  265.7   12.3     737
 30  04/03/2020  0500    28.7   22.8     8.0     0.000   0   78.34  265.9   13.7      --
 31  04/03/2020  0600    28.3   22.5     9.7     0.000   0   78.59  266.1   15.2      --
 32  04/03/2020  0700    28.9   21.4    11.4     0.000   0   73.33  266.3   16.7      --
 33  04/03/2020  0800    30.7   19.1    13.2     0.000   0   61.80  266.4   18.1      --
 34  04/03/2020  0900    33.7   18.2    14.9     0.000   0   52.69  266.5   19.6      --
 35  04/03/2020  1000    37.5   17.3    16.7     0.000   0   43.49  266.6   21.0  no_inv
 36  04/03/2020  1100    41.3   16.3    17.3     0.000   0   35.89  270.1   21.7      --
 37  04/03/2020  1200    44.4   15.4    18.0     0.000   0   30.70  273.3   22.4      --
 38  04/03/2020  1300    46.5   14.7    18.6     0.000   0   27.37  276.4   23.1      --
 39  04/03/2020  1400    47.5   14.1    19.3     0.000   0   25.67  279.2   24.0      --
 40  04/03/2020  1500    48.0   13.7    20.0     0.000   0   24.87  281.9   24.9      --
 41  04/03/2020  1600    48.1   13.6    20.6     0.000   0   24.63  284.4   25.8  no_inv
 42  04/03/2020  1700    47.9   13.7    20.1     0.000   0   24.85  290.4   24.2      --
 43  04/03/2020  1800    46.3   13.9    19.5     0.000   0   26.63  297.1   22.9      --
 44  04/03/2020  1900    43.1   14.3    19.0     0.000   0   30.59  304.6   22.0      --
 45  04/03/2020  2000    41.3   14.7    18.4     0.000   0   33.44  312.6   21.4      --
 46  04/03/2020  2100    39.0   15.3    17.9     0.000   0   37.50  320.9   21.3      --
 47  04/03/2020  2200    36.7   15.8    17.3     0.000   0   42.16  329.0   21.6  no_inv
 48  04/03/2020  2300    34.5   16.4    15.4     0.000   0   47.03  333.4   19.0      --
 49  04/04/2020  0000    33.3   17.0    13.6     0.000   0   50.54  339.1   16.6      --
 50  04/04/2020  0100    32.2   18.7    11.7     0.000   0   57.07  346.6   14.3      --
 51  04/04/2020  0200    31.1   19.4     9.8     0.000   0   61.17  356.7   12.4      --
 52  04/04/2020  0300    30.2   20.0     8.0     0.000   0   65.14    9.9   11.0      --
 53  04/04/2020  0400    29.5   18.6     6.1     0.000   0   63.30   25.7   10.3     602
 54  04/04/2020  0500    28.9   17.7     5.7     0.000   0   62.45   34.1    9.1      --
 55  04/04/2020  0600    28.5   17.1     5.3     0.000   0   61.98   44.8    8.1      --
 56  04/04/2020  0700    29.0   16.4     4.9     0.000   0   58.79   57.8    7.5      --
 57  04/04/2020  0800    30.4   17.9     4.5     0.000   0   59.10   72.3    7.3      --
 58  04/04/2020  0900    33.0   17.8     4.1     0.000   0   53.07   86.7    7.6      --
 59  04/04/2020  1000    36.5   17.7     3.7     0.000   0   46.06   99.4    8.3    6833
 60  04/04/2020  1100    40.3   17.6     3.7     0.000   0   39.38  101.4    8.2      --
 61  04/04/2020  1200    44.5   17.5     3.7     0.000   0   33.45  103.4    8.1      --
 62  04/04/2020  1300    47.7   17.4     3.7     0.000   0   29.51  105.5    8.1      --
 63  04/04/2020  1400    49.4   17.4     3.7     0.000   0   27.64  107.6    8.1      --
 64  04/04/2020  1500    50.2   17.3     3.7     0.000   0   26.78  109.7    8.1      --
 65  04/04/2020  1600    50.5   17.3     3.7     0.000   0   26.40  111.8    8.1  no_inv
 66  04/04/2020  1700    50.5   17.5     6.0     0.000   0   26.56   93.2    9.8      --
 67  04/04/2020  1800    49.0   17.9     8.3     0.000   0   28.68   81.1   12.3      --
 68  04/04/2020  1900    45.8   20.4    10.7     0.000   0   35.94   73.3   15.1      --
 69  04/04/2020  2000    44.1   19.5    13.0     0.000   0   37.01   68.1   18.2      --
 70  04/04/2020  2100    41.8   20.6    15.4     0.000   0   42.38   64.3   21.3      --
 71  04/04/2020  2200    39.4   21.7    17.7     0.000   0   48.72   61.5   24.5    1853
 72  04/04/2020  2300    38.2   22.9    15.8     0.000   0   53.70   58.8   22.6      --
 73  04/05/2020  0000    37.7   23.9    14.0     0.000   0   57.11   55.5   20.8      --
 74  04/05/2020  0100    37.3   24.9    12.1     0.000   0   60.32   51.7   19.0      --
 75  04/05/2020  0200    36.9   27.1    10.2     0.000   0   67.21   47.0   17.3      --
 76  04/05/2020  0300    36.5   28.0     8.4     0.000   0   70.82   41.5   15.8      --
 77  04/05/2020  0400    36.2   23.9     6.5     0.000   0   60.44   34.8   14.4    2613
 78  04/05/2020  0500    36.0   22.4     6.4     0.000   0   57.38   39.3   13.4      --
 79  04/05/2020  0600    35.7   22.0     6.2     0.000   0   57.02   44.6   12.5      --
 80  04/05/2020  0700    35.8   21.5     6.1     0.000   0   55.56   50.6   11.7      --
 81  04/05/2020  0800    36.2   26.8     5.9     0.000   0   68.38   57.5   11.1      --
 82  04/05/2020  0900    37.0   27.1     5.8     0.000   0   67.13   65.0   10.6      --
 83  04/05/2020  1000    38.1   27.4     5.6     0.000   0   64.93   73.1   10.4    4223
 84  04/05/2020  1100    40.6   27.7     4.8     0.000   0   59.76   74.2    8.8      --
 85  04/05/2020  1200    45.7   28.7     4.0     0.000   0   51.14   75.8    7.3      --
 86  04/05/2020  1300    50.5   28.7     3.2     0.000   0   42.65   78.3    5.8      --
 87  04/05/2020  1400    53.0   28.7     2.3     0.000   0   38.96   82.5    4.2      --
 88  04/05/2020  1500    54.4   28.7     1.5     0.000   0   36.95   91.2    2.8      --
 89  04/05/2020  1600    55.0   28.7     0.7     0.000   0   36.23  116.1    1.5  no_inv
 90  04/05/2020  1700    54.2   28.7     1.3     0.000   0   37.41   47.1    1.3      --
 91  04/05/2020  1800    53.7   28.9     1.9     0.000   0   38.34   11.8    2.5      --
 92  04/05/2020  1900    52.8   28.7     2.5     0.000   0   39.32    1.0    3.9      --
 93  04/05/2020  2000    52.3   28.7     3.1     0.000   0   40.07  356.2    5.5      --
 94  04/05/2020  2100    49.9   28.7     3.7     0.000   0   43.69  353.5    7.1      --
 95  04/05/2020  2200    47.6   28.7     4.3     0.000   0   47.69  351.8    8.6  no_inv
 96  04/05/2020  2300    45.6   28.7     4.7     0.000   0   51.30  357.8    9.4      --
 97  04/06/2020  0000    44.1   28.8     5.0     0.000   0   54.50    2.8   10.3      --
 98  04/06/2020  0100    42.7   29.4     5.4     0.000   0   58.98    7.0   11.3      --
 99  04/06/2020  0200    41.5   30.1     5.8     0.000   0   63.57   10.6   12.3      --
100  04/06/2020  0300    40.6   30.9     6.1     0.000   0   68.07   13.5   13.3      --
101  04/06/2020  0400    39.8   31.6     6.5     0.000   0   72.21   16.1   14.4    2399
102  04/06/2020  0500    39.3   30.7     6.0     0.000   0   70.84   10.7   12.6      --
103  04/06/2020  0600    39.0   29.8     5.5     0.000   0   69.18    3.6   11.0      --
104  04/06/2020  0700    39.3   28.8     5.1     0.000   0   65.79  354.4    9.7      --
105  04/06/2020  0800    40.2   30.7     4.6     0.000   0   68.63  342.5    8.6      --
106  04/06/2020  0900    41.7   29.8     4.1     0.000   0   62.30  328.3    8.1      --
107  04/06/2020  1000    43.9   28.8     3.6     0.000   0   55.07  312.9    8.0  no_inv
108  04/06/2020  1100    46.6   27.9     5.7     0.000   0   47.74  300.7    9.6      --
109  04/06/2020  1200    50.8   27.0     7.8     0.000   0   39.36  292.2   11.5      --
110  04/06/2020  1300    54.3   26.8     9.9     0.000   0   34.25  286.2   13.5      --
111  04/06/2020  1400    56.3   26.6    12.0     0.000   0   31.67  281.8   15.7      --
112  04/06/2020  1500    57.2   26.0    14.1     0.000   0   29.94  278.5   17.9      --
113  04/06/2020  1600    57.7   25.1    16.1     0.000   0   28.38  275.9   20.2    7001
114  04/06/2020  1700    57.7   25.1    16.7     0.000   0   28.31  281.5   20.4      --
115  04/06/2020  1800    55.2   25.1    17.2     0.000   0   31.02  286.9   20.9      --
116  04/06/2020  1900    49.9   25.0    17.8     0.000   0   37.54  292.1   21.5      --
117  04/06/2020  2000    47.0   25.0    18.4     0.000   0   41.72  296.9   22.3      --
118  04/06/2020  2100    44.7   24.9    18.9     0.000   0   45.47  301.4   23.3      --
119  04/06/2020  2200    42.4   24.9    19.5     0.000   0   49.60  305.5   24.3    2130
120  04/06/2020  2300    40.5   24.8    18.5     0.000   0   53.12  307.9   23.1      --
121  04/07/2020  0000    39.9   24.8    17.6     0.000   0   54.36  310.5   22.0      --
122  04/07/2020  0100    39.2   24.7    16.7     0.000   0   55.77  313.4   20.9      --
123  04/07/2020  0200    38.5   24.7    15.7     0.000   0   57.26  316.6   19.9      --
124  04/07/2020  0300    37.8   24.6    14.8     0.000   0   58.79  320.2   18.9      --
125  04/07/2020  0400    37.1   24.6    13.9     0.000   0   60.32  324.1   18.0     696
126  04/07/2020  0500    36.5   25.8    11.7     0.000   0   64.86  325.1   14.9      --
127  04/07/2020  0600    36.1   26.0     9.5     0.000   0   66.28  326.6   11.8      --
128  04/07/2020  0700    36.8   26.5     7.3     0.000   0   65.96  329.2    8.6      --
129  04/07/2020  0800    38.7   23.9     5.1     0.000   0   54.86  334.7    5.6      --
130  04/07/2020  0900    41.9   23.5     3.0     0.000   0   47.78  352.9    2.6      --
131  04/07/2020  1000    46.0   23.1     0.8     0.000   0   40.16   82.8    1.7    7188
132  04/07/2020  1100    50.4   22.7     0.8     0.000   0   33.41   66.2    1.3      --
133  04/07/2020  1200    54.7   22.4     0.9     0.000   0   28.10   38.6    1.1      --
134  04/07/2020  1300    58.0   22.0     1.0     0.000   0   24.66    7.2    1.2      --
135  04/07/2020  1400    59.6   21.8     1.0     0.000   0   23.00  345.4    1.5      --
136  04/07/2020  1500    60.4   21.6     1.1     0.000   0   22.22  332.9    2.0      --
137  04/07/2020  1600    60.8   21.6     1.1     0.000   0   21.89  325.5    2.5    8144
138  04/07/2020  1700    60.8   21.6     3.0     0.000   0   21.89    8.2    3.7      --
139  04/07/2020  1800    59.1   21.6     4.9     0.000   0   23.28   25.2    5.9      --
140  04/07/2020  1900    55.5   22.8     6.8     0.000   0   27.76   32.8    8.2      --
141  04/07/2020  2000    53.6   23.2     8.7     0.000   0   30.39   37.0   10.7      --
142  04/07/2020  2100    51.2   22.8    10.6     0.000   0   32.59   39.6   13.1      --
143  04/07/2020  2200    48.9   20.8    12.5     0.000   0   32.66   41.3   15.6     888
144  04/07/2020  2300    45.8   20.6    12.6     0.000   0   36.42   44.3   15.6      --
145  04/08/2020  0000    43.7   20.5    12.7     0.000   0   39.13   47.3   15.7      --
146  04/08/2020  0100    41.8   20.3    12.8     0.000   0   41.83   50.3   15.8      --
147  04/08/2020  0200    40.1   20.2    12.9     0.000   0   44.42   53.2   15.9      --
148  04/08/2020  0300    38.7   20.1    12.9     0.000   0   46.80   56.1   16.1      --
149  04/08/2020  0400    37.5   20.1    13.0     0.000   0   48.88   58.9   16.3     220
150  04/08/2020  0500    36.7   21.6    11.3     0.000   0   53.90   61.6   14.3      --
151  04/08/2020  0600    36.3   22.2     9.6     0.000   0   56.30   65.2   12.3      --
152  04/08/2020  0700    36.9   23.1     7.8     0.000   0   57.12   70.1   10.4      --
153  04/08/2020  0800    38.6   28.0     6.1     0.000   0   65.40   77.1    8.6      --
154  04/08/2020  0900    41.6   28.0     4.3     0.000   0   58.31   87.6    7.0      --
155  04/08/2020  1000    45.5   28.0     2.6     0.000   0   50.11  103.3    5.7    4002
156  04/08/2020  1100    50.1   28.0     3.0     0.000   0   42.23  122.4    4.2      --
157  04/08/2020  1200    55.3   28.0     3.3     0.000   0   34.90  154.9    3.5      --
158  04/08/2020  1300    59.5   28.0     3.7     0.000   0   30.01  188.0    4.1      --
159  04/08/2020  1400    61.8   28.0     4.1     0.000   0   27.66  207.8    5.6      --
160  04/08/2020  1500    63.0   28.0     4.5     0.000   0   26.55  218.4    7.5      --
161  04/08/2020  1600    63.6   28.0     4.9     0.000   0   25.97  224.7    9.6    5599
162  04/08/2020  1700    63.8   28.0     6.6     0.000   0   25.81  239.5   10.3      --
163  04/08/2020  1800    62.3   28.0     8.4     0.000   0   27.19  251.6   11.7      --
164  04/08/2020  1900    59.2   30.0    10.2     0.000   0   32.77  260.8   13.4      --
165  04/08/2020  2000    57.6   29.4    12.0     0.000   0   33.96  267.8   15.5      --
166  04/08/2020  2100    55.2   28.0    13.8     0.000   0   34.98  273.1   17.7      --
167  04/08/2020  2200    52.9   28.0    15.5     0.000   0   38.10  277.3   20.0     763
