  Generated by FoxLW on Thursday April 2, 2020 at 02:32 PDT
-------------------------------------------------------------------------------
  Stevenson
  45.6800:-121.9000  (45 40' 48.00"N  121 54' 0.00"W)  elev 111.5 feet    file: 300207
-------------------------------------------------------------------------------

Line#   Date     Hour   TempF  DewPtF WS(mph)  Rain(in) LW    RH%  WDir_50m WS_50m Inv(ft)
  5  04/02/2020  0400    31.1   25.3     3.3     0.000  10   78.66  234.4   11.2  no_inv
  6  04/02/2020  0500    30.7   25.5     3.2     0.000  10   80.78  235.0   11.1      --
  7  04/02/2020  0600    30.3   30.3     3.0     0.000  10  100.00  235.6   11.0      --
  8  04/02/2020  0700    30.9   30.9     2.9     0.000  10  100.00  236.2   10.9      --
  9  04/02/2020  0800    32.9   32.9     2.7     0.000  10  100.00  236.9   10.8      --
 10  04/02/2020  0900    36.2   34.1     2.6     0.000  10   92.01  237.5   10.7      --
 11  04/02/2020  1000    40.2   34.1     2.4     0.000   5   78.60  238.2   10.6  no_inv
 12  04/02/2020  1100    43.6   34.1     2.5     0.000   0   69.01  243.4   11.8      --
 13  04/02/2020  1200    45.6   34.1     2.6     0.000   0   63.77  247.7   13.1      --
 14  04/02/2020  1300    47.2   34.1     2.7     0.000   0   60.14  251.2   14.4      --
 15  04/02/2020  1400    48.0   34.1     2.8     0.000   0   58.41  254.1   15.7      --
 16  04/02/2020  1500    48.5   34.1     2.8     0.000   0   57.26  256.5   17.1      --
 17  04/02/2020  1600    48.8   34.1     2.9     0.000   0   56.64  258.6   18.5  no_inv
 18  04/02/2020  1700    48.8   34.1     2.8     0.000   0   56.62  257.1   17.5      --
 19  04/02/2020  1800    45.7   34.1     2.8     0.000   0   63.58  255.4   16.5      --
 20  04/02/2020  1900    39.4   34.1     2.7     0.000   0   80.99  253.4   15.5      --
 21  04/02/2020  2000    36.0   34.1     2.6     0.000   5   92.82  251.2   14.6      --
 22  04/02/2020  2100    33.6   33.6     2.5     0.000  10  100.00  248.7   13.6      --
 23  04/02/2020  2200    31.3   30.4     2.4     0.000  10   96.41  245.9   12.7    1093
 24  04/02/2020  2300    30.3   29.4     2.7     0.000  10   96.40  245.7   13.1      --
 25  04/03/2020  0000    30.3   29.4     3.1     0.000  10   96.40  245.6   13.5      --
 26  04/03/2020  0100    30.8   29.9     3.4     0.000  10   96.41  245.5   13.9      --
 27  04/03/2020  0200    31.1   30.2     3.8     0.000  10   96.41  245.4   14.3      --
 28  04/03/2020  0300    31.1   30.2     4.1     0.000  10   96.41  245.2   14.7      --
 29  04/03/2020  0400    31.0   30.1     4.5     0.000  10   96.41  245.1   15.1    2032
 30  04/03/2020  0500    30.7   29.8     5.1     0.000  10   96.69  245.2   15.4      --
 31  04/03/2020  0600    30.3   30.0     5.7     0.000  10   98.91  245.3   15.6      --
 32  04/03/2020  0700    30.7   30.7     6.3     0.000  10  100.00  245.3   15.9      --
 33  04/03/2020  0800    32.0   32.0     7.0     0.000  10  100.00  245.4   16.2      --
 34  04/03/2020  0900    34.4   30.8     7.6     0.000   5   86.63  245.5   16.4      --
 35  04/03/2020  1000    37.6   31.1     8.2     0.000   0   77.24  245.5   16.7    6159
 36  04/03/2020  1100    41.0   31.3     8.5     0.000   0   68.29  247.4   16.1      --
 37  04/03/2020  1200    44.0   31.5     8.8     0.000   0   61.16  249.4   15.4      --
 38  04/03/2020  1300    46.4   32.2     9.1     0.000   0   57.36  251.6   14.9      --
 39  04/03/2020  1400    47.7   32.7     9.4     0.000   0   55.72  253.9   14.3      --
 40  04/03/2020  1500    48.6   33.2     9.7     0.000   0   54.88  256.5   13.8      --
 41  04/03/2020  1600    49.2   33.6    10.1     0.000   0   54.69  259.2   13.2    7761
 42  04/03/2020  1700    49.1   33.6     9.2     0.000   0   54.84  257.8   12.5      --
 43  04/03/2020  1800    46.8   32.6     8.3     0.000   0   57.49  256.2   11.8      --
 44  04/03/2020  1900    42.2   31.9     7.4     0.000   0   66.49  254.5   11.1      --
 45  04/03/2020  2000    39.6   30.9     6.5     0.000   0   70.61  252.5   10.5      --
 46  04/03/2020  2100    37.3   31.4     5.6     0.000   0   78.90  250.2    9.8      --
 47  04/03/2020  2200    35.0   32.7     4.6     0.010   0   91.25  247.7    9.1    2565
 48  04/03/2020  2300    33.4   32.5     4.0     0.000   5   96.45  247.7    7.5      --
 49  04/04/2020  0000    33.4   32.5     3.3     0.000  10   96.45  247.8    5.9      --
 50  04/04/2020  0100    33.8   32.8     2.5     0.000  10   96.15  248.0    4.2      --
 51  04/04/2020  0200    34.0   32.9     1.8     0.000  10   95.74  248.4    2.6      --
 52  04/04/2020  0300    34.0   32.9     1.0     0.000  10   95.67  250.2    1.0      --
 53  04/04/2020  0400    33.9   32.8     0.3     0.000  10   95.91   62.9    0.6    3472
 54  04/04/2020  0500    34.2   32.5     2.4     0.000  10   93.31   74.7    3.3      --
 55  04/04/2020  0600    33.9   32.2     4.5     0.000  10   93.44   75.9    6.1      --
 56  04/04/2020  0700    34.4   32.2     6.7     0.000   5   91.42   76.4    8.8      --
 57  04/04/2020  0800    35.6   31.0     8.8     0.000   0   82.90   76.7   11.5      --
 58  04/04/2020  0900    38.2   30.0    10.9     0.000   0   72.07   76.8   14.2      --
 59  04/04/2020  1000    42.3   29.9    13.1     0.000   0   61.14   76.9   16.9    9283
 60  04/04/2020  1100    46.0   30.5    10.9     0.000   0   54.49   77.0   14.0      --
 61  04/04/2020  1200    49.0   31.1     8.8     0.000   0   49.90   77.2   11.1      --
 62  04/04/2020  1300    51.2   31.5     6.7     0.000   0   46.71   77.4    8.2      --
 63  04/04/2020  1400    52.4   31.8     4.5     0.000   0   45.26   78.0    5.3      --
 64  04/04/2020  1500    53.2   32.1     2.4     0.000   0   44.41   79.8    2.4      --
 65  04/04/2020  1600    53.7   32.1     0.2     0.000   0   43.65  242.1    0.6  no_inv
 66  04/04/2020  1700    53.8   32.2     0.4     0.000   0   43.65  260.9    0.8      --
 67  04/04/2020  1800    52.6   32.4     0.5     0.000   0   45.91  270.3    1.1      --
 68  04/04/2020  1900    50.2   31.9     0.7     0.000   0   49.14  275.6    1.4      --
 69  04/04/2020  2000    48.9   31.9     0.8     0.000   0   51.59  279.0    1.8      --
 70  04/04/2020  2100    46.6   35.5     0.9     0.000   0   65.20  281.4    2.1      --
 71  04/04/2020  2200    44.2   40.9     1.1     0.070  10   88.05  283.1    2.4  no_inv
 72  04/04/2020  2300    41.5   40.6     1.1     0.000  10   96.56  278.5    2.4      --
 73  04/05/2020  0000    41.0   40.1     1.1     0.010  10   96.54  273.9    2.4      --
 74  04/05/2020  0100    39.8   38.8     1.1     0.010  10   96.52  269.3    2.4      --
 75  04/05/2020  0200    37.7   36.8     1.1     0.000  10   96.49  264.9    2.5      --
 76  04/05/2020  0300    36.7   35.8     1.1     0.000  10   96.47  260.7    2.5      --
 77  04/05/2020  0400    36.7   35.8     1.1     0.010  10   96.46  256.7    2.6    2740
 78  04/05/2020  0500    35.7   32.6     1.5     0.000  10   88.26  284.0    1.2      --
 79  04/05/2020  0600    36.0   32.9     1.9     0.000  10   88.27   13.1    1.2      --
 80  04/05/2020  0700    36.5   32.8     2.2     0.020   5   86.62   39.3    2.6      --
 81  04/05/2020  0800    37.0   33.3     2.6     0.000   0   86.63   46.5    4.2      --
 82  04/05/2020  0900    41.3   37.7     3.0     0.000   0   86.94   49.7    5.9      --
 83  04/05/2020  1000    43.5   39.7     3.3     0.020   0   86.08   51.5    7.5  no_inv
 84  04/05/2020  1100    48.4   39.5     4.6     0.000   0   71.25   32.4    3.7      --
 85  04/05/2020  1200    53.5   38.3     5.8     0.000   0   56.21  307.2    2.5      --
 86  04/05/2020  1300    57.4   38.3     7.1     0.000   0   48.78  268.9    5.9      --
 87  04/05/2020  1400    58.7   38.6     8.3     0.000   0   47.18  260.1    9.9      --
 88  04/05/2020  1500    59.1   38.9     9.6     0.000   0   46.93  256.5   14.1      --
 89  04/05/2020  1600    58.6   39.0    10.9     0.000   0   47.90  254.5   18.3  no_inv
 90  04/05/2020  1700    56.5   39.0     9.4     0.000   0   51.98  254.4   17.0      --
 91  04/05/2020  1800    52.6   38.7     7.9     0.000   0   58.98  254.4   15.7      --
 92  04/05/2020  1900    44.6   38.8     6.5     0.000   0   79.73  254.4   14.4      --
 93  04/05/2020  2000    40.2   38.5     5.1     0.000   5   93.42  254.4   13.1      --
 94  04/05/2020  2100    37.9   37.9     3.6     0.000  10  100.00  254.3   11.8      --
 95  04/05/2020  2200    35.5   34.7     2.2     0.010  10   96.48  254.3   10.5    1353
 96  04/05/2020  2300    34.8   33.9     2.2     0.000  10   96.47  250.1   10.8      --
 97  04/06/2020  0000    34.8   33.9     2.2     0.000  10   96.47  246.2   11.2      --
 98  04/06/2020  0100    34.5   33.6     2.2     0.000  10   96.47  242.5   11.6      --
 99  04/06/2020  0200    34.0   33.1     2.3     0.000  10   96.46  239.1   12.0      --
100  04/06/2020  0300    33.4   32.5     2.3     0.000  10   96.45  236.0   12.5      --
101  04/06/2020  0400    32.8   31.9     2.3     0.000  10   96.44  233.1   13.0    2125
102  04/06/2020  0500    32.6   30.9     3.2     0.000   5   93.12  235.3   12.9      --
103  04/06/2020  0600    32.1   30.4     4.1     0.000   0   93.23  237.5   12.8      --
104  04/06/2020  0700    33.0   31.2     4.9     0.000   0   92.75  239.8   12.7      --
105  04/06/2020  0800    35.5   34.1     5.8     0.000   5   94.46  242.1   12.6      --
106  04/06/2020  0900    38.9   34.3     6.7     0.000   5   83.50  244.4   12.5      --
107  04/06/2020  1000    44.0   33.8     7.6     0.000   0   67.17  246.7   12.5  no_inv
108  04/06/2020  1100    48.8   33.8     8.2     0.000   0   55.84  251.1   12.7      --
109  04/06/2020  1200    52.2   33.7     8.8     0.000   0   49.20  255.3   13.0      --
110  04/06/2020  1300    54.8   34.1     9.4     0.000   0   45.45  259.3   13.3      --
111  04/06/2020  1400    56.2   34.6    10.0     0.000   0   44.01  263.1   13.7      --
112  04/06/2020  1500    57.2   34.9    10.6     0.000   0   43.12  266.7   14.2      --
113  04/06/2020  1600    57.8   35.2    11.2     0.000   0   42.59  270.0   14.7    7808
114  04/06/2020  1700    58.2   35.6     9.8     0.000   0   42.65  266.8   14.6      --
115  04/06/2020  1800    53.3   35.0     8.5     0.000   0   49.61  263.6   14.5      --
116  04/06/2020  1900    43.4   35.0     7.2     0.000   0   72.12  260.3   14.5      --
117  04/06/2020  2000    37.9   34.7     5.8     0.000   0   87.96  257.0   14.5      --
118  04/06/2020  2100    35.6   34.5     4.5     0.000   5   95.97  253.8   14.5      --
119  04/06/2020  2200    33.2   32.3     3.2     0.000  10   96.45  250.6   14.6    1702
120  04/06/2020  2300    31.6   30.7     3.2     0.000  10   96.42  247.3   15.0      --
121  04/07/2020  0000    31.6   30.7     3.2     0.000  10   96.42  244.1   15.4      --
122  04/07/2020  0100    32.4   31.5     3.2     0.000  10   96.43  241.2   15.8      --
123  04/07/2020  0200    32.7   31.8     3.3     0.000  10   96.44  238.4   16.3      --
124  04/07/2020  0300    32.8   31.9     3.3     0.000  10   96.44  235.7   16.8      --
125  04/07/2020  0400    32.5   31.6     3.3     0.000  10   96.43  233.2   17.4    2453
126  04/07/2020  0500    32.0   31.1     3.3     0.000  10   96.43  236.1   16.7      --
127  04/07/2020  0600    31.6   30.7     3.2     0.000  10   96.42  239.1   16.1      --
128  04/07/2020  0700    32.5   31.6     3.2     0.000  10   96.43  242.3   15.6      --
129  04/07/2020  0800    35.2   34.3     3.1     0.000  10   96.48  245.8   15.1      --
130  04/07/2020  0900    39.5   39.1     3.1     0.000  10   98.24  249.4   14.7      --
131  04/07/2020  1000    44.9   39.1     3.0     0.000   5   79.90  253.3   14.4    3944
132  04/07/2020  1100    49.8   39.1     3.0     0.000   0   66.34  253.6   14.2      --
133  04/07/2020  1200    53.1   39.1     3.0     0.000   0   58.91  253.9   14.1      --
134  04/07/2020  1300    55.6   39.1     3.0     0.000   0   53.72  254.2   13.9      --
135  04/07/2020  1400    57.0   39.1     3.0     0.000   0   51.15  254.6   13.8      --
136  04/07/2020  1500    57.9   39.1     3.0     0.000   0   49.46  254.9   13.7      --
137  04/07/2020  1600    58.5   39.1     3.0     0.000   0   48.39  255.3   13.5    5646
138  04/07/2020  1700    58.9   39.1     2.8     0.000   0   47.71  253.1   12.9      --
139  04/07/2020  1800    54.8   39.1     2.7     0.000   0   55.40  250.7   12.2      --
140  04/07/2020  1900    46.3   39.1     2.6     0.000   0   75.83  248.0   11.6      --
141  04/07/2020  2000    41.6   39.1     2.5     0.000   5   90.61  245.1   11.0      --
142  04/07/2020  2100    39.3   39.1     2.4     0.000  10   99.23  241.8   10.5      --
143  04/07/2020  2200    37.0   36.0     2.2     0.000  10   96.51  238.1    9.9    1062
144  04/07/2020  2300    35.3   34.5     1.9     0.000  10   96.48  237.3    8.5      --
145  04/08/2020  0000    35.0   34.1     1.6     0.000  10   96.63  236.1    7.0      --
146  04/08/2020  0100    34.4   33.6     1.3     0.000  10   96.87  234.4    5.6      --
147  04/08/2020  0200    33.7   32.9     1.0     0.000  10   96.98  231.3    4.1      --
148  04/08/2020  0300    33.0   32.2     0.7     0.000  10   96.97  225.1    2.7      --
149  04/08/2020  0400    32.3   31.5     0.4     0.000  10   96.85  206.3    1.4    1923
150  04/08/2020  0500    31.7   30.8     1.8     0.000  10   96.45   91.3    1.6      --
151  04/08/2020  0600    31.2   30.3     3.2     0.000  10   96.41   73.1    4.0      --
152  04/08/2020  0700    33.0   32.2     4.5     0.000  10   96.44   68.7    6.6      --
153  04/08/2020  0800    37.9   37.1     5.9     0.000  10   97.13   66.7    9.1      --
154  04/08/2020  0900    45.3   33.5     7.2     0.000   5   63.06   65.6   11.6      --
155  04/08/2020  1000    53.3   33.6     8.6     0.000   0   47.01   64.9   14.2    5739
156  04/08/2020  1100    61.3   34.6     7.4     0.000   0   36.71   65.9   11.3      --
157  04/08/2020  1200    66.0   35.9     6.3     0.000   0   32.84   67.6    8.4      --
158  04/08/2020  1300    68.9   36.6     5.1     0.000   0   30.49   71.1    5.5      --
159  04/08/2020  1400    70.4   37.5     3.9     0.000   0   30.08   82.2    2.7      --
160  04/08/2020  1500    71.1   37.5     2.7     0.000   0   29.37  174.7    1.0      --
161  04/08/2020  1600    71.4   37.5     1.5     0.000   0   29.06  224.9    3.5    8169
162  04/08/2020  1700    71.4   37.5     2.2     0.000   0   29.07  232.2    4.6      --
163  04/08/2020  1800    65.5   37.5     2.9     0.000   0   35.54  236.5    5.8      --
164  04/08/2020  1900    53.5   37.2     3.6     0.000   0   53.67  239.4    7.0      --
165  04/08/2020  2000    46.9   37.2     4.3     0.000   0   68.56  241.4    8.3      --
166  04/08/2020  2100    44.6   37.2     4.9     0.000   0   74.93  242.9    9.5      --
167  04/08/2020  2200    42.3   37.3     5.2     0.000   0   82.51  244.0   10.8    1000
