  Generated by FoxLW on Thursday April 2, 2020 at 02:32 PDT
-------------------------------------------------------------------------------
  Red Mountain North
  46.3000:-119.4400  (46 17' 60.00"N  119 26' 24.00"W)  elev 974.4 feet    file: 300253
-------------------------------------------------------------------------------

Line#   Date     Hour   TempF  DewPtF WS(mph)  Rain(in) LW    RH%  WDir_50m WS_50m Inv(ft)
  5  04/02/2020  0400    37.2   16.3    13.8     0.000   0   41.98  348.4   17.2     412
  6  04/02/2020  0500    36.8   17.7    11.5     0.000   0   45.37  348.6   14.4      --
  7  04/02/2020  0600    36.5   18.5     9.2     0.000   0   47.59  348.9   11.5      --
  8  04/02/2020  0700    36.7   19.8     7.0     0.000   0   49.83  349.4    8.6      --
  9  04/02/2020  0800    37.6   20.8     4.7     0.000   0   50.44  350.4    5.8      --
 10  04/02/2020  0900    39.1   26.2     2.4     0.000   0   59.61  353.2    3.0      --
 11  04/02/2020  1000    41.2   26.5     0.1     0.000   0   55.55   60.8    0.3  no_inv
 12  04/02/2020  1100    43.8   26.5     0.7     0.000   0   50.28  161.7    1.3      --
 13  04/02/2020  1200    47.4   26.5     1.3     0.000   0   43.93  168.4    2.7      --
 14  04/02/2020  1300    50.2   26.5     1.9     0.000   0   39.49  170.6    4.0      --
 15  04/02/2020  1400    51.7   26.5     2.5     0.000   0   37.40  171.6    5.4      --
 16  04/02/2020  1500    52.4   26.5     3.1     0.000   0   36.50  172.2    6.8      --
 17  04/02/2020  1600    52.6   26.5     3.7     0.000   0   36.15  172.6    8.2  no_inv
 18  04/02/2020  1700    52.3   26.5     6.0     0.000   0   36.50  199.5    4.2      --
 19  04/02/2020  1800    51.6   28.3     8.3     0.000   0   40.34  274.2    3.8      --
 20  04/02/2020  1900    51.2   27.8    10.6     0.000   0   40.08  305.6    7.7      --
 21  04/02/2020  2000    48.9   25.6    12.9     0.000   0   39.94  314.9   12.3      --
 22  04/02/2020  2100    46.6   25.2    15.2     0.000   0   42.81  319.1   17.0      --
 23  04/02/2020  2200    44.2   24.7    17.4     0.000   0   45.86  321.5   21.8  no_inv
 24  04/02/2020  2300    42.1   24.2    15.4     0.000   0   48.83  318.1   19.3      --
 25  04/03/2020  0000    40.6   23.8    13.3     0.000   0   50.78  313.8   16.9      --
 26  04/03/2020  0100    39.2   24.7    11.2     0.000   0   55.77  308.1   14.7      --
 27  04/03/2020  0200    38.0   24.7     9.1     0.000   0   58.40  300.4   12.6      --
 28  04/03/2020  0300    37.0   25.5     7.0     0.000   0   62.95  289.9   10.9      --
 29  04/03/2020  0400    36.1   26.0     4.9     0.000   0   66.37  276.1    9.6     427
 30  04/03/2020  0500    35.5   26.3     4.8     0.000   0   68.86  270.1    9.1      --
 31  04/03/2020  0600    35.1   26.8     4.6     0.000   0   71.32  263.5    8.8      --
 32  04/03/2020  0700    35.4   26.8     4.5     0.000   0   70.47  256.6    8.6      --
 33  04/03/2020  0800    36.5   26.8     4.3     0.000   0   67.43  249.4    8.5      --
 34  04/03/2020  0900    38.5   21.4     4.2     0.000   0   49.73  242.2    8.6      --
 35  04/03/2020  1000    41.3   20.1     4.0     0.000   0   42.20  235.2    8.8  no_inv
 36  04/03/2020  1100    44.6   19.3     5.3     0.000   0   36.05  240.9    9.7      --
 37  04/03/2020  1200    48.8   18.7     6.7     0.000   0   29.89  245.5   10.7      --
 38  04/03/2020  1300    52.2   18.8     8.0     0.000   0   26.54  249.3   11.7      --
 39  04/03/2020  1400    54.0   19.4     9.4     0.000   0   25.40  252.5   12.8      --
 40  04/03/2020  1500    54.9   19.8    10.7     0.000   0   25.11  255.1   13.9      --
 41  04/03/2020  1600    55.3   19.8    12.0     0.000   0   24.70  257.4   15.1  no_inv
 42  04/03/2020  1700    55.3   19.9    11.9     0.000   0   24.80  267.0   13.5      --
 43  04/03/2020  1800    53.5   19.5    11.7     0.000   0   25.97  278.6   12.4      --
 44  04/03/2020  1900    49.8   19.8    11.5     0.000   0   30.24  291.8   11.9      --
 45  04/03/2020  2000    47.7   19.9    11.4     0.000   0   32.86  305.4   12.1      --
 46  04/03/2020  2100    45.4   20.3    11.2     0.000   0   36.42  317.9   12.9      --
 47  04/03/2020  2200    43.0   20.8    11.0     0.000   0   40.74  328.5   14.3  no_inv
 48  04/03/2020  2300    41.2   21.6     9.7     0.000   0   45.23  329.8   13.0      --
 49  04/04/2020  0000    40.4   22.1     8.4     0.000   0   47.65  331.4   11.8      --
 50  04/04/2020  0100    39.5   21.7     7.1     0.000   0   48.37  333.3   10.5      --
 51  04/04/2020  0200    38.8   21.1     5.8     0.000   0   48.64  335.8    9.3      --
 52  04/04/2020  0300    38.1   20.7     4.4     0.000   0   49.10  339.0    8.1      --
 53  04/04/2020  0400    37.5   19.9     3.1     0.000   0   48.69  343.2    6.9    7894
 54  04/04/2020  0500    37.0   19.9     3.1     0.000   0   49.68  350.5    6.6      --
 55  04/04/2020  0600    36.6   19.9     3.1     0.000   0   50.33  358.4    6.4      --
 56  04/04/2020  0700    36.9   19.9     3.1     0.000   0   49.84    6.7    6.3      --
 57  04/04/2020  0800    37.8   19.9     3.1     0.000   0   48.07   15.1    6.3      --
 58  04/04/2020  0900    39.4   20.6     3.1     0.000   0   46.52   23.2    6.5      --
 59  04/04/2020  1000    41.7   20.5     3.0     0.000   0   42.31   30.8    6.8    5046
 60  04/04/2020  1100    44.5   20.4     2.9     0.000   0   37.86   30.6    6.4      --
 61  04/04/2020  1200    47.5   20.3     2.8     0.000   0   33.59   30.4    6.1      --
 62  04/04/2020  1300    50.2   20.2     2.6     0.000   0   30.21   30.2    5.8      --
 63  04/04/2020  1400    51.9   20.1     2.5     0.000   0   28.29   30.0    5.5      --
 64  04/04/2020  1500    53.0   20.0     2.3     0.000   0   27.13   29.7    5.1      --
 65  04/04/2020  1600    53.8   20.0     2.2     0.000   0   26.36   29.4    4.8  no_inv
 66  04/04/2020  1700    54.2   20.2     2.7     0.000   0   26.08   47.3    4.7      --
 67  04/04/2020  1800    54.2   20.7     3.2     0.000   0   26.68   64.3    5.1      --
 68  04/04/2020  1900    54.1   20.2     3.7     0.000   0   26.28   78.0    5.8      --
 69  04/04/2020  2000    54.0   20.2     4.1     0.000   0   26.35   88.3    6.8      --
 70  04/04/2020  2100    51.7   20.2     4.6     0.000   0   28.72   95.8    7.9      --
 71  04/04/2020  2200    49.3   20.5     5.1     0.000   0   31.70  101.3    9.1  no_inv
 72  04/04/2020  2300    47.5   24.2     6.5     0.000   0   39.74   76.6    6.4      --
 73  04/05/2020  0000    46.2   29.0     7.9     0.000   0   50.88   36.9    6.0      --
 74  04/05/2020  0100    45.1   30.3     9.3     0.000   0   55.89    6.4    8.1      --
 75  04/05/2020  0200    44.2   30.9    10.7     0.000   0   59.23  351.1   11.5      --
 76  04/05/2020  0300    43.4   29.6    12.1     0.000   0   57.92  343.1   15.3      --
 77  04/05/2020  0400    42.8   29.7    13.5     0.000   0   59.65  338.3   19.3    1113
 78  04/05/2020  0500    42.4   29.8    12.8     0.000   0   60.63  331.9   16.9      --
 79  04/05/2020  0600    42.2   29.8    12.1     0.000   0   61.33  323.4   14.8      --
 80  04/05/2020  0700    42.2   31.4    11.5     0.000   0   65.28  312.5   13.0      --
 81  04/05/2020  0800    42.7   30.0    10.8     0.000   0   60.63  298.9   11.9      --
 82  04/05/2020  0900    43.6   30.2    10.1     0.000   0   58.94  283.6   11.6      --
 83  04/05/2020  1000    44.9   30.3     9.4     0.000   0   56.34  268.5   12.1  no_inv
 84  04/05/2020  1100    47.5   30.5     8.4     0.000   0   51.40  275.1    9.5      --
 85  04/05/2020  1200    52.6   30.6     7.4     0.000   0   42.76  286.4    7.1      --
 86  04/05/2020  1300    57.4   31.3     6.4     0.000   0   36.91  307.0    5.3      --
 87  04/05/2020  1400    59.8   31.9     5.4     0.000   0   34.75  339.7    4.7      --
 88  04/05/2020  1500    61.2   32.4     4.4     0.000   0   33.80   10.3    5.6      --
 89  04/05/2020  1600    61.7   32.9     3.4     0.000   0   33.86   28.4    7.6  no_inv
 90  04/05/2020  1700    61.0   32.9     5.0     0.000   0   34.72   15.6    8.7      --
 91  04/05/2020  1800    59.7   32.5     6.6     0.000   0   35.63    6.1   10.1      --
 92  04/05/2020  1900    57.1   33.0     8.1     0.000   0   40.02  359.0   11.7      --
 93  04/05/2020  2000    55.7   33.1     9.7     0.000   0   42.38  353.8   13.5      --
 94  04/05/2020  2100    53.3   32.9    11.3     0.000   0   45.77  349.7   15.3      --
 95  04/05/2020  2200    51.0   31.5    12.9     0.000   0   47.13  346.5   17.2  no_inv
 96  04/05/2020  2300    49.8   31.7    14.0     0.000   0   49.62  342.9   18.4      --
 97  04/06/2020  0000    49.0   31.8    15.2     0.000   0   51.31  339.8   19.7      --
 98  04/06/2020  0100    48.3   32.0    16.3     0.000   0   52.95  337.0   21.0      --
 99  04/06/2020  0200    47.7   32.1    17.5     0.000   0   54.45  334.6   22.3      --
100  04/06/2020  0300    47.1   32.1    18.6     0.000   0   55.77  332.4   23.7      --
101  04/06/2020  0400    46.6   32.2    19.8     0.000   0   56.84  330.5   25.1     788
102  04/06/2020  0500    46.2   32.1    17.3     0.000   0   57.56  331.2   22.5      --
103  04/06/2020  0600    46.0   32.0    14.8     0.000   0   57.73  332.1   19.9      --
104  04/06/2020  0700    46.1   31.7    12.3     0.000   0   56.96  333.3   17.3      --
105  04/06/2020  0800    46.6   31.4     9.8     0.000   0   55.21  334.9   14.8      --
106  04/06/2020  0900    47.5   31.0     7.4     0.000   0   52.54  337.2   12.2      --
107  04/06/2020  1000    48.9   30.7     4.9     0.000   0   49.14  340.6    9.7  no_inv
108  04/06/2020  1100    51.1   30.3     6.1     0.000   0   44.65  324.9    9.2      --
109  04/06/2020  1200    54.3   29.9     7.4     0.000   0   39.05  308.7    9.4      --
110  04/06/2020  1300    57.4   30.2     8.6     0.000   0   35.25  294.4   10.3      --
111  04/06/2020  1400    59.2   30.6     9.9     0.000   0   33.64  283.0   11.8      --
112  04/06/2020  1500    60.5   30.8    11.2     0.000   0   32.37  274.3   13.6      --
113  04/06/2020  1600    61.3   30.7    12.4     0.000   0   31.40  267.8   15.6  no_inv
114  04/06/2020  1700    61.7   30.8    12.3     0.000   0   31.02  275.3   14.7      --
115  04/06/2020  1800    60.1   30.5    12.2     0.000   0   32.43  283.5   14.1      --
116  04/06/2020  1900    56.8   30.2    12.1     0.000   0   36.06  292.3   13.8      --
117  04/06/2020  2000    55.0   30.9    11.9     0.000   0   39.73  301.3   13.9      --
118  04/06/2020  2100    52.6   31.1    11.8     0.000   0   43.58  310.0   14.2      --
119  04/06/2020  2200    50.3   31.3    11.7     0.000   0   47.95  318.1   14.9    5170
120  04/06/2020  2300    49.0   32.0    10.3     0.000   0   51.75  313.1   13.1      --
121  04/07/2020  0000    48.1   32.3     8.9     0.000   0   53.98  306.5   11.3      --
122  04/07/2020  0100    47.3   32.2     7.6     0.000   0   55.60  297.7    9.8      --
123  04/07/2020  0200    46.5   31.8     6.2     0.000   0   56.32  286.1    8.6      --
124  04/07/2020  0300    45.7   31.5     4.8     0.000   0   57.25  271.6    7.9      --
125  04/07/2020  0400    45.0   31.2     3.5     0.000   0   58.28  255.3    7.7     303
126  04/07/2020  0500    44.4   30.9     3.3     0.000   0   58.84  250.9    7.2      --
127  04/07/2020  0600    44.1   30.9     3.1     0.000   0   59.63  245.9    6.7      --
128  04/07/2020  0700    44.4   30.9     3.0     0.000   0   58.83  240.2    6.2      --
129  04/07/2020  0800    45.6   29.6     2.8     0.000   0   53.25  233.6    5.8      --
130  04/07/2020  0900    47.6   29.0     2.6     0.000   0   48.38  226.3    5.6      --
131  04/07/2020  1000    50.3   28.5     2.4     0.000   0   42.68  218.4    5.4    5620
132  04/07/2020  1100    53.6   28.0     2.2     0.000   0   36.94  220.0    4.2      --
133  04/07/2020  1200    58.1   27.4     1.9     0.000   0   30.74  222.8    3.1      --
134  04/07/2020  1300    61.8   27.0     1.6     0.000   0   26.47  228.9    2.0      --
135  04/07/2020  1400    63.8   26.7     1.3     0.000   0   24.34  249.3    0.9      --
136  04/07/2020  1500    64.8   26.5     1.0     0.000   0   23.32  338.2    0.7      --
137  04/07/2020  1600    65.3   26.4     0.8     0.000   0   22.87   12.5    1.7    8232
138  04/07/2020  1700    65.3   26.4     3.5     0.000   0   22.81  345.5    4.8      --
139  04/07/2020  1800    63.9   26.4     6.2     0.000   0   23.99  340.1    8.1      --
140  04/07/2020  1900    61.0   28.4     9.0     0.000   0   28.88  337.9   11.5      --
141  04/07/2020  2000    59.3   27.8    11.8     0.000   0   29.86  336.7   14.8      --
142  04/07/2020  2100    57.0   26.4    14.5     0.000   0   30.62  335.9   18.2      --
143  04/07/2020  2200    54.7   26.4    17.3     0.000   0   33.31  335.4   21.6    2281
144  04/07/2020  2300    52.8   26.3    14.9     0.000   0   35.60  334.7   18.9      --
145  04/08/2020  0000    51.8   26.3    12.6     0.000   0   36.92  333.8   16.3      --
146  04/08/2020  0100    50.9   27.7    10.2     0.000   0   40.48  332.6   13.6      --
147  04/08/2020  0200    50.1   28.2     7.9     0.000   0   42.65  330.8   11.0      --
148  04/08/2020  0300    49.3   27.6     5.5     0.000   0   42.68  327.8    8.4      --
149  04/08/2020  0400    48.8   27.2     3.2     0.000   0   42.97  322.1    5.8  no_inv
150  04/08/2020  0500    48.3   27.0     3.1     0.000   0   43.30  327.4    5.8      --
151  04/08/2020  0600    48.0   26.7     3.1     0.000   0   43.17  332.8    5.8      --
152  04/08/2020  0700    48.3   26.7     3.0     0.000   0   42.75  338.0    5.8      --
153  04/08/2020  0800    49.2   26.8     3.0     0.000   0   41.48  343.1    6.0      --
154  04/08/2020  0900    50.8   26.8     2.9     0.000   0   39.09  348.0    6.1      --
155  04/08/2020  1000    53.0   26.8     2.8     0.000   0   35.95  352.6    6.3    3431
156  04/08/2020  1100    55.9   26.8     2.8     0.000   0   32.36  342.1    5.2      --
157  04/08/2020  1200    60.8   26.8     2.8     0.000   0   27.15  326.9    4.4      --
158  04/08/2020  1300    65.2   26.8     2.7     0.000   0   23.30  306.9    4.0      --
159  04/08/2020  1400    67.7   26.8     2.7     0.000   0   21.39  285.5    4.1      --
160  04/08/2020  1500    68.9   26.8     2.6     0.000   0   20.48  267.8    4.8      --
161  04/08/2020  1600    69.6   26.8     2.6     0.000   0   20.01  255.1    5.8    5914
162  04/08/2020  1700    69.8   26.8     4.1     0.000   0   19.88  244.6    7.0      --
163  04/08/2020  1800    69.1   26.8     5.6     0.000   0   20.38  237.2    8.3      --
164  04/08/2020  1900    67.6   28.2     7.1     0.000   0   22.70  232.1    9.8      --
165  04/08/2020  2000    66.8   28.8     8.6     0.000   0   23.93  228.3   11.3      --
166  04/08/2020  2100    64.4   28.7    10.1     0.000   0   25.93  225.4   12.9      --
167  04/08/2020  2200    62.1   28.2    11.6     0.000   0   27.58  223.1   14.5     327
