  Generated by FoxLW on Thursday April 2, 2020 at 02:32 PDT
-------------------------------------------------------------------------------
  Addy
  48.3200:-117.8300  (48 19' 12.00"N  117 49' 48.00"W)  elev 1689.6 feet    file: 300219
-------------------------------------------------------------------------------

Line#   Date     Hour   TempF  DewPtF WS(mph)  Rain(in) LW    RH%  WDir_50m WS_50m Inv(ft)
  5  04/02/2020  0400    25.3   16.4     3.8     0.000   0   68.51  336.1   13.4    1426
  6  04/02/2020  0500    24.9   16.5     3.4     0.000   0   69.95  335.9   11.6      --
  7  04/02/2020  0600    24.5   16.5     2.9     0.000   0   71.15  335.5    9.8      --
  8  04/02/2020  0700    24.8   16.5     2.5     0.000   0   70.25  335.1    8.0      --
  9  04/02/2020  0800    26.1   15.1     2.0     0.000   0   62.53  334.3    6.2      --
 10  04/02/2020  0900    28.3   15.1     1.6     0.000   0   57.08  333.0    4.4      --
 11  04/02/2020  1000    31.3   15.1     1.1     0.000   0   50.54  329.7    2.6  no_inv
 12  04/02/2020  1100    34.6   15.1     1.3     0.000   0   44.25  312.5    1.8      --
 13  04/02/2020  1200    37.4   15.1     1.4     0.000   0   39.57  279.0    1.4      --
 14  04/02/2020  1300    39.8   15.1     1.5     0.000   0   36.01  240.6    1.6      --
 15  04/02/2020  1400    41.3   15.1     1.6     0.000   0   34.02  218.6    2.3      --
 16  04/02/2020  1500    42.2   15.1     1.7     0.000   0   32.83  207.7    3.2      --
 17  04/02/2020  1600    42.8   15.1     1.8     0.000   0   32.04  201.5    4.1  no_inv
 18  04/02/2020  1700    43.2   15.2     2.4     0.000   0   31.74  203.6    5.6      --
 19  04/02/2020  1800    43.3   15.4     3.0     0.000   0   32.02  204.9    7.1      --
 20  04/02/2020  1900    41.6   15.4     3.5     0.000   0   34.14  205.7    8.6      --
 21  04/02/2020  2000    39.4   15.4     4.1     0.000   0   37.19  206.2   10.1      --
 22  04/02/2020  2100    36.2   19.4     4.7     0.000   0   50.07  206.7   11.6      --
 23  04/02/2020  2200    35.9   24.8     5.2     0.010   0   63.72  207.0   13.1    1210
 24  04/02/2020  2300    32.4   23.8     4.8     0.000   0   70.38  206.2   12.0      --
 25  04/03/2020  0000    30.5   22.7     4.3     0.000   0   72.37  205.3   10.9      --
 26  04/03/2020  0100    28.9   21.7     3.8     0.000   0   74.34  204.2    9.9      --
 27  04/03/2020  0200    27.4   20.9     3.4     0.000   0   76.20  202.8    8.8      --
 28  04/03/2020  0300    26.1   20.1     2.9     0.000   5   77.86  201.0    7.7      --
 29  04/03/2020  0400    26.0   20.0     2.5     0.000  10   77.72  198.7    6.7    1402
 30  04/03/2020  0500    24.2   18.0     3.5     0.000  10   76.78  213.3    7.4      --
 31  04/03/2020  0600    23.9   17.8     4.5     0.000  10   77.20  224.7    8.5      --
 32  04/03/2020  0700    24.9   18.8     5.5     0.000  10   77.25  233.4    9.8      --
 33  04/03/2020  0800    28.0   23.6     6.5     0.000   5   83.10  239.8   11.3      --
 34  04/03/2020  0900    31.8   24.5     7.5     0.000   0   74.25  244.7   12.9      --
 35  04/03/2020  1000    36.5   22.2     8.5     0.000   0   55.91  248.5   14.6  no_inv
 36  04/03/2020  1100    39.5   22.0     8.2     0.000   0   49.04  252.9   14.6      --
 37  04/03/2020  1200    40.9   21.8     7.9     0.000   0   46.13  257.2   14.8      --
 38  04/03/2020  1300    41.9   21.8     7.6     0.000   0   44.35  261.4   15.0      --
 39  04/03/2020  1400    42.3   21.8     7.3     0.000   0   43.70  265.5   15.3      --
 40  04/03/2020  1500    41.1   24.8     7.0     0.000   0   51.84  269.4   15.7      --
 41  04/03/2020  1600    39.8   27.8     6.7     0.010   0   61.83  273.1   16.2  no_inv
 42  04/03/2020  1700    37.9   25.8     6.1     0.000   0   61.42  277.3   14.3      --
 43  04/03/2020  1800    34.1   24.3     5.4     0.000   0   66.93  282.6   12.5      --
 44  04/03/2020  1900    32.0   23.5     4.8     0.000   0   70.46  289.7   10.9      --
 45  04/03/2020  2000    29.6   23.1     4.2     0.000   0   76.32  299.0    9.4      --
 46  04/03/2020  2100    27.3   22.5     3.5     0.000   5   81.98  311.2    8.4      --
 47  04/03/2020  2200    25.0   22.2     2.9     0.000  10   89.23  326.2    7.7  no_inv
 48  04/03/2020  2300    24.2   22.1     3.2     0.000  10   91.58  326.3    8.1      --
 49  04/04/2020  0000    24.3   22.1     3.5     0.000  10   91.37  326.4    8.5      --
 50  04/04/2020  0100    24.1   22.1     3.8     0.000  10   91.85  326.5    8.8      --
 51  04/04/2020  0200    23.8   22.0     4.1     0.000  10   92.88  326.6    9.2      --
 52  04/04/2020  0300    23.4   22.0     4.4     0.000  10   94.38  326.7    9.5      --
 53  04/04/2020  0400    22.9   22.0     4.8     0.000  10   96.27  326.7    9.9    1466
 54  04/04/2020  0500    22.4   21.5     4.1     0.000  10   96.26  327.9    7.9      --
 55  04/04/2020  0600    22.0   21.1     3.5     0.000  10   96.25  329.9    6.0      --
 56  04/04/2020  0700    22.9   22.0     2.8     0.000  10   96.27  333.7    4.1      --
 57  04/04/2020  0800    25.5   24.3     2.2     0.000  10   95.33  344.2    2.2      --
 58  04/04/2020  0900    29.6   24.3     1.5     0.000  10   80.27   47.1    0.8      --
 59  04/04/2020  1000    34.7   24.3     0.9     0.000   5   65.58  118.1    2.1    8494
 60  04/04/2020  1100    39.0   24.3     1.5     0.000   0   55.22  112.4    3.3      --
 61  04/04/2020  1200    41.5   24.3     2.1     0.000   0   50.14  109.8    4.5      --
 62  04/04/2020  1300    43.4   24.3     2.8     0.000   0   46.57  108.3    5.7      --
 63  04/04/2020  1400    44.5   24.3     3.4     0.000   0   44.77  107.4    6.9      --
 64  04/04/2020  1500    45.1   24.3     4.0     0.000   0   43.62  106.7    8.2      --
 65  04/04/2020  1600    45.6   24.3     4.6     0.000   0   42.89  106.2    9.4    8526
 66  04/04/2020  1700    44.6   24.3     5.2     0.000   0   44.55   91.5    7.6      --
 67  04/04/2020  1800    42.5   25.0     5.9     0.000   0   49.49   70.2    6.6      --
 68  04/04/2020  1900    41.4   25.0     6.5     0.000   0   51.86   45.6    6.7      --
 69  04/04/2020  2000    39.1   24.9     7.1     0.000   0   56.35   25.2    7.8      --
 70  04/04/2020  2100    36.7   24.4     7.8     0.000   0   60.47   11.3    9.7      --
 71  04/04/2020  2200    34.4   23.6     8.4     0.000   0   64.40    2.3   11.9     996
 72  04/04/2020  2300    33.3   23.1     7.6     0.000   0   65.91  359.7   11.3      --
 73  04/05/2020  0000    33.0   23.2     6.8     0.000   0   66.93  356.8   10.7      --
 74  04/05/2020  0100    32.6   23.5     6.0     0.000   0   68.90  353.6   10.1      --
 75  04/05/2020  0200    32.2   23.9     5.2     0.000   0   70.83  349.9    9.5      --
 76  04/05/2020  0300    31.9   24.6     4.5     0.000   0   73.95  345.8    9.0      --
 77  04/05/2020  0400    31.6   24.6     3.7     0.000   0   74.85  341.2    8.5    1048
 78  04/05/2020  0500    31.4   24.6     3.3     0.000   0   75.64  339.4    6.6      --
 79  04/05/2020  0600    31.2   25.7     2.9     0.000   5   79.55  336.2    4.7      --
 80  04/05/2020  0700    32.3   26.9     2.5     0.020   5   80.46  328.7    2.9      --
 81  04/05/2020  0800    34.0   32.2     2.2     0.010   5   92.85  298.2    1.2      --
 82  04/05/2020  0900    34.3   32.3     1.8     0.000  10   92.44  206.8    1.5      --
 83  04/05/2020  1000    35.9   32.8     1.4     0.030  10   88.52  184.3    3.2    4135
 84  04/05/2020  1100    38.0   33.2     1.6     0.000   5   82.47  172.8    3.5      --
 85  04/05/2020  1200    41.8   33.2     1.8     0.000   0   71.24  163.3    3.8      --
 86  04/05/2020  1300    45.0   33.2     1.9     0.000   0   62.89  155.7    4.3      --
 87  04/05/2020  1400    47.0   33.2     2.1     0.000   0   58.29  149.6    4.8      --
 88  04/05/2020  1500    47.2   34.8     2.2     0.000   0   61.96  144.8    5.4      --
 89  04/05/2020  1600    46.6   36.7     2.4     0.010   0   68.25  141.0    6.0  no_inv
 90  04/05/2020  1700    47.3   35.9     2.2     0.000   0   64.48  139.1    4.7      --
 91  04/05/2020  1800    46.5   35.3     1.9     0.000   0   64.78  135.8    3.4      --
 92  04/05/2020  1900    44.0   36.0     1.7     0.010   0   73.29  128.6    2.2      --
 93  04/05/2020  2000    42.8   35.9     1.4     0.000   0   76.41  103.4    1.0      --
 94  04/05/2020  2100    41.2   35.3     1.1     0.000   0   79.20   17.5    0.9      --
 95  04/05/2020  2200    40.8   37.1     0.9     0.020   5   86.49  347.9    2.0    1865
 96  04/05/2020  2300    38.0   35.5     1.1     0.000  10   90.47  348.0    2.6      --
 97  04/06/2020  0000    36.5   34.6     1.4     0.000  10   92.71  348.1    3.3      --
 98  04/06/2020  0100    35.2   33.9     1.6     0.000  10   94.97  348.1    3.9      --
 99  04/06/2020  0200    33.9   33.0     1.8     0.000  10   96.46  348.1    4.5      --
100  04/06/2020  0300    32.9   32.0     2.0     0.000  10   96.44  348.2    5.1      --
101  04/06/2020  0400    32.9   32.0     2.3     0.120  10   96.44  348.2    5.7    1151
102  04/06/2020  0500    33.3   30.2     2.2     0.000   5   88.14  345.0    5.4      --
103  04/06/2020  0600    32.3   29.2     2.2     0.000   0   88.09  341.5    5.2      --
104  04/06/2020  0700    33.2   29.5     2.1     0.000   0   86.45  337.5    4.9      --
105  04/06/2020  0800    33.5   29.9     2.0     0.000   0   86.45  333.2    4.7      --
106  04/06/2020  0900    34.9   31.3     2.0     0.000   0   86.50  328.6    4.5      --
107  04/06/2020  1000    37.2   32.7     1.9     0.000   0   83.70  323.5    4.3  no_inv
108  04/06/2020  1100    42.5   30.3     3.4     0.000   0   61.70  298.7    5.5      --
109  04/06/2020  1200    49.6   26.5     4.8     0.000   0   40.38  284.1    7.2      --
110  04/06/2020  1300    53.5   26.8     6.2     0.000   0   35.37  275.5    9.3      --
111  04/06/2020  1400    55.3   27.3     7.7     0.000   0   33.91  270.1   11.4      --
112  04/06/2020  1500    56.3   28.1     9.1     0.000   0   33.79  266.5   13.7      --
113  04/06/2020  1600    56.6   28.7    10.5     0.000   0   34.18  263.9   15.9    8618
114  04/06/2020  1700    55.9   29.0     9.5     0.000   0   35.54  269.4   13.9      --
115  04/06/2020  1800    51.3   28.1     8.4     0.000   0   40.39  276.6   12.1      --
116  04/06/2020  1900    42.1   28.1     7.4     0.000   0   57.23  286.2   10.5      --
117  04/06/2020  2000    37.0   27.7     6.4     0.000   0   68.85  298.6    9.3      --
118  04/06/2020  2100    34.7   27.6     5.3     0.000   0   75.16  313.8    8.7      --
119  04/06/2020  2200    32.3   27.8     4.3     0.000   0   83.31  330.0    8.7  no_inv
120  04/06/2020  2300    31.2   27.8     4.0     0.000   5   87.00  329.2    8.3      --
121  04/07/2020  0000    31.2   27.8     3.7     0.000  10   87.00  328.4    7.9      --
122  04/07/2020  0100    31.0   27.8     3.5     0.000  10   87.78  327.4    7.4      --
123  04/07/2020  0200    30.6   27.8     3.2     0.000  10   89.17  326.3    7.0      --
124  04/07/2020  0300    30.1   27.8     3.0     0.000  10   91.05  325.1    6.6      --
125  04/07/2020  0400    29.5   27.8     2.7     0.000  10   93.33  323.7    6.2    1375
126  04/07/2020  0500    28.8   27.8     2.8     0.000  10   95.95  326.4    6.4      --
127  04/07/2020  0600    28.4   27.5     2.9     0.000  10   96.36  328.9    6.7      --
128  04/07/2020  0700    29.5   27.8     3.0     0.000  10   93.42  331.2    6.9      --
129  04/07/2020  0800    32.4   23.7     3.1     0.000   5   70.03  333.4    7.2      --
130  04/07/2020  0900    37.0   23.4     3.2     0.000   0   57.35  335.4    7.5      --
131  04/07/2020  1000    42.7   23.0     3.4     0.000   0   45.18  337.2    7.8  no_inv
132  04/07/2020  1100    48.4   22.6     4.6     0.000   0   35.80  341.9    9.0      --
133  04/07/2020  1200    52.6   22.2     5.7     0.000   0   30.18  345.4   10.3      --
134  04/07/2020  1300    55.6   22.6     6.9     0.000   0   27.44  348.2   11.6      --
135  04/07/2020  1400    57.2   23.2     8.1     0.000   0   26.58  350.4   12.9      --
136  04/07/2020  1500    58.0   23.9     9.3     0.000   0   26.69  352.2   14.2      --
137  04/07/2020  1600    58.3   24.4    10.5     0.000   0   26.96  353.6   15.5      52
138  04/07/2020  1700    58.3   24.4    10.6     0.000   0   26.92  352.5   15.8      --
139  04/07/2020  1800    53.3   23.6    10.6     0.000   0   31.25  351.3   16.1      --
140  04/07/2020  1900    43.0   23.8    10.7     0.000   0   46.12  350.2   16.4      --
141  04/07/2020  2000    37.4   23.4    10.8     0.000   0   56.68  349.1   16.7      --
142  04/07/2020  2100    35.0   23.1    10.8     0.000   0   61.37  348.1   17.0      --
143  04/07/2020  2200    32.7   23.1    10.9     0.000   0   67.32  347.1   17.3    1493
144  04/07/2020  2300    30.7   23.4     9.8     0.000   0   73.96  346.2   16.0      --
145  04/08/2020  0000    30.7   23.4     8.6     0.000   0   73.90  345.2   14.7      --
146  04/08/2020  0100    30.5   23.4     7.5     0.000   0   74.67  344.0   13.4      --
147  04/08/2020  0200    30.1   23.5     6.4     0.000   0   76.11  342.6   12.1      --
148  04/08/2020  0300    29.5   23.5     5.3     0.000   5   77.93  340.8   10.8      --
149  04/08/2020  0400    28.9   23.5     4.1     0.000  10   80.08  338.5    9.6     922
150  04/08/2020  0500    28.2   23.6     3.7     0.000  10   82.59  338.9    7.4      --
151  04/08/2020  0600    27.7   23.6     3.3     0.000  10   84.31  339.6    5.2      --
152  04/08/2020  0700    28.5   23.6     2.9     0.000  10   81.44  341.5    3.0      --
153  04/08/2020  0800    30.9   29.0     2.5     0.000  10   92.48  354.0    0.8      --
154  04/08/2020  0900    34.8   29.5     2.0     0.000   5   80.74  148.3    1.5      --
155  04/08/2020  1000    40.1   29.5     1.6     0.000   0   65.75  153.6    3.7    3099
156  04/08/2020  1100    45.9   29.5     2.0     0.000   0   52.55  173.4    4.0      --
157  04/08/2020  1200    51.8   29.5     2.4     0.000   0   42.09  188.5    4.8      --
158  04/08/2020  1300    56.6   29.5     2.8     0.000   0   35.35  199.1    5.7      --
159  04/08/2020  1400    59.3   29.5     3.2     0.000   0   32.12  206.5    6.8      --
160  04/08/2020  1500    60.7   29.5     3.7     0.000   0   30.56  211.7    8.0      --
161  04/08/2020  1600    61.5   29.5     4.1     0.000   0   29.70  215.6    9.3    6026
162  04/08/2020  1700    61.8   29.5     4.0     0.000   0   29.38  206.3    8.6      --
163  04/08/2020  1800    60.3   29.5     4.0     0.000   0   30.99  195.9    8.3      --
164  04/08/2020  1900    57.2   29.5     4.0     0.000   0   34.61  185.0    8.2      --
165  04/08/2020  2000    55.5   29.5     3.9     0.000   0   36.80  174.2    8.4      --
166  04/08/2020  2100    53.2   29.5     3.9     0.000   0   40.07  164.3    8.9      --
167  04/08/2020  2200    50.8   29.5     3.8     0.000   0   43.68  155.6    9.6    1065
