  Generated by FoxLW on Thursday April 2, 2020 at 02:32 PDT
-------------------------------------------------------------------------------
  Odell
  45.6400:-121.5500  (45 38' 24.00"N  121 32' 60.00"W)  elev 731.6 feet    file: 300217
-------------------------------------------------------------------------------

Line#   Date     Hour   TempF  DewPtF WS(mph)  Rain(in) LW    RH%  WDir_50m WS_50m Inv(ft)
  5  04/02/2020  0400    29.0   29.0     3.7     0.000  10  100.00  243.5    8.9    1088
  6  04/02/2020  0500    28.4   28.4     4.0     0.000  10  100.00  254.3    8.6      --
  7  04/02/2020  0600    27.8   27.8     4.2     0.000  10  100.00  265.5    8.5      --
  8  04/02/2020  0700    28.4   28.4     4.5     0.000  10  100.00  276.5    8.8      --
  9  04/02/2020  0800    30.3   30.1     4.8     0.000  10   99.34  286.4    9.4      --
 10  04/02/2020  0900    34.3   28.8     5.0     0.000   5   79.84  294.9   10.2      --
 11  04/02/2020  1000    36.6   30.9     5.3     0.030   0   79.50  302.0   11.2  no_inv
 12  04/02/2020  1100    41.6   27.5     5.7     0.000   0   56.93  297.6   12.1      --
 13  04/02/2020  1200    46.6   27.3     6.2     0.000   0   46.64  293.9   13.0      --
 14  04/02/2020  1300    50.9   27.7     6.6     0.000   0   40.40  290.6   14.0      --
 15  04/02/2020  1400    52.6   28.3     7.1     0.000   0   38.84  287.7   15.0      --
 16  04/02/2020  1500    53.5   28.9     7.5     0.000   0   38.63  285.2   16.0      --
 17  04/02/2020  1600    53.8   29.6     8.0     0.000   0   39.21  283.0   17.1  no_inv
 18  04/02/2020  1700    53.7   29.6     7.4     0.000   0   39.34  276.5   16.0      --
 19  04/02/2020  1800    49.1   28.9     6.9     0.000   0   45.43  269.2   15.2      --
 20  04/02/2020  1900    39.6   28.9     6.4     0.000   0   65.11  261.2   14.7      --
 21  04/02/2020  2000    34.3   28.7     5.8     0.000   0   79.47  252.9   14.5      --
 22  04/02/2020  2100    32.0   28.6     5.3     0.000   0   87.03  244.4   14.6      --
 23  04/02/2020  2200    29.7   28.6     4.7     0.000   5   95.70  236.3   15.0     717
 24  04/02/2020  2300    27.9   27.0     4.6     0.000  10   96.36  238.2   14.6      --
 25  04/03/2020  0000    27.9   27.0     4.6     0.000  10   96.36  240.3   14.1      --
 26  04/03/2020  0100    28.5   27.6     4.5     0.000  10   96.37  242.5   13.8      --
 27  04/03/2020  0200    28.8   27.9     4.4     0.000  10   96.37  244.9   13.4      --
 28  04/03/2020  0300    28.8   27.9     4.4     0.000  10   96.37  247.3   13.0      --
 29  04/03/2020  0400    28.6   27.8     4.3     0.000  10   96.37  249.9   12.7     849
 30  04/03/2020  0500    28.3   27.4     4.8     0.000  10   96.36  255.8   13.0      --
 31  04/03/2020  0600    27.8   27.3     5.4     0.000  10   97.92  261.4   13.5      --
 32  04/03/2020  0700    28.5   28.4     6.0     0.000  10   99.54  266.5   14.1      --
 33  04/03/2020  0800    30.6   29.4     6.6     0.000  10   95.36  271.1   14.8      --
 34  04/03/2020  0900    34.2   28.5     7.1     0.000   5   79.33  275.4   15.6      --
 35  04/03/2020  1000    38.7   28.7     7.7     0.000   0   66.90  279.2   16.4    6458
 36  04/03/2020  1100    43.3   28.9     7.6     0.000   0   56.58  279.0   16.7      --
 37  04/03/2020  1200    46.9   29.1     7.6     0.000   0   49.69  278.9   17.0      --
 38  04/03/2020  1300    49.3   29.7     7.6     0.000   0   46.47  278.8   17.3      --
 39  04/03/2020  1400    50.4   30.2     7.5     0.000   0   45.68  278.6   17.6      --
 40  04/03/2020  1500    50.9   30.7     7.5     0.000   0   45.73  278.5   17.9      --
 41  04/03/2020  1600    50.9   31.1     7.4     0.000   0   46.44  278.4   18.2    8332
 42  04/03/2020  1700    50.3   31.1     7.3     0.000   0   47.44  274.0   17.1      --
 43  04/03/2020  1800    47.2   30.4     7.1     0.000   0   51.91  269.1   16.1      --
 44  04/03/2020  1900    40.7   30.2     7.0     0.000   0   65.95  263.6   15.3      --
 45  04/03/2020  2000    37.1   29.4     6.8     0.000   0   73.44  257.5   14.6      --
 46  04/03/2020  2100    34.8   28.6     6.7     0.000   0   78.02  250.9   14.1      --
 47  04/03/2020  2200    32.5   28.6     6.5     0.000   0   85.71  243.9   13.9     949
 48  04/03/2020  2300    31.3   29.3     5.5     0.000   5   92.16  244.6   11.3      --
 49  04/04/2020  0000    31.3   29.8     4.5     0.000  10   93.74  245.6    8.8      --
 50  04/04/2020  0100    31.8   30.3     3.6     0.000  10   94.39  247.3    6.3      --
 51  04/04/2020  0200    32.0   30.3     2.6     0.000  10   93.61  251.4    3.9      --
 52  04/04/2020  0300    32.0   30.3     1.6     0.000  10   93.50  269.5    1.5      --
 53  04/04/2020  0400    31.9   30.3     0.6     0.000  10   93.95   31.5    1.4    7908
 54  04/04/2020  0500    31.6   30.3     1.5     0.000  10   94.91   69.8    3.2      --
 55  04/04/2020  0600    31.3   30.3     2.3     0.000  10   96.05   79.0    5.4      --
 56  04/04/2020  0700    31.9   30.3     3.1     0.000  10   93.99   82.9    7.7      --
 57  04/04/2020  0800    33.6   30.3     3.9     0.000   5   87.53   85.0   10.0      --
 58  04/04/2020  0900    36.7   29.4     4.8     0.000   0   74.57   86.3   12.2      --
 59  04/04/2020  1000    40.6   29.4     5.6     0.000   0   63.88   87.2   14.5    4760
 60  04/04/2020  1100    44.6   29.4     5.1     0.000   0   54.88   85.1   12.9      --
 61  04/04/2020  1200    47.8   29.4     4.5     0.000   0   48.55   82.3   11.3      --
 62  04/04/2020  1300    50.3   29.4     4.0     0.000   0   44.18   78.5    9.7      --
 63  04/04/2020  1400    51.7   29.4     3.5     0.000   0   42.01   73.4    8.2      --
 64  04/04/2020  1500    52.6   29.4     3.0     0.000   0   40.57   66.0    6.8      --
 65  04/04/2020  1600    53.2   29.4     2.5     0.000   0   39.75   55.0    5.5  no_inv
 66  04/04/2020  1700    53.3   29.4     2.4     0.000   0   39.69   47.4    4.1      --
 67  04/04/2020  1800    52.2   29.7     2.3     0.000   0   41.72   32.6    2.8      --
 68  04/04/2020  1900    50.0   29.4     2.2     0.000   0   44.88    1.4    2.0      --
 69  04/04/2020  2000    48.7   29.4     2.2     0.000   0   47.01  318.9    2.2      --
 70  04/04/2020  2100    46.4   31.8     2.1     0.000   0   56.66  293.5    3.2      --
 71  04/04/2020  2200    44.0   37.0     2.0     0.020   0   75.99  281.4    4.5     578
 72  04/04/2020  2300    42.3   35.9     1.8     0.000   0   77.88  279.1    3.9      --
 73  04/05/2020  0000    42.8   36.1     1.6     0.000   0   76.80  276.0    3.4      --
 74  04/05/2020  0100    42.5   36.3     1.3     0.020   0   78.66  271.6    2.8      --
 75  04/05/2020  0200    41.3   35.5     1.1     0.000   0   79.91  265.3    2.3      --
 76  04/05/2020  0300    41.0   35.3     0.9     0.000   0   79.98  255.5    1.9      --
 77  04/05/2020  0400    41.6   36.3     0.7     0.020   0   81.31  240.0    1.5  no_inv
 78  04/05/2020  0500    39.2   32.9     1.0     0.000   0   77.94    3.9    0.1      --
 79  04/05/2020  0600    39.8   33.2     1.4     0.000   0   76.81   54.7    1.6      --
 80  04/05/2020  0700    39.7   32.6     1.8     0.010   0   75.41   56.0    3.1      --
 81  04/05/2020  0800    39.7   32.5     2.2     0.000   0   75.20   56.4    4.6      --
 82  04/05/2020  0900    42.7   37.9     2.5     0.000   0   82.75   56.6    6.1      --
 83  04/05/2020  1000    44.2   39.4     2.9     0.010   0   83.30   56.7    7.6  no_inv
 84  04/05/2020  1100    47.2   38.7     3.5     0.000   0   72.13   24.9    5.0      --
 85  04/05/2020  1200    49.1   39.5     4.1     0.000   0   69.34  335.5    5.3      --
 86  04/05/2020  1300    50.0   40.9     4.7     0.010   0   70.91  308.4    8.3      --
 87  04/05/2020  1400    53.6   38.8     5.3     0.000   0   56.96  296.8   12.1      --
 88  04/05/2020  1500    54.5   38.8     5.9     0.000   0   55.30  291.0   16.1      --
 89  04/05/2020  1600    55.0   38.8     6.5     0.000   0   54.39  287.5   20.3  no_inv
 90  04/05/2020  1700    54.8   38.8     5.8     0.000   0   54.73  286.9   17.7      --
 91  04/05/2020  1800    53.6   38.8     5.0     0.000   0   57.15  286.1   15.1      --
 92  04/05/2020  1900    51.1   38.8     4.3     0.000   0   62.60  285.0   12.5      --
 93  04/05/2020  2000    49.7   38.8     3.6     0.000   0   65.89  283.2    9.9      --
 94  04/05/2020  2100    47.4   38.8     2.9     0.000   0   71.92  280.4    7.4      --
 95  04/05/2020  2200    45.0   38.8     2.1     0.000   0   78.57  274.4    4.9     762
 96  04/05/2020  2300    43.1   38.8     2.5     0.000   0   84.69  263.9    7.0      --
 97  04/06/2020  0000    41.5   38.8     2.8     0.000   5   90.01  258.4    9.3      --
 98  04/06/2020  0100    40.0   38.8     3.1     0.000  10   95.45  255.1   11.6      --
 99  04/06/2020  0200    38.6   37.7     3.5     0.000  10   96.53  252.9   14.0      --
100  04/06/2020  0300    37.3   36.4     3.8     0.000  10   96.51  251.4   16.3      --
101  04/06/2020  0400    36.3   35.4     4.1     0.000  10   96.49  250.2   18.7     874
102  04/06/2020  0500    35.4   34.5     4.9     0.000  10   96.48  255.2   17.0      --
103  04/06/2020  0600    35.0   34.3     5.6     0.000  10   97.47  261.2   15.5      --
104  04/06/2020  0700    35.7   35.0     6.4     0.000  10   97.46  268.4   14.2      --
105  04/06/2020  0800    37.8   35.8     7.2     0.000   5   92.42  276.9   13.2      --
106  04/06/2020  0900    41.3   33.5     7.9     0.000   0   73.37  286.5   12.5      --
107  04/06/2020  1000    45.9   33.6     8.7     0.000   0   61.93  297.0   12.2  no_inv
108  04/06/2020  1100    50.6   33.7     8.9     0.000   0   52.08  290.5   13.7      --
109  04/06/2020  1200    54.6   33.7     9.1     0.000   0   45.01  285.4   15.3      --
110  04/06/2020  1300    57.5   34.6     9.3     0.000   0   41.90  281.2   17.0      --
111  04/06/2020  1400    58.9   35.4     9.5     0.000   0   41.23  277.9   18.8      --
112  04/06/2020  1500    59.5   36.1     9.7     0.000   0   41.53  275.1   20.7      --
113  04/06/2020  1600    59.7   36.9     9.9     0.000   0   42.44  272.8   22.6  no_inv
114  04/06/2020  1700    59.5   36.9     9.0     0.000   0   42.74  267.5   20.6      --
115  04/06/2020  1800    55.2   36.0     8.0     0.000   0   48.30  261.2   18.8      --
116  04/06/2020  1900    46.3   35.8     7.0     0.000   0   66.55  253.6   17.2      --
117  04/06/2020  2000    41.4   35.3     6.1     0.000   0   78.67  244.8   16.1      --
118  04/06/2020  2100    39.0   35.0     5.1     0.000   0   85.31  234.8   15.4      --
119  04/06/2020  2200    36.7   35.7     4.1     0.000   5   95.90  224.2   15.1    1131
120  04/06/2020  2300    35.2   34.3     4.4     0.000  10   96.48  226.9   14.9      --
121  04/07/2020  0000    35.2   34.3     4.6     0.000  10   96.48  229.7   14.8      --
122  04/07/2020  0100    34.9   34.0     4.8     0.000  10   96.47  232.6   14.7      --
123  04/07/2020  0200    34.5   33.5     5.1     0.000  10   96.04  235.4   14.6      --
124  04/07/2020  0300    34.0   32.7     5.3     0.000  10   94.60  238.3   14.6      --
125  04/07/2020  0400    33.5   31.8     5.5     0.000   5   93.47  241.2   14.6    1158
126  04/07/2020  0500    32.8   31.3     5.6     0.000   0   93.88  248.8   14.4      --
127  04/07/2020  0600    32.4   32.4     5.6     0.000   5  100.00  256.5   14.4      --
128  04/07/2020  0700    33.3   33.3     5.6     0.000  10  100.00  264.0   14.7      --
129  04/07/2020  0800    35.8   35.5     5.7     0.000  10   98.74  271.0   15.3      --
130  04/07/2020  0900    40.0   37.6     5.7     0.000   5   90.83  277.5   16.1      --
131  04/07/2020  1000    45.4   37.6     5.7     0.000   0   73.95  283.3   17.0    4765
132  04/07/2020  1100    51.0   37.6     5.9     0.000   0   60.00  282.5   17.2      --
133  04/07/2020  1200    55.5   37.6     6.0     0.000   0   50.74  281.7   17.3      --
134  04/07/2020  1300    58.9   37.9     6.1     0.000   0   45.48  281.0   17.5      --
135  04/07/2020  1400    60.7   38.2     6.3     0.000   0   43.28  280.2   17.6      --
136  04/07/2020  1500    61.5   38.6     6.4     0.000   0   42.55  279.5   17.8      --
137  04/07/2020  1600    62.0   38.9     6.6     0.000   0   42.49  278.7   18.0    6640
138  04/07/2020  1700    62.0   38.9     6.2     0.000   0   42.42  274.5   16.1      --
139  04/07/2020  1800    57.4   38.6     5.8     0.000   0   49.37  269.3   14.4      --
140  04/07/2020  1900    47.9   38.5     5.5     0.000   0   69.53  262.8   12.8      --
141  04/07/2020  2000    42.7   38.4     5.1     0.000   0   84.48  254.5   11.5      --
142  04/07/2020  2100    40.4   38.4     4.8     0.000   5   92.47  244.3   10.4      --
143  04/07/2020  2200    38.0   37.1     4.4     0.000  10   96.52  232.3    9.7     886
144  04/07/2020  2300    36.2   35.3     3.8     0.000  10   96.49  231.5    7.9      --
145  04/08/2020  0000    36.4   35.5     3.2     0.000  10   96.50  230.4    6.0      --
146  04/08/2020  0100    36.3   35.4     2.5     0.000  10   96.49  228.1    4.2      --
147  04/08/2020  0200    36.0   35.1     1.9     0.000  10   96.49  222.6    2.4      --
148  04/08/2020  0300    35.7   34.8     1.3     0.000  10   96.48  188.1    0.7      --
149  04/08/2020  0400    35.2   34.3     0.6     0.000  10   96.48   76.9    1.5    1146
150  04/08/2020  0500    34.6   33.7     1.5     0.000  10   96.47   67.3    2.9      --
151  04/08/2020  0600    34.2   33.3     2.4     0.000  10   96.46   64.1    4.3      --
152  04/08/2020  0700    35.5   34.6     3.2     0.000  10   96.48   62.5    5.8      --
153  04/08/2020  0800    38.9   38.0     4.1     0.000  10   96.54   61.6    7.2      --
154  04/08/2020  0900    44.3   33.8     4.9     0.000   5   66.09   61.0    8.7      --
155  04/08/2020  1000    51.1   34.4     5.8     0.000   0   52.55   60.5   10.2    5070
156  04/08/2020  1100    57.9   35.0     5.0     0.000   0   42.13   58.2    8.5      --
157  04/08/2020  1200    62.7   35.7     4.2     0.000   0   36.37   54.8    6.9      --
158  04/08/2020  1300    66.3   36.9     3.4     0.000   0   33.77   49.5    5.4      --
159  04/08/2020  1400    68.1   36.9     2.5     0.000   0   31.70   39.9    3.9      --
160  04/08/2020  1500    69.0   36.9     1.7     0.000   0   30.73   20.2    2.6      --
161  04/08/2020  1600    69.5   36.9     0.9     0.000   0   30.25  341.1    2.1    7609
162  04/08/2020  1700    69.6   36.9     2.0     0.000   0   30.18  278.6    2.8      --
163  04/08/2020  1800    65.8   36.9     3.0     0.000   0   34.40  257.0    5.0      --
164  04/08/2020  1900    58.0   36.7     4.1     0.000   0   44.93  249.0    7.5      --
165  04/08/2020  2000    53.7   36.8     5.2     0.000   0   52.72  245.1   10.1      --
166  04/08/2020  2100    51.3   37.6     6.2     0.000   0   59.23  242.7   12.6      --
167  04/08/2020  2200    49.0   38.4     7.3     0.000   0   66.59  241.2   15.2    1119
