  Generated by FoxLW on Thursday April 2, 2020 at 02:32 PDT
-------------------------------------------------------------------------------
  Granger North
  46.3800:-120.1900  (46 22' 48.00"N  120 11' 24.00"W)  elev 862.9 feet    file: 300209
-------------------------------------------------------------------------------

Line#   Date     Hour   TempF  DewPtF WS(mph)  Rain(in) LW    RH%  WDir_50m WS_50m Inv(ft)
  5  04/02/2020  0400    36.6   22.9     1.0     0.000   0   57.24   16.0    2.2     375
  6  04/02/2020  0500    36.3   23.1     1.3     0.000   0   58.42   51.8    1.6      --
  7  04/02/2020  0600    36.0   28.5     1.6     0.000   0   73.89   95.9    1.9      --
  8  04/02/2020  0700    36.2   30.3     2.0     0.000   0   78.92  118.7    2.8      --
  9  04/02/2020  0800    37.0   30.3     2.3     0.000   0   76.38  129.1    4.0      --
 10  04/02/2020  0900    38.5   30.3     2.6     0.000   0   72.05  134.8    5.2      --
 11  04/02/2020  1000    40.6   30.3     2.9     0.000   0   66.53  138.2    6.5  no_inv
 12  04/02/2020  1100    43.0   26.8     4.1     0.000   0   52.57  161.4    4.7      --
 13  04/02/2020  1200    45.4   30.3     5.3     0.000   0   55.26  198.6    4.2      --
 14  04/02/2020  1300    47.3   30.5     6.5     0.000   0   51.65  229.4    5.5      --
 15  04/02/2020  1400    48.4   30.3     7.7     0.000   0   49.29  245.7    7.7      --
 16  04/02/2020  1500    49.1   30.7     8.9     0.000   0   48.83  254.4   10.2      --
 17  04/02/2020  1600    49.5   30.9    10.1     0.000   0   48.46  259.6   12.9  no_inv
 18  04/02/2020  1700    49.5   30.7    11.1     0.000   0   48.26  276.4   11.5      --
 19  04/02/2020  1800    48.6   30.2    12.1     0.000   0   48.78  295.6   11.4      --
 20  04/02/2020  1900    47.0   29.3    13.1     0.000   0   50.08  313.4   12.4      --
 21  04/02/2020  2000    46.0   28.1    14.1     0.000   0   49.22  327.3   14.4      --
 22  04/02/2020  2100    43.7   26.6    15.1     0.000   0   50.70  337.4   17.1      --
 23  04/02/2020  2200    41.3   25.3    16.1     0.000   0   52.57  344.6   20.1  no_inv
 24  04/02/2020  2300    40.1   24.0    14.2     0.000   0   52.23  345.1   18.3      --
 25  04/03/2020  0000    39.3   22.8    12.2     0.000   0   51.35  345.6   16.5      --
 26  04/03/2020  0100    38.4   23.3    10.3     0.000   0   54.11  346.3   14.7      --
 27  04/03/2020  0200    37.7   23.0     8.4     0.000   0   55.10  347.2   12.9      --
 28  04/03/2020  0300    37.0   25.7     6.5     0.000   0   63.48  348.4   11.1      --
 29  04/03/2020  0400    36.4   27.6     4.6     0.000   0   70.24  350.1    9.3     337
 30  04/03/2020  0500    35.9   28.8     3.9     0.000   0   75.14  350.1    7.5      --
 31  04/03/2020  0600    35.5   30.6     3.2     0.000   0   81.89  350.2    5.8      --
 32  04/03/2020  0700    35.8   30.6     2.6     0.000   0   81.22  350.4    4.0      --
 33  04/03/2020  0800    36.6   30.6     1.9     0.000   0   78.56  350.9    2.2      --
 34  04/03/2020  0900    38.1   25.2     1.3     0.000   0   59.22  355.0    0.4      --
 35  04/03/2020  1000    40.3   19.8     0.6     0.000   0   43.28  168.1    1.3  no_inv
 36  04/03/2020  1100    43.1   18.2     3.0     0.000   0   36.33  269.3    2.7      --
 37  04/03/2020  1200    47.4   17.8     5.3     0.000   0   30.26  282.4    5.8      --
 38  04/03/2020  1300    51.2   18.4     7.7     0.000   0   27.02  286.2    8.9      --
 39  04/03/2020  1400    53.3   19.2    10.1     0.000   0   25.90  288.1   12.1      --
 40  04/03/2020  1500    54.3   18.9    12.4     0.000   0   24.62  289.1   15.4      --
 41  04/03/2020  1600    54.8   17.8    14.8     0.000   0   23.03  289.8   18.6  no_inv
 42  04/03/2020  1700    54.9   18.8    13.5     0.000   0   23.95  294.7   16.6      --
 43  04/03/2020  1800    52.7   19.1    12.2     0.000   0   26.37  300.9   14.9      --
 44  04/03/2020  1900    48.2   19.8    10.9     0.000   0   32.04  308.5   13.3      --
 45  04/03/2020  2000    45.7   20.2     9.6     0.000   0   35.94  318.0   12.1      --
 46  04/03/2020  2100    43.3   20.4     8.3     0.000   0   39.49  329.3   11.2      --
 47  04/03/2020  2200    41.0   20.5     7.0     0.000   0   43.46  341.9   10.8  no_inv
 48  04/03/2020  2300    39.4   20.4     5.9     0.000   0   46.07  341.0    9.0      --
 49  04/04/2020  0000    38.9   20.3     4.8     0.000   0   46.77  339.7    7.2      --
 50  04/04/2020  0100    38.3   19.8     3.7     0.000   0   46.84  337.5    5.4      --
 51  04/04/2020  0200    37.7   19.8     2.6     0.000   0   47.92  333.1    3.6      --
 52  04/04/2020  0300    37.2   19.8     1.5     0.000   0   49.00  320.4    1.9      --
 53  04/04/2020  0400    36.6   19.8     0.4     0.000   0   50.04  246.8    0.8    1609
 54  04/04/2020  0500    36.1   19.8     0.7     0.000   0   51.00  175.1    0.9      --
 55  04/04/2020  0600    35.8   19.8     1.1     0.000   0   51.68  147.8    1.7      --
 56  04/04/2020  0700    36.1   19.8     1.5     0.000   0   51.02  138.9    2.7      --
 57  04/04/2020  0800    37.2   19.8     1.8     0.000   0   48.86  134.8    3.6      --
 58  04/04/2020  0900    39.2   20.4     2.2     0.000   0   46.57  132.4    4.6      --
 59  04/04/2020  1000    41.8   20.3     2.5     0.000   0   41.83  130.9    5.6    7683
 60  04/04/2020  1100    44.7   20.2     2.5     0.000   0   37.14  121.7    5.2      --
 61  04/04/2020  1200    47.5   20.0     2.5     0.000   0   33.23  111.2    4.9      --
 62  04/04/2020  1300    49.9   19.9     2.5     0.000   0   30.26   99.8    4.8      --
 63  04/04/2020  1400    51.3   19.8     2.5     0.000   0   28.67   88.5    4.9      --
 64  04/04/2020  1500    52.2   19.8     2.5     0.000   0   27.68   78.0    5.2      --
 65  04/04/2020  1600    52.8   19.8     2.5     0.000   0   27.05   68.8    5.6  no_inv
 66  04/04/2020  1700    53.2   19.9     3.2     0.000   0   26.82   56.8    6.0      --
 67  04/04/2020  1800    52.8   20.3     4.0     0.000   0   27.61   46.8    6.7      --
 68  04/04/2020  1900    51.8   19.9     4.7     0.000   0   28.23   38.7    7.5      --
 69  04/04/2020  2000    50.8   20.5     5.4     0.000   0   29.99   32.3    8.4      --
 70  04/04/2020  2100    49.7   21.7     6.1     0.000   0   32.94   27.3    9.4      --
 71  04/04/2020  2200    48.6   23.5     6.8     0.000   0   36.97   23.2   10.5     327
 72  04/04/2020  2300    47.2   22.6     6.1     0.000   0   37.53   24.5    9.8      --
 73  04/05/2020  0000    46.2   21.8     5.5     0.000   0   37.63   26.0    9.0      --
 74  04/05/2020  0100    45.3   19.9     4.8     0.000   0   36.01   27.7    8.3      --
 75  04/05/2020  0200    44.6   19.9     4.1     0.000   0   37.04   29.8    7.5      --
 76  04/05/2020  0300    44.0   19.9     3.4     0.000   0   37.88   32.4    6.8      --
 77  04/05/2020  0400    43.5   19.9     2.8     0.000   0   38.52   35.5    6.1    1294
 78  04/05/2020  0500    43.3   19.9     2.5     0.000   0   38.93   36.5    5.6      --
 79  04/05/2020  0600    43.1   19.9     2.3     0.000   0   39.19   37.8    5.1      --
 80  04/05/2020  0700    43.2   19.9     2.1     0.000   0   39.07   39.3    4.6      --
 81  04/05/2020  0800    43.6   19.9     1.9     0.000   0   38.40   41.2    4.2      --
 82  04/05/2020  0900    44.5   25.3     1.7     0.000   0   46.65   43.5    3.7      --
 83  04/05/2020  1000    45.8   30.7     1.5     0.000   0   55.44   46.5    3.2  no_inv
 84  04/05/2020  1100    48.3   30.8     1.5     0.000   0   50.53   57.4    2.8      --
 85  04/05/2020  1200    53.1   30.8     1.5     0.000   0   42.28   71.8    2.5      --
 86  04/05/2020  1300    57.5   30.8     1.5     0.000   0   36.03   88.8    2.3      --
 87  04/05/2020  1400    59.6   30.8     1.5     0.000   0   33.39  106.1    2.5      --
 88  04/05/2020  1500    60.8   30.8     1.4     0.000   0   32.01  120.8    2.7      --
 89  04/05/2020  1600    61.2   30.8     1.4     0.000   0   31.54  132.1    3.2  no_inv
 90  04/05/2020  1700    60.4   30.8     3.5     0.000   0   32.49   48.3    1.4      --
 91  04/05/2020  1800    59.0   30.8     5.5     0.000   0   34.09  356.1    4.0      --
 92  04/05/2020  1900    56.3   32.4     7.6     0.000   0   40.20  347.3    7.2      --
 93  04/05/2020  2000    54.8   32.6     9.6     0.000   0   42.82  344.0   10.5      --
 94  04/05/2020  2100    52.4   32.0    11.7     0.000   0   45.46  342.2   13.8      --
 95  04/05/2020  2200    50.1   30.4    13.7     0.000   0   46.57  341.1   17.1  no_inv
 96  04/05/2020  2300    48.6   30.3    13.1     0.000   0   49.03  332.6   14.8      --
 97  04/06/2020  0000    47.6   30.2    12.6     0.000   0   50.71  321.3   12.9      --
 98  04/06/2020  0100    46.7   31.5    12.0     0.000   0   55.30  306.8   11.6      --
 99  04/06/2020  0200    45.8   31.6    11.4     0.000   0   57.44  290.1   11.3      --
100  04/06/2020  0300    45.0   31.8    10.9     0.000   0   59.50  273.9   11.9      --
101  04/06/2020  0400    44.4   32.0    10.3     0.000   0   61.43  260.1   13.3     711
102  04/06/2020  0500    43.9   32.0     9.1     0.000   0   62.84  260.7   12.2      --
103  04/06/2020  0600    43.6   31.9     7.8     0.000   0   63.29  261.4   11.1      --
104  04/06/2020  0700    43.9   31.4     6.6     0.000   0   61.12  262.2    9.9      --
105  04/06/2020  0800    45.1   29.7     5.4     0.000   0   54.60  263.2    8.8      --
106  04/06/2020  0900    47.2   29.6     4.2     0.000   0   50.15  264.5    7.7      --
107  04/06/2020  1000    50.0   29.4     3.0     0.000   0   44.78  266.3    6.6  no_inv
108  04/06/2020  1100    53.6   29.2     4.1     0.000   0   39.05  271.9    7.5      --
109  04/06/2020  1200    58.0   29.1     5.3     0.000   0   33.10  276.2    8.4      --
110  04/06/2020  1300    61.4   29.6     6.4     0.000   0   29.89  279.6    9.4      --
111  04/06/2020  1400    63.0   30.2     7.5     0.000   0   28.89  282.4   10.4      --
112  04/06/2020  1500    63.8   30.8     8.7     0.000   0   28.80  284.7   11.4      --
113  04/06/2020  1600    64.2   31.5     9.8     0.000   0   29.26  286.6   12.5    6176
114  04/06/2020  1700    63.9   31.4    10.2     0.000   0   29.37  294.2   12.5      --
115  04/06/2020  1800    61.5   30.5    10.6     0.000   0   30.87  301.7   12.7      --
116  04/06/2020  1900    56.7   30.5    11.0     0.000   0   36.68  308.8   13.1      --
117  04/06/2020  2000    54.0   29.9    11.4     0.000   0   39.45  315.4   13.7      --
118  04/06/2020  2100    51.7   29.1    11.8     0.000   0   41.73  321.4   14.4      --
119  04/06/2020  2200    49.3   27.4    12.2     0.000   0   42.34  326.8   15.4    4020
120  04/06/2020  2300    47.8   28.5    11.6     0.000   0   46.93  328.6   14.7      --
121  04/07/2020  0000    47.1   28.4    11.0     0.000   0   47.82  330.6   14.0      --
122  04/07/2020  0100    46.5   28.3    10.4     0.000   0   48.88  332.7   13.4      --
123  04/07/2020  0200    45.8   28.2     9.8     0.000   0   49.95  335.1   12.7      --
124  04/07/2020  0300    45.2   28.1     9.2     0.000   0   50.90  337.8   12.1      --
125  04/07/2020  0400    44.5   28.0     8.6     0.000   0   51.96  340.7   11.6     343
126  04/07/2020  0500    44.0   28.5     7.4     0.000   0   54.05  337.7    9.9      --
127  04/07/2020  0600    43.7   29.3     6.3     0.000   0   56.63  333.6    8.4      --
128  04/07/2020  0700    44.0   29.8     5.1     0.000   0   57.01  327.7    6.8      --
129  04/07/2020  0800    45.1   26.3     3.9     0.000   0   47.43  318.5    5.4      --
130  04/07/2020  0900    47.1   26.3     2.8     0.000   0   44.00  303.7    4.3      --
131  04/07/2020  1000    49.9   26.3     1.6     0.000   0   39.64  280.7    3.6    7430
132  04/07/2020  1100    53.4   26.3     3.5     0.000   0   34.88  302.5    5.2      --
133  04/07/2020  1200    58.6   26.2     5.3     0.000   0   28.74  313.2    7.1      --
134  04/07/2020  1300    63.2   26.9     7.1     0.000   0   25.13  319.2    9.2      --
135  04/07/2020  1400    65.8   27.6     9.0     0.000   0   23.57  322.9   11.4      --
136  04/07/2020  1500    67.1   27.9    10.8     0.000   0   22.85  325.4   13.6      --
137  04/07/2020  1600    67.9   27.7    12.6     0.000   0   22.07  327.3   15.8  no_inv
138  04/07/2020  1700    68.1   27.5    13.1     0.000   0   21.72  329.0   16.3      --
139  04/07/2020  1800    65.6   27.0    13.5     0.000   0   23.20  330.6   16.8      --
140  04/07/2020  1900    60.5   26.6    13.9     0.000   0   27.24  332.1   17.4      --
141  04/07/2020  2000    57.7   26.2    14.4     0.000   0   29.61  333.5   18.0      --
142  04/07/2020  2100    55.4   25.8    14.8     0.000   0   31.74  334.8   18.5      --
143  04/07/2020  2200    53.0   25.6    15.3     0.000   0   34.31  336.0   19.1    1100
144  04/07/2020  2300    51.1   25.4    13.0     0.000   0   36.58  337.3   16.4      --
145  04/08/2020  0000    50.3   26.6    10.7     0.000   0   39.51  339.0   13.7      --
146  04/08/2020  0100    49.6   26.7     8.5     0.000   0   40.81  341.6   11.1      --
147  04/08/2020  0200    48.8   27.3     6.2     0.000   0   42.96  345.8    8.5      --
148  04/08/2020  0300    48.2   27.5     3.9     0.000   0   44.37  353.6    5.9      --
149  04/08/2020  0400    47.6   27.6     1.7     0.000   0   45.63   11.8    3.7     268
150  04/08/2020  0500    47.0   27.8     1.5     0.000   0   46.91   10.1    2.7      --
151  04/08/2020  0600    46.7   27.8     1.4     0.000   0   47.49    6.7    1.8      --
152  04/08/2020  0700    47.0   27.8     1.3     0.000   0   46.94  355.9    0.9      --
153  04/08/2020  0800    48.0   29.4     1.2     0.000   0   48.14  262.5    0.3      --
154  04/08/2020  0900    49.8   29.4     1.1     0.000   0   45.06  212.3    1.1      --
155  04/08/2020  1000    52.3   29.4     0.9     0.000   0   41.09  205.1    2.1    5755
156  04/08/2020  1100    55.4   29.4     0.9     0.000   0   36.68  212.2    2.0      --
157  04/08/2020  1200    60.3   29.4     0.9     0.000   0   30.75  219.8    1.9      --
158  04/08/2020  1300    64.6   29.4     0.9     0.000   0   26.46  227.6    1.9      --
159  04/08/2020  1400    67.0   29.4     0.9     0.000   0   24.35  235.3    2.0      --
160  04/08/2020  1500    68.2   29.4     0.9     0.000   0   23.35  242.7    2.0      --
161  04/08/2020  1600    68.8   29.4     0.9     0.000   0   22.84  249.6    2.1    7435
162  04/08/2020  1700    69.0   29.4     3.3     0.000   0   22.70  318.8    3.3      --
163  04/08/2020  1800    67.5   29.4     5.7     0.000   0   23.93  337.3    6.2      --
164  04/08/2020  1900    64.3   31.4     8.0     0.000   0   28.96  343.8    9.3      --
165  04/08/2020  2000    62.6   31.2    10.4     0.000   0   30.61  347.0   12.5      --
166  04/08/2020  2100    60.3   29.4    12.8     0.000   0   30.82  348.9   15.7      --
167  04/08/2020  2200    57.9   29.4    15.1     0.000   0   33.50  350.2   18.9     338
