  Generated by FoxLW on Thursday April 2, 2020 at 02:32 PDT
-------------------------------------------------------------------------------
  Vantage
  46.8200:-119.9400  (46 49' 12.00"N  119 56' 24.00"W)  elev 515.1 feet    file: 300212
-------------------------------------------------------------------------------

Line#   Date     Hour   TempF  DewPtF WS(mph)  Rain(in) LW    RH%  WDir_50m WS_50m Inv(ft)
  5  04/02/2020  0400    27.8   19.6     6.1     0.000   0   71.11  335.1   10.4    1199
  6  04/02/2020  0500    27.1   19.7     5.2     0.000   0   73.20  336.3    8.5      --
  7  04/02/2020  0600    26.6   19.8     4.3     0.000   0   75.25  338.3    6.5      --
  8  04/02/2020  0700    27.2   20.8     3.4     0.000   0   76.55  342.0    4.6      --
  9  04/02/2020  0800    29.2   20.8     2.5     0.000   0   70.44  350.7    2.8      --
 10  04/02/2020  0900    32.7   20.8     1.6     0.000   0   61.08   26.1    1.2      --
 11  04/02/2020  1000    37.3   20.8     0.7     0.000   0   50.83  111.2    1.6  no_inv
 12  04/02/2020  1100    41.9   20.8     1.7     0.000   0   42.57  212.1    0.9      --
 13  04/02/2020  1200    45.6   20.8     2.8     0.000   0   36.93  248.7    2.7      --
 14  04/02/2020  1300    48.5   20.8     3.8     0.000   0   33.14  255.5    4.6      --
 15  04/02/2020  1400    50.1   20.8     4.8     0.000   0   31.21  258.2    6.6      --
 16  04/02/2020  1500    51.2   20.8     5.8     0.000   0   29.91  259.7    8.6      --
 17  04/02/2020  1600    51.9   20.8     6.8     0.000   0   29.17  260.6   10.6  no_inv
 18  04/02/2020  1700    52.0   20.8     9.0     0.000   0   28.98  273.2   12.6      --
 19  04/02/2020  1800    50.5   20.7    11.2     0.000   0   30.59  282.2   14.9      --
 20  04/02/2020  1900    47.3   20.6    13.4     0.000   0   34.24  288.6   17.5      --
 21  04/02/2020  2000    45.6   20.4    15.6     0.000   0   36.32  293.3   20.3      --
 22  04/02/2020  2100    43.3   20.2    17.8     0.000   0   39.41  296.9   23.1      --
 23  04/02/2020  2200    40.9   20.0    20.0     0.000   0   42.77  299.6   26.1    1781
 24  04/02/2020  2300    39.1   19.9    20.4     0.000   0   45.60  298.8   26.5      --
 25  04/03/2020  0000    37.8   19.7    20.8     0.000   0   47.64  298.0   26.8      --
 26  04/03/2020  0100    36.5   19.5    21.2     0.000   0   49.65  297.1   27.2      --
 27  04/03/2020  0200    35.5   19.4    21.5     0.000   0   51.57  296.4   27.5      --
 28  04/03/2020  0300    34.5   19.3    21.9     0.000   0   53.36  295.6   27.9      --
 29  04/03/2020  0400    33.8   19.3    22.3     0.000   0   54.95  294.9   28.3    1078
 30  04/03/2020  0500    33.2   19.3    21.1     0.000   0   56.26  294.3   26.7      --
 31  04/03/2020  0600    32.8   19.3    19.8     0.000   0   57.07  293.6   25.1      --
 32  04/03/2020  0700    33.5   19.4    18.6     0.000   0   55.66  292.9   23.5      --
 33  04/03/2020  0800    35.5   19.4    17.4     0.000   0   51.59  292.0   21.9      --
 34  04/03/2020  0900    38.6   19.5    16.1     0.000   0   45.67  291.0   20.3      --
 35  04/03/2020  1000    42.4   19.5    14.9     0.000   0   39.55  289.8   18.7  no_inv
 36  04/03/2020  1100    45.8   19.6    15.4     0.000   0   34.76  292.2   19.2      --
 37  04/03/2020  1200    47.4   19.6    15.8     0.000   0   32.76  294.4   19.7      --
 38  04/03/2020  1300    48.7   19.7    16.3     0.000   0   31.30  296.5   20.2      --
 39  04/03/2020  1400    49.4   19.7    16.7     0.000   0   30.52  298.5   20.8      --
 40  04/03/2020  1500    49.8   19.7    17.2     0.000   0   30.08  300.4   21.4      --
 41  04/03/2020  1600    50.1   19.7    17.6     0.000   0   29.77  302.2   22.0  no_inv
 42  04/03/2020  1700    50.3   19.8    17.9     0.000   0   29.64  305.5   22.2      --
 43  04/03/2020  1800    48.7   19.8    18.1     0.000   0   31.46  308.8   22.4      --
 44  04/03/2020  1900    45.6   19.9    18.4     0.000   0   35.52  312.0   22.7      --
 45  04/03/2020  2000    43.9   20.0    18.6     0.000   0   38.13  315.1   23.1      --
 46  04/03/2020  2100    41.6   20.2    18.9     0.000   0   42.00  318.1   23.5      --
 47  04/03/2020  2200    39.2   20.4    19.1     0.000   0   46.33  321.0   24.0    8745
 48  04/03/2020  2300    36.3   20.5    16.3     0.000   0   52.29  322.0   20.8      --
 49  04/04/2020  0000    34.5   20.7    13.5     0.000   0   56.61  323.4   17.6      --
 50  04/04/2020  0100    32.8   22.1    10.7     0.000   0   64.46  325.3   14.4      --
 51  04/04/2020  0200    31.2   22.5     7.9     0.000   0   69.75  328.3   11.2      --
 52  04/04/2020  0300    29.8   22.1     5.1     0.000   0   72.87  333.8    8.1      --
 53  04/04/2020  0400    28.5   21.6     2.3     0.000   0   75.00  345.6    5.1    1596
 54  04/04/2020  0500    27.6   21.3     2.2     0.000   5   76.98  352.6    4.6      --
 55  04/04/2020  0600    27.0   20.9     2.1     0.000  10   77.38    1.1    4.2      --
 56  04/04/2020  0700    27.7   20.9     2.0     0.000   5   75.26   11.4    3.9      --
 57  04/04/2020  0800    29.8   20.9     1.9     0.000   0   68.99   23.1    3.7      --
 58  04/04/2020  0900    33.4   19.0     1.8     0.000   0   54.94   35.5    3.7      --
 59  04/04/2020  1000    38.2   18.3     1.7     0.000   0   44.14   47.4    3.8    6900
 60  04/04/2020  1100    43.3   17.6     2.0     0.000   0   35.05   46.7    4.4      --
 61  04/04/2020  1200    48.0   16.9     2.2     0.000   0   28.51   46.2    5.0      --
 62  04/04/2020  1300    51.7   16.4     2.5     0.000   0   24.32   45.8    5.6      --
 63  04/04/2020  1400    53.6   15.9     2.8     0.000   0   22.24   45.4    6.2      --
 64  04/04/2020  1500    54.5   15.6     3.0     0.000   0   21.23   45.1    6.8      --
 65  04/04/2020  1600    55.0   15.6     3.3     0.000   0   20.78   44.9    7.4  no_inv
 66  04/04/2020  1700    55.1   15.7     4.8     0.000   0   20.88   28.6    7.9      --
 67  04/04/2020  1800    53.9   16.3     6.4     0.000   0   22.28   15.4    9.0      --
 68  04/04/2020  1900    51.6   19.1     8.0     0.000   0   27.46    5.5   10.5      --
 69  04/04/2020  2000    50.3   20.2     9.6     0.000   0   30.20  358.2   12.2      --
 70  04/04/2020  2100    48.0   21.1    11.2     0.000   0   34.25  352.8   14.1      --
 71  04/04/2020  2200    45.6   20.9    12.7     0.000   0   37.04  348.6   16.0  no_inv
 72  04/04/2020  2300    43.9   22.3    13.3     0.000   0   41.91  350.3   17.0      --
 73  04/05/2020  0000    43.0   23.6    13.9     0.000   0   45.84  351.9   18.0      --
 74  04/05/2020  0100    42.2   24.7    14.4     0.000   0   49.53  353.3   19.0      --
 75  04/05/2020  0200    41.5   25.5    14.9     0.000   0   52.68  354.5   20.0      --
 76  04/05/2020  0300    41.0   26.1    15.5     0.000   0   55.01  355.6   21.0      --
 77  04/05/2020  0400    40.6   26.2    16.0     0.000   0   56.32  356.7   22.0    2738
 78  04/05/2020  0500    40.3   26.3    14.8     0.000   0   56.98  359.1   20.1      --
 79  04/05/2020  0600    40.1   26.4    13.5     0.000   0   57.63    2.1   18.2      --
 80  04/05/2020  0700    40.2   26.5    12.3     0.000   0   57.80    5.7   16.4      --
 81  04/05/2020  0800    40.7   26.7    11.0     0.000   0   57.14   10.2   14.6      --
 82  04/05/2020  0900    41.6   26.9     9.8     0.000   0   55.57   16.0   13.0      --
 83  04/05/2020  1000    43.1   27.2     8.5     0.000   0   53.10   23.2   11.5    4359
 84  04/05/2020  1100    45.8   27.4     7.3     0.000   0   48.36   23.8   10.1      --
 85  04/05/2020  1200    51.1   28.1     6.2     0.000   0   40.78   24.6    8.7      --
 86  04/05/2020  1300    56.1   28.1     5.0     0.000   0   33.98   25.7    7.3      --
 87  04/05/2020  1400    58.6   28.1     3.8     0.000   0   31.04   27.4    6.0      --
 88  04/05/2020  1500    60.1   28.1     2.6     0.000   0   29.39   29.9    4.6      --
 89  04/05/2020  1600    60.7   28.1     1.4     0.000   0   28.76   34.7    3.2  no_inv
 90  04/05/2020  1700    60.1   28.1     3.1     0.000   0   29.41    4.9    4.3      --
 91  04/05/2020  1800    58.8   28.2     4.8     0.000   0   30.95  349.7    6.1      --
 92  04/05/2020  1900    56.0   29.2     6.4     0.000   0   35.56  341.6    8.1      --
 93  04/05/2020  2000    54.5   30.5     8.1     0.000   0   39.60  336.7   10.2      --
 94  04/05/2020  2100    52.2   30.6     9.8     0.000   0   43.47  333.5   12.3      --
 95  04/05/2020  2200    49.9   30.4    11.5     0.000   0   46.84  331.2   14.5  no_inv
 96  04/05/2020  2300    48.3   29.0    12.6     0.000   0   47.12  336.3   15.9      --
 97  04/06/2020  0000    47.2   29.2    13.8     0.000   0   49.42  340.5   17.5      --
 98  04/06/2020  0100    46.2   29.4    15.0     0.000   0   51.64  344.0   19.1      --
 99  04/06/2020  0200    45.3   29.5    16.2     0.000   0   53.68  346.9   20.8      --
100  04/06/2020  0300    44.5   29.6    17.4     0.000   0   55.47  349.4   22.6      --
101  04/06/2020  0400    43.9   29.6    18.6     0.000   0   56.90  351.5   24.3  no_inv
102  04/06/2020  0500    43.4   29.5    15.9     0.000   0   57.69  351.2   21.2      --
103  04/06/2020  0600    43.1   29.1    13.2     0.000   0   57.46  350.9   18.1      --
104  04/06/2020  0700    43.4   29.8    10.6     0.000   0   58.49  350.4   15.0      --
105  04/06/2020  0800    44.3   27.7     7.9     0.000   0   51.85  349.7   11.9      --
106  04/06/2020  0900    45.9   26.8     5.2     0.000   0   46.93  348.5    8.8      --
107  04/06/2020  1000    48.2   25.8     2.5     0.000   0   41.32  345.9    5.7  no_inv
108  04/06/2020  1100    51.1   24.8     5.8     0.000   0   35.66  324.1    8.7      --
109  04/06/2020  1200    55.5   23.9     9.2     0.000   0   29.21  314.3   12.4      --
110  04/06/2020  1300    59.2   23.5    12.5     0.000   0   25.06  309.0   16.2      --
111  04/06/2020  1400    61.3   22.6    15.8     0.000   0   22.41  305.8   20.1      --
112  04/06/2020  1500    62.3   22.1    19.1     0.000   0   21.23  303.6   24.1      --
113  04/06/2020  1600    62.8   22.0    22.4     0.000   0   20.74  302.1   28.0   10874
114  04/06/2020  1700    62.9   22.1    22.8     0.000   0   20.75  300.7   30.7      --
115  04/06/2020  1800    60.1   22.4    23.2     0.000   0   23.13  299.6   33.3      --
116  04/06/2020  1900    54.5   22.8    23.5     0.000   0   28.82  298.6   36.0      --
117  04/06/2020  2000    51.4   23.3    23.9     0.000   0   33.04  297.8   38.7      --
118  04/06/2020  2100    49.1   23.9    24.3     0.000   0   37.00  297.0   41.4      --
119  04/06/2020  2200    46.7   24.6    24.6     0.000   0   41.55  296.4   44.0    1612
120  04/06/2020  2300    45.1   25.3    22.9     0.000   0   45.45  297.2   40.8      --
121  04/07/2020  0000    44.7   25.9    21.2     0.000   0   47.34  298.2   37.5      --
122  04/07/2020  0100    44.2   26.5    19.5     0.000   0   49.29  299.3   34.2      --
123  04/07/2020  0200    43.7   26.9    17.7     0.000   0   51.15  300.6   30.9      --
124  04/07/2020  0300    43.2   27.1    16.0     0.000   0   52.80  302.3   27.7      --
125  04/07/2020  0400    42.6   27.2    14.3     0.000   0   54.11  304.5   24.5     933
126  04/07/2020  0500    42.1   27.2    12.1     0.000   0   55.30  305.5   20.5      --
127  04/07/2020  0600    41.8   28.8     9.9     0.000   0   59.81  307.0   16.6      --
128  04/07/2020  0700    42.4   29.0     7.7     0.000   0   58.72  309.3   12.7      --
129  04/07/2020  0800    44.1   27.7     5.4     0.000   0   52.31  313.8    8.8      --
130  04/07/2020  0900    46.9   29.3     3.2     0.000   0   50.13  325.1    5.1      --
131  04/07/2020  1000    50.5   29.3     1.0     0.000   0   43.80   13.2    2.3    6416
132  04/07/2020  1100    54.3   29.3     2.4     0.000   0   38.13  338.3    4.0      --
133  04/07/2020  1200    57.0   29.3     3.8     0.000   0   34.56  326.2    6.3      --
134  04/07/2020  1300    59.2   29.7     5.2     0.000   0   32.43  320.6    8.7      --
135  04/07/2020  1400    60.5   30.1     6.7     0.000   0   31.43  317.5   11.1      --
136  04/07/2020  1500    61.4   30.5     8.1     0.000   0   31.03  315.5   13.6      --
137  04/07/2020  1600    61.9   30.9     9.5     0.000   0   30.92  314.1   16.1    8194
138  04/07/2020  1700    62.3   30.9     9.8     0.000   0   30.53  313.0   15.8      --
139  04/07/2020  1800    60.3   30.4    10.2     0.000   0   32.05  311.9   15.5      --
140  04/07/2020  1900    56.3   30.5    10.5     0.000   0   37.29  310.7   15.3      --
141  04/07/2020  2000    54.1   29.9    10.9     0.000   0   39.44  309.5   15.0      --
142  04/07/2020  2100    51.7   29.0    11.2     0.000   0   41.43  308.3   14.8      --
143  04/07/2020  2200    49.4   28.3    11.6     0.000   0   43.79  307.0   14.5    1056
144  04/07/2020  2300    47.5   26.2    12.4     0.000   0   43.01  299.0   15.0      --
145  04/08/2020  0000    46.9   25.5    13.2     0.000   0   42.98  291.5   15.8      --
146  04/08/2020  0100    46.2   25.0    14.0     0.000   0   43.17  284.9   16.8      --
147  04/08/2020  0200    45.5   24.6    14.9     0.000   0   43.58  279.0   18.0      --
148  04/08/2020  0300    44.8   24.4    15.7     0.000   0   44.22  273.9   19.3      --
149  04/08/2020  0400    44.2   24.3    16.5     0.000   0   45.09  269.5   20.8    1656
150  04/08/2020  0500    43.7   24.4    14.2     0.000   0   46.16  272.9   17.0      --
151  04/08/2020  0600    43.3   25.8    11.9     0.000   0   49.56  278.2   13.3      --
152  04/08/2020  0700    43.8   26.5     9.7     0.000   0   50.16  287.5    9.7      --
153  04/08/2020  0800    45.1   25.4     7.4     0.000   0   45.64  306.1    6.8      --
154  04/08/2020  0900    47.5   28.8     5.1     0.000   0   47.97  342.1    5.3      --
155  04/08/2020  1000    50.7   28.8     2.8     0.000   0   42.55   20.2    6.4    3443
156  04/08/2020  1100    54.6   28.8     3.0     0.000   0   36.87   25.7    4.1      --
157  04/08/2020  1200    60.0   28.8     3.1     0.000   0   30.38   44.9    1.9      --
158  04/08/2020  1300    64.5   28.8     3.2     0.000   0   25.87  139.9    1.4      --
159  04/08/2020  1400    67.1   28.8     3.4     0.000   0   23.66  172.9    3.4      --
160  04/08/2020  1500    68.4   28.8     3.5     0.000   0   22.61  180.3    5.8      --
161  04/08/2020  1600    69.2   28.8     3.6     0.000   0   22.04  183.4    8.1    6553
162  04/08/2020  1700    69.4   28.8     5.7     0.000   0   21.86  215.5    6.2      --
163  04/08/2020  1800    67.7   28.8     7.8     0.000   0   23.15  253.1    7.1      --
164  04/08/2020  1900    64.3   30.8    10.0     0.000   0   28.28  275.6   10.0      --
165  04/08/2020  2000    62.4   28.8    12.1     0.000   0   27.85  287.0   13.7      --
166  04/08/2020  2100    60.1   28.8    14.2     0.000   0   30.25  293.4   17.7      --
167  04/08/2020  2200    57.7   28.8    16.3     0.000   0   32.89  297.4   21.9     922
