  Generated by FoxLW on Thursday April 2, 2020 at 02:32 PDT
-------------------------------------------------------------------------------
  Maryhill
  45.6700:-120.8700  (45 40' 12.00"N  120 52' 12.00"W)  elev 383.9 feet    file: 310025
-------------------------------------------------------------------------------

Line#   Date     Hour   TempF  DewPtF WS(mph)  Rain(in) LW    RH%  WDir_50m WS_50m Inv(ft)
  5  04/02/2020  0400    33.0   31.0     3.7     0.000   0   92.27  289.5   17.0     561
  6  04/02/2020  0500    32.4   30.9     3.5     0.000   0   94.00  285.4   15.6      --
  7  04/02/2020  0600    32.0   30.5     3.4     0.000   5   94.48  280.6   14.3      --
  8  04/02/2020  0700    32.3   30.0     3.3     0.000   5   91.09  274.8   13.1      --
  9  04/02/2020  0800    33.8   29.4     3.2     0.000   0   83.69  268.0   12.1      --
 10  04/02/2020  0900    36.3   26.6     3.1     0.000   0   67.47  260.0   11.3      --
 11  04/02/2020  1000    39.8   25.8     3.0     0.000   0   56.85  251.1   10.8  no_inv
 12  04/02/2020  1100    43.8   24.9     4.5     0.000   0   46.99  256.1   11.6      --
 13  04/02/2020  1200    48.2   24.1     6.0     0.000   0   38.47  260.4   12.6      --
 14  04/02/2020  1300    51.7   24.1     7.5     0.000   0   33.85  264.1   13.6      --
 15  04/02/2020  1400    53.5   24.6     9.0     0.000   0   32.29  267.2   14.7      --
 16  04/02/2020  1500    54.4   25.1    10.4     0.000   0   31.98  269.9   15.8      --
 17  04/02/2020  1600    54.8   25.0    11.9     0.000   0   31.39  272.3   16.9  no_inv
 18  04/02/2020  1700    54.8   25.5    11.0     0.000   0   32.04  273.8   17.0      --
 19  04/02/2020  1800    50.8   25.3    10.1     0.000   0   36.69  275.4   17.1      --
 20  04/02/2020  1900    42.8   25.5     9.1     0.000   0   50.11  276.9   17.2      --
 21  04/02/2020  2000    38.3   25.3     8.2     0.000   0   58.94  278.4   17.3      --
 22  04/02/2020  2100    36.0   25.1     7.2     0.000   0   64.32  279.9   17.5      --
 23  04/02/2020  2200    33.7   25.2     6.3     0.000   0   70.88  281.3   17.6    1373
 24  04/02/2020  2300    31.6   25.3     6.3     0.000   0   77.42  280.0   18.1      --
 25  04/03/2020  0000    31.0   25.4     6.4     0.000   0   79.58  278.6   18.5      --
 26  04/03/2020  0100    30.3   25.5     6.4     0.000   0   82.19  277.4   19.0      --
 27  04/03/2020  0200    29.5   25.6     6.4     0.000   0   85.08  276.2   19.5      --
 28  04/03/2020  0300    28.7   25.6     6.4     0.000   5   88.10  275.1   20.0      --
 29  04/03/2020  0400    27.9   25.7     6.5     0.000  10   91.14  274.1   20.5    1322
 30  04/03/2020  0500    27.1   26.1     7.8     0.000  10   96.01  273.2   21.0      --
 31  04/03/2020  0600    26.5   26.2     9.1     0.000  10   98.68  272.3   21.4      --
 32  04/03/2020  0700    27.4   26.1    10.4     0.000  10   94.86  271.5   21.9      --
 33  04/03/2020  0800    30.0   25.7    11.7     0.000   5   83.78  270.7   22.3      --
 34  04/03/2020  0900    34.3   24.3    13.0     0.000   0   66.32  270.0   22.8      --
 35  04/03/2020  1000    39.7   24.3    14.4     0.000   0   53.61  269.3   23.3  no_inv
 36  04/03/2020  1100    45.0   24.3    14.5     0.000   0   43.68  270.7   23.5      --
 37  04/03/2020  1200    48.7   24.3    14.7     0.000   0   38.06  272.1   23.9      --
 38  04/03/2020  1300    51.3   24.4    14.9     0.000   0   34.70  273.5   24.2      --
 39  04/03/2020  1400    52.6   24.5    15.1     0.000   0   33.20  274.8   24.5      --
 40  04/03/2020  1500    53.2   24.5    15.3     0.000   0   32.54  276.1   24.8      --
 41  04/03/2020  1600    53.4   24.5    15.5     0.000   0   32.27  277.3   25.2  no_inv
 42  04/03/2020  1700    53.4   25.2    13.7     0.000   0   33.29  278.4   24.0      --
 43  04/03/2020  1800    49.0   25.4    11.9     0.000   0   39.46  279.7   22.8      --
 44  04/03/2020  1900    39.9   25.8    10.1     0.000   0   56.75  281.1   21.7      --
 45  04/03/2020  2000    35.0   26.0     8.3     0.000   0   69.56  282.6   20.5      --
 46  04/03/2020  2100    32.6   25.6     6.5     0.000   0   75.15  284.3   19.4      --
 47  04/03/2020  2200    30.3   25.6     4.7     0.000   5   82.44  286.3   18.3    1223
 48  04/03/2020  2300    28.2   25.6     4.1     0.000  10   89.91  286.2   15.7      --
 49  04/04/2020  0000    27.9   25.8     3.5     0.000  10   91.45  286.1   13.1      --
 50  04/04/2020  0100    27.5   25.8     3.0     0.000  10   93.07  285.9   10.6      --
 51  04/04/2020  0200    26.9   25.8     2.4     0.000  10   95.19  285.6    8.0      --
 52  04/04/2020  0300    26.3   25.4     1.8     0.000  10   96.33  285.0    5.5      --
 53  04/04/2020  0400    25.6   24.7     1.3     0.000  10   96.32  283.5    2.9    1153
 54  04/04/2020  0500    25.0   24.0     2.5     0.000  10   96.31  324.2    0.7      --
 55  04/04/2020  0600    24.4   23.5     3.8     0.000  10   96.30   78.8    2.1      --
 56  04/04/2020  0700    25.5   24.6     5.1     0.000  10   96.35   86.5    4.5      --
 57  04/04/2020  0800    28.9   25.7     6.3     0.000   5   87.61   88.9    6.9      --
 58  04/04/2020  0900    34.4   24.3     7.6     0.000   0   66.25   90.0    9.4      --
 59  04/04/2020  1000    40.9   25.0     8.8     0.000   0   52.85   90.7   11.8    7982
 60  04/04/2020  1100    46.1   25.8     7.7     0.000   0   44.54   92.1   10.6      --
 61  04/04/2020  1200    49.1   26.4     6.6     0.000   0   41.04   94.0    9.4      --
 62  04/04/2020  1300    51.3   27.0     5.5     0.000   0   38.66   96.3    8.2      --
 63  04/04/2020  1400    52.4   27.4     4.3     0.000   0   37.76   99.5    7.1      --
 64  04/04/2020  1500    53.2   27.8     3.2     0.000   0   37.24  103.9    5.9      --
 65  04/04/2020  1600    53.7   27.8     2.1     0.000   0   36.57  110.3    4.9  no_inv
 66  04/04/2020  1700    54.0   27.8     2.2     0.000   0   36.31  102.9    3.3      --
 67  04/04/2020  1800    53.3   27.9     2.2     0.000   0   37.33   82.9    1.9      --
 68  04/04/2020  1900    52.0   27.5     2.2     0.000   0   38.47   21.6    1.3      --
 69  04/04/2020  2000    51.2   27.5     2.3     0.000   0   39.54  337.3    2.3      --
 70  04/04/2020  2100    48.9   27.5     2.3     0.000   0   43.13  323.9    3.8      --
 71  04/04/2020  2200    46.5   27.5     2.4     0.000   0   47.09  318.2    5.4     880
 72  04/04/2020  2300    45.0   27.5     2.1     0.000   0   49.90  318.7    4.8      --
 73  04/05/2020  0000    44.1   27.5     1.8     0.000   0   51.74  319.3    4.1      --
 74  04/05/2020  0100    43.3   27.5     1.5     0.000   0   53.31  320.2    3.5      --
 75  04/05/2020  0200    42.7   27.5     1.2     0.000   0   54.60  321.4    2.8      --
 76  04/05/2020  0300    42.2   27.5     1.0     0.000   0   55.58  323.4    2.2      --
 77  04/05/2020  0400    41.9   27.5     0.7     0.000   0   56.23  326.9    1.6     819
 78  04/05/2020  0500    41.8   27.5     2.0     0.000   0   56.54   49.4    1.6      --
 79  04/05/2020  0600    41.7   27.5     3.4     0.000   0   56.74   76.3    3.4      --
 80  04/05/2020  0700    41.9   27.5     4.7     0.000   0   56.18   84.1    5.4      --
 81  04/05/2020  0800    42.9   29.6     6.1     0.000   0   59.08   87.7    7.5      --
 82  04/05/2020  0900    44.5   32.1     7.4     0.000   0   61.37   89.7    9.6      --
 83  04/05/2020  1000    46.9   32.9     8.8     0.000   0   58.16   90.9   11.6  no_inv
 84  04/05/2020  1100    49.9   33.8     8.1     0.000   0   53.74   86.2    8.3      --
 85  04/05/2020  1200    53.2   34.6     7.4     0.000   0   49.14   75.0    5.0      --
 86  04/05/2020  1300    55.8   36.3     6.8     0.000   0   47.88   36.0    2.5      --
 87  04/05/2020  1400    57.3   36.4     6.1     0.000   0   45.40  326.0    3.4      --
 88  04/05/2020  1500    58.3   36.5     5.4     0.000   0   43.93  304.0    6.3      --
 89  04/05/2020  1600    58.9   36.5     4.7     0.000   0   43.11  296.5    9.7  no_inv
 90  04/05/2020  1700    58.7   36.5     4.6     0.000   0   43.46  306.8    8.5      --
 91  04/05/2020  1800    57.2   36.5     4.5     0.000   0   45.66  319.5    7.8      --
 92  04/05/2020  1900    54.3   36.2     4.4     0.000   0   50.24  334.2    7.5      --
 93  04/05/2020  2000    52.7   36.2     4.3     0.000   0   53.31  349.1    7.7      --
 94  04/05/2020  2100    50.3   38.6     4.2     0.000   0   63.98    2.3    8.4      --
 95  04/05/2020  2200    48.0   44.0     4.1     0.030   0   85.98   13.1    9.4      96
 96  04/05/2020  2300    45.9   42.4     4.9     0.000   0   87.69  355.0    8.5      --
 97  04/06/2020  0000    45.0   41.7     5.6     0.000   0   88.24  334.9    8.6      --
 98  04/06/2020  0100    44.1   41.0     6.4     0.000   0   88.62  317.3    9.6      --
 99  04/06/2020  0200    43.3   40.2     7.1     0.000   0   88.84  304.0   11.3      --
100  04/06/2020  0300    42.5   39.5     7.8     0.000   0   88.92  294.6   13.5      --
101  04/06/2020  0400    41.8   38.9     8.6     0.000   0   89.21  288.0   15.9    1046
102  04/06/2020  0500    40.8   36.6     7.5     0.000   0   84.82  285.5   13.6      --
103  04/06/2020  0600    40.7   36.7     6.3     0.000   0   85.64  282.1   11.3      --
104  04/06/2020  0700    40.9   36.6     5.2     0.000   0   84.45  276.9    9.1      --
105  04/06/2020  0800    41.9   37.2     4.0     0.000   0   83.37  268.5    7.0      --
106  04/06/2020  0900    42.7   35.7     2.9     0.000   0   76.10  253.6    5.2      --
107  04/06/2020  1000    47.4   32.8     1.7     0.000   0   56.73  226.9    4.0  no_inv
108  04/06/2020  1100    50.9   32.8     4.4     0.000   0   49.68  254.4    7.2      --
109  04/06/2020  1200    55.6   32.8     7.1     0.000   0   41.89  263.9   11.1      --
110  04/06/2020  1300    59.3   33.4     9.8     0.000   0   37.58  268.5   15.1      --
111  04/06/2020  1400    61.2   33.5    12.5     0.000   0   35.23  271.2   19.1      --
112  04/06/2020  1500    62.2   33.0    15.2     0.000   0   33.35  272.9   23.2      --
113  04/06/2020  1600    62.6   32.8    17.9     0.000   0   32.50  274.1   27.3  no_inv
114  04/06/2020  1700    62.7   32.7    17.1     0.000   0   32.38  273.9   26.8      --
115  04/06/2020  1800    58.9   32.4    16.3     0.000   0   36.54  273.7   26.2      --
116  04/06/2020  1900    51.3   32.1    15.4     0.000   0   47.64  273.5   25.7      --
117  04/06/2020  2000    47.1   31.6    14.6     0.000   0   54.59  273.3   25.2      --
118  04/06/2020  2100    44.8   30.7    13.8     0.000   0   57.55  273.0   24.7      --
119  04/06/2020  2200    42.5   30.0    13.0     0.000   0   61.17  272.8   24.2    1242
120  04/06/2020  2300    40.6   29.3    14.0     0.000   0   63.94  273.4   24.6      --
121  04/07/2020  0000    40.0   28.7    15.1     0.000   0   63.52  274.0   25.0      --
122  04/07/2020  0100    39.4   28.1    16.1     0.000   0   63.64  274.5   25.4      --
123  04/07/2020  0200    38.7   27.7    17.2     0.000   0   64.27  275.0   25.8      --
124  04/07/2020  0300    38.0   27.4    18.2     0.000   0   65.43  275.5   26.2      --
125  04/07/2020  0400    37.2   27.3    19.3     0.000   0   67.12  276.0   26.7    1305
126  04/07/2020  0500    36.5   27.5    18.2     0.000   0   69.53  276.1   25.0      --
127  04/07/2020  0600    36.0   28.0    17.2     0.000   0   72.25  276.2   23.2      --
128  04/07/2020  0700    36.8   28.7    16.2     0.000   0   72.21  276.2   21.5      --
129  04/07/2020  0800    39.1   29.7    15.1     0.000   0   68.72  276.3   19.8      --
130  04/07/2020  0900    42.9   30.8    14.1     0.000   0   62.17  276.4   18.0      --
131  04/07/2020  1000    47.8   32.0    13.1     0.000   0   54.24  276.5   16.3    3498
132  04/07/2020  1100    53.0   33.3    13.3     0.000   0   46.91  276.0   16.6      --
133  04/07/2020  1200    57.7   34.4    13.6     0.000   0   41.44  275.4   17.0      --
134  04/07/2020  1300    61.2   35.5    13.8     0.000   0   38.24  274.9   17.3      --
135  04/07/2020  1400    63.0   36.3    14.1     0.000   0   36.92  274.4   17.6      --
136  04/07/2020  1500    63.9   36.7    14.4     0.000   0   36.38  273.9   18.0      --
137  04/07/2020  1600    64.4   36.8    14.6     0.000   0   36.02  273.5   18.3  no_inv
138  04/07/2020  1700    64.4   36.9    12.5     0.000   0   36.07  274.3   15.9      --
139  04/07/2020  1800    60.0   36.8    10.3     0.000   0   41.97  275.5   13.5      --
140  04/07/2020  1900    51.0   37.6     8.2     0.000   0   60.03  277.1   11.1      --
141  04/07/2020  2000    46.0   37.1     6.0     0.000   0   70.78  279.6    8.8      --
142  04/07/2020  2100    43.7   36.7     3.9     0.000   0   76.15  284.0    6.4      --
143  04/07/2020  2200    41.4   36.5     1.7     0.000   0   82.59  293.3    4.2     749
144  04/07/2020  2300    39.7   36.4     1.5     0.000   5   88.06  288.4    3.5      --
145  04/08/2020  0000    39.8   36.4     1.4     0.000  10   87.61  281.4    3.0      --
146  04/08/2020  0100    39.7   36.4     1.2     0.000  10   87.85  271.4    2.5      --
147  04/08/2020  0200    39.5   36.4     1.0     0.000  10   88.64  256.7    2.0      --
148  04/08/2020  0300    39.2   36.4     0.9     0.000  10   89.87  236.9    1.8      --
149  04/08/2020  0400    38.7   36.4     0.7     0.000  10   91.46  215.2    1.9    1300
150  04/08/2020  0500    38.2   36.4     0.8     0.000  10   93.37  194.4    1.7      --
151  04/08/2020  0600    37.8   36.4     1.0     0.000  10   94.90  171.7    1.7      --
152  04/08/2020  0700    38.7   36.4     1.1     0.000  10   91.42  153.1    2.0      --
153  04/08/2020  0800    41.4   32.3     1.3     0.000   5   69.86  140.2    2.5      --
154  04/08/2020  0900    45.7   32.2     1.4     0.000   0   58.95  131.5    3.0      --
155  04/08/2020  1000    51.3   32.1     1.6     0.000   0   47.68  125.5    3.6    5102
156  04/08/2020  1100    57.1   32.0     1.6     0.000   0   38.35  138.1    3.0      --
157  04/08/2020  1200    62.1   31.9     1.6     0.000   0   31.99  155.3    2.6      --
158  04/08/2020  1300    65.9   31.8     1.6     0.000   0   27.96  175.5    2.5      --
159  04/08/2020  1400    67.8   31.8     1.7     0.000   0   26.05  194.4    2.8      --
160  04/08/2020  1500    68.8   31.7     1.7     0.000   0   25.15  209.1    3.3      --
161  04/08/2020  1600    69.3   31.7     1.7     0.000   0   24.71  219.5    3.9    6635
162  04/08/2020  1700    69.4   31.7     3.4     0.000   0   24.63  247.9    5.4      --
163  04/08/2020  1800    66.3   31.7     5.2     0.000   0   27.39  262.1    7.6      --
164  04/08/2020  1900    60.0   33.0     6.9     0.000   0   35.97  269.6   10.1      --
165  04/08/2020  2000    56.5   33.7     8.6     0.000   0   41.94  274.2   12.7      --
166  04/08/2020  2100    54.2   33.6    10.3     0.000   0   45.46  277.2   15.3      --
167  04/08/2020  2200    51.9   31.7    12.1     0.000   0   45.91  279.3   17.9    1047
