  Generated by FoxLW on Thursday April 2, 2020 at 02:32 PDT
-------------------------------------------------------------------------------
  Husum
  45.8600:-121.4900  (45 51' 36.00"N  121 29' 24.00"W)  elev 1217.2 feet    file: 310029
-------------------------------------------------------------------------------

Line#   Date     Hour   TempF  DewPtF WS(mph)  Rain(in) LW    RH%  WDir_50m WS_50m Inv(ft)
  5  04/02/2020  0400    33.0   28.8     4.0     0.000   0   84.35  281.1    9.4     971
  6  04/02/2020  0500    32.6   28.9     4.6     0.000   0   85.79  275.2    9.6      --
  7  04/02/2020  0600    32.3   29.0     5.2     0.000   0   87.21  269.5    9.9      --
  8  04/02/2020  0700    32.7   29.1     5.8     0.000   0   86.42  264.2   10.2      --
  9  04/02/2020  0800    34.1   29.4     6.4     0.000   0   82.55  259.2   10.6      --
 10  04/02/2020  0900    36.1   28.5     7.1     0.000   0   73.71  254.7   11.1      --
 11  04/02/2020  1000    38.2   30.5     7.7     0.010   0   73.49  250.6   11.7  no_inv
 12  04/02/2020  1100    42.2   28.2     8.1     0.000   0   57.16  254.8   12.2      --
 13  04/02/2020  1200    44.3   28.4     8.6     0.000   0   53.39  258.6   12.8      --
 14  04/02/2020  1300    45.9   29.2     9.1     0.000   0   51.96  262.1   13.4      --
 15  04/02/2020  1400    46.7   29.9     9.5     0.000   0   51.80  265.2   14.1      --
 16  04/02/2020  1500    47.2   30.4    10.0     0.000   0   51.95  268.1   14.9      --
 17  04/02/2020  1600    47.5   30.8    10.5     0.000   0   52.11  270.7   15.6  no_inv
 18  04/02/2020  1700    47.5   30.9    10.0     0.000   0   52.45  278.7   15.1      --
 19  04/02/2020  1800    45.2   30.3     9.5     0.000   0   55.81  287.1   14.9      --
 20  04/02/2020  1900    40.4   30.4     9.0     0.000   0   67.08  295.5   15.1      --
 21  04/02/2020  2000    37.8   29.5     8.5     0.000   0   71.56  303.6   15.5      --
 22  04/02/2020  2100    35.5   28.0     8.0     0.000   0   73.92  311.1   16.2      --
 23  04/02/2020  2200    33.1   27.4     7.5     0.000   0   79.28  317.8   17.2     721
 24  04/02/2020  2300    32.3   26.9     7.3     0.000   0   80.37  315.1   16.5      --
 25  04/03/2020  0000    32.0   26.7     7.0     0.000   0   80.38  312.1   15.7      --
 26  04/03/2020  0100    31.6   26.7     6.7     0.000   0   81.65  308.8   15.0      --
 27  04/03/2020  0200    31.2   26.9     6.4     0.000   0   84.05  305.2   14.4      --
 28  04/03/2020  0300    30.7   27.2     6.1     0.000   0   86.84  301.3   13.8      --
 29  04/03/2020  0400    30.1   27.4     5.9     0.000   5   89.49  297.1   13.3     661
 30  04/03/2020  0500    29.6   25.9     6.5     0.000   5   85.90  289.7   13.3      --
 31  04/03/2020  0600    29.2   25.0     7.1     0.000   0   83.88  282.4   13.5      --
 32  04/03/2020  0700    29.6   24.7     7.8     0.000   0   81.52  275.5   13.9      --
 33  04/03/2020  0800    31.0   25.3     8.4     0.000   0   79.03  269.0   14.6      --
 34  04/03/2020  0900    33.4   24.4     9.0     0.000   0   69.28  263.2   15.3      --
 35  04/03/2020  1000    36.4   25.6     9.6     0.000   0   64.51  258.0   16.3    5256
 36  04/03/2020  1100    39.4   26.8    10.0     0.000   0   60.38  258.0   16.5      --
 37  04/03/2020  1200    41.8   27.9    10.4     0.000   0   57.65  257.9   16.8      --
 38  04/03/2020  1300    43.5   29.5    10.8     0.000   0   57.45  257.9   17.1      --
 39  04/03/2020  1400    44.5   30.5    11.2     0.000   0   57.59  257.9   17.4      --
 40  04/03/2020  1500    45.1   31.0    11.6     0.000   0   57.44  257.9   17.7      --
 41  04/03/2020  1600    45.4   31.2    12.0     0.000   0   57.27  257.9   18.0    6516
 42  04/03/2020  1700    45.3   31.0    11.9     0.000   0   57.22  267.1   16.5      --
 43  04/03/2020  1800    43.4   30.0    11.8     0.000   0   58.78  277.8   15.4      --
 44  04/03/2020  1900    39.6   28.6    11.6     0.000   0   64.56  289.6   15.0      --
 45  04/03/2020  2000    37.5   26.1    11.5     0.000   0   63.26  301.5   15.2      --
 46  04/03/2020  2100    35.1   23.4    11.4     0.000   0   61.81  312.6   16.1      --
 47  04/03/2020  2200    32.8   22.8    11.2     0.000   0   66.28  322.3   17.5    1104
 48  04/03/2020  2300    32.2   23.3     9.6     0.000   0   69.15  322.3   15.0      --
 49  04/04/2020  0000    32.2   23.8     7.9     0.000   0   70.53  322.2   12.5      --
 50  04/04/2020  0100    32.5   26.6     6.2     0.000   0   78.56  322.2   10.0      --
 51  04/04/2020  0200    32.7   28.3     4.5     0.000   0   83.76  322.1    7.5      --
 52  04/04/2020  0300    32.7   29.3     2.8     0.000   0   87.12  322.0    5.0      --
 53  04/04/2020  0400    32.6   30.5     1.1     0.000   5   91.84  321.5    2.5    1156
 54  04/04/2020  0500    32.5   30.5     1.8     0.000  10   92.50   12.3    1.0      --
 55  04/04/2020  0600    32.2   30.5     2.5     0.000   5   93.33   88.1    2.0      --
 56  04/04/2020  0700    32.7   30.5     3.2     0.000   0   91.76  103.1    3.9      --
 57  04/04/2020  0800    34.1   30.5     3.8     0.000   0   86.72  108.1    5.9      --
 58  04/04/2020  0900    36.5   29.5     4.5     0.000   0   75.53  110.6    7.9      --
 59  04/04/2020  1000    39.7   29.5     5.2     0.000   0   66.55  112.1    9.9    6521
 60  04/04/2020  1100    43.1   29.5     4.8     0.000   0   58.36  116.2    9.0      --
 61  04/04/2020  1200    46.1   29.5     4.3     0.000   0   52.05  121.1    8.1      --
 62  04/04/2020  1300    48.4   29.5     3.8     0.000   0   47.72  127.3    7.3      --
 63  04/04/2020  1400    49.7   29.5     3.4     0.000   0   45.49  134.9    6.5      --
 64  04/04/2020  1500    50.6   29.5     3.0     0.000   0   44.06  144.1    6.0      --
 65  04/04/2020  1600    51.1   29.5     2.5     0.000   0   43.25  155.1    5.6  no_inv
 66  04/04/2020  1700    51.0   29.5     2.5     0.000   0   43.28  143.7    4.3      --
 67  04/04/2020  1800    50.0   29.5     2.5     0.000   0   44.96  124.6    3.4      --
 68  04/04/2020  1900    47.9   29.5     2.5     0.000   0   48.62   96.8    3.0      --
 69  04/04/2020  2000    46.8   29.5     2.5     0.000   0   50.78   69.3    3.4      --
 70  04/04/2020  2100    44.4   29.5     2.5     0.000   0   55.49   50.9    4.4      --
 71  04/04/2020  2200    42.1   29.5     2.5     0.000   0   60.69   39.9    5.7     534
 72  04/04/2020  2300    41.3   29.5     2.6     0.000   0   62.48   38.2    5.9      --
 73  04/05/2020  0000    41.0   29.5     2.7     0.000   0   63.35   36.6    6.1      --
 74  04/05/2020  0100    40.6   29.5     2.8     0.000   0   64.22   35.1    6.3      --
 75  04/05/2020  0200    40.3   29.5     2.9     0.000   0   65.05   33.7    6.5      --
 76  04/05/2020  0300    40.0   31.8     3.0     0.000   0   72.31   32.4    6.7      --
 77  04/05/2020  0400    40.7   34.5     3.1     0.010   0   78.40   31.1    6.9     438
 78  04/05/2020  0500    38.7   32.0     3.1     0.000   0   76.43   41.5    6.1      --
 79  04/05/2020  0600    38.6   31.8     3.1     0.000   0   76.40   54.7    5.5      --
 80  04/05/2020  0700    39.3   31.9     3.0     0.010   0   74.45   70.1    5.2      --
 81  04/05/2020  0800    39.3   31.8     3.0     0.000   0   74.16   85.8    5.4      --
 82  04/05/2020  0900    42.3   37.2     3.0     0.000   0   81.91   99.8    5.9      --
 83  04/05/2020  1000    43.8   39.8     3.0     0.010   0   85.76  110.9    6.7  no_inv
 84  04/05/2020  1100    46.4   39.6     3.7     0.000   0   76.96  111.5    2.9      --
 85  04/05/2020  1200    48.9   39.6     4.4     0.000   0   69.96  287.5    0.9      --
 86  04/05/2020  1300    50.8   39.6     5.1     0.000   0   65.11  289.9    4.7      --
 87  04/05/2020  1400    52.0   39.5     5.7     0.000   0   62.50  290.2    8.5      --
 88  04/05/2020  1500    52.7   39.5     6.4     0.000   0   60.81  290.3   12.3      --
 89  04/05/2020  1600    53.0   39.5     7.1     0.000   0   60.11  290.4   16.0  no_inv
 90  04/05/2020  1700    52.7   39.5     6.4     0.000   0   60.71  295.2   13.1      --
 91  04/05/2020  1800    52.1   39.5     5.8     0.000   0   62.14  302.8   10.3      --
 92  04/05/2020  1900    50.8   39.5     5.1     0.000   0   65.18  315.5    7.9      --
 93  04/05/2020  2000    50.1   39.5     4.4     0.000   0   66.91  337.4    6.1      --
 94  04/05/2020  2100    47.8   39.5     3.7     0.000   0   73.02    8.5    5.7      --
 95  04/05/2020  2200    45.4   39.5     3.0     0.000   0   79.76   35.5    6.9    1034
 96  04/05/2020  2300    43.3   39.5     3.0     0.000   0   86.36   23.2    6.4      --
 97  04/06/2020  0000    42.5   39.5     3.1     0.000   5   89.37    9.4    6.2      --
 98  04/06/2020  0100    41.6   39.5     3.1     0.000  10   92.39  355.5    6.3      --
 99  04/06/2020  0200    40.8   39.5     3.2     0.000  10   95.30  343.0    6.9      --
100  04/06/2020  0300    40.1   39.2     3.2     0.000  10   96.55  332.7    7.7      --
101  04/06/2020  0400    39.5   38.5     3.2     0.000  10   96.54  324.5    8.6     422
102  04/06/2020  0500    39.0   38.0     3.3     0.000  10   96.54  313.7    7.0      --
103  04/06/2020  0600    38.6   37.7     3.3     0.000  10   96.53  297.4    5.8      --
104  04/06/2020  0700    39.2   38.3     3.3     0.000  10   96.54  275.2    5.2      --
105  04/06/2020  0800    40.7   39.5     3.4     0.000  10   95.50  251.8    5.5      --
106  04/06/2020  0900    43.4   34.2     3.4     0.000   5   69.70  233.5    6.6      --
107  04/06/2020  1000    46.8   30.9     3.5     0.000   0   53.60  221.2    8.1  no_inv
108  04/06/2020  1100    50.6   30.1     4.8     0.000   0   45.02  238.6    8.2      --
109  04/06/2020  1200    54.4   30.9     6.1     0.000   0   40.50  254.3    8.9      --
110  04/06/2020  1300    57.2   31.6     7.4     0.000   0   37.70  266.8   10.2      --
111  04/06/2020  1400    58.5   32.7     8.8     0.000   0   37.58  276.1   11.9      --
112  04/06/2020  1500    59.1   33.6    10.1     0.000   0   38.22  283.0   13.8      --
113  04/06/2020  1600    59.3   33.7    11.4     0.000   0   38.10  288.1   15.9    7006
114  04/06/2020  1700    59.2   34.0    11.1     0.000   0   38.59  290.7   15.8      --
115  04/06/2020  1800    56.3   33.2    10.7     0.000   0   41.58  293.3   15.8      --
116  04/06/2020  1900    50.4   33.2    10.3     0.000   0   51.38  295.8   15.8      --
117  04/06/2020  2000    47.2   32.2    10.0     0.000   0   55.86  298.4   15.8      --
118  04/06/2020  2100    44.8   30.7     9.6     0.000   0   57.41  301.0   15.8      --
119  04/06/2020  2200    42.5   29.9     9.2     0.000   0   60.86  303.6   15.9    1075
120  04/06/2020  2300    40.5   29.2     9.4     0.000   0   63.73  299.3   16.4      --
121  04/07/2020  0000    39.7   28.5     9.5     0.000   0   63.86  295.3   17.0      --
122  04/07/2020  0100    38.8   27.9     9.6     0.000   0   64.37  291.7   17.7      --
123  04/07/2020  0200    38.0   27.4     9.7     0.000   0   65.28  288.3   18.5      --
124  04/07/2020  0300    37.2   27.1     9.8     0.000   0   66.62  285.2   19.3      --
125  04/07/2020  0400    36.4   27.0    10.0     0.000   0   68.38  282.3   20.2     658
126  04/07/2020  0500    35.7   27.1     8.9     0.000   0   70.77  280.8   18.2      --
127  04/07/2020  0600    35.2   28.0     7.8     0.000   0   74.66  278.9   16.3      --
128  04/07/2020  0700    36.1   33.4     6.7     0.000   0   89.93  276.5   14.4      --
129  04/07/2020  0800    38.5   33.7     5.6     0.000   0   82.65  273.3   12.5      --
130  04/07/2020  0900    42.4   34.8     4.5     0.000   0   74.10  269.0   10.6      --
131  04/07/2020  1000    47.5   34.8     3.4     0.000   0   61.13  263.1    8.9    4490
132  04/07/2020  1100    52.8   34.8     3.7     0.000   0   50.14  269.5    8.9      --
133  04/07/2020  1200    57.4   34.8     4.1     0.000   0   42.47  275.9    9.1      --
134  04/07/2020  1300    60.8   34.8     4.4     0.000   0   37.58  281.9    9.4      --
135  04/07/2020  1400    62.6   34.8     4.7     0.000   0   35.30  287.5    9.7      --
136  04/07/2020  1500    63.4   34.8     5.0     0.000   0   34.25  292.8   10.1      --
137  04/07/2020  1600    63.8   34.8     5.3     0.000   0   33.76  297.5   10.7    6153
138  04/07/2020  1700    63.9   34.8     4.6     0.000   0   33.71  299.7    9.2      --
139  04/07/2020  1800    60.7   34.8     3.9     0.000   0   37.77  302.7    7.7      --
140  04/07/2020  1900    54.0   34.8     3.3     0.000   0   47.90  307.2    6.3      --
141  04/07/2020  2000    50.4   34.8     2.6     0.000   0   54.77  314.2    4.9      --
142  04/07/2020  2100    48.1   34.8     1.9     0.000   0   59.76  326.1    3.7      --
143  04/07/2020  2200    45.7   34.8     1.2     0.000   0   65.27  348.0    2.7     736
144  04/07/2020  2300    44.2   34.8     1.6     0.000   0   69.32    2.0    3.4      --
145  04/08/2020  0000    44.2   34.8     2.0     0.000   0   69.32   11.2    4.1      --
146  04/08/2020  0100    44.5   34.8     2.3     0.000   0   68.44   17.5    4.9      --
147  04/08/2020  0200    44.7   34.8     2.7     0.000   0   68.02   21.9    5.8      --
148  04/08/2020  0300    44.7   34.8     3.1     0.000   0   67.97   25.2    6.7      --
149  04/08/2020  0400    44.6   34.8     3.4     0.000   0   68.22   27.7    7.6     723
150  04/08/2020  0500    44.4   34.8     3.2     0.000   0   68.75   34.3    6.0      --
151  04/08/2020  0600    44.1   34.8     3.0     0.000   0   69.35   45.3    4.5      --
152  04/08/2020  0700    44.7   34.8     2.8     0.000   0   67.96   65.3    3.3      --
153  04/08/2020  0800    46.2   34.8     2.5     0.000   0   64.10   97.4    2.9      --
154  04/08/2020  0900    48.8   34.0     2.3     0.000   0   56.44  128.3    3.5      --
155  04/08/2020  1000    52.2   34.0     2.1     0.000   0   49.66  146.9    4.7    4622
156  04/08/2020  1100    56.2   34.0     2.1     0.000   0   43.04  157.3    4.3      --
157  04/08/2020  1200    60.6   34.0     2.2     0.000   0   36.76  169.3    4.1      --
158  04/08/2020  1300    64.0   34.0     2.2     0.000   0   32.58  182.0    4.0      --
159  04/08/2020  1400    65.8   34.0     2.2     0.000   0   30.62  194.3    4.2      --
160  04/08/2020  1500    66.6   34.0     2.2     0.000   0   29.73  205.2    4.6      --
161  04/08/2020  1600    67.0   34.0     2.3     0.000   0   29.32  214.3    5.0    6200
162  04/08/2020  1700    67.1   34.0     3.9     0.000   0   29.29  254.8    4.4      --
163  04/08/2020  1800    64.4   34.0     5.5     0.000   0   32.13  288.2    6.0      --
164  04/08/2020  1900    59.0   35.4     7.1     0.000   0   41.19  304.5    8.6      --
165  04/08/2020  2000    56.0   36.0     8.7     0.000   0   46.97  312.9   11.6      --
166  04/08/2020  2100    53.6   35.9    10.3     0.000   0   50.91  317.8   14.7      --
167  04/08/2020  2200    51.3   35.3    12.0     0.000   0   54.31  320.9   17.9     682
