  Generated by FoxLW on Thursday April 2, 2020 at 02:32 PDT
-------------------------------------------------------------------------------
  McKinley Springs
  46.0100:-119.9200  (46 0' 36.00"N  119 55' 12.00"W)  elev 1115.5 feet    file: 310077
-------------------------------------------------------------------------------

Line#   Date     Hour   TempF  DewPtF WS(mph)  Rain(in) LW    RH%  WDir_50m WS_50m Inv(ft)
  5  04/02/2020  0400    36.5   24.7     3.2     0.000   0   61.74  320.7    7.1     852
  6  04/02/2020  0500    36.1   24.7     3.2     0.000   0   62.74  317.1    4.7      --
  7  04/02/2020  0600    35.8   24.7     3.3     0.000   0   63.51  306.3    2.4      --
  8  04/02/2020  0700    35.9   24.7     3.3     0.000   0   63.27  225.9    0.9      --
  9  04/02/2020  0800    36.5   24.7     3.3     0.000   0   61.93  166.6    2.7      --
 10  04/02/2020  0900    37.5   22.7     3.3     0.000   0   54.75  157.8    5.1      --
 11  04/02/2020  1000    39.1   22.7     3.4     0.000   0   51.54  154.6    7.4  no_inv
 12  04/02/2020  1100    41.4   22.7     3.3     0.000   0   47.13  164.5    6.3      --
 13  04/02/2020  1200    44.6   22.7     3.2     0.000   0   41.61  178.2    5.4      --
 14  04/02/2020  1300    47.7   22.7     3.2     0.000   0   37.09  195.9    4.9      --
 15  04/02/2020  1400    49.4   22.7     3.1     0.000   0   34.76  215.4    4.9      --
 16  04/02/2020  1500    48.3   26.2     3.0     0.000   0   41.89  232.6    5.5      --
 17  04/02/2020  1600    46.5   29.9     3.0     0.010   0   52.03  245.7    6.4  no_inv
 18  04/02/2020  1700    48.1   28.2     5.2     0.000   0   45.78  274.8    6.9      --
 19  04/02/2020  1800    47.8   26.4     7.4     0.000   0   43.00  295.5    8.8      --
 20  04/02/2020  1900    47.3   27.0     9.6     0.000   0   44.99  307.9   11.4      --
 21  04/02/2020  2000    47.0   23.3    11.9     0.000   0   38.87  315.5   14.4      --
 22  04/02/2020  2100    44.7   21.5    14.1     0.000   0   39.38  320.5   17.5      --
 23  04/02/2020  2200    42.3   21.0    16.3     0.000   0   42.28  323.9   20.7  no_inv
 24  04/02/2020  2300    41.0   20.6    14.0     0.000   0   43.64  323.2   18.1      --
 25  04/03/2020  0000    40.2   21.4    11.6     0.000   0   46.59  322.3   15.4      --
 26  04/03/2020  0100    39.4   21.4     9.3     0.000   0   48.00  320.9   12.9      --
 27  04/03/2020  0200    38.7   22.0     7.0     0.000   0   50.65  318.9   10.3      --
 28  04/03/2020  0300    38.0   22.2     4.7     0.000   0   52.52  315.5    7.7      --
 29  04/03/2020  0400    37.4   22.4     2.3     0.000   0   54.18  308.8    5.2     516
 30  04/03/2020  0500    36.9   22.7     2.3     0.000   0   55.97  298.2    4.4      --
 31  04/03/2020  0600    36.6   22.7     2.3     0.000   0   56.66  284.1    3.9      --
 32  04/03/2020  0700    36.9   22.7     2.3     0.000   0   55.94  266.6    3.6      --
 33  04/03/2020  0800    38.0   22.7     2.2     0.000   0   53.59  248.5    3.7      --
 34  04/03/2020  0900    39.9   23.8     2.2     0.000   0   52.02  232.9    4.2      --
 35  04/03/2020  1000    42.4   23.8     2.2     0.000   0   47.20  220.9    4.9  no_inv
 36  04/03/2020  1100    45.1   23.8     4.3     0.000   0   42.60  237.1    6.8      --
 37  04/03/2020  1200    47.3   23.8     6.5     0.000   0   39.19  245.8    9.1      --
 38  04/03/2020  1300    49.1   23.7     8.6     0.000   0   36.57  250.9   11.4      --
 39  04/03/2020  1400    50.1   24.4    10.7     0.000   0   36.21  254.3   13.8      --
 40  04/03/2020  1500    50.8   24.4    12.9     0.000   0   35.41  256.6   16.3      --
 41  04/03/2020  1600    51.2   24.0    15.0     0.000   0   34.34  258.3   18.8    1936
 42  04/03/2020  1700    51.5   24.0    15.1     0.000   0   33.95  269.0   16.9      --
 43  04/03/2020  1800    50.8   23.8    15.1     0.000   0   34.47  281.7   15.7      --
 44  04/03/2020  1900    49.5   23.5    15.2     0.000   0   35.79  295.8   15.3      --
 45  04/03/2020  2000    48.8   23.2    15.3     0.000   0   36.26  309.6   15.9      --
 46  04/03/2020  2100    46.4   22.8    15.4     0.000   0   38.95  321.7   17.4      --
 47  04/03/2020  2200    44.1   22.5    15.4     0.000   0   41.97  331.7   19.5    8584
 48  04/03/2020  2300    42.3   22.1    13.1     0.000   0   44.26  333.6   16.1      --
 49  04/04/2020  0000    41.1   23.1    10.8     0.000   0   48.38  336.6   12.7      --
 50  04/04/2020  0100    40.0   23.1     8.5     0.000   0   50.46  341.7    9.4      --
 51  04/04/2020  0200    39.0   23.9     6.2     0.000   0   54.13  352.0    6.3      --
 52  04/04/2020  0300    38.2   24.2     3.9     0.000   0   56.67   18.8    3.8      --
 53  04/04/2020  0400    37.5   24.4     1.5     0.000   0   58.79   75.8    3.4    7609
 54  04/04/2020  0500    36.9   24.7     1.8     0.000   0   60.93   71.4    4.0      --
 55  04/04/2020  0600    36.6   24.7     2.1     0.000   0   61.70   68.1    4.6      --
 56  04/04/2020  0700    36.9   24.7     2.4     0.000   0   61.05   65.6    5.2      --
 57  04/04/2020  0800    37.9   24.7     2.7     0.000   0   58.78   63.6    5.8      --
 58  04/04/2020  0900    39.6   21.0     2.9     0.000   0   46.98   62.0    6.4      --
 59  04/04/2020  1000    41.9   21.0     3.2     0.000   0   42.79   60.7    7.1  no_inv
 60  04/04/2020  1100    44.7   20.9     3.0     0.000   0   38.41   58.8    6.7      --
 61  04/04/2020  1200    47.5   20.9     2.9     0.000   0   34.42   56.5    6.3      --
 62  04/04/2020  1300    50.0   20.8     2.7     0.000   0   31.34   54.0    5.9      --
 63  04/04/2020  1400    51.4   20.8     2.5     0.000   0   29.71   51.1    5.5      --
 64  04/04/2020  1500    52.3   20.8     2.3     0.000   0   28.67   47.9    5.1      --
 65  04/04/2020  1600    53.0   20.8     2.2     0.000   0   28.01   44.1    4.8  no_inv
 66  04/04/2020  1700    53.4   20.9     3.4     0.000   0   27.70   28.3    5.5      --
 67  04/04/2020  1800    53.3   21.1     4.6     0.000   0   28.08   16.7    6.5      --
 68  04/04/2020  1900    53.2   21.5     5.8     0.000   0   28.65    8.6    7.8      --
 69  04/04/2020  2000    53.2   23.0     6.9     0.000   0   30.55    2.7    9.1      --
 70  04/04/2020  2100    50.9   24.9     8.1     0.000   0   36.01  358.3   10.5      --
 71  04/04/2020  2200    48.5   25.6     9.3     0.000   0   40.52  355.0   11.9  no_inv
 72  04/04/2020  2300    47.1   26.4     9.0     0.000   0   44.11  344.8   10.2      --
 73  04/05/2020  0000    46.1   27.1     8.7     0.000   0   47.15  331.2    9.0      --
 74  04/05/2020  0100    45.2   27.6     8.4     0.000   0   49.97  314.7    8.4      --
 75  04/05/2020  0200    44.4   28.1     8.1     0.000   0   52.40  297.2    8.6      --
 76  04/05/2020  0300    43.8   27.8     7.8     0.000   0   52.88  281.8    9.5      --
 77  04/05/2020  0400    43.4   27.0     7.4     0.000   0   52.25  269.8   11.0    1083
 78  04/05/2020  0500    43.0   25.3     6.7     0.000   0   49.17  275.9    8.4      --
 79  04/05/2020  0600    42.9   24.2     6.0     0.000   0   47.25  287.0    6.0      --
 80  04/05/2020  0700    43.0   22.8     5.3     0.000   0   44.52  310.1    4.1      --
 81  04/05/2020  0800    43.5   20.9     4.6     0.000   0   40.17  351.1    3.6      --
 82  04/05/2020  0900    44.4   26.2     3.9     0.000   0   48.67   24.6    4.9      --
 83  04/05/2020  1000    45.7   30.5     3.2     0.000   0   54.96   40.9    7.1  no_inv
 84  04/05/2020  1100    47.9   30.5     3.4     0.000   0   50.58   42.6    7.4      --
 85  04/05/2020  1200    51.2   30.5     3.6     0.000   0   44.80   44.1    7.8      --
 86  04/05/2020  1300    54.2   30.5     3.8     0.000   0   40.16   45.5    8.1      --
 87  04/05/2020  1400    55.9   30.5     4.0     0.000   0   37.63   46.8    8.5      --
 88  04/05/2020  1500    57.2   30.5     4.2     0.000   0   35.91   48.0    8.8      --
 89  04/05/2020  1600    58.0   30.5     4.4     0.000   0   34.94   49.1    9.2  no_inv
 90  04/05/2020  1700    58.2   30.5     4.9     0.000   0   34.62   35.3    8.1      --
 91  04/05/2020  1800    57.3   30.5     5.3     0.000   0   35.87   18.4    7.5      --
 92  04/05/2020  1900    55.2   31.0     5.8     0.000   0   39.40    0.7    7.7      --
 93  04/05/2020  2000    54.1   31.2     6.3     0.000   0   41.47  345.1    8.6      --
 94  04/05/2020  2100    51.8   31.5     6.8     0.000   0   45.64  333.1    9.9      --
 95  04/05/2020  2200    49.5   31.7     7.2     0.000   0   50.20  324.2   11.6  no_inv
 96  04/05/2020  2300    48.4   32.0     8.9     0.000   0   52.84  325.2   13.2      --
 97  04/06/2020  0000    47.8   31.8    10.5     0.000   0   53.57  326.0   14.8      --
 98  04/06/2020  0100    47.2   29.9    12.1     0.000   0   50.77  326.6   16.5      --
 99  04/06/2020  0200    46.6   29.8    13.8     0.000   0   51.79  327.1   18.1      --
100  04/06/2020  0300    46.0   29.8    15.4     0.000   0   52.76  327.5   19.7      --
101  04/06/2020  0400    45.6   29.8    17.0     0.000   0   53.67  327.9   21.3     472
102  04/06/2020  0500    45.2   29.8    14.7     0.000   0   54.52  327.3   18.8      --
103  04/06/2020  0600    45.0   29.9    12.3     0.000   0   55.25  326.5   16.3      --
104  04/06/2020  0700    45.1   31.5    10.0     0.000   0   58.61  325.5   13.8      --
105  04/06/2020  0800    45.7   30.2     7.6     0.000   0   54.42  324.0   11.3      --
106  04/06/2020  0900    46.9   31.7     5.2     0.000   0   55.20  321.6    8.8      --
107  04/06/2020  1000    48.6   31.7     2.9     0.000   0   51.83  317.4    6.4  no_inv
108  04/06/2020  1100    51.2   31.7     3.6     0.000   0   46.94  300.8    6.1      --
109  04/06/2020  1200    54.8   31.7     4.2     0.000   0   41.25  284.0    6.3      --
110  04/06/2020  1300    57.8   32.2     4.9     0.000   0   37.76  269.5    7.0      --
111  04/06/2020  1400    59.6   32.7     5.6     0.000   0   36.09  258.1    8.0      --
112  04/06/2020  1500    60.9   33.2     6.3     0.000   0   35.25  249.6    9.3      --
113  04/06/2020  1600    61.6   33.7     6.9     0.000   0   35.02  243.3   10.7   10572
114  04/06/2020  1700    61.5   33.7     7.7     0.000   0   35.13  258.3    9.6      --
115  04/06/2020  1800    59.8   33.2     8.5     0.000   0   36.52  275.9    9.1      --
116  04/06/2020  1900    56.3   33.6     9.3     0.000   0   42.03  293.4    9.6      --
117  04/06/2020  2000    54.4   33.3    10.1     0.000   0   44.61  308.0   10.9      --
118  04/06/2020  2100    52.1   32.7    10.9     0.000   0   47.39  319.0   12.7      --
119  04/06/2020  2200    49.7   32.2    11.6     0.000   0   50.62  327.0   14.9     928
120  04/06/2020  2300    48.7   32.3    10.3     0.000   0   52.98  322.2   13.3      --
121  04/07/2020  0000    48.1   32.2     9.0     0.000   0   54.01  316.1   11.8      --
122  04/07/2020  0100    47.4   32.1     7.7     0.000   0   55.17  308.4   10.5      --
123  04/07/2020  0200    46.7   32.3     6.4     0.000   0   57.16  298.7    9.4      --
124  04/07/2020  0300    46.0   32.5     5.1     0.000   0   59.04  286.9    8.6      --
125  04/07/2020  0400    45.5   32.7     3.8     0.000   0   60.72  273.6    8.3    3339
126  04/07/2020  0500    44.9   32.9     3.4     0.000   0   62.50  269.1    6.6      --
127  04/07/2020  0600    44.6   32.9     3.1     0.000   0   63.31  261.5    4.9      --
128  04/07/2020  0700    44.8   32.9     2.8     0.000   0   62.85  246.7    3.4      --
129  04/07/2020  0800    45.6   28.4     2.4     0.000   0   50.89  215.3    2.4      --
130  04/07/2020  0900    47.0   27.8     2.1     0.000   0   47.06  172.7    2.6      --
131  04/07/2020  1000    49.0   27.1     1.7     0.000   0   42.44  147.3    3.8    4591
132  04/07/2020  1100    51.6   26.5     2.6     0.000   0   37.40  128.8    1.5      --
133  04/07/2020  1200    56.8   25.9     3.5     0.000   0   30.18   11.5    1.4      --
134  04/07/2020  1300    61.7   26.0     4.4     0.000   0   25.59  350.2    3.7      --
135  04/07/2020  1400    64.5   26.6     5.3     0.000   0   23.64  345.5    6.1      --
136  04/07/2020  1500    66.1   27.3     6.2     0.000   0   23.14  343.5    8.5      --
137  04/07/2020  1600    66.9   28.2     7.1     0.000   0   23.30  342.4   10.9    8932
138  04/07/2020  1700    67.2   28.2     9.2     0.000   0   23.05  336.2   13.1      --
139  04/07/2020  1800    65.3   26.8    11.3     0.000   0   23.22  331.8   15.4      --
140  04/07/2020  1900    61.2   25.5    13.4     0.000   0   25.39  328.6   17.8      --
141  04/07/2020  2000    59.0   24.9    15.5     0.000   0   26.81  326.1   20.1      --
142  04/07/2020  2100    56.7   24.9    17.5     0.000   0   29.22  324.2   22.6      --
143  04/07/2020  2200    54.3   25.1    19.6     0.000   0   31.98  322.6   25.0     884
144  04/07/2020  2300    52.8   25.2    18.8     0.000   0   33.97  323.3   24.0      --
145  04/08/2020  0000    52.3   25.3    18.0     0.000   0   34.79  324.1   22.9      --
146  04/08/2020  0100    51.8   25.4    17.2     0.000   0   35.62  325.0   21.9      --
147  04/08/2020  0200    51.3   25.5    16.4     0.000   0   36.40  326.0   20.9      --
148  04/08/2020  0300    50.8   25.5    15.6     0.000   0   37.12  327.1   19.8      --
149  04/08/2020  0400    50.4   25.6    14.8     0.000   0   37.74  328.3   18.8     275
150  04/08/2020  0500    50.0   25.6    12.5     0.000   0   38.36  329.1   15.4      --
151  04/08/2020  0600    49.8   27.2    10.2     0.000   0   41.40  330.3   12.0      --
152  04/08/2020  0700    50.0   28.1     7.9     0.000   0   42.42  332.6    8.6      --
153  04/08/2020  0800    50.8   29.4     5.6     0.000   0   43.39  337.8    5.2      --
154  04/08/2020  0900    52.3   29.4     3.3     0.000   0   41.10  360.0    2.0      --
155  04/08/2020  1000    54.4   29.4     1.0     0.000   0   38.12  110.5    2.1    4725
156  04/08/2020  1100    57.0   29.4     1.1     0.000   0   34.72  125.4    2.3      --
157  04/08/2020  1200    61.1   29.4     1.3     0.000   0   29.95  137.4    2.6      --
158  04/08/2020  1300    64.6   29.4     1.5     0.000   0   26.49  146.5    3.0      --
159  04/08/2020  1400    66.5   29.4     1.7     0.000   0   24.82  153.4    3.5      --
160  04/08/2020  1500    67.3   29.4     1.9     0.000   0   24.07  158.6    4.0      --
161  04/08/2020  1600    67.8   29.4     2.0     0.000   0   23.73  162.6    4.5    4672
162  04/08/2020  1700    67.8   29.4     3.7     0.000   0   23.70  204.1    3.5      --
163  04/08/2020  1800    67.4   29.4     5.4     0.000   0   24.04  243.3    4.7      --
164  04/08/2020  1900    66.6   30.8     7.1     0.000   0   26.22  261.7    7.0      --
165  04/08/2020  2000    66.1   31.4     8.8     0.000   0   27.28  270.4    9.7      --
166  04/08/2020  2100    63.8   31.2    10.5     0.000   0   29.38  275.3   12.6      --
167  04/08/2020  2200    61.4   29.4    12.2     0.000   0   29.62  278.4   15.4     764
