  Generated by FoxLW on Thursday April 2, 2020 at 02:32 PDT
-------------------------------------------------------------------------------
  Roosevelt
  45.7400:-120.2400  (45 44' 24.00"N  120 14' 24.00"W)  elev 436.4 feet    file: 310023
-------------------------------------------------------------------------------

Line#   Date     Hour   TempF  DewPtF WS(mph)  Rain(in) LW    RH%  WDir_50m WS_50m Inv(ft)
  5  04/02/2020  0400    26.3   25.4     2.1     0.000  10   96.43  283.3    4.7     792
  6  04/02/2020  0500    25.5   25.4     2.4     0.000  10   99.74  276.1    5.2      --
  7  04/02/2020  0600    24.8   24.8     2.6     0.000  10  100.00  270.1    5.7      --
  8  04/02/2020  0700    25.7   25.5     2.9     0.000  10   99.31  265.2    6.3      --
  9  04/02/2020  0800    28.6   25.6     3.2     0.000  10   88.50  261.1    6.9      --
 10  04/02/2020  0900    33.5   24.3     3.4     0.000   5   68.57  257.8    7.6      --
 11  04/02/2020  1000    39.7   24.3     3.7     0.000   0   53.55  254.9    8.3  no_inv
 12  04/02/2020  1100    45.9   23.9     5.3     0.000   0   41.69  253.9    9.8      --
 13  04/02/2020  1200    50.8   24.0     7.0     0.000   0   34.90  253.1   11.2      --
 14  04/02/2020  1300    54.2   24.7     8.7     0.000   0   31.71  252.5   12.7      --
 15  04/02/2020  1400    55.6   25.3    10.4     0.000   0   30.77  252.1   14.2      --
 16  04/02/2020  1500    56.4   25.4    12.1     0.000   0   30.04  251.7   15.7      --
 17  04/02/2020  1600    56.5   25.1    13.7     0.000   0   29.57  251.4   17.2  no_inv
 18  04/02/2020  1700    55.4   25.2    13.6     0.000   0   30.83  256.4   17.0      --
 19  04/02/2020  1800    52.5   25.0    13.4     0.000   0   34.02  261.5   16.8      --
 20  04/02/2020  1900    46.6   24.8    13.2     0.000   0   42.06  266.6   16.9      --
 21  04/02/2020  2000    43.3   24.5    13.1     0.000   0   47.15  271.6   17.0      --
 22  04/02/2020  2100    41.0   24.3    12.9     0.000   0   51.02  276.5   17.3      --
 23  04/02/2020  2200    38.7   24.3    12.8     0.000   0   55.89  281.3   17.7     682
 24  04/02/2020  2300    36.4   24.3    12.4     0.000   0   61.04  278.3   18.6      --
 25  04/03/2020  0000    35.0   25.6    12.0     0.000   0   68.25  275.6   19.5      --
 26  04/03/2020  0100    33.7   25.8    11.6     0.000   0   72.43  273.1   20.5      --
 27  04/03/2020  0200    32.4   25.9    11.2     0.000   0   76.58  270.9   21.5      --
 28  04/03/2020  0300    31.3   26.0    10.8     0.000   0   80.54  268.8   22.5      --
 29  04/03/2020  0400    30.4   26.1    10.4     0.000   0   84.18  267.0   23.5     728
 30  04/03/2020  0500    29.6   24.3    12.2     0.000   0   80.29  265.2   23.9      --
 31  04/03/2020  0600    29.1   24.1    14.0     0.000   0   81.56  263.6   24.4      --
 32  04/03/2020  0700    29.9   23.9    15.7     0.000   0   78.28  262.0   24.8      --
 33  04/03/2020  0800    32.4   23.7    17.5     0.000   0   69.89  260.4   25.3      --
 34  04/03/2020  0900    36.6   23.4    19.2     0.000   0   58.28  258.9   25.8      --
 35  04/03/2020  1000    42.0   23.1    21.0     0.000   0   46.69  257.5   26.3    3588
 36  04/03/2020  1100    47.3   22.8    20.6     0.000   0   37.60  259.6   25.7      --
 37  04/03/2020  1200    51.1   22.5    20.2     0.000   0   32.22  261.7   25.2      --
 38  04/03/2020  1300    53.9   22.2    19.9     0.000   0   28.82  264.0   24.7      --
 39  04/03/2020  1400    55.2   22.0    19.5     0.000   0   27.19  266.3   24.2      --
 40  04/03/2020  1500    55.9   21.9    19.1     0.000   0   26.45  268.7   23.8      --
 41  04/03/2020  1600    56.1   21.9    18.7     0.000   0   26.15  271.2   23.5  no_inv
 42  04/03/2020  1700    56.1   21.9    17.4     0.000   0   26.23  271.2   22.0      --
 43  04/03/2020  1800    52.6   22.0    16.1     0.000   0   29.88  271.3   20.6      --
 44  04/03/2020  1900    45.5   22.4    14.8     0.000   0   39.59  271.4   19.2      --
 45  04/03/2020  2000    41.6   22.5    13.5     0.000   0   46.28  271.5   17.7      --
 46  04/03/2020  2100    39.2   22.4    12.2     0.000   0   50.52  271.7   16.3      --
 47  04/03/2020  2200    36.9   24.2    10.9     0.000   0   59.65  271.8   14.9     571
 48  04/03/2020  2300    33.8   24.8     9.2     0.000   0   69.35  272.3   12.7      --
 49  04/04/2020  0000    32.3   24.8     7.5     0.000   0   73.62  272.9   10.5      --
 50  04/04/2020  0100    30.8   24.5     5.8     0.000   0   77.09  273.9    8.3      --
 51  04/04/2020  0200    29.4   24.2     4.2     0.000   5   80.83  275.6    6.2      --
 52  04/04/2020  0300    28.1   24.0     2.5     0.000  10   84.65  279.1    4.0      --
 53  04/04/2020  0400    26.9   23.8     0.9     0.000  10   87.69  290.3    1.9     957
 54  04/04/2020  0500    25.9   23.8     2.1     0.000  10   91.32   16.1    1.2      --
 55  04/04/2020  0600    25.3   23.8     3.4     0.000  10   93.70   57.5    2.9      --
 56  04/04/2020  0700    26.3   23.8     4.6     0.000  10   89.78   66.3    5.0      --
 57  04/04/2020  0800    29.5   24.3     5.9     0.000   5   80.84   69.9    7.1      --
 58  04/04/2020  0900    34.7   23.9     7.1     0.000   0   64.48   71.8    9.3      --
 59  04/04/2020  1000    41.0   24.1     8.4     0.000   0   50.60   73.0   11.4    9008
 60  04/04/2020  1100    46.6   24.3     7.3     0.000   0   41.25   73.2   10.3      --
 61  04/04/2020  1200    50.0   24.5     6.2     0.000   0   36.59   73.3    9.1      --
 62  04/04/2020  1300    52.7   24.7     5.2     0.000   0   33.39   73.6    7.9      --
 63  04/04/2020  1400    54.0   24.8     4.1     0.000   0   31.90   73.9    6.7      --
 64  04/04/2020  1500    55.0   24.9     3.0     0.000   0   30.89   74.3    5.5      --
 65  04/04/2020  1600    55.7   24.9     1.9     0.000   0   30.19   75.0    4.3  no_inv
 66  04/04/2020  1700    56.1   24.9     3.3     0.000   0   29.85   57.5    5.2      --
 67  04/04/2020  1800    55.5   25.1     4.6     0.000   0   30.65   45.8    6.4      --
 68  04/04/2020  1900    54.5   25.7     6.0     0.000   0   32.53   38.1    7.8      --
 69  04/04/2020  2000    54.0   27.2     7.3     0.000   0   35.33   32.8    9.4      --
 70  04/04/2020  2100    51.6   28.3     8.6     0.000   0   40.41   28.9   10.9      --
 71  04/04/2020  2200    49.3   28.9    10.0     0.000   0   45.01   26.1   12.5    1006
 72  04/04/2020  2300    47.7   29.4     8.6     0.000   0   48.76   27.2   11.1      --
 73  04/05/2020  0000    46.7   28.6     7.3     0.000   0   49.14   28.8    9.7      --
 74  04/05/2020  0100    45.9   27.3     5.9     0.000   0   47.93   30.9    8.3      --
 75  04/05/2020  0200    45.3   26.4     4.6     0.000   0   47.27   33.8    6.9      --
 76  04/05/2020  0300    44.8   24.8     3.2     0.000   0   45.03   38.1    5.5      --
 77  04/05/2020  0400    44.6   24.8     1.9     0.000   0   45.50   45.2    4.2    1056
 78  04/05/2020  0500    44.5   24.8     3.5     0.000   0   45.68   53.2    5.9      --
 79  04/05/2020  0600    44.4   25.3     5.2     0.000   0   46.79   57.6    7.7      --
 80  04/05/2020  0700    44.5   29.3     6.9     0.000   0   54.78   60.3    9.4      --
 81  04/05/2020  0800    45.2   31.6     8.6     0.000   0   58.72   62.2   11.2      --
 82  04/05/2020  0900    46.4   30.0    10.2     0.000   0   52.48   63.5   13.1      --
 83  04/05/2020  1000    48.2   30.4    11.9     0.000   0   49.87   64.6   14.9  no_inv
 84  04/05/2020  1100    51.4   30.8    10.6     0.000   0   45.01   66.2   13.8      --
 85  04/05/2020  1200    56.5   31.1     9.3     0.000   0   37.97   68.1   12.8      --
 86  04/05/2020  1300    60.6   31.9     7.9     0.000   0   33.73   70.3   11.8      --
 87  04/05/2020  1400    62.6   32.5     6.6     0.000   0   32.17   73.0   10.8      --
 88  04/05/2020  1500    63.7   32.9     5.3     0.000   0   31.54   76.2    9.8      --
 89  04/05/2020  1600    63.9   33.3     4.0     0.000   0   31.70   80.1    8.8  no_inv
 90  04/05/2020  1700    62.7   33.3     3.7     0.000   0   33.09   80.8    6.5      --
 91  04/05/2020  1800    60.8   32.9     3.4     0.000   0   34.93   82.3    4.2      --
 92  04/05/2020  1900    56.9   32.5     3.2     0.000   0   39.51   87.8    1.8      --
 93  04/05/2020  2000    54.8   32.5     2.9     0.000   0   42.68  229.8    0.6      --
 94  04/05/2020  2100    52.5   36.4     2.6     0.000   0   54.23  252.2    2.9      --
 95  04/05/2020  2200    50.1   41.8     2.3     0.030   0   73.01  254.8    5.3    1719
 96  04/05/2020  2300    48.0   42.9     2.6     0.000   0   82.60  261.4    5.6      --
 97  04/06/2020  0000    47.2   42.3     2.8     0.000   0   82.95  267.1    6.0      --
 98  04/06/2020  0100    46.5   41.7     3.1     0.000   0   83.34  272.0    6.5      --
 99  04/06/2020  0200    45.7   41.1     3.3     0.000   0   83.75  276.3    7.0      --
100  04/06/2020  0300    45.0   40.5     3.6     0.000   0   84.15  279.9    7.6      --
101  04/06/2020  0400    44.4   40.0     3.8     0.000   0   84.52  283.1    8.1     484
102  04/06/2020  0500    42.2   36.4     3.6     0.000   0   79.86  276.2    6.9      --
103  04/06/2020  0600    41.9   36.2     3.3     0.000   0   80.01  266.6    5.8      --
104  04/06/2020  0700    41.8   35.6     3.0     0.000   0   78.55  253.2    5.0      --
105  04/06/2020  0800    42.5   35.9     2.8     0.000   0   77.32  235.8    4.5      --
106  04/06/2020  0900    43.8   36.6     2.5     0.000   0   75.65  216.4    4.5      --
107  04/06/2020  1000    48.7   33.0     2.2     0.000   0   54.28  199.0    5.0  no_inv
108  04/06/2020  1100    52.1   32.8     4.9     0.000   0   47.62  230.1    6.7      --
109  04/06/2020  1200    57.4   32.9     7.5     0.000   0   39.32  245.9    9.4      --
110  04/06/2020  1300    62.0   33.4    10.1     0.000   0   34.12  254.3   12.6      --
111  04/06/2020  1400    64.3   33.5    12.8     0.000   0   31.51  259.3   15.9      --
112  04/06/2020  1500    65.6   33.1    15.4     0.000   0   29.68  262.5   19.2      --
113  04/06/2020  1600    66.2   33.0    18.1     0.000   0   28.91  264.8   22.7  no_inv
114  04/06/2020  1700    66.2   32.8    17.1     0.000   0   28.86  264.6   21.8      --
115  04/06/2020  1800    62.2   32.5    16.1     0.000   0   32.69  264.5   21.0      --
116  04/06/2020  1900    54.1   32.2    15.1     0.000   0   43.12  264.3   20.1      --
117  04/06/2020  2000    49.7   31.6    14.1     0.000   0   49.53  264.1   19.3      --
118  04/06/2020  2100    47.3   30.5    13.1     0.000   0   51.71  264.0   18.5      --
119  04/06/2020  2200    45.0   29.6    12.1     0.000   0   54.53  263.7   17.6    1334
120  04/06/2020  2300    42.9   28.7    13.2     0.000   0   56.95  264.9   18.6      --
121  04/07/2020  0000    42.1   27.9    14.3     0.000   0   56.83  266.0   19.5      --
122  04/07/2020  0100    41.2   27.2    15.4     0.000   0   57.21  267.0   20.5      --
123  04/07/2020  0200    40.3   26.7    16.5     0.000   0   58.07  267.9   21.4      --
124  04/07/2020  0300    39.3   26.4    17.6     0.000   0   59.43  268.7   22.4      --
125  04/07/2020  0400    38.4   26.3    18.7     0.000   0   61.32  269.5   23.3     766
126  04/07/2020  0500    37.5   26.4    16.2     0.000   0   63.68  268.0   20.8      --
127  04/07/2020  0600    37.0   26.6    13.7     0.000   0   65.84  266.0   18.3      --
128  04/07/2020  0700    37.8   28.4    11.3     0.000   0   68.55  263.5   15.8      --
129  04/07/2020  0800    40.0   27.7     8.8     0.000   0   61.07  260.0   13.3      --
130  04/07/2020  0900    43.9   32.1     6.3     0.000   0   63.05  255.0   10.9      --
131  04/07/2020  1000    48.9   32.1     3.9     0.000   0   52.16  247.4    8.7    3660
132  04/07/2020  1100    54.4   32.1     5.0     0.000   0   42.57  246.6    9.5      --
133  04/07/2020  1200    59.6   32.1     6.2     0.000   0   35.22  246.0   10.4      --
134  04/07/2020  1300    63.7   31.8     7.4     0.000   0   30.05  245.4   11.2      --
135  04/07/2020  1400    65.9   32.5     8.6     0.000   0   28.67  245.0   12.0      --
136  04/07/2020  1500    67.1   33.0     9.8     0.000   0   28.11  244.6   12.9      --
137  04/07/2020  1600    67.6   33.1    11.0     0.000   0   27.68  244.2   13.7    8671
138  04/07/2020  1700    67.8   33.2    10.6     0.000   0   27.61  253.8   11.0      --
139  04/07/2020  1800    64.1   32.9    10.2     0.000   0   31.02  269.1    8.7      --
140  04/07/2020  1900    56.6   33.4     9.8     0.000   0   41.31  292.0    7.4      --
141  04/07/2020  2000    52.5   33.2     9.4     0.000   0   47.53  318.5    7.6      --
142  04/07/2020  2100    50.2   32.6     9.0     0.000   0   50.74  339.5    9.2      --
143  04/07/2020  2200    47.8   32.1     8.6     0.000   0   54.23  353.1   11.6     784
144  04/07/2020  2300    44.3   31.9     7.2     0.000   0   61.40  352.6    9.6      --
145  04/08/2020  0000    42.5   32.0     5.8     0.000   0   66.09  351.8    7.5      --
146  04/08/2020  0100    40.7   32.2     4.5     0.000   0   71.22  350.5    5.4      --
147  04/08/2020  0200    39.1   32.7     3.1     0.000   0   77.55  347.6    3.4      --
148  04/08/2020  0300    37.6   32.7     1.8     0.000   0   82.18  335.9    1.4      --
149  04/08/2020  0400    36.3   32.7     0.4     0.000   5   86.43  206.6    0.9     848
150  04/08/2020  0500    35.3   32.7     0.5     0.000  10   90.10  184.0    1.0      --
151  04/08/2020  0600    34.7   32.7     0.6     0.000  10   92.14  168.4    1.3      --
152  04/08/2020  0700    36.0   32.7     0.8     0.000  10   87.75  158.4    1.6      --
153  04/08/2020  0800    39.3   32.7     0.9     0.000   5   77.02  151.7    1.9      --
154  04/08/2020  0900    44.7   32.7     1.0     0.000   0   62.62  147.1    2.3      --
155  04/08/2020  1000    51.3   32.7     1.2     0.000   0   48.69  143.8    2.6    5905
156  04/08/2020  1100    58.1   32.7     1.2     0.000   0   38.06  158.6    2.3      --
157  04/08/2020  1200    63.1   32.7     1.3     0.000   0   31.88  177.6    2.1      --
158  04/08/2020  1300    66.8   32.7     1.4     0.000   0   28.02  197.7    2.1      --
159  04/08/2020  1400    68.8   32.7     1.4     0.000   0   26.21  214.7    2.4      --
160  04/08/2020  1500    69.7   32.7     1.5     0.000   0   25.36  227.1    2.9      --
161  04/08/2020  1600    70.2   32.7     1.5     0.000   0   24.93  235.8    3.5    6112
162  04/08/2020  1700    70.3   32.7     3.2     0.000   0   24.84  251.2    5.1      --
163  04/08/2020  1800    67.6   32.7     4.8     0.000   0   27.26  258.9    6.8      --
164  04/08/2020  1900    62.1   33.7     6.5     0.000   0   34.43  263.3    8.7      --
165  04/08/2020  2000    59.0   34.7     8.2     0.000   0   39.94  266.2   10.6      --
166  04/08/2020  2100    56.7   34.7     9.8     0.000   0   43.44  268.2   12.5      --
167  04/08/2020  2200    54.3   34.2    11.5     0.000   0   46.37  269.7   14.4    1946
