  Generated by FoxLW on Thursday April 2, 2020 at 02:32 PDT
-------------------------------------------------------------------------------
  Toppenish
  46.3700:-120.3900  (46 22' 12.00"N  120 23' 24.00"W)  elev 777.6 feet    file: 310031
-------------------------------------------------------------------------------

Line#   Date     Hour   TempF  DewPtF WS(mph)  Rain(in) LW    RH%  WDir_50m WS_50m Inv(ft)
  5  04/02/2020  0400    24.1   23.2     0.4     0.000  10   96.29  331.8    4.0  no_inv
  6  04/02/2020  0500    24.1   23.2     0.4     0.000  10   96.29  352.6    2.3      --
  7  04/02/2020  0600    24.1   24.1     0.8     0.000  10  100.00   47.7    1.7      --
  8  04/02/2020  0700    24.6   24.6     1.5     0.000  10  100.00   90.2    2.9      --
  9  04/02/2020  0800    27.5   27.5     2.5     0.000  10  100.00  105.0    4.6      --
 10  04/02/2020  0900    33.6   29.8     3.5     0.000   5   85.88  111.4    6.5      --
 11  04/02/2020  1000    39.5   29.8     3.8     0.000   0   68.02  114.9    8.4  no_inv
 12  04/02/2020  1100    43.8   29.8     3.9     0.000   0   57.70  122.5    5.8      --
 13  04/02/2020  1200    45.8   29.8     3.9     0.000   0   53.39  141.4    3.4      --
 14  04/02/2020  1300    47.3   29.3     4.0     0.000   0   49.35  195.1    2.3      --
 15  04/02/2020  1400    48.1   29.4     4.1     0.000   0   48.14  241.6    3.8      --
 16  04/02/2020  1500    47.1   31.8     4.2     0.000   0   55.05  257.3    6.2      --
 17  04/02/2020  1600    45.9   34.1     4.2     0.010   0   63.20  263.9    8.9  no_inv
 18  04/02/2020  1700    46.7   33.2     5.3     0.000   0   59.07  280.7    8.3      --
 19  04/02/2020  1800    45.7   32.2     6.4     0.000   0   59.18  298.2    8.5      --
 20  04/02/2020  1900    43.5   31.7     7.4     0.000   0   62.94  313.5    9.4      --
 21  04/02/2020  2000    42.3   30.5     8.5     0.000   0   62.73  325.5   10.9      --
 22  04/02/2020  2100    40.0   28.8     9.6     0.000   0   64.03  334.3   12.7      --
 23  04/02/2020  2200    37.7   26.7    10.6     0.000   0   64.27  340.8   14.7  no_inv
 24  04/02/2020  2300    34.8   25.6     9.2     0.000   0   68.70  339.7   13.1      --
 25  04/03/2020  0000    32.7   24.7     7.8     0.000   0   72.10  338.3   11.4      --
 26  04/03/2020  0100    27.9   26.6     3.6     0.000   5   94.56  336.3    9.7      --
 27  04/03/2020  0200    25.8   25.2     1.5     0.000  10   97.64  333.6    8.1      --
 28  04/03/2020  0300    24.8   23.9     0.4     0.000  10   96.30  329.5    6.4      --
 29  04/03/2020  0400    24.8   23.9     0.4     0.000  10   96.30  322.7    4.9    1494
 30  04/03/2020  0500    24.8   23.9     0.4     0.000  10   96.30  324.8    4.0      --
 31  04/03/2020  0600    24.7   24.0     0.7     0.000  10   97.18  328.2    3.0      --
 32  04/03/2020  0700    25.1   25.0     0.9     0.000  10   99.44  334.6    2.1      --
 33  04/03/2020  0800    27.4   27.0     1.0     0.000  10   98.33  350.1    1.3      --
 34  04/03/2020  0900    32.1   28.6     0.8     0.000   5   86.68   38.8    0.8      --
 35  04/03/2020  1000    37.5   30.0     0.5     0.000   0   73.87   93.8    1.2  no_inv
 36  04/03/2020  1100    43.3   30.9     3.0     0.000   0   61.45  298.9    2.3      --
 37  04/03/2020  1200    48.0   31.2     5.4     0.000   0   52.08  293.9    5.6      --
 38  04/03/2020  1300    51.6   29.0     7.9     0.000   0   41.60  292.6    9.0      --
 39  04/03/2020  1400    53.5   25.9    10.4     0.000   0   34.16  292.0   12.4      --
 40  04/03/2020  1500    54.4   21.5    12.8     0.000   0   27.39  291.7   15.7      --
 41  04/03/2020  1600    54.9   19.3    15.3     0.000   0   24.48  291.5   19.1  no_inv
 42  04/03/2020  1700    55.0   20.2    13.6     0.000   0   25.43  294.0   17.4      --
 43  04/03/2020  1800    50.7   21.1    12.1     0.000   0   30.97  297.2   15.7      --
 44  04/03/2020  1900    41.8   21.2    10.4     0.000   0   43.38  301.0   14.1      --
 45  04/03/2020  2000    37.0   21.7     8.8     0.000   0   53.53  305.8   12.6      --
 46  04/03/2020  2100    34.6   22.7     7.2     0.000   0   61.32  311.9   11.2      --
 47  04/03/2020  2200    32.3   27.2     3.2     0.000   0   81.09  319.6    9.9  no_inv
 48  04/03/2020  2300    28.3   26.3     2.2     0.000   5   92.14  318.0    8.6      --
 49  04/04/2020  0000    26.2   25.3     1.4     0.000  10   96.35  315.7    7.4      --
 50  04/04/2020  0100    24.6   23.9     0.8     0.000  10   96.99  312.6    6.1      --
 51  04/04/2020  0200    24.0   23.1     0.4     0.000  10   96.29  307.8    4.9      --
 52  04/04/2020  0300    24.0   23.1     0.4     0.000  10   96.29  299.9    3.7      --
 53  04/04/2020  0400    24.0   23.1     0.4     0.000  10   96.29  285.5    2.7    7903
 54  04/04/2020  0500    24.0   23.1     0.4     0.000  10   96.29  288.5    1.5      --
 55  04/04/2020  0600    24.0   23.4     0.7     0.000  10   97.23  311.9    0.3      --
 56  04/04/2020  0700    24.6   24.4     1.1     0.000  10   99.13   90.3    0.9      --
 57  04/04/2020  0800    27.4   26.3     1.5     0.000  10   95.70   96.8    2.1      --
 58  04/04/2020  0900    33.1   27.8     1.9     0.000   5   80.43   98.6    3.3      --
 59  04/04/2020  1000    39.3   29.1     2.0     0.000   0   66.59   99.4    4.4    7001
 60  04/04/2020  1100    44.7   30.0     2.0     0.000   0   56.02   98.1    4.4      --
 61  04/04/2020  1200    47.9   30.4     2.0     0.000   0   50.38   96.6    4.3      --
 62  04/04/2020  1300    50.4   30.4     1.9     0.000   0   45.91   95.2    4.2      --
 63  04/04/2020  1400    51.7   29.8     1.9     0.000   0   42.68   93.7    4.1      --
 64  04/04/2020  1500    52.7   28.3     1.9     0.000   0   38.80   92.1    4.1      --
 65  04/04/2020  1600    53.3   26.4     1.8     0.000   0   35.15   90.5    4.0  no_inv
 66  04/04/2020  1700    53.7   24.9     1.9     0.000   0   32.53   76.6    2.7      --
 67  04/04/2020  1800    52.8   24.4     2.1     0.000   0   32.79   44.9    1.8      --
 68  04/04/2020  1900    51.0   27.8     2.2     0.000   0   40.34  357.8    2.0      --
 69  04/04/2020  2000    50.1   29.6     1.0     0.000   0   45.12  331.3    3.0      --
 70  04/04/2020  2100    47.7   30.4     0.4     0.000   0   50.70  319.5    4.3      --
 71  04/04/2020  2200    45.4   30.4     0.4     0.000   0   55.38  313.5    5.7     667
 72  04/04/2020  2300    45.0   30.4     0.4     0.000   0   56.11  327.7    4.6      --
 73  04/05/2020  0000    45.0   29.6     1.1     0.000   0   54.56  348.8    3.9      --
 74  04/05/2020  0100    44.9   28.9     1.8     0.000   0   53.13   13.8    3.9      --
 75  04/05/2020  0200    44.8   28.2     2.6     0.000   0   51.83   35.0    4.6      --
 76  04/05/2020  0300    44.8   27.8     3.1     0.000   0   51.03   49.4    5.7      --
 77  04/05/2020  0400    44.8   27.8     3.2     0.000   0   50.96   58.7    7.1  no_inv
 78  04/05/2020  0500    44.9   27.8     2.7     0.000   0   50.74   57.2    5.8      --
 79  04/05/2020  0600    45.0   28.0     2.3     0.000   0   51.24   55.0    4.6      --
 80  04/05/2020  0700    44.9   28.7     1.8     0.000   0   52.73   51.0    3.3      --
 81  04/05/2020  0800    45.1   29.7     1.4     0.000   0   54.56   42.6    2.1      --
 82  04/05/2020  0900    45.5   31.2     0.9     0.000   0   57.15   16.0    1.1      --
 83  04/05/2020  1000    46.1   31.9     0.4     0.000   0   57.25  302.1    1.0  no_inv
 84  04/05/2020  1100    47.8   32.5     0.5     0.000   0   55.37  313.7    0.8      --
 85  04/05/2020  1200    52.2   32.8     0.5     0.000   0   47.45  334.9    0.6      --
 86  04/05/2020  1300    57.0   32.8     0.5     0.000   0   39.89    7.9    0.5      --
 87  04/05/2020  1400    59.5   32.8     0.5     0.000   0   36.42   38.0    0.6      --
 88  04/05/2020  1500    60.9   32.7     0.5     0.000   0   34.48   55.6    0.8      --
 89  04/05/2020  1600    61.5   32.6     0.5     0.000   0   33.67   65.4    1.1  no_inv
 90  04/05/2020  1700    60.7   32.5     2.8     0.000   0   34.52  339.5    3.0      --
 91  04/05/2020  1800    59.4   32.5     5.2     0.000   0   36.11  329.2    6.1      --
 92  04/05/2020  1900    56.7   33.0     7.5     0.000   0   40.58  325.9    9.1      --
 93  04/05/2020  2000    55.2   33.0     9.9     0.000   0   42.72  324.2   12.3      --
 94  04/05/2020  2100    52.9   30.9    12.2     0.000   0   42.71  323.2   15.4      --
 95  04/05/2020  2200    50.6   30.7    14.5     0.000   0   46.30  322.6   18.5     138
 96  04/05/2020  2300    48.7   30.6    12.9     0.000   0   49.43  323.6   17.0      --
 97  04/06/2020  0000    47.3   31.9    11.4     0.000   0   54.86  324.7   15.6      --
 98  04/06/2020  0100    46.0   32.3     9.8     0.000   0   58.76  326.1   14.2      --
 99  04/06/2020  0200    44.8   32.3     8.2     0.000   0   61.25  327.8   12.7      --
100  04/06/2020  0300    43.8   32.4     6.6     0.000   0   64.05  329.9   11.3      --
101  04/06/2020  0400    42.4   32.7     2.4     0.000   0   68.13  332.7    9.9     815
102  04/06/2020  0500    42.2   32.7     2.9     0.000   0   68.82  329.8    8.9      --
103  04/06/2020  0600    41.8   32.8     3.2     0.000   0   70.13  326.2    7.9      --
104  04/06/2020  0700    42.2   33.5     3.3     0.000   0   70.84  321.6    7.0      --
105  04/06/2020  0800    43.6   34.5     3.1     0.000   0   70.17  315.6    6.1      --
106  04/06/2020  0900    45.9   35.6     2.6     0.000   0   67.15  307.8    5.3      --
107  04/06/2020  1000    49.1   36.6     2.1     0.000   0   62.01  297.4    4.7  no_inv
108  04/06/2020  1100    52.9   37.3     2.8     0.000   0   55.40  296.3    5.6      --
109  04/06/2020  1200    57.5   37.6     3.5     0.000   0   47.20  295.5    6.5      --
110  04/06/2020  1300    61.3   37.6     4.1     0.000   0   41.30  294.9    7.5      --
111  04/06/2020  1400    63.2   37.0     4.8     0.000   0   37.65  294.4    8.4      --
112  04/06/2020  1500    64.2   35.4     5.5     0.000   0   34.18  294.0    9.3      --
113  04/06/2020  1600    64.7   33.5     6.2     0.000   0   31.10  293.7   10.3    9010
114  04/06/2020  1700    64.8   31.9     6.0     0.000   0   29.16  300.9    9.6      --
115  04/06/2020  1800    58.7   31.3     5.8     0.000   0   35.20  309.0    9.1      --
116  04/06/2020  1900    46.4   33.8     5.7     0.000   0   61.34  317.9    8.8      --
117  04/06/2020  2000    39.6   36.3     2.8     0.000   0   87.86  327.1    8.8      --
118  04/06/2020  2100    37.3   37.0     1.5     0.000   5   98.74  336.1    8.9      --
119  04/06/2020  2200    35.0   33.7     0.4     0.000  10   95.25  344.7    9.3    5718
120  04/06/2020  2300    32.7   31.8     0.4     0.000  10   96.44  344.8    8.9      --
121  04/07/2020  0000    31.6   30.7     0.4     0.000  10   96.42  345.0    8.6      --
122  04/07/2020  0100    30.8   29.9     0.4     0.000  10   96.41  345.2    8.2      --
123  04/07/2020  0200    30.8   29.9     0.4     0.000  10   96.41  345.3    7.8      --
124  04/07/2020  0300    30.8   29.9     0.4     0.000  10   96.41  345.5    7.4      --
125  04/07/2020  0400    30.8   29.9     0.4     0.000  10   96.41  345.8    7.1    1073
126  04/07/2020  0500    30.8   29.9     0.4     0.000  10   96.41  342.3    6.0      --
127  04/07/2020  0600    30.8   30.2     1.0     0.000  10   97.58  337.4    4.9      --
128  04/07/2020  0700    31.5   31.5     1.4     0.000  10  100.00  329.7    3.9      --
129  04/07/2020  0800    34.6   34.1     1.6     0.000  10   98.11  317.2    3.0      --
130  04/07/2020  0900    40.7   36.3     1.4     0.000   5   83.93  296.1    2.3      --
131  04/07/2020  1000    47.5   38.1     1.0     0.000   0   69.76  266.6    2.2    8269
132  04/07/2020  1100    54.4   39.4     2.9     0.000   0   56.90  309.6    3.6      --
133  04/07/2020  1200    59.5   39.9     4.8     0.000   0   48.22  324.5    5.8      --
134  04/07/2020  1300    63.3   37.4     6.8     0.000   0   38.26  331.0    8.2      --
135  04/07/2020  1400    65.3   34.5     8.7     0.000   0   31.73  334.5   10.7      --
136  04/07/2020  1500    66.3   31.1    10.6     0.000   0   26.74  336.7   13.1      --
137  04/07/2020  1600    66.8   28.4    12.5     0.000   0   23.57  338.2   15.6  no_inv
138  04/07/2020  1700    67.0   28.3    12.7     0.000   0   23.34  338.3   15.9      --
139  04/07/2020  1800    63.4   28.1    12.9     0.000   0   26.28  338.5   16.1      --
140  04/07/2020  1900    56.0   27.0    13.1     0.000   0   32.60  338.6   16.3      --
141  04/07/2020  2000    52.0   26.4    13.3     0.000   0   36.83  338.7   16.6      --
142  04/07/2020  2100    49.6   25.8    13.4     0.000   0   39.14  338.8   16.8      --
143  04/07/2020  2200    47.3   25.6    13.6     0.000   0   42.42  338.9   17.0    3211
144  04/07/2020  2300    43.7   26.7    11.7     0.000   0   50.82  339.4   15.0      --
145  04/08/2020  0000    41.9   26.9     9.8     0.000   0   54.79  340.0   12.9      --
146  04/08/2020  0100    40.2   27.4     7.9     0.000   0   59.92  340.9   10.9      --
147  04/08/2020  0200    35.6   32.8     1.9     0.000   5   89.43  342.1    8.8      --
148  04/08/2020  0300    34.5   33.6     0.4     0.000  10   96.47  344.2    6.7      --
149  04/08/2020  0400    34.5   33.6     0.4     0.000  10   96.47  348.0    4.7     529
150  04/08/2020  0500    34.5   33.6     0.4     0.000  10   96.47  343.3    4.1      --
151  04/08/2020  0600    34.5   33.6     0.8     0.000  10   96.42  337.2    3.6      --
152  04/08/2020  0700    35.1   34.2     1.1     0.000  10   96.64  329.2    3.2      --
153  04/08/2020  0800    37.8   35.6     1.3     0.000  10   91.54  318.7    2.8      --
154  04/08/2020  0900    43.2   36.4     1.3     0.000   5   76.74  305.4    2.5      --
155  04/08/2020  1000    49.3   37.4     1.1     0.000   0   63.44  290.0    2.4    5851
156  04/08/2020  1100    55.7   38.1     1.0     0.000   0   51.42  295.0    2.0      --
157  04/08/2020  1200    61.3   38.3     0.9     0.000   0   42.59  302.6    1.6      --
158  04/08/2020  1300    65.5   38.3     0.8     0.000   0   36.69  314.9    1.2      --
159  04/08/2020  1400    67.8   37.9     0.7     0.000   0   33.27  335.1    1.0      --
160  04/08/2020  1500    69.0   36.6     0.6     0.000   0   30.40    3.5    0.9      --
161  04/08/2020  1600    69.6   35.0     0.5     0.000   0   27.96   29.6    1.0    7541
162  04/08/2020  1700    69.8   33.8     2.4     0.000   0   26.41    2.9    3.3      --
163  04/08/2020  1800    66.8   33.3     4.4     0.000   0   28.79  358.1    5.7      --
164  04/08/2020  1900    60.5   34.7     6.3     0.000   0   37.96  356.2    8.1      --
165  04/08/2020  2000    57.0   32.8     8.2     0.000   0   39.78  355.1   10.4      --
166  04/08/2020  2100    54.7   32.7    10.2     0.000   0   43.19  354.5   12.8      --
167  04/08/2020  2200    52.3   30.8    12.1     0.000   0   43.50  354.0   15.2    1154
