  Generated by FoxLW on Thursday April 2, 2020 at 02:32 PDT
-------------------------------------------------------------------------------
  Port Of Sunnyside
  46.2800:-120.0100  (46 16' 48.00"N  120 0' 36.00"W)  elev 705.4 feet    file: 310120
-------------------------------------------------------------------------------

Line#   Date     Hour   TempF  DewPtF WS(mph)  Rain(in) LW    RH%  WDir_50m WS_50m Inv(ft)
  5  04/02/2020  0400    24.2   23.3     0.4     0.000  10   96.29  334.9    6.2  no_inv
  6  04/02/2020  0500    24.2   23.4     0.7     0.000  10   96.76  339.1    4.6      --
  7  04/02/2020  0600    24.1   24.1     1.2     0.000  10  100.00  347.4    3.1      --
  8  04/02/2020  0700    24.8   24.8     1.6     0.000  10  100.00    9.1    1.8      --
  9  04/02/2020  0800    27.7   27.7     1.9     0.000  10  100.00   67.8    1.4      --
 10  04/02/2020  0900    33.4   29.9     1.9     0.000   5   86.91  108.8    2.4      --
 11  04/02/2020  1000    39.7   29.9     1.7     0.000   0   67.78  122.4    3.8  no_inv
 12  04/02/2020  1100    45.6   29.9     1.6     0.000   0   53.99  123.5    3.5      --
 13  04/02/2020  1200    49.3   29.9     1.4     0.000   0   46.94  124.8    3.2      --
 14  04/02/2020  1300    51.9   29.9     1.3     0.000   0   42.60  126.3    2.9      --
 15  04/02/2020  1400    53.2   29.9     1.2     0.000   0   40.67  128.3    2.6      --
 16  04/02/2020  1500    51.6   32.5     1.0     0.000   0   47.99  130.8    2.3      --
 17  04/02/2020  1600    49.6   35.3     0.9     0.010   0   57.71  134.0    2.0  no_inv
 18  04/02/2020  1700    50.6   34.1     3.3     0.000   0   52.93  340.8    1.7      --
 19  04/02/2020  1800    49.9   32.9     5.8     0.000   0   51.85  331.0    5.2      --
 20  04/02/2020  1900    48.5   32.5     8.2     0.000   0   53.77  329.1    8.7      --
 21  04/02/2020  2000    47.7   30.8    10.6     0.000   0   51.69  328.3   12.3      --
 22  04/02/2020  2100    45.4   26.0    13.1     0.000   0   46.44  327.8   15.8      --
 23  04/02/2020  2200    43.0   24.7    15.5     0.000   0   48.02  327.5   19.4  no_inv
 24  04/02/2020  2300    38.9   23.4    13.3     0.000   0   53.17  325.6   16.9      --
 25  04/03/2020  0000    35.8   23.4    11.2     0.000   0   60.25  323.1   14.5      --
 26  04/03/2020  0100    33.1   22.6     9.0     0.000   0   65.06  319.5   12.1      --
 27  04/03/2020  0200    26.9   25.8     2.3     0.000   5   95.47  314.1    9.7      --
 28  04/03/2020  0300    25.4   24.5     0.5     0.000  10   96.36  305.6    7.5      --
 29  04/03/2020  0400    25.4   24.5     0.4     0.000  10   96.31  290.7    5.7  no_inv
 30  04/03/2020  0500    25.4   24.5     0.5     0.000  10   96.34  287.5    4.8      --
 31  04/03/2020  0600    25.3   24.7     0.9     0.000  10   97.33  283.1    4.0      --
 32  04/03/2020  0700    25.8   25.6     1.1     0.000  10   99.01  276.4    3.2      --
 33  04/03/2020  0800    28.2   27.8     1.2     0.000  10   98.15  265.7    2.5      --
 34  04/03/2020  0900    33.1   28.4     1.1     0.000   5   82.69  247.9    2.0      --
 35  04/03/2020  1000    38.6   29.5     0.8     0.000   0   69.55  221.0    1.7  no_inv
 36  04/03/2020  1100    44.0   30.3     3.1     0.000   0   58.24  271.9    3.8      --
 37  04/03/2020  1200    47.3   30.6     5.4     0.000   0   52.08  283.4    6.6      --
 38  04/03/2020  1300    49.9   28.6     7.8     0.000   0   43.57  288.0    9.5      --
 39  04/03/2020  1400    51.4   26.2    10.1     0.000   0   37.25  290.4   12.5      --
 40  04/03/2020  1500    52.4   22.2    12.4     0.000   0   30.42  291.8   15.4      --
 41  04/03/2020  1600    53.1   20.2    14.7     0.000   0   27.22  292.8   18.4    5820
 42  04/03/2020  1700    53.5   20.8    13.6     0.000   0   27.50  294.7   17.1      --
 43  04/03/2020  1800    50.8   21.5    12.5     0.000   0   31.24  296.9   15.9      --
 44  04/03/2020  1900    45.3   21.7    11.4     0.000   0   38.85  299.5   14.7      --
 45  04/03/2020  2000    42.2   22.2    10.3     0.000   0   44.58  302.5   13.5      --
 46  04/03/2020  2100    39.9   22.5     9.2     0.000   0   49.42  306.0   12.4      --
 47  04/03/2020  2200    37.5   22.8     8.1     0.000   0   54.94  310.3   11.3     371
 48  04/03/2020  2300    34.2   24.0     6.8     0.000   0   66.04  309.7    9.5      --
 49  04/04/2020  0000    31.1   25.5     4.8     0.000   5   79.60  308.9    7.7      --
 50  04/04/2020  0100    27.7   25.8     2.6     0.000  10   92.52  307.5    5.9      --
 51  04/04/2020  0200    25.4   24.8     1.2     0.000  10   97.34  305.0    4.1      --
 52  04/04/2020  0300    24.1   23.3     0.5     0.000  10   96.39  298.7    2.3      --
 53  04/04/2020  0400    24.1   23.2     0.3     0.000  10   96.29  261.6    0.8    4762
 54  04/04/2020  0500    24.1   23.2     0.4     0.000  10   96.32  239.5    0.5      --
 55  04/04/2020  0600    24.1   23.5     0.4     0.000  10   97.41  190.6    0.4      --
 56  04/04/2020  0700    24.7   24.5     0.5     0.000  10   99.26  151.8    0.6      --
 57  04/04/2020  0800    27.6   26.4     0.6     0.000  10   95.34  136.1    0.9      --
 58  04/04/2020  0900    33.3   27.9     0.6     0.000   5   80.15  128.8    1.2      --
 59  04/04/2020  1000    39.5   29.2     0.7     0.000   0   66.11  124.8    1.5    7942
 60  04/04/2020  1100    45.2   30.1     1.2     0.000   0   55.09   73.6    1.8      --
 61  04/04/2020  1200    48.5   30.4     1.7     0.000   0   49.44   48.2    2.8      --
 62  04/04/2020  1300    51.0   30.4     2.2     0.000   0   44.96   37.6    4.1      --
 63  04/04/2020  1400    52.5   29.8     2.8     0.000   0   41.61   32.2    5.5      --
 64  04/04/2020  1500    53.4   28.2     3.3     0.000   0   37.69   29.0    6.9      --
 65  04/04/2020  1600    54.0   26.3     3.8     0.000   0   33.96   26.8    8.3  no_inv
 66  04/04/2020  1700    54.5   24.7     4.1     0.000   0   31.30   23.8    8.5      --
 67  04/04/2020  1800    54.0   24.1     4.3     0.000   0   31.07   20.9    8.7      --
 68  04/04/2020  1900    53.0   27.7     4.6     0.000   0   37.40   18.1    9.0      --
 69  04/04/2020  2000    52.5   28.1     4.3     0.000   0   38.71   15.4    9.2      --
 70  04/04/2020  2100    50.1   28.4     3.9     0.000   0   42.83   13.0    9.5      --
 71  04/04/2020  2200    47.8   28.8     3.5     0.000   0   47.43   10.6    9.8     738
 72  04/04/2020  2300    46.8   28.4     4.5     0.000   0   48.47   13.1   10.3      --
 73  04/05/2020  0000    46.2   28.1     5.7     0.000   0   49.01   15.3   10.9      --
 74  04/05/2020  0100    45.7   28.5     7.0     0.000   0   50.74   17.3   11.5      --
 75  04/05/2020  0200    45.1   29.2     7.5     0.000   0   53.35   19.1   12.0      --
 76  04/05/2020  0300    44.7   29.8     8.0     0.000   0   55.60   20.7   12.6      --
 77  04/05/2020  0400    44.5   29.9     8.6     0.000   0   56.36   22.2   13.2    1287
 78  04/05/2020  0500    44.4   29.7     7.7     0.000   0   56.05   22.6   12.2      --
 79  04/05/2020  0600    44.4   30.0     6.8     0.000   0   56.77   23.0   11.2      --
 80  04/05/2020  0700    44.4   30.7     5.9     0.000   0   58.32   23.6   10.3      --
 81  04/05/2020  0800    44.8   31.8     5.1     0.000   0   59.91   24.2    9.3      --
 82  04/05/2020  0900    45.6   32.9     4.2     0.000   0   60.92   25.0    8.3      --
 83  04/05/2020  1000    46.8   34.0     3.3     0.000   0   60.73   26.0    7.3  no_inv
 84  04/05/2020  1100    49.2   34.7     3.0     0.000   0   57.15   27.1    6.7      --
 85  04/05/2020  1200    54.0   34.9     2.7     0.000   0   48.32   28.5    6.0      --
 86  04/05/2020  1300    58.5   34.9     2.4     0.000   0   41.01   30.1    5.3      --
 87  04/05/2020  1400    60.8   34.7     2.1     0.000   0   37.59   32.2    4.7      --
 88  04/05/2020  1500    62.0   34.2     1.8     0.000   0   35.20   35.0    4.1      --
 89  04/05/2020  1600    62.5   33.5     1.5     0.000   0   33.75   38.8    3.4  no_inv
 90  04/05/2020  1700    61.7   33.0     3.0     0.000   0   34.00  354.4    2.5      --
 91  04/05/2020  1800    60.6   32.8     4.4     0.000   0   35.00  311.4    3.5      --
 92  04/05/2020  1900    58.5   33.8     5.8     0.000   0   39.27  293.1    5.5      --
 93  04/05/2020  2000    57.3   33.3     7.2     0.000   0   40.15  284.9    7.7      --
 94  04/05/2020  2100    54.9   32.9     8.6     0.000   0   43.08  280.4   10.0      --
 95  04/05/2020  2200    52.6   32.8    10.0     0.000   0   46.82  277.6   12.3  no_inv
 96  04/05/2020  2300    50.7   32.8    10.1     0.000   0   50.10  279.1   12.5      --
 97  04/06/2020  0000    49.2   32.7    10.3     0.000   0   52.68  280.6   12.7      --
 98  04/06/2020  0100    47.9   32.6    10.4     0.000   0   55.17  282.1   12.9      --
 99  04/06/2020  0200    46.7   32.5    10.5     0.000   0   57.51  283.5   13.2      --
100  04/06/2020  0300    45.7   32.4    10.7     0.000   0   59.60  284.9   13.4      --
101  04/06/2020  0400    44.8   32.4    10.8     0.000   0   61.38  286.2   13.6     181
102  04/06/2020  0500    44.2   32.6     9.5     0.000   0   63.59  284.3   12.3      --
103  04/06/2020  0600    43.9   32.7     8.1     0.000   0   64.46  282.0   10.9      --
104  04/06/2020  0700    44.1   33.2     6.7     0.000   0   65.30  279.0    9.6      --
105  04/06/2020  0800    45.0   30.8     5.4     0.000   0   57.06  275.1    8.3      --
106  04/06/2020  0900    46.7   30.8     4.0     0.000   0   53.77  269.8    7.0      --
107  04/06/2020  1000    49.0   31.1     2.7     0.000   0   49.95  262.3    5.9  no_inv
108  04/06/2020  1100    51.9   31.1     2.7     0.000   0   44.78  267.3    5.8      --
109  04/06/2020  1200    55.3   31.1     2.7     0.000   0   39.51  272.5    5.7      --
110  04/06/2020  1300    58.3   31.1     2.7     0.000   0   35.48  277.8    5.7      --
111  04/06/2020  1400    59.9   31.1     2.7     0.000   0   33.46  283.0    5.8      --
112  04/06/2020  1500    61.1   31.1     2.7     0.000   0   32.08  288.0    5.9      --
113  04/06/2020  1600    61.9   31.1     2.7     0.000   0   31.25  292.9    6.0  no_inv
114  04/06/2020  1700    62.2   31.1     4.0     0.000   0   30.84  289.4    7.2      --
115  04/06/2020  1800    59.6   31.1     5.3     0.000   0   33.91  286.9    8.4      --
116  04/06/2020  1900    54.1   32.0     6.7     0.000   0   42.76  285.0    9.6      --
117  04/06/2020  2000    51.1   32.4     8.0     0.000   0   48.50  283.5   10.8      --
118  04/06/2020  2100    48.8   32.0     9.3     0.000   0   52.16  282.3   12.1      --
119  04/06/2020  2200    46.4   31.4    10.6     0.000   0   55.60  281.4   13.3    9184
120  04/06/2020  2300    43.4   31.2     9.2     0.000   0   62.00  282.4   11.9      --
121  04/07/2020  0000    41.1   30.9     7.9     0.000   0   66.66  283.7   10.6      --
122  04/07/2020  0100    36.0   30.9     4.1     0.000   0   81.66  285.4    9.2      --
123  04/07/2020  0200    33.3   31.0     2.1     0.000   5   91.31  287.6    7.8      --
124  04/07/2020  0300    31.7   30.8     0.7     0.000  10   96.47  290.8    6.5      --
125  04/07/2020  0400    31.4   30.5     0.4     0.000  10   96.41  295.6    5.2     505
126  04/07/2020  0500    31.4   30.6     0.6     0.000  10   96.60  293.0    4.5      --
127  04/07/2020  0600    31.4   30.8     0.9     0.000  10   97.63  289.5    3.8      --
128  04/07/2020  0700    32.0   31.7     1.1     0.000  10   98.55  284.5    3.1      --
129  04/07/2020  0800    35.1   32.8     1.1     0.000  10   91.40  276.8    2.5      --
130  04/07/2020  0900    40.7   34.2     1.0     0.000   5   77.31  264.4    1.9      --
131  04/07/2020  1000    47.2   35.2     0.7     0.000   0   62.72  243.8    1.5    5784
132  04/07/2020  1100    54.0   35.9     2.4     0.000   0   50.12  296.4    2.8      --
133  04/07/2020  1200    59.5   36.1     4.1     0.000   0   41.60  311.1    4.8      --
134  04/07/2020  1300    63.6   34.5     5.8     0.000   0   33.72  316.9    7.0      --
135  04/07/2020  1400    65.8   32.6     7.5     0.000   0   28.90  320.0    9.1      --
136  04/07/2020  1500    67.0   30.7     9.1     0.000   0   25.78  321.9   11.4      --
137  04/07/2020  1600    67.6   29.3    10.9     0.000   0   23.79  323.1   13.6    8397
138  04/07/2020  1700    67.8   29.5    10.3     0.000   0   23.89  320.9   13.1      --
139  04/07/2020  1800    64.3   29.7     9.8     0.000   0   27.04  318.5   12.6      --
140  04/07/2020  1900    57.3   29.2     9.2     0.000   0   33.93  316.0   12.2      --
141  04/07/2020  2000    53.5   28.8     8.7     0.000   0   38.44  313.2   11.8      --
142  04/07/2020  2100    51.2   28.4     8.1     0.000   0   41.14  310.3   11.4      --
143  04/07/2020  2200    48.8   28.7     7.6     0.000   0   45.52  307.2   11.0     925
144  04/07/2020  2300    45.6   28.6     7.6     0.000   0   50.98  313.8   10.6      --
145  04/08/2020  0000    44.1   28.4     7.6     0.000   0   53.67  320.8   10.4      --
146  04/08/2020  0100    42.7   28.3     7.6     0.000   0   56.43  328.1   10.3      --
147  04/08/2020  0200    41.4   28.2     7.6     0.000   0   59.14  335.3   10.4      --
148  04/08/2020  0300    40.2   28.1     7.6     0.000   0   61.71  342.3   10.7      --
149  04/08/2020  0400    39.2   28.1     7.6     0.000   0   64.05  348.9   11.1     601
150  04/08/2020  0500    38.4   29.6     6.6     0.000   0   70.38  346.0    9.4      --
151  04/08/2020  0600    38.0   30.6     5.5     0.000   0   74.50  341.8    7.7      --
152  04/08/2020  0700    38.9   31.2     4.5     0.000   0   73.66  335.2    6.0      --
153  04/08/2020  0800    41.4   30.8     3.4     0.000   0   65.93  324.0    4.5      --
154  04/08/2020  0900    45.5   30.8     2.4     0.000   0   56.35  303.7    3.3      --
155  04/08/2020  1000    50.8   30.8     1.3     0.000   0   46.16  271.2    2.9    5994
156  04/08/2020  1100    56.5   30.8     1.2     0.000   0   37.40  272.4    2.7      --
157  04/08/2020  1200    61.8   30.8     1.2     0.000   0   30.98  273.7    2.5      --
158  04/08/2020  1300    65.9   30.8     1.1     0.000   0   26.86  275.3    2.4      --
159  04/08/2020  1400    68.1   30.8     1.0     0.000   0   24.92  277.1    2.2      --
160  04/08/2020  1500    69.2   30.8     0.9     0.000   0   23.99  279.3    2.0      --
161  04/08/2020  1600    69.8   30.8     0.8     0.000   0   23.51  281.8    1.8    7620
162  04/08/2020  1700    69.9   30.8     2.9     0.000   0   23.39  322.0    3.8      --
163  04/08/2020  1800    67.2   30.8     5.0     0.000   0   25.65  332.8    6.3      --
164  04/08/2020  1900    61.7   32.3     7.1     0.000   0   32.93  337.4    8.9      --
165  04/08/2020  2000    58.7   32.8     9.2     0.000   0   37.54  339.9   11.5      --
166  04/08/2020  2100    56.3   32.4    11.3     0.000   0   40.11  341.5   14.1      --
167  04/08/2020  2200    54.0   30.8    13.4     0.000   0   41.00  342.5   16.8     455
