  Generated by FoxLW on Thursday April 2, 2020 at 02:32 PDT
-------------------------------------------------------------------------------
  Buena
  46.4400:-120.2900  (46 26' 24.00"N  120 17' 24.00"W)  elev 941.6 feet    file: 310138
-------------------------------------------------------------------------------

Line#   Date     Hour   TempF  DewPtF WS(mph)  Rain(in) LW    RH%  WDir_50m WS_50m Inv(ft)
  5  04/02/2020  0400    36.1   23.4     2.1     0.000   0   59.53   32.7    4.7     899
  6  04/02/2020  0500    35.7   23.5     2.3     0.000   0   60.72   49.6    3.8      --
  7  04/02/2020  0600    35.5   28.9     2.5     0.000   0   76.75   73.7    3.4      --
  8  04/02/2020  0700    35.7   30.6     2.6     0.000   0   81.23   99.2    3.6      --
  9  04/02/2020  0800    36.7   30.6     2.8     0.000   0   78.31  118.2    4.4      --
 10  04/02/2020  0900    38.3   30.6     3.0     0.000   0   73.44  130.4    5.6      --
 11  04/02/2020  1000    40.5   30.6     3.1     0.000   0   67.41  138.2    6.9  no_inv
 12  04/02/2020  1100    42.9   27.1     4.4     0.000   0   53.48  161.1    5.4      --
 13  04/02/2020  1200    45.0   28.3     5.7     0.000   0   51.53  192.3    5.2      --
 14  04/02/2020  1300    46.7   29.7     6.9     0.000   0   51.23  218.1    6.4      --
 15  04/02/2020  1400    47.6   30.5     8.2     0.000   0   51.28  233.7    8.4      --
 16  04/02/2020  1500    48.2   31.0     9.4     0.000   0   51.02  242.8   10.8      --
 17  04/02/2020  1600    48.5   31.1    10.7     0.000   0   50.63  248.5   13.4  no_inv
 18  04/02/2020  1700    48.5   31.0    11.3     0.000   0   50.47  263.5   11.0      --
 19  04/02/2020  1800    47.8   30.5    11.8     0.000   0   50.99  284.4    9.7      --
 20  04/02/2020  1900    46.3   29.7    12.3     0.000   0   52.22  307.6   10.0      --
 21  04/02/2020  2000    45.4   28.5    12.9     0.000   0   51.21  326.9   11.7      --
 22  04/02/2020  2100    43.1   26.9    13.4     0.000   0   52.43  340.2   14.3      --
 23  04/02/2020  2200    40.8   25.6    13.9     0.000   0   54.41  349.0   17.4  no_inv
 24  04/02/2020  2300    39.5   24.3    12.8     0.000   0   54.15  351.0   16.2      --
 25  04/03/2020  0000    38.6   24.6    11.7     0.000   0   56.60  353.3   15.1      --
 26  04/03/2020  0100    37.8   23.9    10.6     0.000   0   56.93  356.0   14.0      --
 27  04/03/2020  0200    37.0   23.3     9.5     0.000   0   57.28  359.1   12.9      --
 28  04/03/2020  0300    36.3   22.8     8.4     0.000   0   57.66    2.8   11.8      --
 29  04/03/2020  0400    35.7   24.5     7.3     0.000   0   63.46    7.2   10.8     397
 30  04/03/2020  0500    35.2   26.9     6.2     0.000   0   71.22    5.9    8.8      --
 31  04/03/2020  0600    34.9   28.2     5.1     0.000   0   76.34    3.8    6.8      --
 32  04/03/2020  0700    35.1   30.4     4.1     0.000   0   82.57  360.0    4.8      --
 33  04/03/2020  0800    36.0   30.4     3.0     0.000   0   79.63  350.6    2.8      --
 34  04/03/2020  0900    37.7   25.0     1.9     0.000   0   59.73  309.6    1.2      --
 35  04/03/2020  1000    40.0   19.6     0.8     0.000   0   43.38  227.7    1.9  no_inv
 36  04/03/2020  1100    42.9   19.1     3.1     0.000   0   38.00  271.0    4.0      --
 37  04/03/2020  1200    47.2   18.8     5.3     0.000   0   31.87  282.0    6.7      --
 38  04/03/2020  1300    50.9   19.4     7.6     0.000   0   28.54  286.5    9.5      --
 39  04/03/2020  1400    52.8   20.1     9.9     0.000   0   27.38  288.9   12.4      --
 40  04/03/2020  1500    53.8   20.0    12.1     0.000   0   26.29  290.5   15.2      --
 41  04/03/2020  1600    54.3   19.2    14.4     0.000   0   24.93  291.5   18.1  no_inv
 42  04/03/2020  1700    54.4   19.9    13.3     0.000   0   25.63  296.7   16.4      --
 43  04/03/2020  1800    52.2   20.0    12.2     0.000   0   27.98  303.0   14.9      --
 44  04/03/2020  1900    47.6   20.6    11.1     0.000   0   33.99  310.7   13.6      --
 45  04/03/2020  2000    45.1   21.1    10.0     0.000   0   38.07  319.7   12.6      --
 46  04/03/2020  2100    42.8   21.1     8.9     0.000   0   41.69  330.0   11.9      --
 47  04/03/2020  2200    40.4   21.4     7.8     0.000   0   46.17  341.1   11.7  no_inv
 48  04/03/2020  2300    38.8   21.4     6.9     0.000   0   49.11  338.6    9.0      --
 49  04/04/2020  0000    38.2   21.2     6.0     0.000   0   49.81  333.7    6.2      --
 50  04/04/2020  0100    37.6   21.0     5.1     0.000   0   50.63  321.7    3.6      --
 51  04/04/2020  0200    37.0   20.6     4.2     0.000   0   50.97  273.9    1.8      --
 52  04/04/2020  0300    36.5   20.6     3.3     0.000   0   52.15  205.3    2.9      --
 53  04/04/2020  0400    35.9   20.6     2.5     0.000   0   53.29  187.7    5.4     787
 54  04/04/2020  0500    35.4   20.6     2.5     0.000   0   54.35  180.1    5.2      --
 55  04/04/2020  0600    35.1   20.6     2.5     0.000   0   55.08  171.7    5.0      --
 56  04/04/2020  0700    35.4   20.6     2.5     0.000   0   54.29  163.0    4.9      --
 57  04/04/2020  0800    36.7   20.6     2.5     0.000   0   51.73  154.3    5.0      --
 58  04/04/2020  0900    38.8   20.1     2.5     0.000   0   46.72  146.0    5.2      --
 59  04/04/2020  1000    41.6   20.0     2.5     0.000   0   41.49  138.4    5.4    6856
 60  04/04/2020  1100    44.7   19.8     2.5     0.000   0   36.52  129.4    5.1      --
 61  04/04/2020  1200    47.5   19.6     2.5     0.000   0   32.63  119.1    4.8      --
 62  04/04/2020  1300    49.8   19.4     2.5     0.000   0   29.73  108.1    4.7      --
 63  04/04/2020  1400    51.1   19.3     2.5     0.000   0   28.21   97.1    4.8      --
 64  04/04/2020  1500    51.9   19.2     2.5     0.000   0   27.24   87.0    5.1      --
 65  04/04/2020  1600    52.5   19.2     2.5     0.000   0   26.64   78.0    5.5  no_inv
 66  04/04/2020  1700    52.9   19.3     2.6     0.000   0   26.46   67.7    5.5      --
 67  04/04/2020  1800    52.5   19.8     2.8     0.000   0   27.38   57.5    5.6      --
 68  04/04/2020  1900    51.5   19.4     3.0     0.000   0   27.92   48.1    5.9      --
 69  04/04/2020  2000    50.5   19.4     3.1     0.000   0   28.93   39.8    6.3      --
 70  04/04/2020  2100    49.5   19.4     3.2     0.000   0   29.99   32.7    6.9      --
 71  04/04/2020  2200    48.6   19.4     3.4     0.000   0   31.09   26.8    7.5  no_inv
 72  04/04/2020  2300    47.1   19.4     3.1     0.000   0   32.84   28.4    6.9      --
 73  04/05/2020  0000    46.1   19.4     2.9     0.000   0   34.16   30.4    6.3      --
 74  04/05/2020  0100    45.2   19.4     2.6     0.000   0   35.35   32.7    5.7      --
 75  04/05/2020  0200    44.4   19.4     2.3     0.000   0   36.38   35.7    5.1      --
 76  04/05/2020  0300    43.8   19.4     2.1     0.000   0   37.21   39.4    4.5      --
 77  04/05/2020  0400    43.4   19.4     1.8     0.000   0   37.83   44.1    4.0    1252
 78  04/05/2020  0500    43.1   19.4     1.5     0.000   0   38.23   44.1    3.3      --
 79  04/05/2020  0600    43.0   19.4     1.2     0.000   0   38.47   43.9    2.6      --
 80  04/05/2020  0700    43.0   19.4     0.9     0.000   0   38.37   43.7    1.9      --
 81  04/05/2020  0800    43.4   19.4     0.6     0.000   0   37.78   43.2    1.2      --
 82  04/05/2020  0900    44.2   24.8     0.3     0.000   0   46.05   41.7    0.6      --
 83  04/05/2020  1000    45.4   30.2     0.1     0.000   0   54.99  239.4    0.1  no_inv
 84  04/05/2020  1100    47.9   31.0     0.1     0.000   0   51.81  212.8    0.3      --
 85  04/05/2020  1200    52.7   31.0     0.2     0.000   0   43.26  206.8    0.5      --
 86  04/05/2020  1300    57.2   31.0     0.3     0.000   0   36.77  204.2    0.7      --
 87  04/05/2020  1400    59.4   31.0     0.4     0.000   0   34.00  202.8    0.9      --
 88  04/05/2020  1500    60.6   31.0     0.5     0.000   0   32.56  201.9    1.0      --
 89  04/05/2020  1600    61.0   31.0     0.6     0.000   0   32.12  201.2    1.2  no_inv
 90  04/05/2020  1700    60.0   31.0     3.0     0.000   0   33.29  328.4    2.5      --
 91  04/05/2020  1800    58.5   31.0     5.5     0.000   0   35.16  338.1    5.8      --
 92  04/05/2020  1900    55.3   32.8     8.0     0.000   0   42.31  340.8    9.2      --
 93  04/05/2020  2000    53.6   32.5    10.5     0.000   0   44.49  342.0   12.6      --
 94  04/05/2020  2100    51.3   30.5    13.0     0.000   0   44.71  342.7   15.9      --
 95  04/05/2020  2200    48.9   30.3    15.5     0.000   0   48.42  343.1   19.3    1300
 96  04/05/2020  2300    47.7   30.2    15.6     0.000   0   50.46  344.9   19.5      --
 97  04/06/2020  0000    46.8   30.0    15.8     0.000   0   51.67  346.6   19.7      --
 98  04/06/2020  0100    46.0   29.8    16.0     0.000   0   52.93  348.3   19.9      --
 99  04/06/2020  0200    45.3   29.7    16.2     0.000   0   54.21  350.0   20.2      --
100  04/06/2020  0300    44.6   29.7    16.4     0.000   0   55.47  351.6   20.4      --
101  04/06/2020  0400    44.0   29.6    16.5     0.000   0   56.69  353.1   20.7     660
102  04/06/2020  0500    43.5   29.6    14.2     0.000   0   57.73  350.4   17.8      --
103  04/06/2020  0600    43.2   30.7    11.9     0.000   0   61.08  346.7   14.9      --
104  04/06/2020  0700    43.6   31.0     9.6     0.000   0   60.79  341.3   12.2      --
105  04/06/2020  0800    44.8   29.4     7.3     0.000   0   54.35  332.8    9.6      --
106  04/06/2020  0900    46.9   29.2     5.0     0.000   0   49.94  318.8    7.4      --
107  04/06/2020  1000    49.7   29.1     2.7     0.000   0   44.70  295.6    5.9  no_inv
108  04/06/2020  1100    52.9   29.0     2.9     0.000   0   39.58  294.4    6.3      --
109  04/06/2020  1200    55.7   28.8     3.0     0.000   0   35.46  293.4    6.7      --
110  04/06/2020  1300    58.2   28.7     3.2     0.000   0   32.33  292.5    7.1      --
111  04/06/2020  1400    59.6   28.6     3.4     0.000   0   30.62  291.7    7.5      --
112  04/06/2020  1500    60.5   28.6     3.6     0.000   0   29.58  291.0    7.9      --
113  04/06/2020  1600    61.1   28.5     3.8     0.000   0   28.91  290.4    8.4    8858
114  04/06/2020  1700    61.5   28.5     5.6     0.000   0   28.50  307.4    8.9      --
115  04/06/2020  1800    59.9   28.4     7.3     0.000   0   30.01  321.4   10.1      --
116  04/06/2020  1900    56.5   30.2     9.1     0.000   0   36.46  331.8   11.9      --
117  04/06/2020  2000    54.6   29.6    10.9     0.000   0   38.15  339.4   13.8      --
118  04/06/2020  2100    52.3   27.6    12.6     0.000   0   38.24  345.1   16.0      --
119  04/06/2020  2200    49.9   27.2    14.4     0.000   0   41.12  349.4   18.3    8590
120  04/06/2020  2300    48.3   26.9    13.8     0.000   0   43.11  352.3   17.4      --
121  04/07/2020  0000    47.5   26.6    13.3     0.000   0   43.78  355.6   16.5      --
122  04/07/2020  0100    46.8   26.3    12.7     0.000   0   44.58  359.2   15.7      --
123  04/07/2020  0200    46.0   26.1    12.2     0.000   0   45.47    3.2   15.0      --
124  04/07/2020  0300    45.3   27.5    11.6     0.000   0   49.34    7.5   14.3      --
125  04/07/2020  0400    44.7   27.6    11.1     0.000   0   50.82   12.3   13.8     215
126  04/07/2020  0500    44.2   28.0     9.4     0.000   0   52.64   10.3   11.5      --
127  04/07/2020  0600    43.8   28.0     7.7     0.000   0   53.53    7.3    9.2      --
128  04/07/2020  0700    44.1   28.3     6.1     0.000   0   53.39    2.4    7.0      --
129  04/07/2020  0800    45.3   26.1     4.4     0.000   0   46.69  353.1    4.8      --
130  04/07/2020  0900    47.2   26.5     2.7     0.000   0   44.05  331.2    3.0      --
131  04/07/2020  1000    50.0   26.5     1.1     0.000   0   39.71  281.9    2.4    7229
132  04/07/2020  1100    53.5   26.5     3.1     0.000   0   34.96  312.0    4.2      --
133  04/07/2020  1200    58.7   26.3     5.1     0.000   0   28.81  322.5    6.5      --
134  04/07/2020  1300    63.2   27.0     7.0     0.000   0   25.23  327.5    8.9      --
135  04/07/2020  1400    65.7   27.6     9.0     0.000   0   23.67  330.4   11.4      --
136  04/07/2020  1500    67.1   27.9    11.0     0.000   0   22.89  332.2   13.8      --
137  04/07/2020  1600    67.8   27.6    13.0     0.000   0   22.07  333.5   16.3    2763
138  04/07/2020  1700    68.0   27.5    13.3     0.000   0   21.77  335.5   16.6      --
139  04/07/2020  1800    65.4   27.1    13.6     0.000   0   23.43  337.4   17.0      --
140  04/07/2020  1900    60.0   26.6    13.9     0.000   0   27.79  339.2   17.4      --
141  04/07/2020  2000    57.1   26.2    14.2     0.000   0   30.33  341.0   17.7      --
142  04/07/2020  2100    54.7   25.8    14.6     0.000   0   32.41  342.6   18.1      --
143  04/07/2020  2200    52.4   25.5    14.9     0.000   0   34.95  344.2   18.6    1046
144  04/07/2020  2300    50.6   25.3    12.7     0.000   0   36.92  346.1   15.9      --
145  04/08/2020  0000    50.1   26.5    10.5     0.000   0   39.57  348.8   13.2      --
146  04/08/2020  0100    49.5   26.8     8.3     0.000   0   41.07  352.8   10.6      --
147  04/08/2020  0200    48.9   27.1     6.1     0.000   0   42.53  359.4    8.0      --
148  04/08/2020  0300    48.3   27.4     4.0     0.000   0   43.89   11.8    5.7      --
149  04/08/2020  0400    47.8   27.6     1.8     0.000   0   45.10   37.8    3.9     380
150  04/08/2020  0500    47.3   27.8     1.7     0.000   0   46.46   42.9    2.8      --
151  04/08/2020  0600    47.0   27.8     1.6     0.000   0   47.01   54.3    1.8      --
152  04/08/2020  0700    47.3   27.8     1.6     0.000   0   46.53   89.2    1.0      --
153  04/08/2020  0800    48.2   29.8     1.5     0.000   0   48.62  153.8    1.1      --
154  04/08/2020  0900    49.8   29.8     1.5     0.000   0   45.77  179.3    2.0      --
155  04/08/2020  1000    52.1   29.8     1.4     0.000   0   42.05  188.4    3.1    5696
156  04/08/2020  1100    55.0   29.8     1.3     0.000   0   37.80  195.8    2.7      --
157  04/08/2020  1200    60.0   29.8     1.2     0.000   0   31.63  205.8    2.3      --
158  04/08/2020  1300    64.4   29.8     1.2     0.000   0   27.08  219.1    2.0      --
159  04/08/2020  1400    66.9   29.8     1.1     0.000   0   24.82  235.4    1.9      --
160  04/08/2020  1500    68.2   29.8     1.0     0.000   0   23.74  252.7    1.9      --
161  04/08/2020  1600    68.9   29.8     0.9     0.000   0   23.18  268.2    2.1    7395
162  04/08/2020  1700    69.1   29.8     3.2     0.000   0   23.02  210.0    3.5      --
163  04/08/2020  1800    67.3   29.8     5.4     0.000   0   24.51  193.3    6.2      --
164  04/08/2020  1900    63.5   31.5     7.7     0.000   0   29.98  186.9    9.1      --
165  04/08/2020  2000    61.5   31.8     9.9     0.000   0   32.53  183.6   12.0      --
166  04/08/2020  2100    59.1   29.8    12.1     0.000   0   32.59  181.6   15.0      --
167  04/08/2020  2200    56.8   29.8    14.4     0.000   0   35.44  180.2   18.0     768
