  Generated by FoxLW on Thursday April 2, 2020 at 02:32 PDT
-------------------------------------------------------------------------------
  Sunnyside NE
  46.3600:-119.9100  (46 21' 36.00"N  119 54' 36.00"W)  elev 1177.8 feet    file: 310139
-------------------------------------------------------------------------------

Line#   Date     Hour   TempF  DewPtF WS(mph)  Rain(in) LW    RH%  WDir_50m WS_50m Inv(ft)
  5  04/02/2020  0400    33.9   18.6     6.7     0.000   0   52.96   15.9   11.4     692
  6  04/02/2020  0500    33.5   18.8     6.0     0.000   0   54.38   18.0    8.7      --
  7  04/02/2020  0600    33.1   19.4     5.2     0.000   0   56.49   21.9    6.0      --
  8  04/02/2020  0700    33.4   20.2     4.5     0.000   0   57.88   31.9    3.5      --
  9  04/02/2020  0800    34.6   25.6     3.8     0.000   0   69.32   79.4    1.4      --
 10  04/02/2020  0900    36.7   27.6     3.0     0.000   0   69.36  158.1    2.6      --
 11  04/02/2020  1000    39.5   27.6     2.3     0.000   0   62.06  174.0    5.1  no_inv
 12  04/02/2020  1100    42.8   27.6     2.3     0.000   0   54.75  176.9    5.0      --
 13  04/02/2020  1200    46.4   27.6     2.2     0.000   0   47.74  179.9    4.8      --
 14  04/02/2020  1300    49.1   27.6     2.2     0.000   0   43.06  183.1    4.7      --
 15  04/02/2020  1400    50.5   27.6     2.1     0.000   0   40.89  186.4    4.6      --
 16  04/02/2020  1500    51.1   27.6     2.1     0.000   0   39.97  189.9    4.5      --
 17  04/02/2020  1600    51.4   27.6     2.0     0.000   0   39.63  193.5    4.5  no_inv
 18  04/02/2020  1700    51.3   27.6     3.8     0.000   0   39.75  239.5    2.7      --
 19  04/02/2020  1800    50.0   27.1     5.6     0.000   0   40.85  293.9    4.0      --
 20  04/02/2020  1900    47.3   28.3     7.4     0.000   0   47.48  313.0    6.7      --
 21  04/02/2020  2000    45.8   27.7     9.3     0.000   0   48.90  320.7    9.8      --
 22  04/02/2020  2100    43.4   26.4    11.1     0.000   0   50.64  324.6   12.9      --
 23  04/02/2020  2200    41.1   23.7    12.9     0.000   0   49.59  327.0   16.1     692
 24  04/02/2020  2300    39.0   24.1    11.4     0.000   0   54.62  325.5   14.7      --
 25  04/03/2020  0000    37.8   23.7     9.8     0.000   0   56.47  323.5   13.3      --
 26  04/03/2020  0100    36.6   22.9     8.3     0.000   0   57.12  321.2   11.9      --
 27  04/03/2020  0200    35.6   24.4     6.8     0.000   0   63.38  318.2   10.5      --
 28  04/03/2020  0300    34.7   25.5     5.2     0.000   0   68.90  314.4    9.2      --
 29  04/03/2020  0400    33.9   26.3     3.7     0.000   0   73.40  309.2    7.9     700
 30  04/03/2020  0500    33.3   27.6     3.5     0.000   0   79.18  302.5    6.8      --
 31  04/03/2020  0600    32.9   27.6     3.2     0.000   0   80.37  293.3    5.7      --
 32  04/03/2020  0700    33.2   27.6     2.9     0.000   0   79.51  280.7    4.9      --
 33  04/03/2020  0800    34.2   27.6     2.7     0.000   0   76.32  264.2    4.4      --
 34  04/03/2020  0900    36.1   22.2     2.4     0.000   0   56.61  245.6    4.4      --
 35  04/03/2020  1000    38.7   18.7     2.2     0.000   0   44.16  228.4    4.8  no_inv
 36  04/03/2020  1100    41.8   18.5     4.2     0.000   0   38.60  251.7    6.2      --
 37  04/03/2020  1200    46.3   18.2     6.2     0.000   0   32.25  265.0    8.2      --
 38  04/03/2020  1300    50.0   19.0     8.3     0.000   0   28.93  272.7   10.6      --
 39  04/03/2020  1400    52.0   19.7    10.3     0.000   0   27.70  277.6   13.0      --
 40  04/03/2020  1500    53.0   19.6    12.4     0.000   0   26.55  281.0   15.5      --
 41  04/03/2020  1600    53.5   18.8    14.4     0.000   0   25.22  283.4   18.0  no_inv
 42  04/03/2020  1700    53.6   18.9    14.2     0.000   0   25.29  289.9   17.2      --
 43  04/03/2020  1800    51.5   18.8    14.1     0.000   0   27.21  296.9   16.6      --
 44  04/03/2020  1900    47.1   18.7    13.9     0.000   0   31.85  304.4   16.2      --
 45  04/03/2020  2000    44.7   18.6    13.7     0.000   0   34.75  312.0   16.2      --
 46  04/03/2020  2100    42.4   18.6    13.5     0.000   0   37.91  319.5   16.4      --
 47  04/03/2020  2200    40.1   18.9    13.4     0.000   0   42.02  326.7   16.9     329
 48  04/03/2020  2300    38.3   20.5    11.3     0.000   0   48.16  326.0   13.9      --
 49  04/04/2020  0000    37.7   21.0     9.2     0.000   0   50.60  324.9   10.8      --
 50  04/04/2020  0100    37.0   21.2     7.1     0.000   0   52.48  322.9    7.8      --
 51  04/04/2020  0200    36.3   20.9     5.0     0.000   0   53.19  318.3    4.7      --
 52  04/04/2020  0300    35.7   20.7     2.9     0.000   0   54.01  298.5    1.8      --
 53  04/04/2020  0400    35.1   20.3     0.8     0.000   0   54.28  182.7    1.8    2083
 54  04/04/2020  0500    34.6   20.3     0.8     0.000   0   55.37  171.0    1.7      --
 55  04/04/2020  0600    34.3   20.3     0.9     0.000   0   56.10  158.1    1.6      --
 56  04/04/2020  0700    34.6   20.3     0.9     0.000   0   55.27  145.3    1.7      --
 57  04/04/2020  0800    35.9   20.3     0.9     0.000   0   52.64  133.7    1.8      --
 58  04/04/2020  0900    38.0   19.4     1.0     0.000   0   46.69  123.9    2.0      --
 59  04/04/2020  1000    40.8   19.2     1.0     0.000   0   41.52  116.0    2.2    7286
 60  04/04/2020  1100    43.8   19.0     1.8     0.000   0   36.70   75.2    2.6      --
 61  04/04/2020  1200    46.3   18.8     2.6     0.000   0   33.11   52.7    3.8      --
 62  04/04/2020  1300    48.3   18.7     3.5     0.000   0   30.43   41.9    5.2      --
 63  04/04/2020  1400    49.5   18.6     4.3     0.000   0   28.99   36.0    6.8      --
 64  04/04/2020  1500    50.2   18.5     5.1     0.000   0   28.10   32.3    8.5      --
 65  04/04/2020  1600    50.7   18.5     5.9     0.000   0   27.56   29.8   10.1  no_inv
 66  04/04/2020  1700    51.0   18.6     6.8     0.000   0   27.42   26.2   10.7      --
 67  04/04/2020  1800    50.7   19.1     7.7     0.000   0   28.28   23.0   11.3      --
 68  04/04/2020  1900    49.9   21.8     8.5     0.000   0   32.71   20.0   11.9      --
 69  04/04/2020  2000    49.2   22.7     9.4     0.000   0   35.00   17.4   12.5      --
 70  04/04/2020  2100    48.4   23.7    10.3     0.000   0   37.57   15.0   13.2      --
 71  04/04/2020  2200    47.6   24.6    11.1     0.000   0   40.11   12.9   13.9     161
 72  04/04/2020  2300    45.9   25.8    11.0     0.000   0   45.09   13.9   13.9      --
 73  04/05/2020  0000    44.5   26.9    10.8     0.000   0   49.80   14.9   13.9      --
 74  04/05/2020  0100    43.3   27.9    10.7     0.000   0   54.28   16.0   14.0      --
 75  04/05/2020  0200    42.3   28.7    10.5     0.000   0   58.22   17.0   14.0      --
 76  04/05/2020  0300    41.5   29.2    10.4     0.000   0   61.29   18.0   14.1      --
 77  04/05/2020  0400    40.9   29.4    10.2     0.000   0   63.23   19.0   14.1     982
 78  04/05/2020  0500    40.5   29.5     9.8     0.000   0   64.50   20.2   13.6      --
 79  04/05/2020  0600    40.3   29.6     9.3     0.000   0   65.40   21.5   13.0      --
 80  04/05/2020  0700    40.4   29.9     8.8     0.000   0   65.71   22.9   12.4      --
 81  04/05/2020  0800    41.0   30.1     8.3     0.000   0   65.07   24.5   11.9      --
 82  04/05/2020  0900    42.0   28.5     7.8     0.000   0   58.38   26.2   11.4      --
 83  04/05/2020  1000    43.5   28.8     7.4     0.000   0   55.83   28.1   10.9  no_inv
 84  04/05/2020  1100    46.4   30.2     6.6     0.000   0   53.00   28.9   10.0      --
 85  04/05/2020  1200    51.4   30.2     5.8     0.000   0   43.96   29.8    9.2      --
 86  04/05/2020  1300    55.8   30.2     5.0     0.000   0   37.44   31.0    8.3      --
 87  04/05/2020  1400    57.9   30.2     4.2     0.000   0   34.70   32.4    7.5      --
 88  04/05/2020  1500    59.1   30.2     3.4     0.000   0   33.23   34.2    6.6      --
 89  04/05/2020  1600    59.5   30.2     2.6     0.000   0   32.79   36.5    5.8  no_inv
 90  04/05/2020  1700    58.5   30.2     4.4     0.000   0   33.90   25.9    7.4      --
 91  04/05/2020  1800    57.7   30.2     6.2     0.000   0   34.90   19.3    9.2      --
 92  04/05/2020  1900    56.1   32.2     8.0     0.000   0   40.17   14.9   11.1      --
 93  04/05/2020  2000    55.2   32.3     9.9     0.000   0   41.56   11.8   13.0      --
 94  04/05/2020  2100    52.9   31.8    11.7     0.000   0   44.35    9.4   14.9      --
 95  04/05/2020  2200    50.5   30.4    13.5     0.000   0   45.69    7.6   16.9     763
 96  04/05/2020  2300    49.1   30.4    13.9     0.000   0   48.39    8.2   17.4      --
 97  04/06/2020  0000    48.0   30.5    14.3     0.000   0   50.48    8.7   17.9      --
 98  04/06/2020  0100    47.0   30.5    14.6     0.000   0   52.46    9.2   18.4      --
 99  04/06/2020  0200    46.1   30.5    15.1     0.000   0   54.27    9.6   18.9      --
100  04/06/2020  0300    45.4   30.6    15.4     0.000   0   55.84   10.1   19.4      --
101  04/06/2020  0400    44.8   30.6    15.9     0.000   0   57.12   10.5   19.9     507
102  04/06/2020  0500    44.4   30.6    13.6     0.000   0   58.04    8.1   16.8      --
103  04/06/2020  0600    44.2   31.8    11.2     0.000   0   61.62    4.6   13.8      --
104  04/06/2020  0700    44.3   32.0     8.9     0.000   0   61.81  359.1   10.9      --
105  04/06/2020  0800    44.9   30.4     6.7     0.000   0   56.46  349.9    8.1      --
106  04/06/2020  0900    46.1   30.3     4.3     0.000   0   53.89  332.4    5.8      --
107  04/06/2020  1000    47.7   30.2     2.0     0.000   0   50.49  299.8    4.6  no_inv
108  04/06/2020  1100    50.0   30.1     3.3     0.000   0   46.13  292.0    5.7      --
109  04/06/2020  1200    53.1   30.0     4.5     0.000   0   41.02  286.8    6.9      --
110  04/06/2020  1300    55.9   30.5     5.7     0.000   0   37.71  283.2    8.1      --
111  04/06/2020  1400    57.4   30.9     6.9     0.000   0   36.36  280.5    9.4      --
112  04/06/2020  1500    58.6   31.5     8.2     0.000   0   35.65  278.5   10.7      --
113  04/06/2020  1600    59.2   32.0     9.4     0.000   0   35.54  276.9   11.9    8755
114  04/06/2020  1700    59.6   31.8    10.4     0.000   0   34.89  286.5   12.7      --
115  04/06/2020  1800    57.8   30.9    11.5     0.000   0   35.83  294.9   13.7      --
116  04/06/2020  1900    54.2   30.0    12.6     0.000   0   39.32  302.0   15.0      --
117  04/06/2020  2000    52.2   29.0    13.7     0.000   0   40.69  307.9   16.4      --
118  04/06/2020  2100    49.8   28.1    14.7     0.000   0   42.81  312.8   18.0      --
119  04/06/2020  2200    47.5   27.6    15.8     0.000   0   45.60  316.8   19.8     694
120  04/06/2020  2300    46.3   27.0    14.3     0.000   0   46.62  316.8   18.1      --
121  04/07/2020  0000    45.6   26.4    12.7     0.000   0   46.75  316.7   16.5      --
122  04/07/2020  0100    44.9   27.4    11.2     0.000   0   50.04  316.6   14.8      --
123  04/07/2020  0200    44.2   27.6     9.6     0.000   0   51.81  316.5   13.2      --
124  04/07/2020  0300    43.5   27.4     8.1     0.000   0   52.70  316.4   11.5      --
125  04/07/2020  0400    42.8   28.8     6.5     0.000   0   57.40  316.2    9.9     673
126  04/07/2020  0500    42.3   29.8     5.9     0.000   0   60.95  309.9    8.8      --
127  04/07/2020  0600    41.9   30.3     5.3     0.000   0   63.28  301.8    7.8      --
128  04/07/2020  0700    42.2   31.2     4.7     0.000   0   64.66  291.7    7.0      --
129  04/07/2020  0800    43.3   25.8     4.1     0.000   0   49.65  279.4    6.4      --
130  04/07/2020  0900    45.3   25.6     3.5     0.000   0   45.69  265.6    6.2      --
131  04/07/2020  1000    48.1   25.6     2.9     0.000   0   41.14  251.8    6.4    5242
132  04/07/2020  1100    51.5   25.5     4.4     0.000   0   35.98  270.3    6.9      --
133  04/07/2020  1200    57.0   25.5     5.9     0.000   0   29.54  285.2    7.9      --
134  04/07/2020  1300    61.8   26.2     7.4     0.000   0   25.68  296.0    9.4      --
135  04/07/2020  1400    64.6   27.0     8.9     0.000   0   24.02  303.7   11.1      --
136  04/07/2020  1500    66.0   27.6    10.4     0.000   0   23.38  309.3   12.9      --
137  04/07/2020  1600    66.8   27.5    11.9     0.000   0   22.69  313.4   14.9    7917
138  04/07/2020  1700    67.1   27.9    10.7     0.000   0   22.79  318.9   13.3      --
139  04/07/2020  1800    64.3   27.7     9.5     0.000   0   24.96  325.8   11.8      --
140  04/07/2020  1900    58.5   27.9     8.3     0.000   0   30.96  334.4   10.6      --
141  04/07/2020  2000    55.3   27.5     7.1     0.000   0   34.16  345.0    9.7      --
142  04/07/2020  2100    53.0   27.3     5.9     0.000   0   36.83  357.3    9.1      --
143  04/07/2020  2200    50.6   27.3     4.7     0.000   0   40.11   10.5    9.1     801
144  04/07/2020  2300    49.0   27.2     5.4     0.000   0   42.61    9.9    9.8      --
145  04/08/2020  0000    48.7   27.2     6.2     0.000   0   43.00    9.4   10.4      --
146  04/08/2020  0100    48.2   27.0     6.9     0.000   0   43.44    9.0   11.1      --
147  04/08/2020  0200    47.8   26.9     7.6     0.000   0   43.91    8.6   11.9      --
148  04/08/2020  0300    47.3   26.8     8.4     0.000   0   44.51    8.3   12.6      --
149  04/08/2020  0400    46.9   26.8     9.1     0.000   0   45.25    8.0   13.2     517
150  04/08/2020  0500    46.5   26.9     7.9     0.000   0   46.13    9.2   10.4      --
151  04/08/2020  0600    46.2   27.1     6.7     0.000   0   47.15   11.4    7.5      --
152  04/08/2020  0700    46.5   27.3     5.5     0.000   0   46.81   16.2    4.6      --
153  04/08/2020  0800    47.6   25.5     4.3     0.000   0   41.84   35.6    1.9      --
154  04/08/2020  0900    49.5   27.8     3.1     0.000   0   42.77  146.6    1.6      --
155  04/08/2020  1000    52.1   27.8     2.0     0.000   0   38.83  170.5    4.3    5014
156  04/08/2020  1100    55.3   27.8     2.1     0.000   0   34.58  187.1    3.9      --
157  04/08/2020  1200    59.8   27.8     2.3     0.000   0   29.39  205.5    3.9      --
158  04/08/2020  1300    63.5   27.8     2.5     0.000   0   25.75  222.4    4.3      --
159  04/08/2020  1400    65.6   27.8     2.7     0.000   0   23.99  235.7    4.9      --
160  04/08/2020  1500    66.6   27.8     2.9     0.000   0   23.18  245.5    5.8      --
161  04/08/2020  1600    67.1   27.8     3.1     0.000   0   22.78  252.6    6.8    6262
162  04/08/2020  1700    67.1   27.8     3.1     0.000   0   22.72  265.2    5.7      --
163  04/08/2020  1800    65.7   27.8     3.2     0.000   0   23.89  282.5    5.0      --
164  04/08/2020  1900    62.7   27.8     3.2     0.000   0   26.49  302.8    4.9      --
165  04/08/2020  2000    61.1   27.8     3.3     0.000   0   28.06  321.8    5.3      --
166  04/08/2020  2100    58.8   27.8     3.3     0.000   0   30.49  336.5    6.3      --
167  04/08/2020  2200    56.4   27.8     3.4     0.000   0   33.17  346.8    7.5  no_inv
