  Generated by FoxLW on Thursday April 2, 2020 at 02:32 PDT
-------------------------------------------------------------------------------
  Royal City West
  46.9700:-119.8300  (46 58' 12.00"N  119 49' 48.00"W)  elev 1522.3 feet    file: 320098
-------------------------------------------------------------------------------

Line#   Date     Hour   TempF  DewPtF WS(mph)  Rain(in) LW    RH%  WDir_50m WS_50m Inv(ft)
  5  04/02/2020  0400    31.6   16.8     8.4     0.000   0   53.69    6.3   11.4     350
  6  04/02/2020  0500    31.2   16.9     7.1     0.000   0   54.98    5.8    9.2      --
  7  04/02/2020  0600    30.8   22.3     5.9     0.000   0   70.18    5.1    6.9      --
  8  04/02/2020  0700    31.0   22.3     4.7     0.000   0   69.57    3.5    4.7      --
  9  04/02/2020  0800    32.0   22.3     3.4     0.000   0   67.04  359.1    2.4      --
 10  04/02/2020  0900    33.6   22.3     2.2     0.000   0   62.70  299.6    0.4      --
 11  04/02/2020  1000    36.0   22.3     1.0     0.000   0   57.10  198.8    2.1  no_inv
 12  04/02/2020  1100    39.0   22.3     2.6     0.000   0   50.74  239.2    3.2      --
 13  04/02/2020  1200    42.3   22.3     4.2     0.000   0   44.65  255.1    5.1      --
 14  04/02/2020  1300    45.0   22.5     5.8     0.000   0   40.66  262.3    7.1      --
 15  04/02/2020  1400    46.5   22.5     7.4     0.000   0   38.28  266.3    9.1      --
 16  04/02/2020  1500    47.6   22.9     9.0     0.000   0   37.42  268.9   11.2      --
 17  04/02/2020  1600    48.3   23.1    10.6     0.000   0   36.76  270.6   13.3  no_inv
 18  04/02/2020  1700    48.3   22.9    11.7     0.000   0   36.39  276.3   14.4      --
 19  04/02/2020  1800    47.1   22.4    12.8     0.000   0   37.33  281.2   15.6      --
 20  04/02/2020  1900    44.6   21.8    13.9     0.000   0   39.89  285.3   17.0      --
 21  04/02/2020  2000    43.3   21.0    14.9     0.000   0   40.66  288.8   18.4      --
 22  04/02/2020  2100    40.9   20.2    16.0     0.000   0   43.04  291.8   19.9      --
 23  04/02/2020  2200    38.6   19.5    17.1     0.000   0   45.71  294.3   21.4     368
 24  04/02/2020  2300    37.4   18.8    16.5     0.000   0   46.48  293.9   20.6      --
 25  04/03/2020  0000    36.6   18.1    15.9     0.000   0   46.62  293.5   19.9      --
 26  04/03/2020  0100    35.8   17.5    15.3     0.000   0   46.91  293.0   19.1      --
 27  04/03/2020  0200    35.0   17.1    14.7     0.000   0   47.39  292.5   18.4      --
 28  04/03/2020  0300    34.4   16.8    14.1     0.000   0   48.07  292.0   17.6      --
 29  04/03/2020  0400    33.8   16.7    13.5     0.000   0   48.97  291.4   16.9     364
 30  04/03/2020  0500    33.3   16.6    12.4     0.000   0   49.79  291.1   15.9      --
 31  04/03/2020  0600    33.0   18.0    11.4     0.000   0   53.48  290.8   14.8      --
 32  04/03/2020  0700    33.4   18.1    10.3     0.000   0   53.11  290.4   13.8      --
 33  04/03/2020  0800    34.5   18.0     9.3     0.000   0   50.34  290.0   12.8      --
 34  04/03/2020  0900    36.5   15.6     8.2     0.000   0   42.04  289.4   11.8      --
 35  04/03/2020  1000    39.1   15.2     7.2     0.000   0   37.27  288.8   10.8  no_inv
 36  04/03/2020  1100    42.1   14.9     9.3     0.000   0   32.65  288.3   13.2      --
 37  04/03/2020  1200    45.4   14.5    11.5     0.000   0   28.33  287.9   15.6      --
 38  04/03/2020  1300    47.9   14.4    13.6     0.000   0   25.74  287.6   18.0      --
 39  04/03/2020  1400    49.1   14.0    15.8     0.000   0   24.14  287.4   20.4      --
 40  04/03/2020  1500    49.6   13.8    18.0     0.000   0   23.48  287.2   22.8      --
 41  04/03/2020  1600    49.8   13.8    20.1     0.000   0   23.28  287.1   25.1  no_inv
 42  04/03/2020  1700    49.7   13.9    19.4     0.000   0   23.47  293.9   23.2      --
 43  04/03/2020  1800    47.8   14.1    18.6     0.000   0   25.39  301.8   21.6      --
 44  04/03/2020  1900    44.1   14.5    17.9     0.000   0   29.73  310.8   20.5      --
 45  04/03/2020  2000    42.1   15.0    17.2     0.000   0   32.88  320.6   19.9      --
 46  04/03/2020  2100    39.7   15.6    16.5     0.000   0   36.92  330.7   19.9      --
 47  04/03/2020  2200    37.4   16.2    15.7     0.000   0   41.57  340.4   20.5  no_inv
 48  04/03/2020  2300    36.1   16.8    14.4     0.000   0   44.91  340.4   19.1      --
 49  04/04/2020  0000    35.8   17.4    13.1     0.000   0   46.73  340.4   17.6      --
 50  04/04/2020  0100    35.3   19.3    11.7     0.000   0   51.52  340.4   16.2      --
 51  04/04/2020  0200    34.9   19.9    10.4     0.000   0   53.84  340.4   14.7      --
 52  04/04/2020  0300    34.5   20.5     9.1     0.000   0   56.21  340.3   13.2      --
 53  04/04/2020  0400    34.0   20.1     7.7     0.000   0   56.32  340.3   11.8     195
 54  04/04/2020  0500    33.7   18.5     6.7     0.000   0   53.24  343.2   10.2      --
 55  04/04/2020  0600    33.4   17.3     5.7     0.000   0   51.21  347.1    8.6      --
 56  04/04/2020  0700    33.6   16.6     4.7     0.000   0   49.26  352.6    7.1      --
 57  04/04/2020  0800    34.4   15.7     3.7     0.000   0   45.84    1.0    5.8      --
 58  04/04/2020  0900    35.9   17.2     2.7     0.000   0   46.10   14.2    4.6      --
 59  04/04/2020  1000    38.0   16.7     1.7     0.000   0   41.53   34.7    3.7    6258
 60  04/04/2020  1100    40.6   16.2     2.0     0.000   0   36.65   40.9    4.4      --
 61  04/04/2020  1200    44.9   15.7     2.3     0.000   0   30.53   45.4    5.1      --
 62  04/04/2020  1300    48.5   15.4     2.6     0.000   0   26.14   48.9    5.8      --
 63  04/04/2020  1400    50.5   15.1     3.0     0.000   0   23.93   51.6    6.5      --
 64  04/04/2020  1500    51.5   14.9     3.3     0.000   0   22.87   53.7    7.2      --
 65  04/04/2020  1600    52.0   14.8     3.6     0.000   0   22.39   55.5    7.9  no_inv
 66  04/04/2020  1700    52.1   15.0     5.0     0.000   0   22.49   36.7    4.6      --
 67  04/04/2020  1800    51.4   15.5     6.4     0.000   0   23.59  340.2    3.0      --
 68  04/04/2020  1900    50.0   18.0     7.8     0.000   0   27.74  293.2    5.2      --
 69  04/04/2020  2000    49.3   19.3     9.1     0.000   0   30.20  278.3    8.7      --
 70  04/04/2020  2100    46.9   20.4    10.5     0.000   0   34.49  272.1   12.4      --
 71  04/04/2020  2200    44.6   21.2    11.9     0.000   0   39.08  268.7   16.2  no_inv
 72  04/04/2020  2300    42.7   21.2    12.0     0.000   0   41.91  268.1   10.3      --
 73  04/05/2020  0000    41.4   22.4    12.2     0.000   0   46.41  266.0    4.4      --
 74  04/05/2020  0100    40.3   23.5    12.3     0.000   0   50.75  101.7    1.5      --
 75  04/05/2020  0200    39.3   24.3    12.4     0.000   0   54.61   92.1    7.3      --
 76  04/05/2020  0300    38.4   24.8    12.5     0.000   0   57.65   91.1   13.1      --
 77  04/05/2020  0400    37.8   25.0    12.6     0.000   0   59.59   90.7   19.0    2104
 78  04/05/2020  0500    37.3   26.4    11.9     0.000   0   64.38   84.7   16.8      --
 79  04/05/2020  0600    37.0   26.8    11.2     0.000   0   66.18   77.0   14.9      --
 80  04/05/2020  0700    37.1   27.3    10.5     0.000   0   67.38   67.3   13.3      --
 81  04/05/2020  0800    37.6   25.8     9.8     0.000   0   62.21   55.4   12.2      --
 82  04/05/2020  0900    38.5   26.2     9.1     0.000   0   61.03   41.8   11.7      --
 83  04/05/2020  1000    39.9   26.7     8.4     0.000   0   58.87   27.9   11.9  no_inv
 84  04/05/2020  1100    42.6   27.1     7.4     0.000   0   53.97   29.4   10.8      --
 85  04/05/2020  1200    47.9   27.5     6.4     0.000   0   44.90   31.3    9.7      --
 86  04/05/2020  1300    52.9   27.9     5.4     0.000   0   37.87   33.7    8.6      --
 87  04/05/2020  1400    55.4   28.2     4.4     0.000   0   34.99   36.8    7.5      --
 88  04/05/2020  1500    56.8   28.4     3.5     0.000   0   33.49   40.8    6.4      --
 89  04/05/2020  1600    57.4   28.4     2.5     0.000   0   32.82   46.5    5.4  no_inv
 90  04/05/2020  1700    56.6   28.4     4.6     0.000   0   33.80   18.8    6.6      --
 91  04/05/2020  1800    55.2   28.6     6.6     0.000   0   35.76    2.0    8.7      --
 92  04/05/2020  1900    52.3   30.8     8.7     0.000   0   43.48  352.3   11.3      --
 93  04/05/2020  2000    50.7   30.8    10.8     0.000   0   46.12  346.3   14.1      --
 94  04/05/2020  2100    48.4   29.4    12.9     0.000   0   47.50  342.4   17.0      --
 95  04/05/2020  2200    46.1   29.7    15.0     0.000   0   52.60  339.5   19.9     690
 96  04/05/2020  2300    44.6   30.0    14.0     0.000   0   56.44  341.3   20.0      --
 97  04/06/2020  0000    43.6   30.4    13.1     0.000   0   59.33  343.0   20.1      --
 98  04/06/2020  0100    42.7   30.6    12.2     0.000   0   62.14  344.7   20.2      --
 99  04/06/2020  0200    41.8   32.4    11.2     0.000   0   68.95  346.4   20.4      --
100  04/06/2020  0300    41.1   32.9    10.3     0.000   0   72.27  348.0   20.5      --
101  04/06/2020  0400    40.5   33.0     9.4     0.000   0   74.44  349.6   20.7     773
102  04/06/2020  0500    40.0   32.9     8.4     0.000   0   75.33  349.1   18.5      --
103  04/06/2020  0600    39.7   31.6     7.4     0.000   0   72.37  348.3   16.4      --
104  04/06/2020  0700    40.0   29.9     6.5     0.000   0   66.68  347.4   14.3      --
105  04/06/2020  0800    41.0   28.5     5.5     0.000   0   60.65  346.1   12.2      --
106  04/06/2020  0900    42.8   27.3     4.6     0.000   0   53.87  344.2   10.1      --
107  04/06/2020  1000    45.3   26.0     3.6     0.000   0   46.47  341.5    8.0  no_inv
108  04/06/2020  1100    48.2   24.6     6.0     0.000   0   39.34  321.3    9.2      --
109  04/06/2020  1200    52.4   23.4     8.4     0.000   0   32.02  307.2   11.2      --
110  04/06/2020  1300    55.8   23.0    10.8     0.000   0   27.79  297.9   13.7      --
111  04/06/2020  1400    57.6   22.5    13.1     0.000   0   25.42  291.5   16.5      --
112  04/06/2020  1500    58.5   21.3    15.5     0.000   0   23.47  287.0   19.4      --
113  04/06/2020  1600    58.9   20.9    17.9     0.000   0   22.70  283.7   22.4    8212
114  04/06/2020  1700    59.0   21.0    15.9     0.000   0   22.83  286.7   20.0      --
115  04/06/2020  1800    56.8   22.3    13.9     0.000   0   25.99  290.4   17.7      --
116  04/06/2020  1900    52.5   23.4    12.0     0.000   0   31.85  295.2   15.5      --
117  04/06/2020  2000    50.1   24.0    10.0     0.000   0   35.65  301.6   13.4      --
118  04/06/2020  2100    47.8   24.9     8.0     0.000   0   40.45  310.2   11.6      --
119  04/06/2020  2200    45.5   25.0     6.0     0.000   0   44.42  321.5   10.1    7149
120  04/06/2020  2300    44.2   25.2     6.5     0.000   0   46.92  320.5   10.4      --
121  04/07/2020  0000    44.0   26.0     6.9     0.000   0   48.84  319.4   10.7      --
122  04/07/2020  0100    43.7   26.8     7.3     0.000   0   51.21  318.5   10.9      --
123  04/07/2020  0200    43.3   27.7     7.8     0.000   0   53.86  317.5   11.2      --
124  04/07/2020  0300    42.9   28.3     8.2     0.000   0   55.89  316.7   11.5      --
125  04/07/2020  0400    42.6   28.4     8.6     0.000   0   56.91  315.8   11.8     290
126  04/07/2020  0500    42.2   28.4     8.8     0.000   0   57.69  315.6   11.9      --
127  04/07/2020  0600    41.9   28.4     8.9     0.000   0   58.26  315.3   11.9      --
128  04/07/2020  0700    42.3   28.3     9.1     0.000   0   57.30  315.1   11.9      --
129  04/07/2020  0800    43.5   26.3     9.2     0.000   0   50.28  314.9   12.0      --
130  04/07/2020  0900    45.6   26.2     9.3     0.000   0   46.37  314.6   12.0      --
131  04/07/2020  1000    48.4   26.2     9.4     0.000   0   41.64  314.4   12.1    5768
132  04/07/2020  1100    51.7   26.1     8.8     0.000   0   36.80  316.6   11.7      --
133  04/07/2020  1200    55.7   26.1     8.2     0.000   0   31.70  318.9   11.3      --
134  04/07/2020  1300    58.9   26.7     7.6     0.000   0   28.95  321.4   11.0      --
135  04/07/2020  1400    60.5   27.2     7.0     0.000   0   27.97  324.0   10.6      --
136  04/07/2020  1500    61.3   27.9     6.4     0.000   0   27.91  326.8   10.3      --
137  04/07/2020  1600    61.7   28.5     5.8     0.000   0   28.29  329.8   10.1    8455
138  04/07/2020  1700    61.6   28.5     8.0     0.000   0   28.30  333.9   12.3      --
139  04/07/2020  1800    59.8   27.8    10.2     0.000   0   29.32  336.8   14.6      --
140  04/07/2020  1900    56.0   26.5    12.5     0.000   0   31.94  338.8   16.9      --
141  04/07/2020  2000    53.9   25.7    14.7     0.000   0   33.27  340.4   19.2      --
142  04/07/2020  2100    51.6   25.3    16.9     0.000   0   35.67  341.6   21.6      --
143  04/07/2020  2200    49.2   25.0    19.2     0.000   0   38.51  342.6   23.9     451
144  04/07/2020  2300    47.3   24.8    18.7     0.000   0   41.01  349.2   22.5      --
145  04/08/2020  0000    46.3   24.6    18.3     0.000   0   42.15  356.5   21.3      --
146  04/08/2020  0100    45.4   24.4    17.9     0.000   0   43.33    4.6   20.5      --
147  04/08/2020  0200    44.5   24.2    17.5     0.000   0   44.52   13.1   20.2      --
148  04/08/2020  0300    43.7   24.1    17.1     0.000   0   45.70   21.8   20.3      --
149  04/08/2020  0400    43.0   24.1    16.6     0.000   0   46.84   30.1   20.9     494
150  04/08/2020  0500    42.5   24.1    14.4     0.000   0   47.94   30.8   18.5      --
151  04/08/2020  0600    42.1   24.3    12.1     0.000   0   48.82   31.8   16.1      --
152  04/08/2020  0700    42.5   26.0     9.9     0.000   0   51.69   33.1   13.8      --
153  04/08/2020  0800    43.5   24.7     7.6     0.000   0   47.15   34.9   11.4      --
154  04/08/2020  0900    45.4   25.0     5.3     0.000   0   44.42   37.7    9.1      --
155  04/08/2020  1000    48.1   26.6     3.1     0.000   0   42.88   42.4    6.8    2743
156  04/08/2020  1100    51.4   26.6     3.2     0.000   0   37.87   48.0    4.4      --
157  04/08/2020  1200    56.7   26.6     3.2     0.000   0   31.21   65.4    2.2      --
158  04/08/2020  1300    61.4   26.6     3.3     0.000   0   26.41  148.0    1.3      --
159  04/08/2020  1400    64.1   26.6     3.4     0.000   0   24.03  190.3    3.2      --
160  04/08/2020  1500    65.5   26.6     3.5     0.000   0   22.89  199.6    5.6      --
161  04/08/2020  1600    66.3   26.6     3.6     0.000   0   22.27  203.4    7.9    5905
162  04/08/2020  1700    66.6   26.6     4.7     0.000   0   22.07  222.1    6.3      --
163  04/08/2020  1800    64.9   26.6     5.8     0.000   0   23.33  248.6    5.7      --
164  04/08/2020  1900    61.7   27.8     6.8     0.000   0   27.53  274.8    6.4      --
165  04/08/2020  2000    59.9   28.5     7.9     0.000   0   30.23  292.8    8.1      --
166  04/08/2020  2100    57.5   28.6     9.0     0.000   0   32.94  304.0   10.3      --
167  04/08/2020  2200    55.2   28.6    10.1     0.000   0   35.80  311.0   12.7    1066
