  Generated by FoxLW on Thursday April 2, 2020 at 02:32 PDT
-------------------------------------------------------------------------------
  Ephrata
  47.1800:-119.6400  (47 10' 48.00"N  119 38' 24.00"W)  elev 1210.6 feet    file: 330040
-------------------------------------------------------------------------------

Line#   Date     Hour   TempF  DewPtF WS(mph)  Rain(in) LW    RH%  WDir_50m WS_50m Inv(ft)
  5  04/02/2020  0400    27.3   14.8     5.8     0.000   0   58.81   14.2   10.6      33
  6  04/02/2020  0500    26.5   17.3     4.1     0.000   0   67.50   15.4    8.4      --
  7  04/02/2020  0600    26.2   19.8     4.0     0.000   0   76.30   17.4    6.2      --
  8  04/02/2020  0700    26.7   19.2     3.6     0.000   0   72.78   21.6    3.9      --
  9  04/02/2020  0800    28.6   19.2     2.8     0.000   0   67.36   36.2    1.8      --
 10  04/02/2020  0900    31.8   19.2     2.1     0.000   0   58.98  138.2    1.0      --
 11  04/02/2020  1000    36.2   19.2     1.4     0.000   0   49.66  174.5    3.0  no_inv
 12  04/02/2020  1100    40.5   19.7     2.1     0.000   0   42.84  192.3    3.8      --
 13  04/02/2020  1200    44.0   19.9     2.8     0.000   0   37.73  203.0    4.9      --
 14  04/02/2020  1300    46.8   19.9     3.5     0.000   0   33.92  209.7    6.1      --
 15  04/02/2020  1400    48.4   20.0     4.2     0.000   0   32.04  214.2    7.4      --
 16  04/02/2020  1500    49.5   20.0     4.9     0.000   0   30.91  217.4    8.6      --
 17  04/02/2020  1600    50.1   20.2     5.6     0.000   0   30.33  219.7    9.9  no_inv
 18  04/02/2020  1700    50.3   20.3     6.7     0.000   0   30.30  236.0    9.0      --
 19  04/02/2020  1800    48.1   20.3     7.7     0.000   0   32.87  254.3    8.9      --
 20  04/02/2020  1900    43.8   21.2     8.8     0.000   0   40.24  271.3    9.6      --
 21  04/02/2020  2000    41.4   21.2     9.8     0.000   0   44.18  284.9   11.1      --
 22  04/02/2020  2100    39.0   21.0    10.9     0.000   0   47.84  294.8   13.0      --
 23  04/02/2020  2200    36.7   20.6    11.9     0.000   0   51.74  302.1   15.2     666
 24  04/02/2020  2300    34.9   19.3    12.1     0.000   0   52.54  302.8   15.4      --
 25  04/03/2020  0000    33.6   19.3    12.2     0.000   0   55.29  303.5   15.5      --
 26  04/03/2020  0100    32.4   19.4    12.3     0.000   0   58.10  304.2   15.6      --
 27  04/03/2020  0200    31.3   19.4    12.5     0.000   0   60.85  304.9   15.7      --
 28  04/03/2020  0300    30.3   19.4    12.6     0.000   0   63.42  305.6   15.8      --
 29  04/03/2020  0400    29.4   19.4    12.8     0.000   0   65.72  306.3   15.9     649
 30  04/03/2020  0500    28.7   20.8    10.9     0.000   0   71.84  303.6   13.5      --
 31  04/03/2020  0600    28.3   21.2     9.1     0.000   0   74.53  299.8   11.1      --
 32  04/03/2020  0700    28.9   20.8     7.3     0.000   0   71.40  293.9    8.7      --
 33  04/03/2020  0800    30.8   20.4     5.4     0.000   0   64.89  284.0    6.6      --
 34  04/03/2020  0900    34.1   18.5     3.6     0.000   0   52.42  265.5    4.8      --
 35  04/03/2020  1000    38.3   18.2     1.8     0.000   0   43.75  233.3    3.9  no_inv
 36  04/03/2020  1100    42.8   17.9     4.3     0.000   0   36.29  266.4    5.8      --
 37  04/03/2020  1200    46.6   17.6     6.9     0.000   0   31.00  280.7    8.6      --
 38  04/03/2020  1300    49.4   18.0     9.4     0.000   0   28.36  287.7   11.7      --
 39  04/03/2020  1400    50.8   18.0    12.0     0.000   0   27.00  291.8   14.9      --
 40  04/03/2020  1500    51.4   17.5    14.6     0.000   0   25.77  294.4   18.1      --
 41  04/03/2020  1600    51.7   17.0    17.1     0.000   0   24.91  296.2   21.4  no_inv
 42  04/03/2020  1700    51.7   17.0    16.2     0.000   0   24.96  299.7   19.9      --
 43  04/03/2020  1800    49.5   17.2    15.2     0.000   0   27.35  303.6   18.5      --
 44  04/03/2020  1900    45.1   17.4    14.3     0.000   0   32.44  308.2   17.3      --
 45  04/03/2020  2000    42.7   17.3    13.3     0.000   0   35.44  313.4   16.1      --
 46  04/03/2020  2100    40.4   17.0    12.4     0.000   0   38.27  319.4   15.1      --
 47  04/03/2020  2200    38.0   18.5    11.4     0.000   0   44.77  326.2   14.3  no_inv
 48  04/03/2020  2300    34.9   18.9    10.4     0.000   0   51.53  331.7   13.0      --
 49  04/04/2020  0000    32.9   19.0     9.4     0.000   0   56.13  338.3   11.8      --
 50  04/04/2020  0100    31.0   19.0     8.3     0.000   0   60.52  346.3   10.9      --
 51  04/04/2020  0200    29.3   19.0     7.2     0.000   0   64.71  355.6   10.1      --
 52  04/04/2020  0300    27.9   18.9     6.2     0.000   0   68.58    6.0    9.7      --
 53  04/04/2020  0400    26.7   18.9     5.1     0.000   0   72.03   17.0    9.6     495
 54  04/04/2020  0500    25.7   18.9     4.5     0.000   0   74.79   19.0    8.4      --
 55  04/04/2020  0600    25.2   18.9     3.8     0.000   0   76.51   21.8    7.1      --
 56  04/04/2020  0700    25.9   18.9     3.2     0.000   0   74.15   25.8    5.9      --
 57  04/04/2020  0800    28.2   18.9     2.5     0.000   0   67.40   31.8    4.7      --
 58  04/04/2020  0900    32.1   16.3     1.9     0.000   0   51.63   41.5    3.7      --
 59  04/04/2020  1000    37.2   16.1     1.2     0.000   0   41.83   58.4    2.8    7426
 60  04/04/2020  1100    42.5   15.9     1.5     0.000   0   33.67   67.8    3.2      --
 61  04/04/2020  1200    47.0   15.7     1.8     0.000   0   28.13   74.8    3.7      --
 62  04/04/2020  1300    50.3   15.5     2.0     0.000   0   24.60   79.9    4.3      --
 63  04/04/2020  1400    52.1   15.4     2.2     0.000   0   22.90   83.9    4.9      --
 64  04/04/2020  1500    53.0   15.3     2.5     0.000   0   22.10   87.0    5.5      --
 65  04/04/2020  1600    53.4   15.2     2.8     0.000   0   21.73   89.5    6.1  no_inv
 66  04/04/2020  1700    53.4   15.4     5.3     0.000   0   21.84   66.9    7.8      --
 67  04/04/2020  1800    52.1   15.8     7.8     0.000   0   23.41   53.9   10.3      --
 68  04/04/2020  1900    49.3   18.5    10.3     0.000   0   29.06   46.1   13.1      --
 69  04/04/2020  2000    47.8   17.5    12.8     0.000   0   29.48   41.1   16.1      --
 70  04/04/2020  2100    45.5   18.5    15.3     0.000   0   33.74   37.7   19.1      --
 71  04/04/2020  2200    43.1   19.7    17.8     0.000   0   38.77   35.2   22.2     379
 72  04/04/2020  2300    42.0   20.9    17.3     0.000   0   42.56   33.0   21.5      --
 73  04/05/2020  0000    41.6   22.0    16.9     0.000   0   45.13   30.6   20.9      --
 74  04/05/2020  0100    41.3   22.9    16.4     0.000   0   47.47   28.1   20.3      --
 75  04/05/2020  0200    41.1   23.6    16.0     0.000   0   49.37   25.4   19.8      --
 76  04/05/2020  0300    40.9   24.0    15.5     0.000   0   50.69   22.6   19.3      --
 77  04/05/2020  0400    40.8   24.2    15.1     0.000   0   51.30   19.6   18.9    2446
 78  04/05/2020  0500    40.7   24.2    14.0     0.000   0   51.64   21.7   17.5      --
 79  04/05/2020  0600    40.5   24.5    12.9     0.000   0   52.31   24.1   16.2      --
 80  04/05/2020  0700    40.5   26.2    11.8     0.000   0   56.29   26.9   15.0      --
 81  04/05/2020  0800    40.7   25.2    10.7     0.000   0   53.78   30.2   13.7      --
 82  04/05/2020  0900    41.0   25.7     9.6     0.000   0   54.25   34.1   12.6      --
 83  04/05/2020  1000    41.5   26.2     8.5     0.000   0   54.40   38.8   11.5     187
 84  04/05/2020  1100    42.9   26.8     7.2     0.000   0   52.68   38.7    9.9      --
 85  04/05/2020  1200    47.3   27.3     6.0     0.000   0   45.38   38.7    8.4      --
 86  04/05/2020  1300    52.6   27.7     4.7     0.000   0   37.98   38.5    6.8      --
 87  04/05/2020  1400    55.7   28.3     3.5     0.000   0   34.81   38.3    5.3      --
 88  04/05/2020  1500    57.5   28.3     2.2     0.000   0   32.54   37.9    3.8      --
 89  04/05/2020  1600    58.4   28.3     1.0     0.000   0   31.53   37.0    2.2  no_inv
 90  04/05/2020  1700    58.0   28.4     3.0     0.000   0   32.07  353.8    3.8      --
 91  04/05/2020  1800    56.9   28.6     5.0     0.000   0   33.62  339.4    6.1      --
 92  04/05/2020  1900    54.8   30.0     7.1     0.000   0   38.61  333.1    8.6      --
 93  04/05/2020  2000    53.5   31.3     9.1     0.000   0   42.54  329.7   11.2      --
 94  04/05/2020  2100    51.2   31.5    11.1     0.000   0   46.61  327.6   13.8      --
 95  04/05/2020  2200    48.9   30.4    13.1     0.000   0   48.61  326.2   16.4     999
 96  04/05/2020  2300    47.0   30.9    12.5     0.000   0   53.19  333.6   16.6      --
 97  04/06/2020  0000    45.7   32.7    11.9     0.000   0   60.28  340.7   17.1      --
 98  04/06/2020  0100    44.5   33.3    11.4     0.000   0   64.75  347.4   17.8      --
 99  04/06/2020  0200    43.4   33.9    10.8     0.000   0   68.93  353.4   18.8      --
100  04/06/2020  0300    42.4   34.3    10.2     0.000   0   72.59  358.8   20.0      --
101  04/06/2020  0400    41.7   34.4     9.6     0.000   0   75.17    3.6   21.2     540
102  04/06/2020  0500    41.1   34.2     8.5     0.000   0   76.40    1.4   18.6      --
103  04/06/2020  0600    40.8   32.7     7.4     0.000   0   72.64  358.4   15.9      --
104  04/06/2020  0700    41.2   30.5     6.3     0.000   0   65.57  354.4   13.3      --
105  04/06/2020  0800    42.4   30.2     5.2     0.000   0   61.74  348.3   10.8      --
106  04/06/2020  0900    44.4   29.1     4.1     0.000   0   54.63  338.9    8.5      --
107  04/06/2020  1000    47.2   28.0     3.0     0.000   0   46.89  323.2    6.6  no_inv
108  04/06/2020  1100    50.4   26.8     5.0     0.000   0   39.64  313.7    8.4      --
109  04/06/2020  1200    54.3   25.7     7.0     0.000   0   32.83  307.7   10.4      --
110  04/06/2020  1300    57.4   25.5     9.0     0.000   0   29.13  303.7   12.4      --
111  04/06/2020  1400    59.0   25.6    11.0     0.000   0   27.60  300.8   14.5      --
112  04/06/2020  1500    59.7   25.2    13.0     0.000   0   26.40  298.6   16.7      --
113  04/06/2020  1600    60.1   24.2    15.1     0.000   0   25.05  297.0   18.8    7622
114  04/06/2020  1700    60.0   23.9    15.6     0.000   0   24.74  298.3   19.5      --
115  04/06/2020  1800    56.9   23.7    16.1     0.000   0   27.54  299.6   20.1      --
116  04/06/2020  1900    50.5   24.0    16.7     0.000   0   35.16  300.8   20.8      --
117  04/06/2020  2000    47.0   24.4    17.2     0.000   0   40.67  301.9   21.5      --
118  04/06/2020  2100    44.7   24.8    17.8     0.000   0   45.19  302.9   22.2      --
119  04/06/2020  2200    42.3   25.2    18.3     0.000   0   50.33  303.9   22.9    4408
120  04/06/2020  2300    40.1   25.6    18.1     0.000   0   55.86  305.5   22.5      --
121  04/07/2020  0000    39.3   26.0    17.8     0.000   0   58.66  307.3   22.2      --
122  04/07/2020  0100    38.4   26.4    17.6     0.000   0   61.62  309.1   21.8      --
123  04/07/2020  0200    37.5   26.6    17.3     0.000   0   64.56  311.0   21.5      --
124  04/07/2020  0300    36.6   26.8    17.0     0.000   0   67.32  312.9   21.2      --
125  04/07/2020  0400    35.8   26.9    16.8     0.000   0   69.75  314.8   21.0     603
126  04/07/2020  0500    35.0   26.8    14.6     0.000   0   71.78  314.6   18.8      --
127  04/07/2020  0600    34.5   26.7    12.4     0.000   0   72.75  314.3   16.6      --
128  04/07/2020  0700    35.5   28.0    10.2     0.000   0   73.63  314.0   14.5      --
129  04/07/2020  0800    38.2   26.2     8.0     0.000   0   61.67  313.5   12.3      --
130  04/07/2020  0900    42.6   26.0     5.8     0.000   0   51.39  312.8   10.1      --
131  04/07/2020  1000    48.1   25.7     3.6     0.000   0   41.20  311.7    8.0    6135
132  04/07/2020  1100    53.7   25.4     3.7     0.000   0   33.12  310.6    8.1      --
133  04/07/2020  1200    57.9   25.1     3.8     0.000   0   28.06  309.5    8.2      --
134  04/07/2020  1300    61.0   24.8     3.9     0.000   0   24.87  308.5    8.4      --
135  04/07/2020  1400    62.6   24.6     4.0     0.000   0   23.33  307.5    8.6      --
136  04/07/2020  1500    63.3   24.5     4.1     0.000   0   22.61  306.5    8.7      --
137  04/07/2020  1600    63.7   24.5     4.2     0.000   0   22.30  305.6    8.9    8763
138  04/07/2020  1700    63.7   24.5     5.6     0.000   0   22.29  317.0    9.6      --
139  04/07/2020  1800    61.2   24.4     7.0     0.000   0   24.30  326.4   10.7      --
140  04/07/2020  1900    56.1   26.4     8.4     0.000   0   31.65  333.9   12.1      --
141  04/07/2020  2000    53.3   26.3     9.9     0.000   0   34.97  339.8   13.6      --
142  04/07/2020  2100    50.9   25.8    11.3     0.000   0   37.33  344.5   15.2      --
143  04/07/2020  2200    48.6   24.1    12.7     0.000   0   38.00  348.3   16.9     752
144  04/07/2020  2300    45.3   24.0    12.5     0.000   0   42.75  355.0   15.9      --
145  04/08/2020  0000    43.5   24.0    12.3     0.000   0   45.80    2.4   15.2      --
146  04/08/2020  0100    41.7   23.9    12.1     0.000   0   48.87   10.4   14.8      --
147  04/08/2020  0200    40.1   25.2    12.0     0.000   0   54.84   18.7   14.6      --
148  04/08/2020  0300    38.8   25.2    11.8     0.000   0   57.91   27.1   14.8      --
149  04/08/2020  0400    37.6   25.3    11.6     0.000   0   60.65   35.0   15.2     805
150  04/08/2020  0500    36.8   25.7    10.3     0.000   0   63.95   36.9   14.1      --
151  04/08/2020  0600    36.3   26.0     9.1     0.000   0   65.73   39.0   13.0      --
152  04/08/2020  0700    37.1   26.0     7.8     0.000   0   64.01   41.5   11.9      --
153  04/08/2020  0800    39.2   24.4     6.6     0.000   0   54.82   44.5   10.9      --
154  04/08/2020  0900    42.9   24.6     5.3     0.000   0   48.19   48.2    9.8      --
155  04/08/2020  1000    47.7   24.9     4.1     0.000   0   40.65   52.7    8.9    3810
156  04/08/2020  1100    53.0   26.0     3.8     0.000   0   34.88   56.9    6.5      --
157  04/08/2020  1200    58.6   26.0     3.6     0.000   0   28.52   65.8    4.2      --
158  04/08/2020  1300    63.0   26.0     3.4     0.000   0   24.37   92.4    2.2      --
159  04/08/2020  1400    65.5   26.0     3.2     0.000   0   22.38  162.0    2.0      --
160  04/08/2020  1500    66.7   26.0     3.0     0.000   0   21.43  194.8    3.8      --
161  04/08/2020  1600    67.4   26.0     2.8     0.000   0   20.92  205.1    6.1    6211
162  04/08/2020  1700    67.7   26.0     4.7     0.000   0   20.76  239.4    5.2      --
163  04/08/2020  1800    64.6   26.0     6.7     0.000   0   23.08  272.7    6.3      --
164  04/08/2020  1900    58.3   28.0     8.6     0.000   0   31.26  291.6    8.7      --
165  04/08/2020  2000    54.9   27.9    10.6     0.000   0   35.10  301.6   11.7      --
166  04/08/2020  2100    52.6   26.0    12.6     0.000   0   35.49  307.5   14.9      --
167  04/08/2020  2200    50.2   26.0    14.5     0.000   0   38.69  311.3   18.1     643
