  Generated by FoxLW on Thursday April 2, 2020 at 02:32 PDT
-------------------------------------------------------------------------------
  Wheeler
  47.1400:-119.0700  (47 8' 24.00"N  119 4' 12.00"W)  elev 1427.2 feet    file: 330027
-------------------------------------------------------------------------------

Line#   Date     Hour   TempF  DewPtF WS(mph)  Rain(in) LW    RH%  WDir_50m WS_50m Inv(ft)
  5  04/02/2020  0400    31.5   16.5    10.6     0.000   0   53.36   19.8   13.2     511
  6  04/02/2020  0500    31.0   16.7     9.1     0.000   0   55.04   16.9   10.9      --
  7  04/02/2020  0600    30.6   16.9     7.6     0.000   0   56.20   12.4    8.6      --
  8  04/02/2020  0700    30.8   17.0     6.1     0.000   0   56.21    4.8    6.5      --
  9  04/02/2020  0800    31.6   17.3     4.6     0.000   0   54.81  350.0    4.5      --
 10  04/02/2020  0900    33.3   17.0     3.1     0.000   0   50.74  319.0    3.2      --
 11  04/02/2020  1000    35.6   17.0     1.6     0.000   0   46.21  276.8    3.4  no_inv
 12  04/02/2020  1100    39.0   17.0     1.7     0.000   0   40.46  260.2    3.2      --
 13  04/02/2020  1200    43.7   17.0     1.9     0.000   0   33.68  242.8    3.3      --
 14  04/02/2020  1300    47.6   17.0     2.1     0.000   0   29.09  227.3    3.6      --
 15  04/02/2020  1400    49.4   17.0     2.2     0.000   0   27.19  215.2    4.2      --
 16  04/02/2020  1500    50.4   17.0     2.4     0.000   0   26.20  206.3    4.9      --
 17  04/02/2020  1600    50.7   17.0     2.6     0.000   0   25.88  199.7    5.7  no_inv
 18  04/02/2020  1700    50.0   17.1     3.2     0.000   0   26.67  222.4    4.6      --
 19  04/02/2020  1800    48.5   17.3     3.8     0.000   0   28.52  250.9    4.6      --
 20  04/02/2020  1900    47.7   17.3     4.5     0.000   0   29.42  274.4    5.5      --
 21  04/02/2020  2000    45.3   17.5     5.1     0.000   0   32.28  289.2    7.1      --
 22  04/02/2020  2100    43.0   18.1     5.8     0.000   0   36.37  298.3    9.0      --
 23  04/02/2020  2200    40.7   19.0     6.4     0.000   0   41.39  304.1   11.0  no_inv
 24  04/02/2020  2300    39.0   19.2     6.3     0.000   0   44.47  300.2   10.7      --
 25  04/03/2020  0000    37.9   19.4     6.3     0.000   0   46.78  296.0   10.5      --
 26  04/03/2020  0100    36.8   19.4     6.2     0.000   0   48.96  291.8   10.4      --
 27  04/03/2020  0200    35.9   19.5     6.2     0.000   0   50.90  287.4   10.3      --
 28  04/03/2020  0300    35.0   19.5     6.1     0.000   0   52.52  283.0   10.3      --
 29  04/03/2020  0400    34.4   19.4     6.1     0.000   0   53.76  278.6   10.3  no_inv
 30  04/03/2020  0500    33.9   18.6     5.7     0.000   0   53.07  271.0    9.3      --
 31  04/03/2020  0600    33.6   17.8     5.3     0.000   0   51.96  261.8    8.4      --
 32  04/03/2020  0700    33.8   17.3     4.9     0.000   0   50.41  251.0    7.9      --
 33  04/03/2020  0800    34.6   17.3     4.5     0.000   0   48.78  238.9    7.6      --
 34  04/03/2020  0900    36.1   18.6     4.1     0.000   0   48.62  226.6    7.7      --
 35  04/03/2020  1000    38.2   17.8     3.7     0.000   0   43.27  215.0    8.1  no_inv
 36  04/03/2020  1100    40.6   17.0     5.7     0.000   0   37.95  236.6    8.4      --
 37  04/03/2020  1200    43.2   16.2     7.7     0.000   0   33.17  254.5    9.7      --
 38  04/03/2020  1300    45.6   16.1     9.7     0.000   0   30.15  267.2   11.8      --
 39  04/03/2020  1400    47.0   16.0    11.7     0.000   0   28.42  275.9   14.2      --
 40  04/03/2020  1500    47.9   15.6    13.7     0.000   0   26.99  281.9   16.8      --
 41  04/03/2020  1600    48.5   14.8    15.7     0.000   0   25.48  286.3   19.6  no_inv
 42  04/03/2020  1700    48.1   14.9    15.7     0.000   0   26.04  292.4   19.0      --
 43  04/03/2020  1800    47.1   15.1    15.6     0.000   0   27.24  298.9   18.6      --
 44  04/03/2020  1900    46.6   15.4    15.6     0.000   0   28.23  305.5   18.5      --
 45  04/03/2020  2000    44.2   15.9    15.6     0.000   0   31.54  312.2   18.5      --
 46  04/03/2020  2100    41.9   16.6    15.6     0.000   0   35.46  318.7   18.9      --
 47  04/03/2020  2200    39.6   17.2    15.6     0.000   0   39.99  324.9   19.5   13031
 48  04/03/2020  2300    37.8   17.9    13.5     0.000   0   44.19  327.6   16.9      --
 49  04/04/2020  0000    36.8   19.9    11.3     0.000   0   49.93  331.4   14.3      --
 50  04/04/2020  0100    35.8   20.7     9.2     0.000   0   53.71  336.7   11.8      --
 51  04/04/2020  0200    34.9   20.0     7.0     0.000   0   54.01  344.8    9.5      --
 52  04/04/2020  0300    34.1   18.8     4.9     0.000   0   53.03  357.6    7.5      --
 53  04/04/2020  0400    33.4   18.0     2.7     0.000   0   52.70   17.9    6.1     300
 54  04/04/2020  0500    32.8   16.8     2.5     0.000   0   51.10   20.7    4.8      --
 55  04/04/2020  0600    32.5   16.8     2.2     0.000   0   51.87   25.6    3.5      --
 56  04/04/2020  0700    32.8   16.8     1.9     0.000   0   51.19   36.1    2.2      --
 57  04/04/2020  0800    34.0   19.8     1.6     0.000   0   55.68   67.2    1.2      --
 58  04/04/2020  0900    36.0   19.8     1.3     0.000   0   51.23  132.1    1.3      --
 59  04/04/2020  1000    38.9   19.7     1.0     0.000   0   45.71  160.8    2.3    7248
 60  04/04/2020  1100    42.3   19.7     1.4     0.000   0   40.00  133.4    2.4      --
 61  04/04/2020  1200    46.7   19.6     1.7     0.000   0   33.80  112.0    2.9      --
 62  04/04/2020  1300    50.2   19.6     2.0     0.000   0   29.52   98.4    3.7      --
 63  04/04/2020  1400    52.2   19.6     2.3     0.000   0   27.45   89.9    4.6      --
 64  04/04/2020  1500    53.1   19.6     2.7     0.000   0   26.50   84.4    5.6      --
 65  04/04/2020  1600    53.6   19.6     3.0     0.000   0   26.04   80.5    6.7  no_inv
 66  04/04/2020  1700    53.6   19.7     4.4     0.000   0   26.16   69.4    7.9      --
 67  04/04/2020  1800    52.8   20.2     5.9     0.000   0   27.61   61.5    9.4      --
 68  04/04/2020  1900    50.9   22.3     7.3     0.000   0   32.19   55.9   11.0      --
 69  04/04/2020  2000    49.9   24.0     8.7     0.000   0   36.02   51.7   12.7      --
 70  04/04/2020  2100    47.6   25.2    10.2     0.000   0   41.22   48.5   14.4      --
 71  04/04/2020  2200    45.2   26.0    11.6     0.000   0   46.54   46.0   16.2  no_inv
 72  04/04/2020  2300    43.3   27.5    10.9     0.000   0   53.38   44.9   16.2      --
 73  04/05/2020  0000    42.0   28.9    10.2     0.000   0   59.47   43.8   16.3      --
 74  04/05/2020  0100    40.8   30.0     9.5     0.000   0   65.04   42.6   16.3      --
 75  04/05/2020  0200    39.8   30.8     8.8     0.000   0   69.82   41.5   16.4      --
 76  04/05/2020  0300    39.0   31.3     8.1     0.000   0   73.60   40.4   16.4      --
 77  04/05/2020  0400    38.3   29.3     7.4     0.000   0   69.62   39.3   16.5    1507
 78  04/05/2020  0500    37.8   27.2     6.9     0.000   0   65.04   38.4   15.3      --
 79  04/05/2020  0600    37.6   25.1     6.4     0.000   0   60.26   37.4   14.1      --
 80  04/05/2020  0700    37.6   23.0     5.8     0.000   0   55.04   36.2   12.8      --
 81  04/05/2020  0800    38.1   28.4     5.3     0.000   0   67.63   34.7   11.6      --
 82  04/05/2020  0900    39.0   29.6     4.8     0.000   0   68.56   32.9   10.4      --
 83  04/05/2020  1000    40.4   29.6     4.2     0.000   0   65.08   30.6    9.3    3049
 84  04/05/2020  1100    43.1   29.8     3.8     0.000   0   59.20   30.4    8.3      --
 85  04/05/2020  1200    48.3   29.8     3.3     0.000   0   48.54   30.1    7.3      --
 86  04/05/2020  1300    53.3   29.8     2.9     0.000   0   40.38   29.8    6.3      --
 87  04/05/2020  1400    55.8   29.8     2.4     0.000   0   36.91   29.3    5.4      --
 88  04/05/2020  1500    57.2   29.8     2.0     0.000   0   34.98   28.7    4.4      --
 89  04/05/2020  1600    57.8   29.8     1.6     0.000   0   34.25   27.7    3.5  no_inv
 90  04/05/2020  1700    57.2   29.9     2.4     0.000   0   35.22  349.2    2.5      --
 91  04/05/2020  1800    56.4   30.2     3.3     0.000   0   36.67  306.7    3.2      --
 92  04/05/2020  1900    54.8   29.9     4.2     0.000   0   38.37  285.9    4.8      --
 93  04/05/2020  2000    53.9   29.9     5.0     0.000   0   39.65  276.2    6.7      --
 94  04/05/2020  2100    51.5   31.1     5.9     0.000   0   45.35  271.0    8.8      --
 95  04/05/2020  2200    49.2   32.7     6.7     0.000   0   52.81  267.7   10.8     807
 96  04/05/2020  2300    46.8   33.2     6.8     0.000   0   58.85  281.9    7.5      --
 97  04/06/2020  0000    45.0   33.7     6.8     0.000   0   64.38  312.2    5.2      --
 98  04/06/2020  0100    43.3   34.1     6.8     0.000   0   69.82  355.7    5.5      --
 99  04/06/2020  0200    41.8   34.4     6.8     0.000   0   74.86   22.3    8.1      --
100  04/06/2020  0300    40.6   34.6     6.8     0.000   0   79.22   34.7   11.5      --
101  04/06/2020  0400    39.6   34.8     6.9     0.000   0   82.62   41.2   15.2     172
102  04/06/2020  0500    38.9   32.9     6.2     0.000   0   78.77   36.7   12.8      --
103  04/06/2020  0600    38.6   31.6     5.5     0.000   0   75.64   30.2   10.6      --
104  04/06/2020  0700    38.8   29.9     4.8     0.000   0   69.96   20.5    8.6      --
105  04/06/2020  0800    39.8   32.6     4.1     0.000   0   75.15    5.6    6.9      --
106  04/06/2020  0900    41.6   31.1     3.5     0.000   0   66.11  344.1    6.0      --
107  04/06/2020  1000    44.1   29.5     2.8     0.000   0   56.32  319.6    6.1  no_inv
108  04/06/2020  1100    47.2   27.9     4.7     0.000   0   46.88  307.0    7.7      --
109  04/06/2020  1200    51.9   26.5     6.5     0.000   0   36.94  299.0    9.5      --
110  04/06/2020  1300    56.0   25.8     8.4     0.000   0   30.97  293.6   11.4      --
111  04/06/2020  1400    58.3   25.8    10.3     0.000   0   28.61  289.7   13.4      --
112  04/06/2020  1500    59.4   25.5    12.1     0.000   0   27.11  286.9   15.4      --
113  04/06/2020  1600    60.0   24.8    14.0     0.000   0   25.70  284.8   17.5    8326
114  04/06/2020  1700    60.2   24.2    15.0     0.000   0   24.92  287.5   18.6      --
115  04/06/2020  1800    57.7   23.7    15.9     0.000   0   26.69  290.0   19.8      --
116  04/06/2020  1900    52.7   24.0    16.9     0.000   0   32.45  292.1   21.0      --
117  04/06/2020  2000    49.9   24.5    17.8     0.000   0   36.63  294.1   22.2      --
118  04/06/2020  2100    47.6   25.0    18.8     0.000   0   40.87  295.8   23.4      --
119  04/06/2020  2200    45.2   25.5    19.7     0.000   0   45.72  297.4   24.7    6783
120  04/06/2020  2300    43.5   26.1    18.4     0.000   0   50.02  297.2   23.2      --
121  04/07/2020  0000    42.9   26.6    17.0     0.000   0   52.27  297.0   21.7      --
122  04/07/2020  0100    42.3   27.1    15.7     0.000   0   54.53  296.7   20.2      --
123  04/07/2020  0200    41.7   27.5    14.3     0.000   0   56.66  296.5   18.7      --
124  04/07/2020  0300    41.1   27.7    13.0     0.000   0   58.52  296.1   17.3      --
125  04/07/2020  0400    40.5   29.1    11.6     0.000   0   63.57  295.8   15.8  no_inv
126  04/07/2020  0500    40.0   29.6    10.3     0.000   0   65.96  294.8   14.4      --
127  04/07/2020  0600    39.7   29.4     8.9     0.000   0   66.40  293.7   13.1      --
128  04/07/2020  0700    40.1   28.7     7.6     0.000   0   63.41  292.4   11.8      --
129  04/07/2020  0800    41.4   26.5     6.3     0.000   0   55.00  290.7   10.5      --
130  04/07/2020  0900    43.7   25.9     4.9     0.000   0   49.16  288.5    9.2      --
131  04/07/2020  1000    46.8   25.2     3.6     0.000   0   42.56  285.6    7.9    6190
132  04/07/2020  1100    50.4   24.6     3.4     0.000   0   36.19  289.1    7.5      --
133  04/07/2020  1200    54.9   24.0     3.3     0.000   0   29.97  293.0    7.1      --
134  04/07/2020  1300    58.4   23.5     3.1     0.000   0   25.78  297.5    6.6      --
135  04/07/2020  1400    60.3   23.1     2.9     0.000   0   23.69  302.4    6.3      --
136  04/07/2020  1500    61.3   22.8     2.8     0.000   0   22.69  307.9    6.0      --
137  04/07/2020  1600    61.7   22.8     2.6     0.000   0   22.25  314.0    5.7    8555
138  04/07/2020  1700    61.8   22.8     2.3     0.000   0   22.20  315.6    5.1      --
139  04/07/2020  1800    60.5   22.8     2.1     0.000   0   23.19  317.8    4.5      --
140  04/07/2020  1900    58.0   23.1     1.8     0.000   0   25.74  320.5    3.9      --
141  04/07/2020  2000    56.6   23.1     1.5     0.000   0   27.06  324.3    3.3      --
142  04/07/2020  2100    54.3   23.1     1.3     0.000   0   29.46  329.5    2.8      --
143  04/07/2020  2200    51.9   23.1     1.0     0.000   0   32.10  337.4    2.3     555
144  04/07/2020  2300    49.1   23.1     3.1     0.000   0   35.63   35.0    3.4      --
145  04/08/2020  0000    47.2   23.2     5.3     0.000   0   38.52   54.0    5.9      --
146  04/08/2020  0100    45.4   24.0     7.4     0.000   0   42.66   61.3    8.6      --
147  04/08/2020  0200    43.8   24.2     9.5     0.000   0   45.63   65.1   11.4      --
148  04/08/2020  0300    42.5   23.7    11.6     0.000   0   46.82   67.4   14.3      --
149  04/08/2020  0400    41.5   22.2    13.7     0.000   0   45.78   68.9   17.2  no_inv
150  04/08/2020  0500    40.8   23.5    11.9     0.000   0   49.85   71.1   15.1      --
151  04/08/2020  0600    40.4   24.1    10.0     0.000   0   51.84   74.1   13.0      --
152  04/08/2020  0700    41.1   25.0     8.1     0.000   0   52.53   78.2   10.9      --
153  04/08/2020  0800    42.9   23.6     6.3     0.000   0   46.20   84.1    9.0      --
154  04/08/2020  0900    45.9   24.4     4.4     0.000   0   42.41   93.1    7.2      --
155  04/08/2020  1000    49.9   28.0     2.5     0.000   0   42.51  107.5    5.7    6069
156  04/08/2020  1100    54.3   28.0     2.7     0.000   0   36.11  124.0    4.4      --
157  04/08/2020  1200    58.9   28.0     2.9     0.000   0   30.56  149.1    3.8      --
158  04/08/2020  1300    62.5   28.0     3.1     0.000   0   26.92  176.7    4.1      --
159  04/08/2020  1400    64.4   28.0     3.3     0.000   0   25.19  197.2    5.0      --
160  04/08/2020  1500    65.3   28.0     3.5     0.000   0   24.40  209.9    6.4      --
161  04/08/2020  1600    65.8   28.0     3.7     0.000   0   24.01  217.7    8.1    6015
162  04/08/2020  1700    65.8   28.0     4.7     0.000   0   23.96  235.3    6.8      --
163  04/08/2020  1800    64.6   28.0     5.7     0.000   0   25.02  257.3    6.5      --
164  04/08/2020  1900    62.0   29.2     6.8     0.000   0   28.70  278.6    7.1      --
165  04/08/2020  2000    60.6   29.9     7.8     0.000   0   31.03  294.6    8.5      --
166  04/08/2020  2100    58.3   30.0     8.8     0.000   0   33.93  305.6   10.3      --
167  04/08/2020  2200    56.0   30.0     9.8     0.000   0   36.91  313.1   12.4     450
