  Generated by FoxLW on Thursday April 2, 2020 at 02:32 PDT
-------------------------------------------------------------------------------
  Mae
  47.0700:-119.4900  (47 4' 12.00"N  119 29' 24.00"W)  elev 1200.8 feet    file: 330028
-------------------------------------------------------------------------------

Line#   Date     Hour   TempF  DewPtF WS(mph)  Rain(in) LW    RH%  WDir_50m WS_50m Inv(ft)
  5  04/02/2020  0400    30.9   15.4     6.2     0.000   0   52.16    5.8   11.6     731
  6  04/02/2020  0500    30.3   15.4     5.2     0.000   0   53.44    6.0    9.6      --
  7  04/02/2020  0600    29.9   15.6     4.2     0.000   0   54.73    6.3    7.6      --
  8  04/02/2020  0700    30.2   16.8     3.2     0.000   0   56.95    6.9    5.5      --
  9  04/02/2020  0800    31.3   16.8     2.2     0.000   0   54.46    8.1    3.5      --
 10  04/02/2020  0900    33.3   16.8     1.3     0.000   0   50.23   12.8    1.5      --
 11  04/02/2020  1000    36.1   16.8     0.3     0.000   0   44.89  164.3    0.6  no_inv
 12  04/02/2020  1100    39.6   16.8     1.4     0.000   0   39.14  190.1    2.2      --
 13  04/02/2020  1200    43.3   16.8     2.6     0.000   0   33.85  193.9    4.0      --
 14  04/02/2020  1300    46.5   16.8     3.7     0.000   0   29.99  195.3    5.7      --
 15  04/02/2020  1400    48.3   16.5     4.9     0.000   0   27.74  196.1    7.4      --
 16  04/02/2020  1500    49.6   16.8     6.0     0.000   0   26.70  196.6    9.1      --
 17  04/02/2020  1600    50.4   16.8     7.2     0.000   0   25.91  197.0   10.8  no_inv
 18  04/02/2020  1700    49.8   16.8     7.3     0.000   0   26.63  214.3    8.7      --
 19  04/02/2020  1800    48.4   18.5     7.3     0.000   0   30.19  239.1    7.7      --
 20  04/02/2020  1900    47.6   18.7     7.4     0.000   0   31.34  264.7    8.4      --
 21  04/02/2020  2000    45.3   19.0     7.4     0.000   0   34.63  283.5   10.4      --
 22  04/02/2020  2100    42.9   19.3     7.5     0.000   0   38.39  295.4   13.1      --
 23  04/02/2020  2200    40.6   19.7     7.6     0.000   0   42.65  303.0   16.2  no_inv
 24  04/02/2020  2300    37.7   19.3     7.0     0.000   0   47.05  303.1   14.9      --
 25  04/03/2020  0000    36.2   18.8     6.4     0.000   0   48.71  303.1   13.7      --
 26  04/03/2020  0100    34.8   18.2     5.8     0.000   0   50.13  303.2   12.5      --
 27  04/03/2020  0200    33.3   17.2     4.8     0.000   0   50.95  303.2   11.2      --
 28  04/03/2020  0300    32.1   17.3     3.8     0.000   0   54.01  303.3   10.0      --
 29  04/03/2020  0400    31.2   17.5     2.9     0.000   0   56.39  303.5    8.7     678
 30  04/03/2020  0500    30.8   17.3     3.2     0.000   0   57.01  297.3    7.9      --
 31  04/03/2020  0600    30.4   17.5     3.3     0.000   0   58.19  289.8    7.1      --
 32  04/03/2020  0700    30.8   18.3     3.4     0.000   0   59.36  280.8    6.6      --
 33  04/03/2020  0800    32.2   19.7     3.2     0.000   0   59.35  270.3    6.1      --
 34  04/03/2020  0900    34.8   21.2     3.0     0.000   0   57.20  258.7    6.0      --
 35  04/03/2020  1000    38.2   22.5     2.7     0.000   0   52.93  247.0    6.1  no_inv
 36  04/03/2020  1100    42.0   23.5     4.9     0.000   0   47.32  258.8    8.1      --
 37  04/03/2020  1200    46.3   23.8     7.2     0.000   0   40.78  265.6   10.4      --
 38  04/03/2020  1300    49.7   21.8     9.4     0.000   0   33.07  270.0   12.7      --
 39  04/03/2020  1400    51.4   17.8    11.6     0.000   0   26.05  272.9   15.1      --
 40  04/03/2020  1500    52.3   14.4    13.8     0.000   0   21.76  275.1   17.6      --
 41  04/03/2020  1600    52.7   12.6    16.0     0.000   0   19.85  276.7   20.0  no_inv
 42  04/03/2020  1700    52.7   12.8    15.8     0.000   0   20.02  283.8   18.8      --
 43  04/03/2020  1800    50.7   13.2    15.5     0.000   0   21.93  291.7   17.9      --
 44  04/03/2020  1900    46.6   13.5    15.3     0.000   0   25.96  300.2   17.3      --
 45  04/03/2020  2000    44.3   14.0    15.0     0.000   0   28.90  309.1   17.2      --
 46  04/03/2020  2100    42.0   14.6    14.8     0.000   0   32.42  318.0   17.5      --
 47  04/03/2020  2200    39.7   15.3    14.5     0.000   0   36.60  326.4   18.2  no_inv
 48  04/03/2020  2300    37.3   16.0    13.1     0.000   0   41.44  330.7   16.3      --
 49  04/04/2020  0000    35.9   18.0    11.6     0.000   0   47.69  336.0   14.6      --
 50  04/04/2020  0100    34.7   18.8    10.2     0.000   0   51.90  342.8   13.1      --
 51  04/04/2020  0200    33.5   19.6     8.8     0.000   0   56.23  351.2   11.7      --
 52  04/04/2020  0300    32.5   19.6     7.3     0.000   0   58.46    1.4   10.7      --
 53  04/04/2020  0400    31.7   19.2     5.9     0.000   0   59.55   13.3   10.1     519
 54  04/04/2020  0500    31.0   18.9     5.0     0.000   0   60.51   15.1    8.4      --
 55  04/04/2020  0600    30.5   18.5     4.2     0.000   0   60.51   17.8    6.8      --
 56  04/04/2020  0700    31.0   18.5     3.3     0.000   0   59.44   22.3    5.1      --
 57  04/04/2020  0800    32.5   17.7     2.4     0.000   0   54.06   30.8    3.6      --
 58  04/04/2020  0900    35.0   17.6     1.6     0.000   0   48.53   51.1    2.2      --
 59  04/04/2020  1000    38.5   17.4     0.7     0.000   0   42.07  101.9    1.6    6588
 60  04/04/2020  1100    42.4   17.3     1.1     0.000   0   35.84   84.3    2.2      --
 61  04/04/2020  1200    46.8   17.1     1.4     0.000   0   30.11   74.7    2.9      --
 62  04/04/2020  1300    50.3   17.0     1.7     0.000   0   26.28   69.0    3.7      --
 63  04/04/2020  1400    52.2   16.9     2.1     0.000   0   24.43   65.2    4.4      --
 64  04/04/2020  1500    53.1   16.9     2.4     0.000   0   23.57   62.6    5.2      --
 65  04/04/2020  1600    53.5   16.9     2.7     0.000   0   23.17   60.7    6.0  no_inv
 66  04/04/2020  1700    53.6   17.0     4.3     0.000   0   23.29   57.3    7.5      --
 67  04/04/2020  1800    52.6   17.5     5.8     0.000   0   24.72   55.0    9.0      --
 68  04/04/2020  1900    50.4   19.6     7.3     0.000   0   29.24   53.3   10.5      --
 69  04/04/2020  2000    49.3   21.3     8.9     0.000   0   32.87   52.0   11.9      --
 70  04/04/2020  2100    46.9   22.3    10.4     0.000   0   37.49   51.1   13.4      --
 71  04/04/2020  2200    44.6   23.1    12.0     0.000   0   42.29   50.3   15.0  no_inv
 72  04/04/2020  2300    42.9   24.4    12.0     0.000   0   47.50   43.5   15.1      --
 73  04/05/2020  0000    42.0   25.5    12.0     0.000   0   51.73   37.0   15.5      --
 74  04/05/2020  0100    41.1   26.5    12.0     0.000   0   55.75   30.9   16.1      --
 75  04/05/2020  0200    40.4   26.0    12.0     0.000   0   56.05   25.3   16.9      --
 76  04/05/2020  0300    39.8   26.5    12.0     0.000   0   58.58   20.2   17.7      --
 77  04/05/2020  0400    39.3   26.6    12.0     0.000   0   60.11   15.6   18.8    1717
 78  04/05/2020  0500    39.0   28.2    11.5     0.000   0   64.97   16.7   17.6      --
 79  04/05/2020  0600    38.7   28.5    10.9     0.000   0   66.42   18.0   16.4      --
 80  04/05/2020  0700    38.8   28.9    10.3     0.000   0   67.44   19.5   15.2      --
 81  04/05/2020  0800    39.1   27.3     9.8     0.000   0   62.22   21.2   14.1      --
 82  04/05/2020  0900    39.9   27.6     9.2     0.000   0   61.26   23.2   12.9      --
 83  04/05/2020  1000    41.0   28.0     8.6     0.000   0   59.46   25.6   11.8     497
 84  04/05/2020  1100    43.4   28.4     7.5     0.000   0   55.06   28.2   10.4      --
 85  04/05/2020  1200    48.6   29.4     6.4     0.000   0   47.22   31.5    9.1      --
 86  04/05/2020  1300    53.7   29.4     5.3     0.000   0   39.07   36.0    7.8      --
 87  04/05/2020  1400    56.3   29.4     4.3     0.000   0   35.54   42.1    6.6      --
 88  04/05/2020  1500    57.9   29.4     3.2     0.000   0   33.54   50.8    5.5      --
 89  04/05/2020  1600    58.6   29.4     2.1     0.000   0   32.76   63.4    4.6  no_inv
 90  04/05/2020  1700    58.0   29.4     4.0     0.000   0   33.56   24.0    4.4      --
 91  04/05/2020  1800    56.9   29.6     5.9     0.000   0   35.16  355.6    6.1      --
 92  04/05/2020  1900    54.6   31.8     7.9     0.000   0   41.67  341.3    8.6      --
 93  04/05/2020  2000    53.3   32.2     9.8     0.000   0   44.42  333.6   11.3      --
 94  04/05/2020  2100    51.0   32.1    11.7     0.000   0   48.08  329.0   14.2      --
 95  04/05/2020  2200    48.7   31.1    13.7     0.000   0   50.42  325.9   17.1     286
 96  04/05/2020  2300    46.7   31.5    13.1     0.000   0   55.26  333.2   17.4      --
 97  04/06/2020  0000    45.3   31.9    12.5     0.000   0   59.35  340.1   17.9      --
 98  04/06/2020  0100    43.9   33.7    11.9     0.000   0   66.93  346.5   18.6      --
 99  04/06/2020  0200    42.8   34.1    11.2     0.000   0   71.34  352.3   19.6      --
100  04/06/2020  0300    41.8   34.5    10.6     0.000   0   75.24  357.6   20.8      --
101  04/06/2020  0400    41.0   34.8    10.0     0.000   0   78.42    2.2   22.1     393
102  04/06/2020  0500    40.4   34.6     8.8     0.000   0   79.80    0.7   19.2      --
103  04/06/2020  0600    40.0   33.5     7.6     0.000   0   77.17  358.7   16.4      --
104  04/06/2020  0700    40.4   31.5     6.3     0.000   0   70.18  355.9   13.6      --
105  04/06/2020  0800    41.7   30.6     5.1     0.000   0   64.44  351.6   10.8      --
106  04/06/2020  0900    43.8   29.5     3.8     0.000   0   56.82  344.4    8.2      --
107  04/06/2020  1000    46.8   28.4     2.6     0.000   0   48.53  330.8    5.8  no_inv
108  04/06/2020  1100    50.2   27.3     4.4     0.000   0   40.75  319.8    7.3      --
109  04/06/2020  1200    54.4   26.2     6.2     0.000   0   33.46  312.9    9.1      --
110  04/06/2020  1300    57.7   26.0     8.0     0.000   0   29.45  308.3   11.0      --
111  04/06/2020  1400    59.4   26.4     9.8     0.000   0   28.10  305.0   12.9      --
112  04/06/2020  1500    60.2   26.4    11.6     0.000   0   27.24  302.6   14.9      --
113  04/06/2020  1600    60.6   25.8    13.5     0.000   0   26.25  300.8   16.8    7646
114  04/06/2020  1700    60.6   24.6    15.2     0.000   0   24.97  303.4   19.0      --
115  04/06/2020  1800    58.2   24.3    17.0     0.000   0   26.84  305.5   21.2      --
116  04/06/2020  1900    53.3   24.6    18.8     0.000   0   32.48  307.1   23.5      --
117  04/06/2020  2000    50.6   25.0    20.6     0.000   0   36.48  308.5   25.7      --
118  04/06/2020  2100    48.3   25.4    22.4     0.000   0   40.55  309.7   28.0      --
119  04/06/2020  2200    45.9   25.9    24.2     0.000   0   45.19  310.7   30.3     575
120  04/06/2020  2300    43.9   26.4    23.6     0.000   0   49.78  311.1   29.5      --
121  04/07/2020  0000    43.0   26.8    23.0     0.000   0   52.40  311.6   28.8      --
122  04/07/2020  0100    42.2   27.2    22.4     0.000   0   55.05  312.1   28.0      --
123  04/07/2020  0200    41.3   27.5    21.8     0.000   0   57.56  312.6   27.2      --
124  04/07/2020  0300    40.6   27.7    21.2     0.000   0   59.80  313.1   26.5      --
125  04/07/2020  0400    39.8   27.8    20.6     0.000   0   61.62  313.7   25.7  no_inv
126  04/07/2020  0500    39.2   27.7    17.6     0.000   0   62.90  312.6   22.4      --
127  04/07/2020  0600    38.9   27.4    14.7     0.000   0   63.21  311.2   19.2      --
128  04/07/2020  0700    39.5   28.1    11.8     0.000   0   63.36  309.2   15.9      --
129  04/07/2020  0800    41.4   26.6     8.8     0.000   0   55.24  306.2   12.7      --
130  04/07/2020  0900    44.5   26.0     5.9     0.000   0   47.83  301.1    9.6      --
131  04/07/2020  1000    48.6   25.4     3.0     0.000   0   39.93  291.3    6.6    6093
132  04/07/2020  1100    53.1   24.7     3.2     0.000   0   32.95  295.0    6.9      --
133  04/07/2020  1200    57.5   24.2     3.4     0.000   0   27.40  298.2    7.3      --
134  04/07/2020  1300    60.9   23.7     3.7     0.000   0   23.79  301.2    7.7      --
135  04/07/2020  1400    62.7   23.3     3.9     0.000   0   22.01  303.8    8.2      --
136  04/07/2020  1500    63.5   23.0     4.1     0.000   0   21.15  306.2    8.6      --
137  04/07/2020  1600    63.9   23.0     4.4     0.000   0   20.79  308.3    9.1    8782
138  04/07/2020  1700    63.9   23.0     5.5     0.000   0   20.77  312.0    9.9      --
139  04/07/2020  1800    61.6   23.0     6.7     0.000   0   22.59  315.0   10.8      --
140  04/07/2020  1900    56.8   25.0     7.8     0.000   0   29.09  317.6   11.7      --
141  04/07/2020  2000    54.2   25.1     9.0     0.000   0   32.25  319.8   12.7      --
142  04/07/2020  2100    51.8   25.2    10.1     0.000   0   35.20  321.7   13.6      --
143  04/07/2020  2200    49.5   24.9    11.3     0.000   0   37.93  323.3   14.6      68
144  04/07/2020  2300    47.0   25.0    11.4     0.000   0   41.77  333.0   13.5      --
145  04/08/2020  0000    45.7   25.0    11.6     0.000   0   43.98  344.0   12.9      --
146  04/08/2020  0100    44.4   25.1    11.7     0.000   0   46.19  355.7   12.7      --
147  04/08/2020  0200    43.3   25.1    11.8     0.000   0   48.30    7.1   13.1      --
148  04/08/2020  0300    42.3   25.1    11.9     0.000   0   50.21   17.4   14.0      --
149  04/08/2020  0400    41.4   23.7    12.0     0.000   0   49.06   26.3   15.3     121
150  04/08/2020  0500    40.7   25.4    10.6     0.000   0   53.95   27.4   13.9      --
151  04/08/2020  0600    40.3   25.9     9.1     0.000   0   56.02   28.8   12.5      --
152  04/08/2020  0700    40.9   25.8     7.6     0.000   0   54.51   30.5   11.1      --
153  04/08/2020  0800    42.5   26.3     6.2     0.000   0   52.33   32.7    9.8      --
154  04/08/2020  0900    45.3   24.7     4.7     0.000   0   43.96   35.6    8.4      --
155  04/08/2020  1000    49.1   26.3     3.2     0.000   0   40.79   39.6    7.1    3062
156  04/08/2020  1100    53.5   26.3     3.2     0.000   0   34.64   40.6    4.8      --
157  04/08/2020  1200    58.8   26.3     3.2     0.000   0   28.57   43.4    2.5      --
158  04/08/2020  1300    63.2   26.3     3.1     0.000   0   24.49   91.0    0.3      --
159  04/08/2020  1400    65.6   26.3     3.1     0.000   0   22.52  210.7    2.1      --
160  04/08/2020  1500    66.8   26.3     3.1     0.000   0   21.58  214.3    4.4      --
161  04/08/2020  1600    67.5   26.3     3.0     0.000   0   21.08  215.4    6.7    6230
162  04/08/2020  1700    67.7   26.3     4.5     0.000   0   20.93  239.9    5.7      --
163  04/08/2020  1800    65.6   26.3     5.9     0.000   0   22.54  267.6    6.0      --
164  04/08/2020  1900    61.2   27.8     7.3     0.000   0   27.98  288.7    7.4      --
165  04/08/2020  2000    58.8   28.3     8.7     0.000   0   31.09  301.8    9.5      --
166  04/08/2020  2100    56.5   28.3    10.1     0.000   0   33.77  309.9   11.9      --
167  04/08/2020  2200    54.1   27.8    11.5     0.000   0   36.06  315.2   14.4     634
