  Generated by FoxLW on Thursday April 2, 2020 at 02:32 PDT
-------------------------------------------------------------------------------
  Lynden
  48.9400:-122.5100  (48 56' 24.00"N  122 30' 36.00"W)  elev 85.3 feet    file: 330063
-------------------------------------------------------------------------------

Line#   Date     Hour   TempF  DewPtF WS(mph)  Rain(in) LW    RH%  WDir_50m WS_50m Inv(ft)
  5  04/02/2020  0400    33.5   21.0     4.8     0.000   0   59.71   44.9   12.9    1175
  6  04/02/2020  0500    33.1   21.2     4.3     0.000   0   61.12   45.7   10.1      --
  7  04/02/2020  0600    32.8   26.6     3.8     0.000   0   77.58   47.1    7.3      --
  8  04/02/2020  0700    33.0   29.6     3.3     0.000   0   87.06   50.2    4.5      --
  9  04/02/2020  0800    33.8   29.6     2.8     0.000   0   84.19   63.7    1.7      --
 10  04/02/2020  0900    35.3   29.6     2.3     0.000   0   79.34  194.0    1.4      --
 11  04/02/2020  1000    37.4   29.6     1.9     0.000   0   73.11  213.0    4.1  no_inv
 12  04/02/2020  1100    40.0   29.6     2.2     0.000   0   65.97  225.3    4.6      --
 13  04/02/2020  1200    42.9   29.6     2.6     0.000   0   59.14  234.8    5.3      --
 14  04/02/2020  1300    45.1   29.6     3.0     0.000   0   54.23  241.9    6.1      --
 15  04/02/2020  1400    46.5   29.6     3.3     0.000   0   51.57  247.3    7.0      --
 16  04/02/2020  1500    47.3   29.6     3.7     0.000   0   49.91  251.4    7.9      --
 17  04/02/2020  1600    47.8   29.6     4.1     0.000   0   48.94  254.7    8.9  no_inv
 18  04/02/2020  1700    47.7   29.6     3.4     0.000   0   49.33  254.7    7.6      --
 19  04/02/2020  1800    46.4   29.8     2.8     0.000   0   52.07  254.7    6.2      --
 20  04/02/2020  1900    43.9   29.6     2.1     0.000   0   57.01  254.7    4.9      --
 21  04/02/2020  2000    42.4   29.6     1.5     0.000   0   60.20  254.7    3.5      --
 22  04/02/2020  2100    40.1   29.6     0.8     0.000   0   65.90  254.7    2.2      --
 23  04/02/2020  2200    37.8   29.6     0.2     0.000   0   72.21  254.7    0.8  no_inv
 24  04/02/2020  2300    37.0   29.6     0.6     0.000   0   74.36  224.2    2.6      --
 25  04/03/2020  0000    36.6   29.6     1.1     0.000   0   75.63  218.9    4.6      --
 26  04/03/2020  0100    36.1   29.6     1.5     0.000   0   77.02  216.8    6.5      --
 27  04/03/2020  0200    35.7   29.6     1.9     0.000   0   78.46  215.7    8.5      --
 28  04/03/2020  0300    35.2   29.6     2.4     0.000   0   79.87  214.9   10.4      --
 29  04/03/2020  0400    35.7   29.6     2.8     0.000   0   78.37  214.5   12.4  no_inv
 30  04/03/2020  0500    34.4   29.6     3.8     0.000   0   82.46  219.6   12.5      --
 31  04/03/2020  0600    34.2   29.6     4.8     0.000   0   83.33  224.7   12.8      --
 32  04/03/2020  0700    34.4   31.0     5.8     0.000   0   87.25  229.5   13.1      --
 33  04/03/2020  0800    35.1   32.4     6.9     0.000   0   89.57  234.1   13.5      --
 34  04/03/2020  0900    36.5   31.6     7.9     0.000   0   82.54  238.4   14.0      --
 35  04/03/2020  1000    38.3   31.2     8.9     0.000   0   75.60  242.4   14.6  no_inv
 36  04/03/2020  1100    40.5   30.8     8.1     0.000   0   68.22  245.0   13.5      --
 37  04/03/2020  1200    42.8   30.5     7.4     0.000   0   61.49  248.1   12.5      --
 38  04/03/2020  1300    44.5   30.5     6.6     0.000   0   57.59  251.8   11.6      --
 39  04/03/2020  1400    45.6   30.8     5.8     0.000   0   56.00  256.0   10.7      --
 40  04/03/2020  1500    46.2   31.2     5.1     0.000   0   55.58  261.0    9.9      --
 41  04/03/2020  1600    46.5   31.7     4.3     0.000   0   55.93  266.8    9.1   10418
 42  04/03/2020  1700    46.3   31.7     4.0     0.000   0   56.40  272.1    6.7      --
 43  04/03/2020  1800    44.6   31.3     3.7     0.000   0   59.35  283.2    4.4      --
 44  04/03/2020  1900    41.0   31.1     3.4     0.000   0   67.59  313.6    2.5      --
 45  04/03/2020  2000    39.0   31.4     1.7     0.000   0   73.91   13.2    2.6      --
 46  04/03/2020  2100    36.7   31.5     1.0     0.000   0   81.47   42.8    4.4      --
 47  04/03/2020  2200    34.3   31.7     0.5     0.000   5   89.89   53.6    6.8    3768
 48  04/03/2020  2300    34.2   31.5     1.0     0.000  10   89.93   54.1    6.6      --
 49  04/04/2020  0000    34.2   31.4     1.5     0.000  10   89.45   54.7    6.4      --
 50  04/04/2020  0100    34.4   31.3     2.0     0.000   5   88.11   55.2    6.2      --
 51  04/04/2020  0200    34.6   31.1     2.5     0.000   0   86.83   55.9    6.1      --
 52  04/04/2020  0300    34.7   31.8     2.6     0.000   0   89.14   56.5    5.9      --
 53  04/04/2020  0400    35.5   33.0     2.6     0.010   5   90.49   57.2    5.7    4533
 54  04/04/2020  0500    34.7   31.5     2.4     0.000   5   87.94   58.2    5.2      --
 55  04/04/2020  0600    34.5   31.6     2.1     0.000   0   88.74   59.3    4.7      --
 56  04/04/2020  0700    35.1   32.0     1.9     0.000   0   88.37   60.8    4.2      --
 57  04/04/2020  0800    36.3   33.1     1.7     0.000   5   87.89   62.6    3.7      --
 58  04/04/2020  0900    39.0   34.7     1.5     0.000   5   84.39   65.0    3.2      --
 59  04/04/2020  1000    41.0   35.2     1.2     0.000   0   79.36   68.3    2.7    8509
 60  04/04/2020  1100    43.8   35.8     3.0     0.000   0   73.25   41.4    4.4      --
 61  04/04/2020  1200    46.1   36.1     4.9     0.000   0   67.95   30.5    6.5      --
 62  04/04/2020  1300    47.8   34.8     6.7     0.000   0   60.63   25.0    8.7      --
 63  04/04/2020  1400    48.7   33.3     8.5     0.000   0   55.20   21.8   11.0      --
 64  04/04/2020  1500    49.3   31.7    10.3     0.000   0   50.51   19.7   13.3      --
 65  04/04/2020  1600    49.6   30.2    12.1     0.000   0   46.89   18.2   15.6  no_inv
 66  04/04/2020  1700    49.6   30.5    11.4     0.000   0   47.52   23.5   15.3      --
 67  04/04/2020  1800    48.8   30.7    10.7     0.000   0   49.46   29.0   15.1      --
 68  04/04/2020  1900    47.2   30.7     9.9     0.000   0   52.32   34.5   15.1      --
 69  04/04/2020  2000    46.4   30.3     9.2     0.000   0   53.33   40.0   15.3      --
 70  04/04/2020  2100    44.0   29.9     8.5     0.000   0   57.22   45.4   15.5      --
 71  04/04/2020  2200    41.7   29.9     7.8     0.000   0   62.63   50.5   15.9    1208
 72  04/04/2020  2300    40.0   29.4     8.9     0.000   0   65.67   47.8   17.4      --
 73  04/05/2020  0000    38.7   29.2    10.1     0.000   0   68.44   45.5   19.0      --
 74  04/05/2020  0100    37.4   28.6    11.2     0.000   0   70.16   43.5   20.6      --
 75  04/05/2020  0200    36.3   26.9    12.4     0.000   0   68.24   41.8   22.2      --
 76  04/05/2020  0300    35.4   26.8    13.5     0.000   0   70.65   40.4   23.8      --
 77  04/05/2020  0400    34.5   26.8    14.7     0.000   0   72.86   39.2   25.4    1423
 78  04/05/2020  0500    33.9   26.9    13.7     0.000   0   75.05   36.8   22.9      --
 79  04/05/2020  0600    33.6   27.2    12.7     0.000   0   77.03   34.0   20.5      --
 80  04/05/2020  0700    34.3   29.1    11.7     0.000   0   81.09   30.4   18.2      --
 81  04/05/2020  0800    36.2   30.1    10.7     0.000   0   78.03   25.7   15.9      --
 82  04/05/2020  0900    39.3   29.0     9.7     0.000   0   66.26   19.5   13.8      --
 83  04/05/2020  1000    43.0   29.9     8.7     0.000   0   59.54   11.3   11.9  no_inv
 84  04/05/2020  1100    45.7   30.6     8.2     0.000   0   55.36   11.2   11.6      --
 85  04/05/2020  1200    47.5   31.4     7.7     0.000   0   53.45   11.1   11.3      --
 86  04/05/2020  1300    48.6   32.6     7.2     0.000   0   53.61   11.0   11.0      --
 87  04/05/2020  1400    49.3   33.4     6.7     0.000   0   54.04   10.9   10.7      --
 88  04/05/2020  1500    49.7   33.8     6.2     0.000   0   54.34   10.8   10.4      --
 89  04/05/2020  1600    49.8   34.2     5.7     0.000   0   54.72   10.7   10.1  no_inv
 90  04/05/2020  1700    49.6   34.2     5.5     0.000   0   55.27   16.4    9.9      --
 91  04/05/2020  1800    46.3   33.8     5.4     0.000   0   61.52   22.3    9.8      --
 92  04/05/2020  1900    39.5   33.4     5.2     0.000   0   78.38   28.2    9.8      --
 93  04/05/2020  2000    35.8   33.8     2.5     0.000   5   92.21   34.0    9.9      --
 94  04/05/2020  2100    33.5   33.0     1.4     0.000  10   98.16   39.7   10.1      --
 95  04/05/2020  2200    31.2   30.3     0.4     0.000  10   96.41   45.1   10.4     476
 96  04/05/2020  2300    30.6   29.7     0.4     0.000  10   96.40   43.9   11.0      --
 97  04/06/2020  0000    30.2   29.3     0.4     0.000  10   96.40   42.9   11.6      --
 98  04/06/2020  0100    29.9   29.0     0.4     0.000  10   96.39   41.9   12.3      --
 99  04/06/2020  0200    29.9   29.0     0.4     0.000  10   96.39   41.1   12.9      --
100  04/06/2020  0300    29.9   29.0     0.4     0.000  10   96.39   40.3   13.6      --
101  04/06/2020  0400    29.9   29.0     0.4     0.000  10   96.39   39.6   14.2     233
102  04/06/2020  0500    29.9   29.1     1.6     0.000  10   96.65   35.0   11.7      --
103  04/06/2020  0600    29.9   29.3     2.6     0.000  10   97.80   28.0    9.3      --
104  04/06/2020  0700    30.5   30.5     3.2     0.000  10   99.68   16.4    7.1      --
105  04/06/2020  0800    33.3   32.6     3.6     0.000  10   97.42  356.4    5.5      --
106  04/06/2020  0900    37.8   34.2     3.2     0.000   5   86.61  326.6    4.9      --
107  04/06/2020  1000    42.8   35.7     2.6     0.000   0   76.04  298.4    5.8    7835
108  04/06/2020  1100    46.8   36.8     3.4     0.000   0   68.20  290.9    6.5      --
109  04/06/2020  1200    49.1   37.2     4.3     0.000   0   63.49  285.0    7.3      --
110  04/06/2020  1300    50.8   36.7     5.1     0.000   0   58.24  280.3    8.2      --
111  04/06/2020  1400    51.7   36.0     5.9     0.000   0   54.94  276.5    9.1      --
112  04/06/2020  1500    52.3   35.4     6.8     0.000   0   52.42  273.5   10.1      --
113  04/06/2020  1600    52.7   35.1     7.6     0.000   0   51.03  271.0   11.0    7883
114  04/06/2020  1700    52.7   35.1     6.5     0.000   0   50.90  274.2    8.9      --
115  04/06/2020  1800    50.4   35.0     5.3     0.000   0   55.50  279.4    6.9      --
116  04/06/2020  1900    45.5   35.8     4.2     0.000   0   68.52  288.9    4.9      --
117  04/06/2020  2000    42.9   36.1     2.5     0.000   0   76.77  309.2    3.3      --
118  04/06/2020  2100    40.5   36.3     1.4     0.000   5   84.77  351.0    2.6      --
119  04/06/2020  2200    38.2   36.5     0.6     0.000  10   93.68   30.0    3.5     546
120  04/06/2020  2300    37.1   36.0     0.7     0.000  10   95.93   33.1    4.5      --
121  04/07/2020  0000    36.4   35.6     0.7     0.000  10   96.83   35.0    5.5      --
122  04/07/2020  0100    35.9   35.2     0.7     0.000  10   97.27   36.3    6.6      --
123  04/07/2020  0200    35.6   34.9     0.7     0.000  10   97.20   37.3    7.6      --
124  04/07/2020  0300    35.4   34.6     0.6     0.000  10   96.86   38.0    8.7      --
125  04/07/2020  0400    35.3   34.5     0.5     0.000  10   96.53   38.6    9.7    1121
126  04/07/2020  0500    35.4   34.5     0.8     0.000  10   96.65   37.0    7.8      --
127  04/07/2020  0600    35.3   34.7     1.1     0.000  10   97.49   34.3    5.9      --
128  04/07/2020  0700    35.8   35.5     1.3     0.000  10   99.07   29.1    4.0      --
129  04/07/2020  0800    37.6   37.0     1.4     0.000  10   97.81   15.1    2.2      --
130  04/07/2020  0900    40.6   38.4     1.2     0.000  10   91.90  314.0    1.1      --
131  04/07/2020  1000    44.1   39.6     1.0     0.000  10   84.25  254.7    2.2    6396
132  04/07/2020  1100    47.2   40.5     1.5     0.000   5   77.26  284.2    2.6      --
133  04/07/2020  1200    49.6   40.8     1.9     0.000   0   71.56  303.2    3.4      --
134  04/07/2020  1300    51.3   40.8     2.3     0.000   0   67.17  314.1    4.5      --
135  04/07/2020  1400    52.2   40.5     2.8     0.000   0   64.06  320.7    5.6      --
136  04/07/2020  1500    52.8   39.6     3.2     0.000   0   60.56  325.1    6.8      --
137  04/07/2020  1600    53.2   38.5     3.6     0.000   0   57.36  328.1    8.0    6445
138  04/07/2020  1700    53.0   37.6     3.5     0.000   0   55.74  344.7    7.5      --
139  04/07/2020  1800    49.8   37.3     3.4     0.000   0   61.99    2.1    7.7      --
140  04/07/2020  1900    43.2   39.3     3.3     0.000   0   85.99   17.4    8.5      --
141  04/07/2020  2000    39.6   39.6     1.7     0.000   5  100.00   29.4    9.8      --
142  04/07/2020  2100    37.2   37.2     1.0     0.000  10  100.00   38.2   11.4      --
143  04/07/2020  2200    34.9   34.0     0.4     0.000  10   96.47   44.8   13.2    1266
144  04/07/2020  2300    34.2   33.3     0.4     0.000  10   96.46   43.0   13.6      --
145  04/08/2020  0000    33.7   32.8     0.4     0.000  10   96.45   41.3   14.1      --
146  04/08/2020  0100    33.3   32.4     0.4     0.000  10   96.45   39.8   14.5      --
147  04/08/2020  0200    33.3   32.4     0.4     0.000  10   96.45   38.3   14.9      --
148  04/08/2020  0300    33.3   32.4     0.4     0.000  10   96.45   36.9   15.3      --
149  04/08/2020  0400    33.3   32.4     0.4     0.000  10   96.45   35.5   15.8    1215
150  04/08/2020  0500    33.4   32.6     1.0     0.000  10   96.67   31.4   13.0      --
151  04/08/2020  0600    33.3   32.8     1.7     0.000  10   97.74   25.1   10.4      --
152  04/08/2020  0700    34.1   34.0     2.2     0.000  10   99.56   14.7    7.9      --
153  04/08/2020  0800    36.9   36.3     2.7     0.000  10   97.63  356.2    5.9      --
154  04/08/2020  0900    41.6   37.8     2.8     0.000   5   86.26  326.3    5.0      --
155  04/08/2020  1000    46.9   39.5     2.6     0.000   0   75.21  295.2    5.7    4156
156  04/08/2020  1100    51.9   40.6     2.7     0.000   0   65.29  289.0    5.8      --
157  04/08/2020  1200    55.5   41.0     2.8     0.000   0   58.09  283.1    6.0      --
158  04/08/2020  1300    58.0   41.0     2.9     0.000   0   53.13  277.6    6.2      --
159  04/08/2020  1400    59.1   40.7     3.0     0.000   0   50.37  272.5    6.5      --
160  04/08/2020  1500    59.6   39.6     3.2     0.000   0   47.57  267.9    6.8      --
161  04/08/2020  1600    59.7   38.4     3.3     0.000   0   45.14  263.7    7.2    5667
162  04/08/2020  1700    59.2   37.4     2.8     0.000   0   44.12  258.2    6.1      --
163  04/08/2020  1800    54.7   37.0     2.4     0.000   0   51.12  250.4    5.0      --
164  04/08/2020  1900    45.5   39.3     2.0     0.000   0   78.86  238.7    4.1      --
165  04/08/2020  2000    40.4   39.9     1.2     0.000   5   98.19  221.5    3.4      --
166  04/08/2020  2100    38.0   38.0     0.8     0.000  10  100.00  199.2    3.2      --
167  04/08/2020  2200    35.7   35.5     0.5     0.000  10   99.06  177.1    3.5    1133
