  Generated by FoxLW on Thursday April 2, 2020 at 02:32 PDT
-------------------------------------------------------------------------------
  Nooksack
  48.9700:-122.3100  (48 58' 12.00"N  122 18' 36.00"W)  elev 59.1 feet    file: 330061
-------------------------------------------------------------------------------

Line#   Date     Hour   TempF  DewPtF WS(mph)  Rain(in) LW    RH%  WDir_50m WS_50m Inv(ft)
  5  04/02/2020  0400    32.8   18.1     0.9     0.000   0   54.45   75.4    3.8     707
  6  04/02/2020  0500    32.4   18.4     1.1     0.000   0   55.86   73.4    2.3      --
  7  04/02/2020  0600    32.1   23.8     1.3     0.000   0   71.13   64.7    0.9      --
  8  04/02/2020  0700    32.5   29.2     1.5     0.000   0   87.29  277.4    0.6      --
  9  04/02/2020  0800    34.1   29.7     1.8     0.000   0   83.97  264.3    2.1      --
 10  04/02/2020  0900    36.6   29.7     2.0     0.000   0   75.89  262.0    3.5      --
 11  04/02/2020  1000    39.8   29.7     2.3     0.000   0   67.09  261.0    5.0  no_inv
 12  04/02/2020  1100    42.4   29.7     3.3     0.000   0   60.47  263.7    6.1      --
 13  04/02/2020  1200    44.4   29.7     4.4     0.000   0   56.16  265.6    7.2      --
 14  04/02/2020  1300    45.7   29.7     5.5     0.000   0   53.19  267.0    8.3      --
 15  04/02/2020  1400    46.5   29.6     6.5     0.000   0   51.58  268.1    9.4      --
 16  04/02/2020  1500    45.5   31.6     7.6     0.000   0   57.92  269.0   10.5      --
 17  04/02/2020  1600    44.3   33.7     8.7     0.010   0   66.20  269.6   11.6  no_inv
 18  04/02/2020  1700    46.5   30.0     7.6     0.000   0   52.45  266.5   11.1      --
 19  04/02/2020  1800    46.2   29.6     6.5     0.000   0   52.15  263.2   10.8      --
 20  04/02/2020  1900    45.5   29.8     5.4     0.000   0   53.74  259.6   10.4      --
 21  04/02/2020  2000    45.2   29.6     4.3     0.000   0   54.05  255.8   10.1      --
 22  04/02/2020  2100    42.8   31.1     3.2     0.000   0   63.02  251.7    9.8      --
 23  04/02/2020  2200    40.5   34.8     2.2     0.010   0   79.78  247.4    9.6  no_inv
 24  04/02/2020  2300    38.8   33.8     2.5     0.000   0   82.09  239.3   10.6      --
 25  04/03/2020  0000    39.1   33.9     2.8     0.000   0   81.32  232.6   11.7      --
 26  04/03/2020  0100    38.5   33.7     3.0     0.010   0   82.53  227.2   13.0      --
 27  04/03/2020  0200    37.1   32.9     3.3     0.000   0   84.52  222.8   14.4      --
 28  04/03/2020  0300    36.7   32.6     3.6     0.000   0   85.04  219.1   15.8      --
 29  04/03/2020  0400    37.2   32.8     3.9     0.010   0   83.94  216.1   17.3  no_inv
 30  04/03/2020  0500    35.8   30.9     4.8     0.000   0   82.25  218.0   17.7      --
 31  04/03/2020  0600    35.8   31.5     5.6     0.000   0   84.23  219.7   18.1      --
 32  04/03/2020  0700    36.0   32.2     6.4     0.000   0   85.67  221.4   18.5      --
 33  04/03/2020  0800    36.6   33.1     7.3     0.000   0   87.02  223.0   18.9      --
 34  04/03/2020  0900    37.0   32.2     8.1     0.000   0   82.68  224.6   19.4      --
 35  04/03/2020  1000    37.6   33.0     9.0     0.030   0   83.03  226.0   19.8  no_inv
 36  04/03/2020  1100    40.8   30.9     8.9     0.000   0   67.72  229.7   18.1      --
 37  04/03/2020  1200    44.5   30.6     8.9     0.000   0   57.82  234.1   16.5      --
 38  04/03/2020  1300    47.2   30.7     8.9     0.000   0   52.57  239.4   15.0      --
 39  04/03/2020  1400    48.2   31.0     8.9     0.000   0   51.06  245.7   13.7      --
 40  04/03/2020  1500    48.5   31.4     8.9     0.000   0   51.44  253.4   12.6      --
 41  04/03/2020  1600    47.9   31.9     8.9     0.000   0   53.64  262.3   11.7   10417
 42  04/03/2020  1700    45.8   31.9     7.5     0.000   0   58.07  262.2    9.4      --
 43  04/03/2020  1800    44.7   31.4     6.1     0.000   0   59.30  262.0    7.1      --
 44  04/03/2020  1900    42.5   31.2     4.8     0.000   0   64.14  261.6    4.7      --
 45  04/03/2020  2000    41.3   31.6     1.9     0.000   0   68.03  260.5    2.4      --
 46  04/03/2020  2100    39.0   32.2     0.9     0.000   0   76.31  218.1    0.1      --
 47  04/03/2020  2200    36.6   33.6     0.4     0.010   5   88.81   85.3    2.2    1009
 48  04/03/2020  2300    35.8   33.1     0.6     0.000  10   90.07   84.9    2.8      --
 49  04/04/2020  0000    35.9   33.1     0.8     0.000  10   89.37   84.6    3.3      --
 50  04/04/2020  0100    36.0   33.0     1.2     0.000  10   88.65   84.4    3.8      --
 51  04/04/2020  0200    36.2   33.0     1.8     0.000  10   87.96   84.2    4.3      --
 52  04/04/2020  0300    36.1   32.9     2.1     0.000   5   87.87   84.1    4.9      --
 53  04/04/2020  0400    36.8   33.1     2.4     0.000   0   86.20   84.0    5.4    8547
 54  04/04/2020  0500    35.8   31.8     2.2     0.000   0   85.39   82.9    4.8      --
 55  04/04/2020  0600    35.6   31.9     1.9     0.000   0   86.29   81.5    4.2      --
 56  04/04/2020  0700    36.1   32.4     1.6     0.000   0   86.26   79.5    3.6      --
 57  04/04/2020  0800    37.4   33.5     1.4     0.000   0   85.58   76.8    3.0      --
 58  04/04/2020  0900    39.4   34.7     1.1     0.000   0   83.18   72.8    2.4      --
 59  04/04/2020  1000    42.1   35.3     0.8     0.000   0   76.61   66.2    1.8    9406
 60  04/04/2020  1100    44.5   36.0     3.0     0.000   0   71.83   39.5    4.1      --
 61  04/04/2020  1200    46.2   36.3     5.1     0.000   0   68.06   32.4    6.7      --
 62  04/04/2020  1300    47.5   35.0     7.3     0.000   0   61.78   29.2    9.3      --
 63  04/04/2020  1400    48.1   33.5     9.4     0.000   0   56.78   27.5   11.9      --
 64  04/04/2020  1500    48.5   31.1    11.6     0.000   0   50.87   26.4   14.5      --
 65  04/04/2020  1600    48.7   29.7    13.7     0.000   0   47.57   25.6   17.1  no_inv
 66  04/04/2020  1700    48.6   29.5    13.8     0.000   0   47.42   32.0   17.0      --
 67  04/04/2020  1800    48.1   29.1    13.9     0.000   0   47.51   38.5   17.1      --
 68  04/04/2020  1900    47.1   28.0    13.9     0.000   0   47.13   44.8   17.5      --
 69  04/04/2020  2000    46.6   27.0    14.0     0.000   0   46.21   50.8   18.0      --
 70  04/04/2020  2100    44.2   26.1    14.1     0.000   0   48.67   56.4   18.7      --
 71  04/04/2020  2200    41.9   25.9    14.1     0.000   0   52.83   61.6   19.6    1440
 72  04/04/2020  2300    41.5   26.0    14.2     0.000   0   53.66   59.7   19.5      --
 73  04/05/2020  0000    41.5   26.2    14.4     0.000   0   54.06   57.8   19.5      --
 74  04/05/2020  0100    39.5   26.5    14.5     0.000   0   59.30   56.0   19.5      --
 75  04/05/2020  0200    37.7   26.9    14.6     0.000   0   64.73   54.1   19.5      --
 76  04/05/2020  0300    36.1   27.4    14.8     0.000   0   70.11   52.2   19.5      --
 77  04/05/2020  0400    35.0   27.9    14.9     0.000   0   75.21   50.3   19.5    1434
 78  04/05/2020  0500    34.1   28.5    14.0     0.000   0   79.75   46.7   18.0      --
 79  04/05/2020  0600    33.8   29.2    13.2     0.000   0   83.11   42.5   16.6      --
 80  04/05/2020  0700    34.7   29.9    12.4     0.000   0   82.51   37.5   15.3      --
 81  04/05/2020  0800    37.0   32.0    11.5     0.000   0   81.98   31.7   14.1      --
 82  04/05/2020  0900    40.6   31.2    10.7     0.000   0   69.07   24.9   13.1      --
 83  04/05/2020  1000    44.2   31.8     9.9     0.000   0   61.51   17.1   12.3  no_inv
 84  04/05/2020  1100    46.4   32.4     8.9     0.000   0   57.95   16.6   11.8      --
 85  04/05/2020  1200    47.5   32.9     8.0     0.000   0   56.77   16.1   11.3      --
 86  04/05/2020  1300    48.1   33.7     7.1     0.000   0   57.05   15.6   10.8      --
 87  04/05/2020  1400    48.5   34.2     6.2     0.000   0   57.49   15.0   10.2      --
 88  04/05/2020  1500    47.0   36.7     5.3     0.000   0   67.41   14.4    9.7      --
 89  04/05/2020  1600    45.3   39.1     4.3     0.040   7   78.64   13.6    9.2  no_inv
 90  04/05/2020  1700    45.4   38.6     4.7     0.000   0   77.07   23.3    9.7      --
 91  04/05/2020  1800    43.8   37.4     5.1     0.000   0   77.86   31.8   10.4      --
 92  04/05/2020  1900    40.7   36.3     5.5     0.000   0   84.15   39.0   11.4      --
 93  04/05/2020  2000    39.0   35.5     5.9     0.000   0   87.36   45.1   12.4      --
 94  04/05/2020  2100    36.6   34.0     6.3     0.000   0   90.14   50.2   13.6      --
 95  04/05/2020  2200    34.3   32.9     6.8     0.000   5   94.58   54.4   14.9     994
 96  04/05/2020  2300    33.3   31.8     6.8     0.000   5   94.23   55.9   15.0      --
 97  04/06/2020  0000    32.6   31.0     6.9     0.000   0   93.58   57.4   15.0      --
 98  04/06/2020  0100    31.9   30.1     7.0     0.000   5   93.12   58.9   15.0      --
 99  04/06/2020  0200    31.1   29.3     7.1     0.000  10   92.93   60.4   15.1      --
100  04/06/2020  0300    30.3   28.6     7.2     0.000  10   93.09   61.9   15.2      --
101  04/06/2020  0400    29.6   28.0     7.3     0.000  10   93.69   63.4   15.2     902
102  04/06/2020  0500    29.9   27.7     6.5     0.000  10   91.33   59.7   12.2      --
103  04/06/2020  0600    29.5   27.6     2.7     0.000  10   92.39   53.7    9.2      --
104  04/06/2020  0700    30.5   28.5     3.4     0.000  10   92.32   42.0    6.4      --
105  04/06/2020  0800    33.1   31.2     3.8     0.000   5   92.83   15.8    4.2      --
106  04/06/2020  0900    37.4   33.0     3.4     0.000   0   83.81  329.3    3.9      --
107  04/06/2020  1000    42.9   32.5     2.6     0.000   0   66.25  297.4    5.8    7836
108  04/06/2020  1100    47.1   32.5     3.8     0.000   0   56.57  290.1    6.8      --
109  04/06/2020  1200    49.4   32.5     5.1     0.000   0   51.95  284.8    7.8      --
110  04/06/2020  1300    51.1   32.8     6.3     0.000   0   49.54  280.8    9.0      --
111  04/06/2020  1400    51.9   33.0     7.5     0.000   0   48.24  277.7   10.1      --
112  04/06/2020  1500    52.5   33.6     8.8     0.000   0   48.36  275.2   11.3      --
113  04/06/2020  1600    52.8   34.0    10.0     0.000   0   48.56  273.2   12.5    7881
114  04/06/2020  1700    52.9   34.0     8.4     0.000   0   48.52  275.0   10.0      --
115  04/06/2020  1800    51.3   33.6     6.9     0.000   0   50.54  277.9    7.5      --
116  04/06/2020  1900    48.2   33.4     5.4     0.000   0   56.34  283.6    5.0      --
117  04/06/2020  2000    46.5   33.3     3.8     0.000   0   59.87  299.6    2.7      --
118  04/06/2020  2100    44.2   33.3     2.3     0.000   0   65.43    6.5    1.5      --
119  04/06/2020  2200    41.8   33.3     0.7     0.000   0   71.57   58.5    3.2    1068
120  04/06/2020  2300    40.2   33.3     0.7     0.000   0   76.38   60.2    3.1      --
121  04/07/2020  0000    38.8   33.4     0.7     0.000   0   80.75   61.9    3.0      --
122  04/07/2020  0100    37.1   33.5     0.6     0.000   5   86.79   63.8    2.8      --
123  04/07/2020  0200    36.0   33.7     0.5     0.000  10   91.28   65.8    2.8      --
124  04/07/2020  0300    35.3   33.9     0.5     0.000  10   94.29   67.9    2.7      --
125  04/07/2020  0400    35.1   34.0     0.4     0.000  10   95.74   70.2    2.6    1122
126  04/07/2020  0500    35.1   33.9     0.5     0.000  10   95.10   65.1    1.5      --
127  04/07/2020  0600    35.1   33.8     0.7     0.000  10   95.11   40.6    0.6      --
128  04/07/2020  0700    35.5   34.2     0.9     0.000  10   94.75  286.2    0.7      --
129  04/07/2020  0800    37.4   35.2     1.3     0.000  10   91.47  269.0    1.7      --
130  04/07/2020  0900    40.6   36.4     1.5     0.000   5   84.79  264.7    2.7      --
131  04/07/2020  1000    44.2   37.4     1.7     0.000   0   77.04  262.7    3.8    6396
132  04/07/2020  1100    47.0   38.1     2.0     0.000   0   70.98  280.9    3.8      --
133  04/07/2020  1200    49.0   38.4     2.3     0.000   0   66.61  297.6    4.1      --
134  04/07/2020  1300    50.4   38.4     2.5     0.000   0   63.29  310.8    4.7      --
135  04/07/2020  1400    51.1   38.2     2.8     0.000   0   61.14  320.5    5.6      --
136  04/07/2020  1500    51.5   37.7     3.1     0.000   0   58.98  327.6    6.5      --
137  04/07/2020  1600    51.8   37.1     3.4     0.000   0   57.12  332.8    7.5    7262
138  04/07/2020  1700    51.5   36.6     3.4     0.000   0   56.54  353.3    7.2      --
139  04/07/2020  1800    49.6   36.4     3.4     0.000   0   60.30   12.8    7.8      --
140  04/07/2020  1900    45.6   37.5     3.4     0.000   0   73.17   28.0    9.2      --
141  04/07/2020  2000    43.4   37.5     3.5     0.000   0   79.51   38.8   11.0      --
142  04/07/2020  2100    41.1   37.5     3.5     0.000   0   87.00   46.3   13.1      --
143  04/07/2020  2200    38.7   37.5     3.5     0.000   5   95.30   51.7   15.4    1267
144  04/07/2020  2300    37.6   36.7     3.5     0.000  10   96.52   50.9   15.2      --
145  04/08/2020  0000    36.9   36.0     3.5     0.000  10   96.50   50.1   15.0      --
146  04/08/2020  0100    36.1   35.2     3.5     0.000  10   96.49   49.3   14.9      --
147  04/08/2020  0200    35.3   34.5     3.5     0.000  10   96.48   48.5   14.7      --
148  04/08/2020  0300    34.6   33.7     3.5     0.000  10   96.47   47.7   14.6      --
149  04/08/2020  0400    33.9   33.0     3.5     0.000  10   96.46   46.8   14.4     599
150  04/08/2020  0500    33.3   32.4     3.3     0.000  10   96.45   42.9   11.4      --
151  04/08/2020  0600    33.0   32.1     1.5     0.000  10   96.46   36.2    8.5      --
152  04/08/2020  0700    33.8   33.2     2.2     0.000  10   97.56   23.1    5.9      --
153  04/08/2020  0800    36.9   36.4     2.7     0.000  10   98.04  353.6    3.9      --
154  04/08/2020  0900    42.1   33.8     2.8     0.000   5   72.27  307.1    4.0      --
155  04/08/2020  1000    47.8   33.8     2.7     0.000   0   58.35  278.7    6.0    4165
156  04/08/2020  1100    52.8   33.8     2.9     0.000   0   48.37  272.5    6.3      --
157  04/08/2020  1200    56.1   33.8     3.2     0.000   0   42.93  267.0    6.8      --
158  04/08/2020  1300    58.3   33.8     3.4     0.000   0   39.67  262.2    7.2      --
159  04/08/2020  1400    59.2   33.8     3.6     0.000   0   38.35  258.0    7.7      --
160  04/08/2020  1500    59.6   33.8     3.8     0.000   0   37.78  254.3    8.3      --
161  04/08/2020  1600    59.7   33.8     4.1     0.000   0   37.70  251.1    8.9    4996
162  04/08/2020  1700    59.3   33.8     3.9     0.000   0   38.19  241.0    9.0      --
163  04/08/2020  1800    55.5   33.8     3.8     0.000   0   43.77  231.4    9.4      --
164  04/08/2020  1900    47.8   33.8     3.6     0.000   0   58.23  222.9   10.1      --
165  04/08/2020  2000    43.5   33.8     3.5     0.000   0   68.45  215.5   10.9      --
166  04/08/2020  2100    41.2   33.8     3.3     0.000   0   74.89  209.2   11.9      --
167  04/08/2020  2200    38.9   33.8     3.2     0.000   0   82.03  204.0   13.0    1135
