  Generated by FoxLW on Thursday April 2, 2020 at 02:32 PDT
-------------------------------------------------------------------------------
  Lawrence
  48.8800:-122.3200  (48 52' 48.00"N  122 19' 12.00"W)  elev 118.1 feet    file: 330024
-------------------------------------------------------------------------------

Line#   Date     Hour   TempF  DewPtF WS(mph)  Rain(in) LW    RH%  WDir_50m WS_50m Inv(ft)
  5  04/02/2020  0400    34.7   19.8     0.9     0.000   0   54.15  125.2    4.1    1127
  6  04/02/2020  0500    34.3   20.0     1.2     0.000   0   55.39  133.9    2.7      --
  7  04/02/2020  0600    34.1   25.5     1.4     0.000   0   70.28  158.5    1.5      --
  8  04/02/2020  0700    34.2   30.2     1.6     0.000   0   84.97  224.4    1.2      --
  9  04/02/2020  0800    34.8   30.2     1.9     0.000   0   83.13  260.4    2.3      --
 10  04/02/2020  0900    35.7   30.6     2.1     0.000   0   81.39  271.7    3.7      --
 11  04/02/2020  1000    36.8   31.4     2.3     0.010   0   80.48  276.8    5.1  no_inv
 12  04/02/2020  1100    39.4   30.2     3.2     0.000   0   69.26  266.3    5.9      --
 13  04/02/2020  1200    42.2   30.2     4.1     0.000   0   62.26  258.3    6.8      --
 14  04/02/2020  1300    44.5   28.8     5.0     0.000   0   53.90  252.3    7.7      --
 15  04/02/2020  1400    45.9   29.8     5.9     0.000   0   53.12  247.7    8.8      --
 16  04/02/2020  1500    46.8   30.1     6.7     0.000   0   52.05  244.1    9.9      --
 17  04/02/2020  1600    47.3   30.2     7.6     0.000   0   51.09  241.3   11.0  no_inv
 18  04/02/2020  1700    47.2   30.2     6.7     0.000   0   51.43  241.1   10.6      --
 19  04/02/2020  1800    46.7   30.2     5.7     0.000   0   52.39  240.9   10.2      --
 20  04/02/2020  1900    45.8   29.9     4.8     0.000   0   53.49  240.7    9.8      --
 21  04/02/2020  2000    45.4   29.9     3.8     0.000   0   54.48  240.5    9.4      --
 22  04/02/2020  2100    43.0   31.4     2.9     0.000   0   63.35  240.3    9.0      --
 23  04/02/2020  2200    40.7   34.9     2.0     0.010   0   79.76  240.1    8.6  no_inv
 24  04/02/2020  2300    38.8   33.9     2.2     0.000   0   82.29  232.4    9.2      --
 25  04/03/2020  0000    38.2   33.5     2.3     0.000   0   83.10  225.7   10.0      --
 26  04/03/2020  0100    38.4   33.5     2.5     0.010   0   82.42  220.0   10.8      --
 27  04/03/2020  0200    36.9   32.8     2.7     0.000   0   84.73  215.2   11.7      --
 28  04/03/2020  0300    36.4   32.5     2.9     0.000   0   85.48  211.1   12.8      --
 29  04/03/2020  0400    36.8   32.6     3.1     0.010   0   84.69  207.7   13.8  no_inv
 30  04/03/2020  0500    35.5   30.9     4.0     0.000   0   83.45  212.1   14.5      --
 31  04/03/2020  0600    35.2   30.8     4.9     0.000   0   83.79  216.2   15.2      --
 32  04/03/2020  0700    36.2   31.8     5.8     0.010   0   83.84  219.9   16.0      --
 33  04/03/2020  0800    36.1   32.6     6.7     0.000   0   87.17  223.2   16.9      --
 34  04/03/2020  0900    36.7   32.6     7.6     0.000   0   84.94  226.1   17.8      --
 35  04/03/2020  1000    37.5   32.7     8.5     0.010   0   82.44  228.8   18.7  no_inv
 36  04/03/2020  1100    40.3   31.5     8.9     0.000   0   70.60  231.5   18.0      --
 37  04/03/2020  1200    44.2   31.2     9.2     0.000   0   60.12  234.3   17.4      --
 38  04/03/2020  1300    46.9   31.4     9.6     0.000   0   54.49  237.4   16.8      --
 39  04/03/2020  1400    48.0   31.6    10.0     0.000   0   52.81  240.7   16.2      --
 40  04/03/2020  1500    46.9   33.9    10.3     0.000   0   60.34  244.2   15.7      --
 41  04/03/2020  1600    45.1   35.9    10.7     0.010   0   69.88  247.9   15.2   10361
 42  04/03/2020  1700    45.6   32.5     9.1     0.000   0   59.90  248.4   12.3      --
 43  04/03/2020  1800    44.5   32.0     7.5     0.000   0   61.35  249.1    9.3      --
 44  04/03/2020  1900    42.2   32.1     5.9     0.000   0   67.12  250.6    6.3      --
 45  04/03/2020  2000    41.0   32.3     2.3     0.000   0   70.86  254.5    3.4      --
 46  04/03/2020  2100    38.7   32.3     1.0     0.000   0   77.81  299.4    0.6      --
 47  04/03/2020  2200    36.3   32.5     0.5     0.000   5   85.78   55.3    2.7    8558
 48  04/03/2020  2300    35.3   32.3     0.7     0.000  10   88.79   80.5    2.4      --
 49  04/04/2020  0000    35.3   32.7     1.0     0.000  10   90.11  105.9    2.6      --
 50  04/04/2020  0100    36.4   33.6     1.5     0.010  10   89.55  124.2    3.3      --
 51  04/04/2020  0200    35.7   33.2     2.1     0.000  10   90.52  135.6    4.1      --
 52  04/04/2020  0300    35.7   33.2     2.5     0.000  10   90.23  143.0    5.1      --
 53  04/04/2020  0400    36.6   33.8     2.8     0.010  10   89.55  147.9    6.1    4305
 54  04/04/2020  0500    35.7   32.3     2.4     0.000   5   87.41  147.4    4.9      --
 55  04/04/2020  0600    35.6   32.4     2.0     0.000   0   88.21  146.4    3.7      --
 56  04/04/2020  0700    36.7   33.1     1.7     0.000   0   86.64  144.4    2.4      --
 57  04/04/2020  0800    37.5   34.0     1.3     0.000   5   86.99  138.6    1.2      --
 58  04/04/2020  0900    38.2   35.0     0.9     0.000  10   88.11   54.9    0.2      --
 59  04/04/2020  1000    39.9   36.0     0.6     0.000  10   85.65  341.5    1.3    8462
 60  04/04/2020  1100    42.4   36.7     2.7     0.000   5   79.80   17.9    3.5      --
 61  04/04/2020  1200    45.2   36.9     4.7     0.000   0   72.50   25.0    6.1      --
 62  04/04/2020  1300    47.5   35.6     6.8     0.000   0   63.34   27.9    8.7      --
 63  04/04/2020  1400    48.7   34.1     8.9     0.000   0   56.85   29.5   11.3      --
 64  04/04/2020  1500    49.6   32.2    10.9     0.000   0   50.78   30.5   13.9      --
 65  04/04/2020  1600    50.1   30.6    13.0     0.000   0   46.85   31.1   16.5  no_inv
 66  04/04/2020  1700    50.2   30.0    14.2     0.000   0   45.62   37.7   17.7      --
 67  04/04/2020  1800    49.4   29.2    15.4     0.000   0   45.37   43.4   19.0      --
 68  04/04/2020  1900    47.7   28.3    16.6     0.000   0   46.57   48.3   20.5      --
 69  04/04/2020  2000    46.8   27.5    17.8     0.000   0   46.69   52.5   22.2      --
 70  04/04/2020  2100    44.5   26.6    19.0     0.000   0   49.16   56.1   23.9      --
 71  04/04/2020  2200    42.2   25.6    20.2     0.000   0   51.66   59.2   25.8    1379
 72  04/04/2020  2300    39.6   24.7    19.9     0.000   0   54.83   57.5   25.7      --
 73  04/05/2020  0000    37.4   23.8    19.6     0.000   0   57.40   55.9   25.7      --
 74  04/05/2020  0100    35.5   23.0    19.3     0.000   0   60.13   54.2   25.7      --
 75  04/05/2020  0200    33.7   22.4    19.0     0.000   0   62.99   52.6   25.7      --
 76  04/05/2020  0300    32.1   22.0    18.6     0.000   0   66.01   50.9   25.8      --
 77  04/05/2020  0400    30.8   21.9    18.3     0.000   0   69.17   49.3   25.8    1359
 78  04/05/2020  0500    29.8   22.1    17.0     0.000   0   72.67   46.1   23.4      --
 79  04/05/2020  0600    29.3   22.8    15.8     0.000   0   76.12   42.1   21.0      --
 80  04/05/2020  0700    30.4   23.7    14.5     0.000   0   75.81   37.2   18.8      --
 81  04/05/2020  0800    33.5   25.0    13.2     0.000   0   70.78   30.9   16.7      --
 82  04/05/2020  0900    38.0   26.5    12.0     0.000   0   62.94   23.1   14.9      --
 83  04/05/2020  1000    42.8   28.1    10.7     0.000   0   55.92   13.2   13.4  no_inv
 84  04/05/2020  1100    45.6   29.7     9.8     0.000   0   53.59   12.6   12.8      --
 85  04/05/2020  1200    47.0   31.2     9.0     0.000   0   54.01   11.9   12.3      --
 86  04/05/2020  1300    47.9   32.9     8.1     0.000   0   55.90   11.2   11.8      --
 87  04/05/2020  1400    48.4   33.8     7.2     0.000   0   56.95   10.4   11.2      --
 88  04/05/2020  1500    47.2   36.1     6.3     0.000   0   65.04    9.5   10.7      --
 89  04/05/2020  1600    45.8   38.0     5.5     0.020   0   73.99    8.5   10.1  no_inv
 90  04/05/2020  1700    46.1   37.3     5.8     0.000   0   71.40   19.6   10.2      --
 91  04/05/2020  1800    43.3   36.1     6.1     0.000   0   75.42   30.2   10.7      --
 92  04/05/2020  1900    37.8   35.1     6.4     0.000   0   89.95   39.6   11.5      --
 93  04/05/2020  2000    34.7   34.2     6.7     0.000   5   98.03   47.5   12.6      --
 94  04/05/2020  2100    32.4   32.4     7.0     0.000  10  100.00   54.1   13.9      --
 95  04/05/2020  2200    30.0   30.0     7.3     0.000  10  100.00   59.6   15.3     777
 96  04/05/2020  2300    29.8   29.8     7.9     0.000  10   99.99   59.2   15.1      --
 97  04/06/2020  0000    29.9   29.1     8.4     0.000  10   96.47   58.8   14.9      --
 98  04/06/2020  0100    29.9   28.3     8.9     0.000  10   93.60   58.5   14.6      --
 99  04/06/2020  0200    29.7   27.6     9.5     0.000  10   91.56   58.1   14.4      --
100  04/06/2020  0300    29.4   26.9    10.0     0.000  10   90.29   57.7   14.2      --
101  04/06/2020  0400    29.0   26.5    10.5     0.000  10   90.20   57.2   13.9     463
102  04/06/2020  0500    28.5   26.8     9.2     0.000  10   93.16   52.7   11.2      --
103  04/06/2020  0600    28.1   27.1     7.9     0.000  10   95.98   45.3    8.6      --
104  04/06/2020  0700    29.2   29.2     6.6     0.000  10  100.00   31.9    6.2      --
105  04/06/2020  0800    32.3   31.5     5.3     0.000  10   97.06    6.2    4.6      --
106  04/06/2020  0900    37.0   31.8     4.0     0.000   5   81.41  328.7    4.5      --
107  04/06/2020  1000    42.4   31.8     2.7     0.000   0   65.83  300.9    6.0    7790
108  04/06/2020  1100    46.7   31.8     3.9     0.000   0   55.98  292.0    6.8      --
109  04/06/2020  1200    49.0   31.8     5.0     0.000   0   51.25  285.2    7.8      --
110  04/06/2020  1300    50.8   32.2     6.2     0.000   0   48.70  279.9    8.8      --
111  04/06/2020  1400    51.7   32.3     7.4     0.000   0   47.34  275.8    9.9      --
112  04/06/2020  1500    52.3   32.9     8.6     0.000   0   47.36  272.5   11.1      --
113  04/06/2020  1600    52.7   33.3     9.7     0.000   0   47.48  269.9   12.2    7836
114  04/06/2020  1700    52.8   33.3     8.1     0.000   0   47.34  269.5   10.3      --
115  04/06/2020  1800    51.5   32.9     6.6     0.000   0   48.80  268.9    8.3      --
116  04/06/2020  1900    49.0   32.7     5.0     0.000   0   53.01  268.0    6.4      --
117  04/06/2020  2000    47.7   32.7     3.4     0.000   0   55.80  266.4    4.5      --
118  04/06/2020  2100    45.3   32.7     1.9     0.000   0   60.96  262.2    2.5      --
119  04/06/2020  2200    43.0   32.7     0.3     0.000   0   66.65  234.4    0.7    1021
120  04/06/2020  2300    41.1   32.7     0.3     0.000   0   71.75  219.3    1.0      --
121  04/07/2020  0000    39.5   32.7     0.4     0.000   0   76.40  211.1    1.3      --
122  04/07/2020  0100    37.6   32.8     0.4     0.000   0   82.88  206.1    1.6      --
123  04/07/2020  0200    36.3   33.0     0.5     0.000   5   87.68  202.9    2.0      --
124  04/07/2020  0300    35.5   33.1     0.5     0.000  10   90.86  200.6    2.3      --
125  04/07/2020  0400    35.2   33.3     0.4     0.000  10   92.64  198.9    2.6    1072
126  04/07/2020  0500    35.2   33.1     0.5     0.000  10   91.92  217.1    2.5      --
127  04/07/2020  0600    35.2   33.1     0.8     0.000  10   92.06  235.5    2.6      --
128  04/07/2020  0700    35.7   33.5     1.1     0.000  10   91.83  250.9    3.0      --
129  04/07/2020  0800    37.5   34.5     1.6     0.000  10   88.85  262.4    3.5      --
130  04/07/2020  0900    40.6   35.7     1.9     0.000   5   82.60  270.6    4.1      --
131  04/07/2020  1000    44.2   36.7     2.2     0.000   0   74.91  276.6    4.8    6350
132  04/07/2020  1100    47.3   37.4     2.2     0.000   0   68.38  285.1    4.6      --
133  04/07/2020  1200    49.6   37.7     2.2     0.000   0   63.44  294.1    4.5      --
134  04/07/2020  1300    51.2   37.7     2.3     0.000   0   59.70  303.1    4.6      --
135  04/07/2020  1400    52.1   37.5     2.3     0.000   0   57.50  311.7    4.7      --
136  04/07/2020  1500    52.7   37.2     2.4     0.000   0   55.58  319.6    5.0      --
137  04/07/2020  1600    53.0   36.8     2.4     0.000   0   54.09  326.6    5.3    6810
138  04/07/2020  1700    52.8   36.5     2.6     0.000   0   53.70  356.6    5.4      --
139  04/07/2020  1800    50.9   36.4     2.8     0.000   0   57.28   20.3    6.7      --
140  04/07/2020  1900    47.1   37.1     3.0     0.000   0   68.13   34.6    8.7      --
141  04/07/2020  2000    45.0   37.1     3.2     0.000   0   73.83   43.2   11.0      --
142  04/07/2020  2100    42.6   37.1     3.4     0.000   0   80.73   48.8   13.5      --
143  04/07/2020  2200    40.3   37.1     3.6     0.000   0   88.37   52.5   16.1    1212
144  04/07/2020  2300    38.4   37.1     3.5     0.000   5   94.94   52.9   15.2      --
145  04/08/2020  0000    37.1   36.2     3.4     0.000  10   96.51   53.2   14.3      --
146  04/08/2020  0100    35.8   34.9     3.2     0.000  10   96.49   53.7   13.3      --
147  04/08/2020  0200    34.5   33.6     3.1     0.000  10   96.47   54.2   12.4      --
148  04/08/2020  0300    33.3   32.5     3.0     0.000  10   96.45   54.8   11.5      --
149  04/08/2020  0400    32.3   31.4     2.9     0.000  10   96.43   55.5   10.6     534
150  04/08/2020  0500    31.1   30.2     0.4     0.000  10   96.41   50.3    8.2      --
151  04/08/2020  0600    31.1   30.4     1.0     0.000  10   97.26   41.2    6.0      --
152  04/08/2020  0700    31.8   31.8     1.6     0.000  10   99.95   23.0    4.2      --
153  04/08/2020  0800    35.0   34.8     2.3     0.000  10   99.32  346.7    3.2      --
154  04/08/2020  0900    41.1   37.1     2.6     0.000   5   85.36  307.7    3.9      --
155  04/08/2020  1000    47.2   39.2     2.6     0.000   0   73.53  287.0    5.7    4289
156  04/08/2020  1100    52.6   40.7     2.8     0.000   0   63.81  279.2    5.9      --
157  04/08/2020  1200    55.9   41.2     3.0     0.000   0   57.72  272.0    6.3      --
158  04/08/2020  1300    58.1   41.2     3.2     0.000   0   53.29  265.7    6.7      --
159  04/08/2020  1400    59.1   40.8     3.4     0.000   0   50.67  260.2    7.2      --
160  04/08/2020  1500    59.5   39.7     3.6     0.000   0   47.82  255.5    7.8      --
161  04/08/2020  1600    59.5   38.3     3.8     0.000   0   45.25  251.4    8.4    5612
162  04/08/2020  1700    59.2   37.2     3.8     0.000   0   43.92  237.4    8.0      --
163  04/08/2020  1800    53.7   36.8     3.8     0.000   0   52.62  222.9    8.1      --
164  04/08/2020  1900    42.6   39.3     3.7     0.000   0   88.19  209.7    8.7      --
165  04/08/2020  2000    36.4   36.4     1.8     0.000   5  100.00  198.7    9.8      --
166  04/08/2020  2100    34.1   34.1     1.0     0.000  10  100.00  190.1   11.1      --
167  04/08/2020  2200    31.7   30.8     0.4     0.000  10   96.42  183.4   12.5    1078
