  Generated by FoxLW on Thursday April 2, 2020 at 02:32 PDT
-------------------------------------------------------------------------------
  Desert Aire
  46.7100:-119.9200  (46 42' 36.00"N  119 55' 12.00"W)  elev 600.4 feet    file: 330030
-------------------------------------------------------------------------------

Line#   Date     Hour   TempF  DewPtF WS(mph)  Rain(in) LW    RH%  WDir_50m WS_50m Inv(ft)
  5  04/02/2020  0400    36.3   20.2    10.9     0.000   0   51.60  350.3   13.6    1004
  6  04/02/2020  0500    35.9   20.6     9.2     0.000   0   53.38  351.3   11.1      --
  7  04/02/2020  0600    35.5   20.8     7.5     0.000   0   54.59  352.9    8.7      --
  8  04/02/2020  0700    35.7   21.1     5.8     0.000   0   55.01  355.6    6.3      --
  9  04/02/2020  0800    36.4   21.5     4.1     0.000   0   54.39    1.7    3.9      --
 10  04/02/2020  0900    37.8   22.5     2.4     0.000   0   53.71   25.3    1.7      --
 11  04/02/2020  1000    39.7   22.5     0.7     0.000   0   49.70  123.4    1.6  no_inv
 12  04/02/2020  1100    42.7   22.5     1.2     0.000   0   44.40  166.4    2.0      --
 13  04/02/2020  1200    46.3   22.5     1.7     0.000   0   38.57  186.7    3.1      --
 14  04/02/2020  1300    49.5   22.5     2.2     0.000   0   34.21  196.0    4.3      --
 15  04/02/2020  1400    51.5   22.5     2.8     0.000   0   31.85  201.1    5.7      --
 16  04/02/2020  1500    52.8   22.5     3.3     0.000   0   30.31  204.2    7.0      --
 17  04/02/2020  1600    53.7   22.5     3.8     0.000   0   29.38  206.4    8.3  no_inv
 18  04/02/2020  1700    53.8   22.5     7.0     0.000   0   29.27  243.2    7.9      --
 19  04/02/2020  1800    52.0   22.4    10.2     0.000   0   31.07  272.0   10.4      --
 20  04/02/2020  1900    48.4   22.2    13.4     0.000   0   35.31  287.3   14.4      --
 21  04/02/2020  2000    46.4   22.0    16.6     0.000   0   37.74  295.6   19.0      --
 22  04/02/2020  2100    44.1   21.8    19.8     0.000   0   40.87  300.6   23.8      --
 23  04/02/2020  2200    41.7   21.6    23.0     0.000   0   44.27  304.0   28.7     180
 24  04/02/2020  2300    40.8   21.4    22.7     0.000   0   45.43  302.5   28.3      --
 25  04/03/2020  0000    40.3   21.1    22.4     0.000   0   45.92  300.9   27.9      --
 26  04/03/2020  0100    39.8   21.0    22.1     0.000   0   46.53  299.3   27.5      --
 27  04/03/2020  0200    39.2   20.8    21.8     0.000   0   47.26  297.7   27.2      --
 28  04/03/2020  0300    38.7   20.7    21.5     0.000   0   48.07  296.0   26.9      --
 29  04/03/2020  0400    38.2   20.7    21.3     0.000   0   48.95  294.3   26.6    1281
 30  04/03/2020  0500    37.7   20.7    18.6     0.000   0   49.82  293.8   23.8      --
 31  04/03/2020  0600    37.4   20.7    16.0     0.000   0   50.46  293.2   21.0      --
 32  04/03/2020  0700    37.7   20.7    13.4     0.000   0   49.90  292.4   18.2      --
 33  04/03/2020  0800    38.8   22.0    10.8     0.000   0   50.60  291.4   15.4      --
 34  04/03/2020  0900    40.6   20.8     8.2     0.000   0   44.65  289.9   12.7      --
 35  04/03/2020  1000    43.1   20.8     5.6     0.000   0   40.59  287.5    9.9  no_inv
 36  04/03/2020  1100    45.9   20.9     6.5     0.000   0   36.66  291.6   10.5      --
 37  04/03/2020  1200    48.4   20.8     7.4     0.000   0   33.31  295.2   11.1      --
 38  04/03/2020  1300    50.5   21.4     8.3     0.000   0   31.50  298.5   11.7      --
 39  04/03/2020  1400    51.7   21.9     9.2     0.000   0   30.76  301.4   12.4      --
 40  04/03/2020  1500    52.5   22.4    10.1     0.000   0   30.50  304.1   13.1      --
 41  04/03/2020  1600    53.0   22.6    11.1     0.000   0   30.16  306.4   13.8  no_inv
 42  04/03/2020  1700    53.4   22.5    11.3     0.000   0   29.70  310.7   14.0      --
 43  04/03/2020  1800    52.0   22.0    11.6     0.000   0   30.60  314.9   14.2      --
 44  04/03/2020  1900    49.3   22.4    11.8     0.000   0   34.32  318.9   14.5      --
 45  04/03/2020  2000    47.8   21.4    12.1     0.000   0   34.80  322.8   14.9      --
 46  04/03/2020  2100    45.5   21.1    12.4     0.000   0   37.65  326.4   15.3      --
 47  04/03/2020  2200    43.1   21.2    12.6     0.000   0   41.31  329.8   15.8   10088
 48  04/03/2020  2300    41.5   22.8    10.7     0.000   0   47.04  329.3   13.4      --
 49  04/04/2020  0000    40.6   23.4     8.7     0.000   0   49.78  328.6   11.1      --
 50  04/04/2020  0100    39.8   22.9     6.8     0.000   0   50.40  327.6    8.8      --
 51  04/04/2020  0200    39.0   22.6     4.8     0.000   0   51.31  325.8    6.5      --
 52  04/04/2020  0300    38.3   22.4     2.9     0.000   0   52.35  322.0    4.2      --
 53  04/04/2020  0400    37.7   22.1     0.9     0.000   0   52.99  309.5    2.0     414
 54  04/04/2020  0500    37.2   22.1     0.9     0.000   0   54.12  318.0    1.7      --
 55  04/04/2020  0600    36.8   22.1     0.8     0.000   0   54.88  329.2    1.5      --
 56  04/04/2020  0700    37.0   22.1     0.8     0.000   0   54.41  343.4    1.4      --
 57  04/04/2020  0800    37.9   22.1     0.8     0.000   0   52.60  359.8    1.3      --
 58  04/04/2020  0900    39.4   19.6     0.7     0.000   0   44.56   15.9    1.4      --
 59  04/04/2020  1000    41.7   19.0     0.7     0.000   0   39.75   29.6    1.5    7174
 60  04/04/2020  1100    44.5   18.3     0.7     0.000   0   34.71   37.0    1.4      --
 61  04/04/2020  1200    48.9   17.7     0.6     0.000   0   28.59   46.6    1.2      --
 62  04/04/2020  1300    52.8   17.2     0.6     0.000   0   24.22   58.9    1.1      --
 63  04/04/2020  1400    54.9   16.8     0.6     0.000   0   22.00   73.6    1.0      --
 64  04/04/2020  1500    56.0   16.5     0.5     0.000   0   20.92   89.1    1.0      --
 65  04/04/2020  1600    56.5   16.5     0.5     0.000   0   20.43  103.4    1.1  no_inv
 66  04/04/2020  1700    56.7   16.6     2.2     0.000   0   20.50   15.1    2.2      --
 67  04/04/2020  1800    56.1   17.1     3.9     0.000   0   21.42    1.3    4.5      --
 68  04/04/2020  1900    54.9   17.5     5.6     0.000   0   22.74  356.9    6.9      --
 69  04/04/2020  2000    54.2   20.0     7.3     0.000   0   25.98  354.8    9.3      --
 70  04/04/2020  2100    51.9   22.3     9.0     0.000   0   31.10  353.5   11.7      --
 71  04/04/2020  2200    49.5   23.4    10.7     0.000   0   35.53  352.7   14.2     826
 72  04/04/2020  2300    47.5   24.5    11.2     0.000   0   40.15  353.4   14.7      --
 73  04/05/2020  0000    46.1   25.6    11.8     0.000   0   44.26  354.0   15.3      --
 74  04/05/2020  0100    44.9   25.2    12.3     0.000   0   45.74  354.5   15.8      --
 75  04/05/2020  0200    43.8   26.0    12.8     0.000   0   49.31  355.1   16.4      --
 76  04/05/2020  0300    42.9   26.6    13.4     0.000   0   52.11  355.6   17.0      --
 77  04/05/2020  0400    42.2   26.7    13.9     0.000   0   53.89  356.0   17.5     412
 78  04/05/2020  0500    41.8   26.8    12.3     0.000   0   55.00  358.0   16.0      --
 79  04/05/2020  0600    41.5   28.5    10.6     0.000   0   59.56    0.4   14.5      --
 80  04/05/2020  0700    41.6   29.2     9.0     0.000   0   61.07    3.4   13.0      --
 81  04/05/2020  0800    42.1   27.5     7.4     0.000   0   55.82    7.1   11.6      --
 82  04/05/2020  0900    43.1   29.6     5.7     0.000   0   58.74   11.8   10.2      --
 83  04/05/2020  1000    44.6   29.6     4.1     0.000   0   55.49   17.9    8.9    4624
 84  04/05/2020  1100    47.2   29.6     3.5     0.000   0   50.26   18.4    7.6      --
 85  04/05/2020  1200    52.4   29.6     2.9     0.000   0   41.44   19.1    6.2      --
 86  04/05/2020  1300    57.3   29.6     2.2     0.000   0   34.69   20.3    4.8      --
 87  04/05/2020  1400    59.8   29.6     1.6     0.000   0   31.67   22.4    3.5      --
 88  04/05/2020  1500    61.3   29.6     1.0     0.000   0   30.02   27.1    2.1      --
 89  04/05/2020  1600    62.0   29.6     0.4     0.000   0   29.33   48.3    0.8  no_inv
 90  04/05/2020  1700    61.7   29.6     1.4     0.000   0   29.68  344.3    2.0      --
 91  04/05/2020  1800    60.2   29.7     2.4     0.000   0   31.24  333.1    3.7      --
 92  04/05/2020  1900    57.3   29.6     3.4     0.000   0   34.63  329.1    5.4      --
 93  04/05/2020  2000    55.7   29.6     4.4     0.000   0   36.69  327.0    7.2      --
 94  04/05/2020  2100    53.4   30.0     5.5     0.000   0   40.48  325.8    9.0      --
 95  04/05/2020  2200    51.0   30.7     6.5     0.000   0   45.47  325.0   10.8  no_inv
 96  04/05/2020  2300    49.5   31.5     7.6     0.000   0   49.83  322.1   11.7      --
 97  04/06/2020  0000    48.5   31.9     8.7     0.000   0   52.38  319.8   12.6      --
 98  04/06/2020  0100    47.6   31.9     9.8     0.000   0   54.27  317.7   13.6      --
 99  04/06/2020  0200    46.8   31.6    11.0     0.000   0   55.31  315.9   14.5      --
100  04/06/2020  0300    46.1   30.0    12.1     0.000   0   53.12  314.4   15.5      --
101  04/06/2020  0400    45.5   30.0    13.2     0.000   0   54.36  313.0   16.5  no_inv
102  04/06/2020  0500    45.0   31.2    11.5     0.000   0   58.25  314.7   14.6      --
103  04/06/2020  0600    44.7   31.2     9.7     0.000   0   58.85  317.0   12.8      --
104  04/06/2020  0700    45.0   31.1     7.9     0.000   0   58.07  320.0   11.0      --
105  04/06/2020  0800    45.9   28.6     6.2     0.000   0   50.55  324.2    9.2      --
106  04/06/2020  0900    47.5   27.9     4.4     0.000   0   46.25  330.4    7.5      --
107  04/06/2020  1000    49.8   27.2     2.7     0.000   0   41.21  340.0    5.9  no_inv
108  04/06/2020  1100    52.6   26.4     5.5     0.000   0   35.98  326.7    8.7      --
109  04/06/2020  1200    57.2   25.8     8.3     0.000   0   29.67  320.0   11.7      --
110  04/06/2020  1300    61.1   25.7    11.0     0.000   0   25.78  316.1   14.8      --
111  04/06/2020  1400    63.2   25.3    13.8     0.000   0   23.46  313.5   17.9      --
112  04/06/2020  1500    64.3   24.5    16.6     0.000   0   21.80  311.7   21.1      --
113  04/06/2020  1600    64.9   24.4    19.4     0.000   0   21.30  310.4   24.2    2288
114  04/06/2020  1700    65.0   24.4    20.4     0.000   0   21.26  307.2   25.3      --
115  04/06/2020  1800    62.9   24.6    21.4     0.000   0   23.02  304.3   26.5      --
116  04/06/2020  1900    58.7   24.8    22.3     0.000   0   27.06  301.7   27.7      --
117  04/06/2020  2000    56.3   25.2    23.3     0.000   0   29.86  299.2   28.9      --
118  04/06/2020  2100    54.0   25.6    24.3     0.000   0   33.04  297.0   30.2      --
119  04/06/2020  2200    51.6   26.0    25.3     0.000   0   36.64  295.0   31.6    1883
120  04/06/2020  2300    50.1   26.4    25.4     0.000   0   39.47  295.3   31.8      --
121  04/07/2020  0000    49.6   26.8    25.6     0.000   0   40.91  295.6   32.0      --
122  04/07/2020  0100    49.0   27.1    25.7     0.000   0   42.34  295.9   32.1      --
123  04/07/2020  0200    48.5   27.4    25.9     0.000   0   43.68  296.3   32.3      --
124  04/07/2020  0300    47.9   27.5    26.0     0.000   0   44.85  296.6   32.5      --
125  04/07/2020  0400    47.4   27.6    26.1     0.000   0   45.78  296.9   32.7    1217
126  04/07/2020  0500    47.0   27.6    22.2     0.000   0   46.61  298.0   28.0      --
127  04/07/2020  0600    46.7   27.7    18.3     0.000   0   47.32  299.7   23.4      --
128  04/07/2020  0700    47.0   27.9    14.4     0.000   0   47.05  302.1   18.8      --
129  04/07/2020  0800    48.1   28.1    10.5     0.000   0   45.61  306.1   14.2      --
130  04/07/2020  0900    49.9   28.3     6.5     0.000   0   43.03  313.7    9.8      --
131  04/07/2020  1000    52.4   29.6     2.6     0.000   0   41.23  332.8    5.8    7545
132  04/07/2020  1100    55.5   28.8     4.2     0.000   0   35.78  327.5    7.2      --
133  04/07/2020  1200    59.9   29.1     5.7     0.000   0   30.86  323.9    8.8      --
134  04/07/2020  1300    63.5   29.7     7.3     0.000   0   27.90  321.4   10.3      --
135  04/07/2020  1400    65.5   30.3     8.8     0.000   0   26.64  319.6   11.8      --
136  04/07/2020  1500    66.4   30.7    10.4     0.000   0   26.18  318.1   13.4      --
137  04/07/2020  1600    66.9   30.6    11.9     0.000   0   25.72  317.0   14.9    8472
138  04/07/2020  1700    67.0   30.6    12.1     0.000   0   25.60  316.5   15.1      --
139  04/07/2020  1800    64.8   30.1    12.2     0.000   0   27.13  316.0   15.3      --
140  04/07/2020  1900    60.3   29.6    12.4     0.000   0   30.99  315.5   15.5      --
141  04/07/2020  2000    57.9   28.8    12.5     0.000   0   32.78  315.0   15.7      --
142  04/07/2020  2100    55.5   27.8    12.7     0.000   0   34.28  314.5   15.9      --
143  04/07/2020  2200    53.2   27.2    12.8     0.000   0   36.42  314.0   16.0     649
144  04/07/2020  2300    51.6   26.6    13.2     0.000   0   37.66  306.0   15.8      --
145  04/08/2020  0000    51.1   26.1    13.6     0.000   0   37.52  297.9   15.8      --
146  04/08/2020  0100    50.5   25.6    14.0     0.000   0   37.55  290.0   16.2      --
147  04/08/2020  0200    50.0   25.2    14.3     0.000   0   37.76  282.5   16.8      --
148  04/08/2020  0300    49.4   25.0    14.7     0.000   0   38.17  275.7   17.7      --
149  04/08/2020  0400    48.9   24.9    15.1     0.000   0   38.77  269.7   18.9     704
150  04/08/2020  0500    48.5   25.0    13.0     0.000   0   39.54  273.1   15.9      --
151  04/08/2020  0600    48.1   26.5    10.9     0.000   0   42.70  278.0   12.9      --
152  04/08/2020  0700    48.4   27.1     8.8     0.000   0   43.29  285.8   10.2      --
153  04/08/2020  0800    49.2   25.8     6.8     0.000   0   39.86  298.9    7.7      --
154  04/08/2020  0900    50.6   26.2     4.7     0.000   0   38.45  321.6    6.0      --
155  04/08/2020  1000    52.7   28.5     2.6     0.000   0   39.12  353.0    5.7    3637
156  04/08/2020  1100    55.5   28.5     2.5     0.000   0   35.41    0.4    4.2      --
157  04/08/2020  1200    60.6   28.5     2.4     0.000   0   29.43   15.0    2.9      --
158  04/08/2020  1300    65.4   28.5     2.3     0.000   0   24.88   47.0    2.0      --
159  04/08/2020  1400    68.2   28.5     2.3     0.000   0   22.57   91.4    2.2      --
160  04/08/2020  1500    69.7   28.5     2.2     0.000   0   21.45  116.9    3.3      --
161  04/08/2020  1600    70.5   28.5     2.1     0.000   0   20.85  128.6    4.6    5975
162  04/08/2020  1700    70.8   28.5     4.8     0.000   0   20.64  203.5    0.6      --
163  04/08/2020  1800    69.4   28.5     7.4     0.000   0   21.68  293.4    4.5      --
164  04/08/2020  1900    66.4   30.5    10.1     0.000   0   26.02  297.3    9.0      --
165  04/08/2020  2000    64.8   28.5    12.7     0.000   0   25.40  298.6   13.5      --
166  04/08/2020  2100    62.5   28.5    15.4     0.000   0   27.57  299.2   18.0      --
167  04/08/2020  2200    60.1   28.5    18.0     0.000   0   29.94  299.6   22.5     909
