  Generated by FoxLW on Thursday April 2, 2020 at 02:32 PDT
-------------------------------------------------------------------------------
  Broadview
  46.9700:-120.5000  (46 58' 12.00"N  120 30' 0.00"W)  elev 1519.0 feet    file: 330043
-------------------------------------------------------------------------------

Line#   Date     Hour   TempF  DewPtF WS(mph)  Rain(in) LW    RH%  WDir_50m WS_50m Inv(ft)
  5  04/02/2020  0400    31.6   22.0     2.4     0.000   0   67.20  282.4    5.3  no_inv
  6  04/02/2020  0500    31.2   22.1     2.3     0.000   0   68.69  279.9    3.7      --
  7  04/02/2020  0600    30.9   27.5     2.3     0.000   5   87.16  273.6    2.1      --
  8  04/02/2020  0700    31.2   27.8     2.2     0.000  10   87.28  238.8    0.7      --
  9  04/02/2020  0800    32.3   27.8     2.1     0.000   5   83.46  133.9    1.3      --
 10  04/02/2020  0900    34.2   27.8     2.1     0.000   0   77.20  119.6    2.8      --
 11  04/02/2020  1000    36.8   27.8     2.0     0.000   0   69.61  115.5    4.4  no_inv
 12  04/02/2020  1100    39.1   29.3     3.5     0.000   0   67.59  102.5    1.4      --
 13  04/02/2020  1200    40.8   31.8     5.1     0.010   0   69.99  314.5    1.9      --
 14  04/02/2020  1300    42.5   31.7     6.7     0.010   0   65.25  306.1    4.9      --
 15  04/02/2020  1400    46.3   28.0     8.2     0.000   0   48.65  304.2    8.0      --
 16  04/02/2020  1500    44.8   31.2     9.8     0.000   0   58.48  303.3   11.1      --
 17  04/02/2020  1600    43.0   33.9    11.3     0.020   0   70.01  302.8   14.2  no_inv
 18  04/02/2020  1700    45.7   28.6    10.5     0.000   0   51.02  304.9   14.2      --
 19  04/02/2020  1800    43.4   28.4     9.7     0.000   0   55.02  306.9   14.2      --
 20  04/02/2020  1900    38.8   28.7     8.9     0.000   0   66.75  308.9   14.2      --
 21  04/02/2020  2000    36.3   28.2     8.1     0.000   0   72.19  311.0   14.2      --
 22  04/02/2020  2100    34.0   28.3     7.3     0.000   0   79.36  313.0   14.3      --
 23  04/02/2020  2200    31.6   28.9     6.5     0.010   5   89.55  314.9   14.4  no_inv
 24  04/02/2020  2300    30.7   28.0     6.9     0.000  10   89.57  315.5   15.2      --
 25  04/03/2020  0000    30.4   27.3     7.3     0.000  10   87.93  316.0   16.1      --
 26  04/03/2020  0100    30.0   26.4     7.7     0.000   5   86.13  316.4   16.9      --
 27  04/03/2020  0200    29.6   25.5     8.0     0.000   0   84.41  316.8   17.8      --
 28  04/03/2020  0300    29.1   24.9     8.4     0.000   0   84.07  317.1   18.6      --
 29  04/03/2020  0400    28.7   24.5     8.8     0.000   0   84.17  317.5   19.5    2502
 30  04/03/2020  0500    28.3   23.6     9.6     0.000   0   82.29  317.3   19.0      --
 31  04/03/2020  0600    27.9   23.1    10.4     0.000   0   82.11  317.2   18.6      --
 32  04/03/2020  0700    28.2   22.7    11.1     0.000   0   79.45  317.0   18.1      --
 33  04/03/2020  0800    29.6   22.6    11.9     0.000   0   74.78  316.8   17.7      --
 34  04/03/2020  0900    32.0   21.4    12.7     0.000   0   64.51  316.6   17.3      --
 35  04/03/2020  1000    35.3   21.6    13.5     0.000   0   57.03  316.5   16.8  no_inv
 36  04/03/2020  1100    39.1   21.8    14.0     0.000   0   49.36  314.6   17.4      --
 37  04/03/2020  1200    43.5   22.0    14.5     0.000   0   42.10  312.9   18.0      --
 38  04/03/2020  1300    46.8   22.2    15.0     0.000   0   37.56  311.2   18.7      --
 39  04/03/2020  1400    48.3   22.3    15.5     0.000   0   35.55  309.7   19.3      --
 40  04/03/2020  1500    49.2   22.3    16.0     0.000   0   34.44  308.3   20.0      --
 41  04/03/2020  1600    49.5   22.3    16.5     0.000   0   34.07  307.0   20.6  no_inv
 42  04/03/2020  1700    49.3   22.7    15.1     0.000   0   34.82  308.9   19.7      --
 43  04/03/2020  1800    46.7   23.0    13.6     0.000   0   38.80  311.0   18.7      --
 44  04/03/2020  1900    41.4   22.8    12.1     0.000   0   47.24  313.4   17.8      --
 45  04/03/2020  2000    38.5   23.3    10.7     0.000   0   54.04  316.0   16.9      --
 46  04/03/2020  2100    36.2   23.1     9.2     0.000   0   58.59  318.9   16.0      --
 47  04/03/2020  2200    33.8   22.7     7.8     0.000   0   63.38  322.1   15.2    7206
 48  04/03/2020  2300    32.4   22.8     6.8     0.000   0   67.30  319.4   13.1      --
 49  04/04/2020  0000    32.0   23.1     5.9     0.000   0   69.13  315.7   11.1      --
 50  04/04/2020  0100    31.6   23.3     4.9     0.000   0   71.12  310.4    9.1      --
 51  04/04/2020  0200    31.1   23.8     4.0     0.000   0   74.20  302.3    7.3      --
 52  04/04/2020  0300    30.6   23.8     3.0     0.000   0   75.74  289.1    5.7      --
 53  04/04/2020  0400    30.1   23.8     2.1     0.000   5   77.29  268.0    4.6    7230
 54  04/04/2020  0500    29.6   23.8     2.4     0.000  10   78.79  251.9    2.7      --
 55  04/04/2020  0600    29.2   23.8     2.7     0.000  10   79.98  201.6    1.6      --
 56  04/04/2020  0700    29.7   23.8     3.0     0.000  10   78.40  148.4    2.6      --
 57  04/04/2020  0800    31.3   23.8     3.3     0.000   5   73.54  131.0    4.4      --
 58  04/04/2020  0900    34.0   18.4     3.6     0.000   0   52.42  124.0    6.4      --
 59  04/04/2020  1000    37.6   17.9     3.9     0.000   0   44.31  120.4    8.5    5398
 60  04/04/2020  1100    41.7   17.6     4.0     0.000   0   37.40  115.6    8.4      --
 61  04/04/2020  1200    45.9   17.3     4.1     0.000   0   31.52  110.7    8.5      --
 62  04/04/2020  1300    49.1   17.1     4.1     0.000   0   27.66  105.9    8.6      --
 63  04/04/2020  1400    50.8   17.0     4.2     0.000   0   25.81  101.3    8.7      --
 64  04/04/2020  1500    51.5   16.9     4.3     0.000   0   24.95   96.9    8.9      --
 65  04/04/2020  1600    51.9   16.8     4.3     0.000   0   24.58   92.6    9.2    1473
 66  04/04/2020  1700    51.9   17.0     4.8     0.000   0   24.74   84.1    8.9      --
 67  04/04/2020  1800    51.1   17.4     5.2     0.000   0   25.90   75.2    8.9      --
 68  04/04/2020  1900    49.6   17.8     5.7     0.000   0   27.88   66.6    9.1      --
 69  04/04/2020  2000    48.8   18.5     6.2     0.000   0   29.74   58.4    9.5      --
 70  04/04/2020  2100    46.4   19.6     6.6     0.000   0   34.05   51.0   10.0      --
 71  04/04/2020  2200    44.1   21.1     7.1     0.000   0   39.59   44.5   10.7     639
 72  04/04/2020  2300    42.8   19.9     6.0     0.000   0   39.52   45.8    8.6      --
 73  04/05/2020  0000    42.1   19.0     5.0     0.000   0   39.05   47.8    6.5      --
 74  04/05/2020  0100    41.5   17.1     4.0     0.000   0   36.73   51.9    4.4      --
 75  04/05/2020  0200    41.0   17.1     3.0     0.000   0   37.45   62.8    2.4      --
 76  04/05/2020  0300    40.6   17.1     2.0     0.000   0   38.04  122.8    1.0      --
 77  04/05/2020  0400    40.3   17.1     1.0     0.000   0   38.49  193.6    2.2  no_inv
 78  04/05/2020  0500    40.1   17.1     1.1     0.000   0   38.79  176.9    1.7      --
 79  04/05/2020  0600    40.0   17.1     1.2     0.000   0   38.99  150.6    1.5      --
 80  04/05/2020  0700    40.1   17.1     1.2     0.000   0   38.88  121.6    1.6      --
 81  04/05/2020  0800    40.5   17.1     1.3     0.000   0   38.31  100.7    2.0      --
 82  04/05/2020  0900    40.5   22.5     1.4     0.000   0   48.16   88.2    2.6      --
 83  04/05/2020  1000    40.7   27.9     1.5     0.010   0   59.87   80.6    3.2  no_inv
 84  04/05/2020  1100    44.4   29.4     1.3     0.000   0   55.19   81.2    2.6      --
 85  04/05/2020  1200    47.8   29.4     1.1     0.000   0   48.57   82.4    2.0      --
 86  04/05/2020  1300    50.9   29.4     0.9     0.000   0   43.28   84.6    1.4      --
 87  04/05/2020  1400    52.9   29.4     0.7     0.000   0   40.22   90.5    0.7      --
 88  04/05/2020  1500    54.2   29.4     0.5     0.000   0   38.30  142.4    0.2      --
 89  04/05/2020  1600    55.1   29.4     0.3     0.000   0   37.13  241.5    0.6  no_inv
 90  04/05/2020  1700    54.9   29.4     1.8     0.000   0   37.34  305.0    3.7      --
 91  04/05/2020  1800    53.2   29.4     3.3     0.000   0   39.78  309.1    7.1      --
 92  04/05/2020  1900    49.7   29.4     4.9     0.000   0   45.34  310.6   10.6      --
 93  04/05/2020  2000    47.7   30.2     6.4     0.000   0   50.53  311.3   14.1      --
 94  04/05/2020  2100    45.4   33.3     7.9     0.000   0   62.45  311.7   17.5      --
 95  04/05/2020  2200    43.0   37.3     9.5     0.020   0   80.13  312.0   21.0    1441
 96  04/05/2020  2300    42.0   36.1     9.7     0.000   0   79.18  313.4   21.4      --
 97  04/06/2020  0000    41.4   34.7     9.9     0.000   0   76.84  314.7   21.9      --
 98  04/06/2020  0100    40.7   32.3    10.1     0.000   0   71.82  315.9   22.3      --
 99  04/06/2020  0200    40.0   30.7    10.3     0.000   0   69.15  317.1   22.8      --
100  04/06/2020  0300    39.3   30.6    10.6     0.000   0   70.71  318.2   23.3      --
101  04/06/2020  0400    38.7   30.5    10.8     0.000   0   72.24  319.3   23.8     821
102  04/06/2020  0500    38.1   30.5    10.7     0.000   0   73.83  318.6   22.0      --
103  04/06/2020  0600    37.8   30.4    10.6     0.000   0   74.66  317.8   20.2      --
104  04/06/2020  0700    38.3   30.4    10.6     0.000   0   72.86  316.9   18.4      --
105  04/06/2020  0800    39.8   30.2    10.5     0.000   0   68.31  315.7   16.6      --
106  04/06/2020  0900    42.3   28.2    10.5     0.000   0   57.16  314.3   14.8      --
107  04/06/2020  1000    45.5   28.0    10.4     0.000   0   50.19  312.4   13.1  no_inv
108  04/06/2020  1100    48.9   27.9    11.9     0.000   0   43.87  311.8   14.9      --
109  04/06/2020  1200    52.0   27.7    13.4     0.000   0   38.85  311.4   16.8      --
110  04/06/2020  1300    54.1   27.7    14.9     0.000   0   35.82  311.0   18.6      --
111  04/06/2020  1400    55.2   27.4    16.3     0.000   0   34.18  310.7   20.5      --
112  04/06/2020  1500    55.6   27.4    17.8     0.000   0   33.57  310.5   22.3      --
113  04/06/2020  1600    55.7   27.3    19.3     0.000   0   33.41  310.2   24.2    8220
114  04/06/2020  1700    55.5   27.3    17.6     0.000   0   33.60  311.8   23.4      --
115  04/06/2020  1800    53.3   27.4    15.9     0.000   0   36.45  313.5   22.7      --
116  04/06/2020  1900    48.8   27.7    14.2     0.000   0   43.70  315.3   22.0      --
117  04/06/2020  2000    46.3   27.7    12.5     0.000   0   47.89  317.3   21.3      --
118  04/06/2020  2100    44.0   28.8    10.8     0.000   0   54.70  319.3   20.6      --
119  04/06/2020  2200    41.7   29.2     9.0     0.000   0   61.01  321.5   20.0    3231
120  04/06/2020  2300    40.5   29.2     9.7     0.000   0   63.85  320.6   20.1      --
121  04/07/2020  0000    40.3   29.1    10.3     0.000   0   63.94  319.8   20.2      --
122  04/07/2020  0100    40.0   28.8    11.0     0.000   0   63.96  318.9   20.3      --
123  04/07/2020  0200    39.7   28.6    11.6     0.000   0   64.14  318.0   20.4      --
124  04/07/2020  0300    39.4   27.1    12.3     0.000   0   61.20  317.2   20.5      --
125  04/07/2020  0400    39.0   27.1    12.9     0.000   0   62.09  316.4   20.6    1753
126  04/07/2020  0500    38.6   27.2    13.2     0.000   0   63.12  316.2   20.2      --
127  04/07/2020  0600    38.3   27.3    13.5     0.000   0   64.15  316.1   19.8      --
128  04/07/2020  0700    39.1   27.5    13.8     0.000   0   62.86  316.0   19.5      --
129  04/07/2020  0800    41.0   27.8    14.1     0.000   0   58.80  315.8   19.1      --
130  04/07/2020  0900    44.3   28.0    14.4     0.000   0   52.57  315.7   18.7      --
131  04/07/2020  1000    48.3   28.4    14.6     0.000   0   45.69  315.5   18.3    6543
132  04/07/2020  1100    52.5   28.7    15.4     0.000   0   39.68  314.1   19.2      --
133  04/07/2020  1200    55.9   29.0    16.1     0.000   0   35.45  312.8   20.1      --
134  04/07/2020  1300    58.3   29.2    16.9     0.000   0   32.82  311.6   21.0      --
135  04/07/2020  1400    59.5   29.4    17.6     0.000   0   31.73  310.6   21.9      --
136  04/07/2020  1500    60.0   29.5    18.3     0.000   0   31.32  309.6   22.9      --
137  04/07/2020  1600    60.2   29.6    19.1     0.000   0   31.19  308.7   23.8    8452
138  04/07/2020  1700    60.1   29.5    18.6     0.000   0   31.19  309.5   23.2      --
139  04/07/2020  1800    57.7   29.2    18.1     0.000   0   33.60  310.3   22.7      --
140  04/07/2020  1900    52.8   28.8    17.7     0.000   0   39.44  311.2   22.1      --
141  04/07/2020  2000    50.1   28.2    17.2     0.000   0   42.57  312.1   21.5      --
142  04/07/2020  2100    47.7   27.5    16.8     0.000   0   45.20  313.1   21.0      --
143  04/07/2020  2200    45.4   26.8    16.3     0.000   0   47.94  314.1   20.4     462
144  04/07/2020  2300    44.4   26.1    13.9     0.000   0   48.30  314.6   17.7      --
145  04/08/2020  0000    44.5   26.7    11.5     0.000   0   49.19  315.4   15.0      --
146  04/08/2020  0100    44.5   26.4     9.1     0.000   0   48.65  316.4   12.3      --
147  04/08/2020  0200    44.5   28.1     6.7     0.000   0   52.32  318.1    9.6      --
148  04/08/2020  0300    44.3   29.0     4.3     0.000   0   54.59  321.0    6.9      --
149  04/08/2020  0400    44.1   29.6     2.0     0.000   0   56.41  327.5    4.3     482
150  04/08/2020  0500    43.9   30.6     1.7     0.000   0   59.26  328.4    3.4      --
151  04/08/2020  0600    43.7   30.6     1.5     0.000   0   59.81  330.1    2.5      --
152  04/08/2020  0700    44.0   30.6     1.3     0.000   0   58.94  333.7    1.5      --
153  04/08/2020  0800    45.2   31.5     1.0     0.000   0   58.38  348.2    0.6      --
154  04/08/2020  0900    47.2   31.5     0.8     0.000   0   54.12  110.0    0.4      --
155  04/08/2020  1000    50.0   31.5     0.6     0.000   0   48.82  133.3    1.3    3733
156  04/08/2020  1100    53.3   31.5     1.0     0.000   0   43.18   51.5    0.2      --
157  04/08/2020  1200    57.9   31.5     1.4     0.000   0   36.53  332.0    1.3      --
158  04/08/2020  1300    61.7   31.5     1.8     0.000   0   31.87  327.3    2.7      --
159  04/08/2020  1400    63.8   31.5     2.2     0.000   0   29.63  325.8    4.0      --
160  04/08/2020  1500    64.8   31.5     2.6     0.000   0   28.58  325.0    5.3      --
161  04/08/2020  1600    65.4   31.5     3.0     0.000   0   28.07  324.5    6.6    5891
162  04/08/2020  1700    65.5   31.5     5.1     0.000   0   27.98  322.1    8.7      --
163  04/08/2020  1800    63.1   31.5     7.2     0.000   0   30.40  320.7   10.8      --
164  04/08/2020  1900    58.2   33.5     9.2     0.000   0   39.16  319.7   12.9      --
165  04/08/2020  2000    55.5   33.0    11.3     0.000   0   42.39  319.0   15.1      --
166  04/08/2020  2100    53.2   31.5    13.4     0.000   0   43.34  318.4   17.2      --
167  04/08/2020  2200    50.8   31.5    15.5     0.000   0   47.24  318.0   19.3    1824
