  Generated by FoxLW on Thursday April 2, 2020 at 02:32 PDT
-------------------------------------------------------------------------------
  Radar Hill
  46.7200:-119.2400  (46 43' 12.00"N  119 14' 24.00"W)  elev 1092.5 feet    file: 330022
-------------------------------------------------------------------------------

Line#   Date     Hour   TempF  DewPtF WS(mph)  Rain(in) LW    RH%  WDir_50m WS_50m Inv(ft)
  5  04/02/2020  0400    32.7   14.9    14.3     0.000   0   47.40  355.8   17.9     159
  6  04/02/2020  0500    32.2   15.0    12.2     0.000   0   48.54  353.4   15.1      --
  7  04/02/2020  0600    31.8   16.6    10.1     0.000   0   52.98  349.8   12.2      --
  8  04/02/2020  0700    32.0   17.4     8.0     0.000   0   54.23  344.0    9.5      --
  9  04/02/2020  0800    32.9   17.6     5.9     0.000   0   52.86  333.8    6.9      --
 10  04/02/2020  0900    34.7   17.7     3.9     0.000   0   49.50  313.2    4.8      --
 11  04/02/2020  1000    37.2   17.7     1.8     0.000   0   44.82  275.1    3.9  no_inv
 12  04/02/2020  1100    40.5   17.7     2.1     0.000   0   39.35  251.3    3.3      --
 13  04/02/2020  1200    45.3   17.7     2.4     0.000   0   32.76  223.1    3.4      --
 14  04/02/2020  1300    49.3   17.7     2.7     0.000   0   28.16  201.1    4.1      --
 15  04/02/2020  1400    51.4   17.7     3.0     0.000   0   26.08  187.3    5.3      --
 16  04/02/2020  1500    52.5   17.7     3.3     0.000   0   25.03  178.8    6.7      --
 17  04/02/2020  1600    53.0   17.7     3.7     0.000   0   24.57  173.3    8.1  no_inv
 18  04/02/2020  1700    52.0   17.8     4.2     0.000   0   25.52  192.7    6.3      --
 19  04/02/2020  1800    50.0   18.1     4.8     0.000   0   27.79  221.5    5.6      --
 20  04/02/2020  1900    49.0   18.4     5.4     0.000   0   29.31  249.7    6.4      --
 21  04/02/2020  2000    46.6   18.9     6.0     0.000   0   32.71  268.1    8.3      --
 22  04/02/2020  2100    44.3   19.5     6.6     0.000   0   36.75  278.9   10.8      --
 23  04/02/2020  2200    41.9   20.3     7.2     0.000   0   41.60  285.6   13.4     793
 24  04/02/2020  2300    39.8   21.0     7.6     0.000   0   46.58  282.3   13.3      --
 25  04/03/2020  0000    38.4   21.8     8.0     0.000   0   50.86  278.9   13.1      --
 26  04/03/2020  0100    37.1   22.1     8.4     0.000   0   54.24  275.4   13.0      --
 27  04/03/2020  0200    36.0   22.4     8.8     0.000   0   57.31  271.9   13.0      --
 28  04/03/2020  0300    35.0   22.5     9.2     0.000   0   59.98  268.3   13.0      --
 29  04/03/2020  0400    34.2   22.6     9.6     0.000   0   62.10  264.8   13.0     735
 30  04/03/2020  0500    33.5   22.5    10.1     0.000   0   63.65  259.0   13.3      --
 31  04/03/2020  0600    33.2   22.4    10.7     0.000   0   64.28  253.5   13.7      --
 32  04/03/2020  0700    33.5   22.4    11.2     0.000   0   63.18  248.3   14.2      --
 33  04/03/2020  0800    34.7   22.3    11.8     0.000   0   60.11  243.6   14.8      --
 34  04/03/2020  0900    36.8   21.1    12.3     0.000   0   52.47  239.2   15.6      --
 35  04/03/2020  1000    39.7   21.2    12.9     0.000   0   47.31  235.3   16.4  no_inv
 36  04/03/2020  1100    42.8   21.4    12.2     0.000   0   42.25  241.8   14.7      --
 37  04/03/2020  1200    45.5   21.6    11.5     0.000   0   38.39  249.8   13.4      --
 38  04/03/2020  1300    47.8   22.3    10.8     0.000   0   36.23  259.4   12.3      --
 39  04/03/2020  1400    49.1   23.0    10.0     0.000   0   35.51  270.5   11.7      --
 40  04/03/2020  1500    49.9   23.5     9.3     0.000   0   35.25  282.3   11.5      --
 41  04/03/2020  1600    50.5   24.1     8.6     0.000   0   35.27  294.0   11.8  no_inv
 42  04/03/2020  1700    49.8   24.1     9.1     0.000   0   36.17  298.4   12.5      --
 43  04/03/2020  1800    48.4   24.0     9.7     0.000   0   37.99  302.2   13.2      --
 44  04/03/2020  1900    47.7   23.8    10.2     0.000   0   38.72  305.7   14.1      --
 45  04/03/2020  2000    45.3   23.3    10.7     0.000   0   41.52  308.7   14.9      --
 46  04/03/2020  2100    43.0   23.0    11.3     0.000   0   44.72  311.4   15.8      --
 47  04/03/2020  2200    40.7   22.6    11.8     0.000   0   48.19  313.8   16.8     659
 48  04/03/2020  2300    38.6   22.6    10.4     0.000   0   52.24  317.5   13.2      --
 49  04/04/2020  0000    37.5   22.8     8.9     0.000   0   55.04  323.9    9.8      --
 50  04/04/2020  0100    36.4   22.8     7.5     0.000   0   57.34  336.8    6.6      --
 51  04/04/2020  0200    35.4   22.9     6.0     0.000   0   60.02    7.8    4.2      --
 52  04/04/2020  0300    34.5   23.0     4.6     0.000   0   62.53   58.1    4.4      --
 53  04/04/2020  0400    33.7   23.2     3.1     0.000   0   65.12   86.1    6.9  no_inv
 54  04/04/2020  0500    33.0   23.2     2.6     0.000   0   66.79   86.1    5.8      --
 55  04/04/2020  0600    32.6   23.2     2.1     0.000   0   67.88   86.1    4.6      --
 56  04/04/2020  0700    33.0   23.2     1.6     0.000   0   66.80   86.1    3.5      --
 57  04/04/2020  0800    34.4   20.3     1.0     0.000   0   55.79   86.1    2.3      --
 58  04/04/2020  0900    36.8   20.2     0.5     0.000   0   50.54   86.1    1.2      --
 59  04/04/2020  1000    40.1   20.1     0.0     0.000   0   44.27   77.5    0.0  no_inv
 60  04/04/2020  1100    43.9   20.0     0.4     0.000   0   38.06   39.1    1.0      --
 61  04/04/2020  1200    48.3   19.9     0.9     0.000   0   32.04   39.0    1.9      --
 62  04/04/2020  1300    51.9   19.8     1.3     0.000   0   27.97   39.0    2.9      --
 63  04/04/2020  1400    53.8   19.8     1.7     0.000   0   26.02   39.0    3.8      --
 64  04/04/2020  1500    54.7   19.7     2.2     0.000   0   25.11   39.0    4.8      --
 65  04/04/2020  1600    55.2   19.7     2.6     0.000   0   24.68   39.0    5.8  no_inv
 66  04/04/2020  1700    55.3   19.9     4.0     0.000   0   24.82   45.6    6.9      --
 67  04/04/2020  1800    54.6   20.5     5.3     0.000   0   26.00   50.2    8.2      --
 68  04/04/2020  1900    53.4   21.8     6.7     0.000   0   28.85   53.6    9.5      --
 69  04/04/2020  2000    52.7   24.5     8.0     0.000   0   33.13   56.2   10.8      --
 70  04/04/2020  2100    50.3   25.9     9.4     0.000   0   38.22   58.2   12.1      --
 71  04/04/2020  2200    48.0   27.0    10.8     0.000   0   43.83   59.8   13.4  no_inv
 72  04/04/2020  2300    46.0   28.7    10.0     0.000   0   50.72   51.1   12.8      --
 73  04/05/2020  0000    44.5   30.1     9.3     0.000   0   56.65   41.5   12.4      --
 74  04/05/2020  0100    43.3   31.3     8.6     0.000   0   62.33   31.7   12.4      --
 75  04/05/2020  0200    42.2   31.8     7.9     0.000   0   66.38   22.2   12.7      --
 76  04/05/2020  0300    41.3   29.3     7.2     0.000   0   62.06   13.4   13.4      --
 77  04/05/2020  0400    40.7   26.4     6.5     0.000   0   56.42    5.5   14.4    1091
 78  04/05/2020  0500    40.2   26.1     6.4     0.000   0   56.85    5.2   13.7      --
 79  04/05/2020  0600    40.0   25.9     6.4     0.000   0   56.85    4.9   13.0      --
 80  04/05/2020  0700    40.1   25.7     6.3     0.000   0   56.04    4.5   12.3      --
 81  04/05/2020  0800    40.6   30.8     6.3     0.000   0   67.67    4.1   11.7      --
 82  04/05/2020  0900    41.7   30.7     6.2     0.000   0   64.69    3.6   11.0      --
 83  04/05/2020  1000    43.4   30.7     6.2     0.000   0   60.60    3.1   10.3  no_inv
 84  04/05/2020  1100    46.3   30.6     5.6     0.000   0   54.04    6.7    9.5      --
 85  04/05/2020  1200    51.5   30.6     5.1     0.000   0   44.52   10.9    8.7      --
 86  04/05/2020  1300    56.0   30.5     4.5     0.000   0   37.65   15.9    8.0      --
 87  04/05/2020  1400    58.2   30.5     4.0     0.000   0   34.75   21.8    7.4      --
 88  04/05/2020  1500    59.4   30.5     3.5     0.000   0   33.21   28.8    6.8      --
 89  04/05/2020  1600    59.8   30.4     2.9     0.000   0   32.70   36.8    6.4  no_inv
 90  04/05/2020  1700    59.0   30.6     3.3     0.000   0   33.90   32.3    6.8      --
 91  04/05/2020  1800    57.7   30.9     3.6     0.000   0   35.97   28.3    7.3      --
 92  04/05/2020  1900    55.1   30.6     4.0     0.000   0   38.88   24.8    7.8      --
 93  04/05/2020  2000    53.7   30.6     4.3     0.000   0   40.93   21.8    8.2      --
 94  04/05/2020  2100    51.4   30.6     4.7     0.000   0   44.60   19.0    8.8      --
 95  04/05/2020  2200    49.1   30.6     5.1     0.000   0   48.82   16.6    9.3  no_inv
 96  04/05/2020  2300    47.1   31.6     5.5     0.000   0   54.69   11.6   10.5      --
 97  04/06/2020  0000    45.7   32.9     6.0     0.000   0   60.73    7.6   11.8      --
 98  04/06/2020  0100    44.4   34.4     6.4     0.000   0   67.71    4.4   13.2      --
 99  04/06/2020  0200    43.2   36.0     6.9     0.000   0   75.43    1.8   14.5      --
100  04/06/2020  0300    42.2   37.5     7.4     0.000   0   83.50  359.7   15.9      --
101  04/06/2020  0400    41.4   39.0     7.8     0.000   0   91.36  357.9   17.3     252
102  04/06/2020  0500    40.7   36.5     7.0     0.000   0   84.75  356.1   15.5      --
103  04/06/2020  0600    40.4   33.9     6.3     0.000   0   77.48  353.9   13.7      --
104  04/06/2020  0700    40.6   32.3     5.5     0.000   0   71.79  350.9   11.9      --
105  04/06/2020  0800    41.6   33.7     4.7     0.000   0   73.29  346.9   10.1      --
106  04/06/2020  0900    43.4   31.9     3.9     0.000   0   63.60  341.3    8.5      --
107  04/06/2020  1000    45.9   29.9     3.1     0.000   0   53.35  333.1    6.9  no_inv
108  04/06/2020  1100    49.1   27.9     5.5     0.000   0   43.54  313.8    8.5      --
109  04/06/2020  1200    54.2   26.0     7.9     0.000   0   33.42  301.6   10.8      --
110  04/06/2020  1300    58.7   25.2    10.3     0.000   0   27.47  293.8   13.3      --
111  04/06/2020  1400    61.2   24.5    12.7     0.000   0   24.37  288.6   16.1      --
112  04/06/2020  1500    62.5   23.1    15.1     0.000   0   21.98  284.9   18.9      --
113  04/06/2020  1600    63.2   22.2    17.4     0.000   0   20.69  282.2   21.8    9601
114  04/06/2020  1700    63.3   22.7    15.6     0.000   0   20.96  285.2   20.0      --
115  04/06/2020  1800    60.6   24.1    13.9     0.000   0   24.48  288.7   18.3      --
116  04/06/2020  1900    55.0   24.7    12.1     0.000   0   30.73  292.9   16.7      --
117  04/06/2020  2000    51.9   26.0    10.3     0.000   0   36.40  297.9   15.2      --
118  04/06/2020  2100    49.5   27.2     8.5     0.000   0   41.70  304.0   13.9      --
119  04/06/2020  2200    47.2   27.5     6.7     0.000   0   46.05  311.3   12.7    1660
120  04/06/2020  2300    45.4   28.0     6.6     0.000   0   50.27  302.4   11.5      --
121  04/07/2020  0000    44.7   28.4     6.6     0.000   0   52.53  291.6   10.6      --
122  04/07/2020  0100    44.0   28.8     6.5     0.000   0   54.74  279.4   10.1      --
123  04/07/2020  0200    43.3   29.0     6.5     0.000   0   56.77  266.6   10.1      --
124  04/07/2020  0300    42.7   29.1     6.4     0.000   0   58.49  254.5   10.7      --
125  04/07/2020  0400    42.0   29.1     6.4     0.000   0   59.83  244.0   11.6     760
126  04/07/2020  0500    41.5   28.0     5.7     0.000   0   58.44  242.0   10.4      --
127  04/07/2020  0600    41.1   26.4     5.0     0.000   0   55.51  239.6    9.3      --
128  04/07/2020  0700    41.5   26.4     4.3     0.000   0   54.52  236.5    8.2      --
129  04/07/2020  0800    42.9   29.4     3.7     0.000   0   58.50  232.5    7.1      --
130  04/07/2020  0900    45.3   28.9     3.0     0.000   0   52.42  227.1    6.1      --
131  04/07/2020  1000    48.5   28.4     2.3     0.000   0   45.46  219.5    5.1    4576
132  04/07/2020  1100    52.3   27.8     2.5     0.000   0   38.66  236.4    4.3      --
133  04/07/2020  1200    57.0   27.4     2.7     0.000   0   31.90  258.1    4.0      --
134  04/07/2020  1300    60.8   27.0     2.9     0.000   0   27.33  279.6    4.3      --
135  04/07/2020  1400    62.9   26.6     3.1     0.000   0   25.06  296.4    5.2      --
136  04/07/2020  1500    64.0   26.4     3.2     0.000   0   23.97  307.8    6.3      --
137  04/07/2020  1600    64.5   26.4     3.4     0.000   0   23.47  315.6    7.6    8902
138  04/07/2020  1700    64.6   26.4     5.1     0.000   0   23.38  321.6    9.2      --
139  04/07/2020  1800    62.6   26.4     6.7     0.000   0   25.11  325.9   10.9      --
140  04/07/2020  1900    58.4   27.9     8.4     0.000   0   31.01  328.9   12.6      --
141  04/07/2020  2000    56.1   27.6    10.0     0.000   0   33.23  331.2   14.4      --
142  04/07/2020  2100    53.8   26.7    11.6     0.000   0   34.83  333.1   16.1      --
143  04/07/2020  2200    51.4   24.8    13.3     0.000   0   35.15  334.5   17.9     159
144  04/07/2020  2300    49.2   24.4    13.2     0.000   0   37.59  345.0   14.9      --
145  04/08/2020  0000    48.0   24.0    13.2     0.000   0   38.70    0.0   12.6      --
146  04/08/2020  0100    46.9   23.7    13.2     0.000   0   39.84   19.6   11.5      --
147  04/08/2020  0200    45.8   23.5    13.1     0.000   0   40.99   40.5   11.9      --
148  04/08/2020  0300    44.9   23.3    13.1     0.000   0   42.15   57.9   13.6      --
149  04/08/2020  0400    44.2   23.3    13.1     0.000   0   43.29   70.4   16.4     200
150  04/08/2020  0500    43.6   24.7    11.0     0.000   0   47.06   70.9   13.9      --
151  04/08/2020  0600    43.2   25.1     9.0     0.000   0   48.50   71.7   11.4      --
152  04/08/2020  0700    43.7   26.1     6.9     0.000   0   49.59   72.8    8.9      --
153  04/08/2020  0800    45.0   24.0     4.9     0.000   0   43.28   74.9    6.4      --
154  04/08/2020  0900    47.4   26.4     2.8     0.000   0   43.66   79.4    4.0      --
155  04/08/2020  1000    50.6   26.4     0.8     0.000   0   38.71   97.4    1.6    3167
156  04/08/2020  1100    54.4   26.4     1.1     0.000   0   33.63  147.1    1.1      --
157  04/08/2020  1200    59.4   26.4     1.5     0.000   0   28.14  197.2    1.6      --
158  04/08/2020  1300    63.5   26.4     1.8     0.000   0   24.37  214.6    2.7      --
159  04/08/2020  1400    65.7   26.4     2.2     0.000   0   22.55  221.7    3.9      --
160  04/08/2020  1500    66.8   26.4     2.5     0.000   0   21.69  225.5    5.2      --
161  04/08/2020  1600    67.4   26.4     2.9     0.000   0   21.26  227.9    6.4    5489
162  04/08/2020  1700    67.5   26.4     3.8     0.000   0   21.15  239.1    6.8      --
163  04/08/2020  1800    66.1   26.4     4.7     0.000   0   22.21  248.7    7.5      --
164  04/08/2020  1900    63.2   26.8     5.7     0.000   0   25.02  256.5    8.4      --
165  04/08/2020  2000    61.6   27.5     6.6     0.000   0   27.15  262.8    9.3      --
166  04/08/2020  2100    59.3   28.1     7.5     0.000   0   30.26  267.9   10.4      --
167  04/08/2020  2200    56.9   28.4     8.4     0.000   0   33.36  272.0   11.5     778
