  Generated by FoxLW on Thursday April 2, 2020 at 02:32 PDT
-------------------------------------------------------------------------------
  Mattawa
  46.7000:-119.8000  (46 42' 0.00"N  119 47' 60.00"W)  elev 853.0 feet    file: 330121
-------------------------------------------------------------------------------

Line#   Date     Hour   TempF  DewPtF WS(mph)  Rain(in) LW    RH%  WDir_50m WS_50m Inv(ft)
  5  04/02/2020  0400    31.6   18.7    11.5     0.000   0   58.37  351.9   14.4     396
  6  04/02/2020  0500    31.0   19.2     9.7     0.000   0   61.19  351.9   11.7      --
  7  04/02/2020  0600    30.6   19.5     7.9     0.000   0   62.87  351.9    9.1      --
  8  04/02/2020  0700    30.9   19.9     6.1     0.000   0   63.02  352.0    6.5      --
  9  04/02/2020  0800    32.2   20.3     4.3     0.000   0   61.03  352.3    3.8      --
 10  04/02/2020  0900    34.6   21.8     2.5     0.000   0   59.10  353.5    1.2      --
 11  04/02/2020  1000    37.8   21.8     0.6     0.000   0   52.01  170.2    1.5  no_inv
 12  04/02/2020  1100    41.6   21.8     1.3     0.000   0   44.87  188.3    2.7      --
 13  04/02/2020  1200    45.4   21.8     2.0     0.000   0   38.79  194.8    4.0      --
 14  04/02/2020  1300    48.5   21.8     2.6     0.000   0   34.56  198.1    5.3      --
 15  04/02/2020  1400    50.2   21.8     3.3     0.000   0   32.35  200.1    6.6      --
 16  04/02/2020  1500    51.5   21.8     3.9     0.000   0   30.89  201.4    8.0      --
 17  04/02/2020  1600    52.2   21.8     4.6     0.000   0   30.03  202.3    9.3  no_inv
 18  04/02/2020  1700    52.3   21.7     7.5     0.000   0   29.88  236.5    8.0      --
 19  04/02/2020  1800    51.1   21.7    10.5     0.000   0   31.19  268.9    9.8      --
 20  04/02/2020  1900    48.5   21.5    13.4     0.000   0   34.11  287.4   13.5      --
 21  04/02/2020  2000    47.2   21.4    16.4     0.000   0   35.71  297.2   18.0      --
 22  04/02/2020  2100    44.8   21.2    19.3     0.000   0   38.71  303.1   22.9      --
 23  04/02/2020  2200    42.5   21.0    22.3     0.000   0   41.99  306.8   27.8     930
 24  04/02/2020  2300    40.2   20.8    21.8     0.000   0   45.41  305.4   27.2      --
 25  04/03/2020  0000    38.5   20.6    21.4     0.000   0   48.23  303.9   26.7      --
 26  04/03/2020  0100    36.9   20.5    21.0     0.000   0   51.06  302.4   26.1      --
 27  04/03/2020  0200    35.4   20.4    20.5     0.000   0   53.79  300.8   25.6      --
 28  04/03/2020  0300    34.2   20.3    20.1     0.000   0   56.33  299.1   25.1      --
 29  04/03/2020  0400    33.2   20.2    19.7     0.000   0   58.59  297.4   24.6     352
 30  04/03/2020  0500    32.4   20.3    17.9     0.000   0   60.53  295.7   22.4      --
 31  04/03/2020  0600    32.0   20.4    16.1     0.000   0   61.93  293.6   20.2      --
 32  04/03/2020  0700    32.5   20.6    14.4     0.000   0   61.16  291.0   18.0      --
 33  04/03/2020  0800    34.2   20.9    12.6     0.000   0   57.80  287.7   15.8      --
 34  04/03/2020  0900    37.1   21.2    10.8     0.000   0   52.28  283.4   13.8      --
 35  04/03/2020  1000    40.8   21.6     9.0     0.000   0   45.93  277.7   11.8  no_inv
 36  04/03/2020  1100    44.5   21.9     9.1     0.000   0   40.43  283.4   11.6      --
 37  04/03/2020  1200    46.9   22.2     9.2     0.000   0   37.32  289.2   11.5      --
 38  04/03/2020  1300    48.9   23.0     9.3     0.000   0   35.75  295.1   11.5      --
 39  04/03/2020  1400    50.1   23.6     9.4     0.000   0   35.13  301.0   11.6      --
 40  04/03/2020  1500    50.8   24.0     9.5     0.000   0   34.88  306.7   11.8      --
 41  04/03/2020  1600    51.3   24.5     9.6     0.000   0   34.82  312.1   12.2  no_inv
 42  04/03/2020  1700    51.6   24.3    10.6     0.000   0   34.22  316.4   13.3      --
 43  04/03/2020  1800    50.0   23.7    11.6     0.000   0   35.40  320.1   14.4      --
 44  04/03/2020  1900    46.8   23.2    12.6     0.000   0   39.08  323.2   15.6      --
 45  04/03/2020  2000    45.1   22.8    13.6     0.000   0   41.06  325.9   16.9      --
 46  04/03/2020  2100    42.7   22.5    14.6     0.000   0   44.34  328.2   18.1      --
 47  04/03/2020  2200    40.4   22.4    15.5     0.000   0   48.27  330.2   19.4   10079
 48  04/03/2020  2300    37.2   22.3    13.7     0.000   0   54.52  329.7   17.7      --
 49  04/04/2020  0000    34.9   23.4    11.8     0.000   0   62.52  329.0   15.9      --
 50  04/04/2020  0100    32.8   23.6    10.0     0.000   0   68.57  328.1   14.2      --
 51  04/04/2020  0200    30.9   24.0     8.1     0.000   0   75.22  327.0   12.5      --
 52  04/04/2020  0300    29.2   23.8     6.3     0.000   0   80.00  325.5   10.7      --
 53  04/04/2020  0400    26.2   24.5     0.4     0.000   5   93.09  323.4    9.0     174
 54  04/04/2020  0500    26.2   24.4     0.7     0.000  10   92.67  323.6    7.3      --
 55  04/04/2020  0600    26.1   24.3     1.4     0.000  10   92.54  324.0    5.5      --
 56  04/04/2020  0700    26.6   24.6     1.7     0.000  10   92.08  324.7    3.8      --
 57  04/04/2020  0800    28.9   25.7     1.7     0.000  10   87.66  326.5    2.0      --
 58  04/04/2020  0900    33.2   27.1     1.3     0.000   5   77.79  352.0    0.3      --
 59  04/04/2020  1000    38.4   28.2     0.7     0.000   0   66.23  137.2    1.5    6930
 60  04/04/2020  1100    44.0   28.9     0.8     0.000   0   55.10  125.0    1.7      --
 61  04/04/2020  1200    48.8   29.2     1.0     0.000   0   46.45  115.7    2.0      --
 62  04/04/2020  1300    52.5   29.2     1.1     0.000   0   40.53  108.8    2.3      --
 63  04/04/2020  1400    54.4   28.3     1.2     0.000   0   36.43  103.5    2.6      --
 64  04/04/2020  1500    55.4   26.1     1.4     0.000   0   32.04   99.5    3.0      --
 65  04/04/2020  1600    55.9   23.3     1.5     0.000   0   28.02   96.3    3.3  no_inv
 66  04/04/2020  1700    56.0   21.0     3.1     0.000   0   25.38   57.2    3.7      --
 67  04/04/2020  1800    55.4   20.2     4.7     0.000   0   25.01   33.1    5.2      --
 68  04/04/2020  1900    54.2   22.8     6.3     0.000   0   29.19   21.0    7.2      --
 69  04/04/2020  2000    53.5   20.6     7.9     0.000   0   27.34   14.4    9.3      --
 70  04/04/2020  2100    51.2   21.7     9.5     0.000   0   31.14   10.3   11.6      --
 71  04/04/2020  2200    48.8   22.6    11.1     0.000   0   35.31    7.5   13.9     588
 72  04/04/2020  2300    47.0   23.6    11.8     0.000   0   39.47   23.1   12.2      --
 73  04/05/2020  0000    45.8   23.4    12.6     0.000   0   40.95   41.9   11.6      --
 74  04/05/2020  0100    44.8   24.5    13.3     0.000   0   44.40   60.5   12.3      --
 75  04/05/2020  0200    44.0   25.2    14.1     0.000   0   47.32   75.7   14.1      --
 76  04/05/2020  0300    43.4   25.7    14.8     0.000   0   49.45   86.9   16.6      --
 77  04/05/2020  0400    43.0   25.9    15.5     0.000   0   50.61   94.9   19.6    2058
 78  04/05/2020  0500    42.7   26.0    13.9     0.000   0   51.20   89.3   16.8      --
 79  04/05/2020  0600    42.6   26.2    12.2     0.000   0   51.91   81.6   14.1      --
 80  04/05/2020  0700    42.6   28.0    10.6     0.000   0   56.00   70.5   11.9      --
 81  04/05/2020  0800    42.9   26.9     8.9     0.000   0   52.89   55.3   10.2      --
 82  04/05/2020  0900    43.5   27.4     7.3     0.000   0   52.74   36.2    9.6      --
 83  04/05/2020  1000    44.5   30.0     5.6     0.000   0   56.56   16.6   10.0    3929
 84  04/05/2020  1100    46.5   30.0     4.9     0.000   0   52.34   19.9    8.5      --
 85  04/05/2020  1200    51.3   30.0     4.2     0.000   0   43.66   24.5    6.9      --
 86  04/05/2020  1300    56.3   30.0     3.5     0.000   0   36.44   31.7    5.5      --
 87  04/05/2020  1400    58.9   30.0     2.8     0.000   0   33.18   43.6    4.2      --
 88  04/05/2020  1500    60.5   30.0     2.0     0.000   0   31.39   64.2    3.2      --
 89  04/05/2020  1600    61.1   30.0     1.3     0.000   0   30.67   94.5    2.9  no_inv
 90  04/05/2020  1700    60.5   30.0     3.2     0.000   0   31.30   31.4    2.7      --
 91  04/05/2020  1800    59.6   30.0     5.1     0.000   0   32.42  359.1    4.9      --
 92  04/05/2020  1900    57.6   31.4     7.0     0.000   0   36.77  348.1    7.6      --
 93  04/05/2020  2000    56.6   32.1     8.9     0.000   0   39.34  343.0   10.5      --
 94  04/05/2020  2100    54.2   31.9    10.9     0.000   0   42.44  340.0   13.4      --
 95  04/05/2020  2200    51.9   30.2    12.8     0.000   0   43.25  338.2   16.3  no_inv
 96  04/05/2020  2300    49.9   30.3    12.7     0.000   0   46.60  336.6   16.7      --
 97  04/06/2020  0000    48.5   30.4    12.7     0.000   0   49.34  335.2   17.0      --
 98  04/06/2020  0100    47.1   30.4    12.7     0.000   0   51.98  333.8   17.4      --
 99  04/06/2020  0200    46.0   30.4    12.6     0.000   0   54.43  332.4   17.7      --
100  04/06/2020  0300    45.0   30.5    12.6     0.000   0   56.59  331.1   18.1      --
101  04/06/2020  0400    44.1   30.5    12.6     0.000   0   58.37  329.9   18.5     725
102  04/06/2020  0500    43.5   31.8    11.0     0.000   0   63.12  329.5   16.6      --
103  04/06/2020  0600    43.2   32.0     9.4     0.000   0   64.39  328.9   14.6      --
104  04/06/2020  0700    43.6   31.4     7.9     0.000   0   62.05  328.2   12.7      --
105  04/06/2020  0800    44.7   28.8     6.3     0.000   0   53.48  327.2   10.8      --
106  04/06/2020  0900    46.6   28.0     4.7     0.000   0   48.15  325.8    8.9      --
107  04/06/2020  1000    49.2   27.1     3.1     0.000   0   42.14  323.5    6.9  no_inv
108  04/06/2020  1100    52.3   26.3     5.7     0.000   0   36.25  316.4    9.5      --
109  04/06/2020  1200    56.3   25.5     8.2     0.000   0   30.21  312.4   12.2      --
110  04/06/2020  1300    59.6   25.4    10.8     0.000   0   26.75  309.8   14.9      --
111  04/06/2020  1400    61.4   25.0    13.3     0.000   0   24.74  308.1   17.7      --
112  04/06/2020  1500    62.2   24.0    15.9     0.000   0   23.05  306.8   20.4      --
113  04/06/2020  1600    62.5   23.8    18.5     0.000   0   22.60  305.8   23.2  no_inv
114  04/06/2020  1700    62.5   23.9    18.2     0.000   0   22.67  307.0   22.9      --
115  04/06/2020  1800    60.1   24.1    18.0     0.000   0   24.96  308.2   22.5      --
116  04/06/2020  1900    55.1   24.5    17.8     0.000   0   30.35  309.4   22.2      --
117  04/06/2020  2000    52.3   25.0    17.5     0.000   0   34.24  310.7   21.9      --
118  04/06/2020  2100    50.0   25.5    17.3     0.000   0   38.20  312.0   21.6      --
119  04/06/2020  2200    47.6   26.1    17.1     0.000   0   42.73  313.4   21.4    2388
120  04/06/2020  2300    44.7   26.7    16.3     0.000   0   48.88  312.4   20.4      --
121  04/07/2020  0000    43.1   27.2    15.5     0.000   0   53.30  311.4   19.4      --
122  04/07/2020  0100    41.5   27.7    14.8     0.000   0   57.81  310.2   18.4      --
123  04/07/2020  0200    40.0   28.1    14.0     0.000   0   62.15  309.0   17.5      --
124  04/07/2020  0300    38.6   28.3    13.2     0.000   0   66.07  307.5   16.5      --
125  04/07/2020  0400    37.5   28.4    12.4     0.000   0   69.31  305.9   15.6     980
126  04/07/2020  0500    36.6   29.9    10.4     0.000   0   76.52  306.0   12.8      --
127  04/07/2020  0600    36.1   30.5     8.4     0.000   0   79.71  306.1   10.0      --
128  04/07/2020  0700    37.0   28.9     6.4     0.000   0   72.08  306.2    7.3      --
129  04/07/2020  0800    39.6   28.6     4.4     0.000   0   64.38  306.6    4.5      --
130  04/07/2020  0900    43.8   29.4     2.5     0.000   0   56.44  308.0    1.8      --
131  04/07/2020  1000    49.0   29.4     0.5     0.000   0   46.37  121.7    1.0    7225
132  04/07/2020  1100    54.1   29.4     1.0     0.000   0   38.43  333.2    0.6      --
133  04/07/2020  1200    57.2   29.4     1.6     0.000   0   34.38  319.5    2.2      --
134  04/07/2020  1300    59.7   29.4     2.2     0.000   0   31.47  317.2    3.8      --
135  04/07/2020  1400    61.1   29.4     2.8     0.000   0   29.88  316.2    5.4      --
136  04/07/2020  1500    62.0   29.4     3.4     0.000   0   28.95  315.7    7.0      --
137  04/07/2020  1600    62.7   29.4     4.0     0.000   0   28.30  315.4    8.6    8223
138  04/07/2020  1700    63.1   29.4     5.8     0.000   0   27.90  318.5   10.3      --
139  04/07/2020  1800    61.1   29.1     7.7     0.000   0   29.50  320.6   12.1      --
140  04/07/2020  1900    57.2   30.7     9.6     0.000   0   36.30  322.2   13.8      --
141  04/07/2020  2000    55.0   29.7    11.5     0.000   0   37.75  323.5   15.6      --
142  04/07/2020  2100    52.7   27.7    13.4     0.000   0   37.84  324.5   17.4      --
143  04/07/2020  2200    50.4   27.1    15.3     0.000   0   40.30  325.3   19.1     406
144  04/07/2020  2300    47.8   26.6    14.8     0.000   0   43.25  331.4   17.7      --
145  04/08/2020  0000    46.5   26.0    14.2     0.000   0   44.48  338.5   16.5      --
146  04/08/2020  0100    45.2   25.6    13.7     0.000   0   45.77  346.6   15.6      --
147  04/08/2020  0200    44.1   25.2    13.2     0.000   0   47.12  355.5   15.1      --
148  04/08/2020  0300    43.1   25.0    12.6     0.000   0   48.51    4.7   14.9      --
149  04/08/2020  0400    42.3   24.9    12.1     0.000   0   49.92   14.0   15.1     451
150  04/08/2020  0500    41.6   26.6    10.4     0.000   0   54.78   12.6   13.2      --
151  04/08/2020  0600    41.2   27.2     8.7     0.000   0   56.96   10.7   11.4      --
152  04/08/2020  0700    41.8   28.0     7.0     0.000   0   57.77    8.1    9.5      --
153  04/08/2020  0800    43.5   28.3     5.3     0.000   0   54.70    4.3    7.7      --
154  04/08/2020  0900    46.4   28.3     3.6     0.000   0   49.01  358.2    5.9      --
155  04/08/2020  1000    50.3   28.3     1.9     0.000   0   42.34  347.0    4.3    3395
156  04/08/2020  1100    54.9   28.3     1.9     0.000   0   35.84  352.9    2.9      --
157  04/08/2020  1200    60.2   28.3     1.9     0.000   0   29.58    7.8    1.7      --
158  04/08/2020  1300    64.6   28.3     1.9     0.000   0   25.38   63.5    0.9      --
159  04/08/2020  1400    66.9   28.3     1.9     0.000   0   23.36  120.6    1.6      --
160  04/08/2020  1500    68.2   28.3     1.9     0.000   0   22.40  136.1    2.9      --
161  04/08/2020  1600    68.8   28.3     1.9     0.000   0   21.89  142.1    4.2    5730
162  04/08/2020  1700    69.0   28.3     4.3     0.000   0   21.75  215.4    1.1      --
163  04/08/2020  1800    67.0   28.3     6.7     0.000   0   23.29  292.7    4.2      --
164  04/08/2020  1900    63.0   30.3     9.1     0.000   0   29.12  300.0    8.1      --
165  04/08/2020  2000    60.7   29.8    11.4     0.000   0   30.92  302.5   12.2      --
166  04/08/2020  2100    58.4   28.3    13.8     0.000   0   31.57  303.8   16.2      --
167  04/08/2020  2200    56.0   28.3    16.2     0.000   0   34.35  304.5   20.2    1020
