  Generated by FoxLW on Thursday April 2, 2020 at 02:32 PDT
-------------------------------------------------------------------------------
  Coupeville
  48.2000:-122.6900  (48 12' 0.00"N  122 41' 24.00"W)  elev 88.6 feet    file: 330164
-------------------------------------------------------------------------------

Line#   Date     Hour   TempF  DewPtF WS(mph)  Rain(in) LW    RH%  WDir_50m WS_50m Inv(ft)
  5  04/02/2020  0400    41.5   40.7     1.0     0.070  10   96.88  144.3    4.2  no_inv
  6  04/02/2020  0500    41.8   38.7     1.2     0.000  10   88.57  151.9    2.7      --
  7  04/02/2020  0600    41.7   38.5     1.5     0.050  10   88.56  176.2    1.4      --
  8  04/02/2020  0700    41.7   38.1     1.7     0.010  10   86.93  253.9    1.1      --
  9  04/02/2020  0800    41.1   37.5     2.0     0.000  10   86.90  287.5    2.4      --
 10  04/02/2020  0900    40.3   36.7     2.2     0.000  10   86.83  296.9    3.9      --
 11  04/02/2020  1000    40.5   36.6     2.5     0.050  10   85.67  301.0    5.5  no_inv
 12  04/02/2020  1100    42.5   35.3     3.2     0.000   5   75.52  292.2    6.9      --
 13  04/02/2020  1200    46.2   33.4     4.0     0.000   0   60.91  286.6    8.5      --
 14  04/02/2020  1300    48.1   33.7     4.7     0.000   0   57.23  282.7   10.1      --
 15  04/02/2020  1400    48.7   34.1     5.5     0.000   0   57.02  279.9   11.7      --
 16  04/02/2020  1500    48.6   34.8     6.2     0.000   0   58.70  277.8   13.4      --
 17  04/02/2020  1600    47.9   35.6     7.0     0.000   0   62.31  276.2   15.1  no_inv
 18  04/02/2020  1700    45.9   35.6     6.6     0.000   0   67.15  276.4   15.8      --
 19  04/02/2020  1800    44.8   34.8     6.1     0.000   0   67.91  276.6   16.6      --
 20  04/02/2020  1900    44.1   34.7     5.7     0.000   0   69.24  276.8   17.4      --
 21  04/02/2020  2000    43.5   34.6     5.3     0.000   0   70.71  276.9   18.2      --
 22  04/02/2020  2100    42.8   34.6     4.9     0.000   0   72.46  277.1   18.9      --
 23  04/02/2020  2200    42.2   34.6     4.5     0.000   0   74.26  277.2   19.7  no_inv
 24  04/02/2020  2300    41.5   34.6     4.2     0.000   0   76.40  269.5   17.1      --
 25  04/03/2020  0000    40.8   34.6     4.0     0.000   0   78.18  259.3   14.9      --
 26  04/03/2020  0100    40.3   34.6     3.8     0.000   0   79.89  246.1   13.4      --
 27  04/03/2020  0200    39.8   34.6     3.6     0.000   0   81.49  230.5   12.6      --
 28  04/03/2020  0300    39.3   35.5     3.4     0.000   0   85.99  214.4   12.9      --
 29  04/03/2020  0400    39.0   36.2     3.2     0.010   5   89.84  200.1   14.2    8690
 30  04/03/2020  0500    38.7   35.1     4.4     0.000   5   86.69  210.9   13.2      --
 31  04/03/2020  0600    38.5   35.0     5.6     0.000   0   86.80  222.9   12.8      --
 32  04/03/2020  0700    38.6   34.5     6.8     0.000   0   85.17  235.0   13.0      --
 33  04/03/2020  0800    38.9   34.2     7.9     0.000   0   83.18  246.4   13.8      --
 34  04/03/2020  0900    39.3   32.6     9.1     0.000   0   76.42  256.2   15.0      --
 35  04/03/2020  1000    41.1   31.2    10.3     0.000   0   67.52  264.4   16.5    8678
 36  04/03/2020  1100    42.7   30.9    11.7     0.000   0   62.67  270.1   18.1      --
 37  04/03/2020  1200    44.2   32.2    13.0     0.000   0   62.52  274.9   19.7      --
 38  04/03/2020  1300    44.6   34.3    14.4     0.010   0   66.84  278.9   21.5      --
 39  04/03/2020  1400    47.8   30.4    15.7     0.000   0   50.63  282.3   23.4      --
 40  04/03/2020  1500    46.2   32.8    17.0     0.000   0   59.12  285.1   25.3      --
 41  04/03/2020  1600    44.4   35.3    18.4     0.020   0   70.10  287.6   27.3    8654
 42  04/03/2020  1700    47.3   30.2    16.7     0.000   0   51.17  287.8   26.0      --
 43  04/03/2020  1800    47.2   30.6    15.0     0.000   0   52.30  288.0   24.6      --
 44  04/03/2020  1900    46.8   30.9    13.4     0.000   0   53.72  288.2   23.2      --
 45  04/03/2020  2000    46.6   31.8    11.7     0.000   0   56.17  288.4   21.9      --
 46  04/03/2020  2100    44.3   32.1    10.0     0.000   0   62.01  288.7   20.5      --
 47  04/03/2020  2200    41.9   32.6     8.3     0.000   0   69.23  289.0   19.2    7740
 48  04/03/2020  2300    41.3   32.5     7.4     0.000   0   70.91  286.2   16.6      --
 49  04/04/2020  0000    40.9   32.4     6.4     0.000   0   71.58  282.3   14.0      --
 50  04/04/2020  0100    40.5   32.3     5.5     0.000   0   72.32  276.8   11.5      --
 51  04/04/2020  0200    40.1   32.0     4.6     0.000   0   72.63  268.4    9.2      --
 52  04/04/2020  0300    39.8   32.0     3.6     0.000   0   73.53  254.9    7.2      --
 53  04/04/2020  0400    40.4   32.0     2.7     0.000   0   71.77  233.4    5.9    6836
 54  04/04/2020  0500    39.3   32.0     2.6     0.000   0   74.99  230.6    4.1      --
 55  04/04/2020  0600    39.1   32.0     2.5     0.000   0   75.45  223.5    2.4      --
 56  04/04/2020  0700    39.2   32.0     2.4     0.000   0   75.18  186.0    0.8      --
 57  04/04/2020  0800    39.6   32.0     2.4     0.000   0   74.07   87.4    1.5      --
 58  04/04/2020  0900    40.3   30.3     2.3     0.000   0   67.10   72.3    3.2      --
 59  04/04/2020  1000    41.3   30.0     2.2     0.000   0   63.85   67.8    4.9    7605
 60  04/04/2020  1100    42.9   29.8     2.3     0.000   0   59.51   56.2    4.7      --
 61  04/04/2020  1200    46.5   29.5     2.5     0.000   0   51.44   44.2    4.8      --
 62  04/04/2020  1300    49.8   29.4     2.6     0.000   0   44.98   32.9    5.0      --
 63  04/04/2020  1400    51.6   29.2     2.7     0.000   0   41.81   23.0    5.4      --
 64  04/04/2020  1500    52.5   29.1     2.9     0.000   0   40.29   14.7    6.0      --
 65  04/04/2020  1600    52.9   29.1     3.0     0.000   0   39.72    7.9    6.6  no_inv
 66  04/04/2020  1700    52.8   29.1     3.6     0.000   0   39.86    0.6    7.8      --
 67  04/04/2020  1800    51.8   29.1     4.2     0.000   0   41.46  355.3    9.1      --
 68  04/04/2020  1900    49.7   29.2     4.8     0.000   0   44.95  351.4   10.4      --
 69  04/04/2020  2000    48.5   29.5     5.4     0.000   0   47.50  348.3   11.8      --
 70  04/04/2020  2100    46.2   30.0     6.0     0.000   0   52.84  345.9   13.2      --
 71  04/04/2020  2200    43.9   30.5     6.6     0.000   0   58.94  344.0   14.7     666
 72  04/04/2020  2300    43.2   30.2     6.3     0.000   0   59.94  344.1   13.9      --
 73  04/05/2020  0000    43.0   30.0     6.0     0.000   0   59.74  344.2   13.1      --
 74  04/05/2020  0100    42.8   29.8     5.6     0.000   0   59.54  344.3   12.3      --
 75  04/05/2020  0200    42.6   29.5     5.3     0.000   0   59.33  344.5   11.5      --
 76  04/05/2020  0300    42.4   29.2     4.9     0.000   0   59.19  344.7   10.7      --
 77  04/05/2020  0400    42.2   29.2     4.6     0.000   0   59.68  344.9    9.9     671
 78  04/05/2020  0500    42.0   29.2     4.4     0.000   0   60.15  343.5    9.5      --
 79  04/05/2020  0600    41.9   29.2     4.2     0.000   0   60.48  342.0    9.1      --
 80  04/05/2020  0700    42.0   29.2     4.0     0.000   0   60.24  340.4    8.7      --
 81  04/05/2020  0800    42.3   29.2     3.8     0.000   0   59.41  338.6    8.4      --
 82  04/05/2020  0900    43.0   34.4     3.6     0.000   0   71.55  336.6    8.0      --
 83  04/05/2020  1000    43.9   34.4     3.4     0.000   0   69.11  334.5    7.6  no_inv
 84  04/05/2020  1100    45.3   34.4     4.7     0.000   0   65.50  335.0    8.7      --
 85  04/05/2020  1200    47.1   34.4     5.9     0.000   0   61.18  335.5    9.9      --
 86  04/05/2020  1300    48.5   34.2     7.2     0.000   0   57.47  335.9   11.0      --
 87  04/05/2020  1400    49.4   34.8     8.4     0.000   0   57.13  336.1   12.1      --
 88  04/05/2020  1500    48.6   36.8     9.7     0.000   0   63.42  336.4   13.2      --
 89  04/05/2020  1600    47.4   38.3    10.9     0.010   0   70.42  336.6   14.4    2952
 90  04/05/2020  1700    49.8   35.5    10.4     0.000   0   57.58  329.4   14.3      --
 91  04/05/2020  1800    49.0   35.2     9.9     0.000   0   58.87  322.2   14.5      --
 92  04/05/2020  1900    48.1   35.9     9.4     0.000   0   62.52  315.4   14.9      --
 93  04/05/2020  2000    47.1   35.9     8.9     0.000   0   64.90  309.0   15.6      --
 94  04/05/2020  2100    46.2   35.9     8.4     0.000   0   67.12  303.2   16.4      --
 95  04/05/2020  2200    45.3   35.7     7.8     0.000   0   68.91  297.9   17.3  no_inv
 96  04/05/2020  2300    44.1   35.5     7.6     0.000   0   71.44  303.9   16.2      --
 97  04/06/2020  0000    43.2   35.3     7.4     0.000   0   73.61  310.6   15.3      --
 98  04/06/2020  0100    42.2   35.2     7.2     0.000   0   75.80  318.1   14.6      --
 99  04/06/2020  0200    41.4   35.1     6.9     0.000   0   77.94  326.1   14.2      --
100  04/06/2020  0300    40.7   35.0     6.7     0.000   0   79.96  334.4   14.1      --
101  04/06/2020  0400    40.1   35.0     6.5     0.000   0   81.76  342.7   14.3     868
102  04/06/2020  0500    39.7   35.0     6.0     0.000   0   83.11  340.7   13.1      --
103  04/06/2020  0600    39.4   34.9     5.4     0.000   0   83.76  338.4   11.9      --
104  04/06/2020  0700    39.7   35.0     4.9     0.000   0   83.27  335.5   10.7      --
105  04/06/2020  0800    40.4   35.0     4.4     0.000   0   80.98  332.0    9.6      --
106  04/06/2020  0900    41.6   30.8     3.9     0.000   0   65.19  327.5    8.5      --
107  04/06/2020  1000    43.4   30.0     3.4     0.000   0   59.06  321.8    7.5    6974
108  04/06/2020  1100    45.9   29.2     3.5     0.000   0   52.03  313.9    7.3      --
109  04/06/2020  1200    49.7   28.5     3.5     0.000   0   43.81  305.8    7.2      --
110  04/06/2020  1300    52.7   27.9     3.6     0.000   0   38.18  297.6    7.3      --
111  04/06/2020  1400    54.0   27.4     3.6     0.000   0   35.60  289.8    7.5      --
112  04/06/2020  1500    54.7   27.1     3.7     0.000   0   34.31  282.6    7.9      --
113  04/06/2020  1600    54.9   27.0     3.8     0.000   0   33.97  276.1    8.3    7872
114  04/06/2020  1700    54.4   27.8     4.4     0.000   0   35.73  278.9   10.7      --
115  04/06/2020  1800    52.9   29.9     4.9     0.000   0   41.11  280.6   13.1      --
116  04/06/2020  1900    49.8   29.2     5.5     0.000   0   44.63  281.8   15.5      --
117  04/06/2020  2000    48.2   31.6     6.1     0.000   0   52.38  282.6   17.9      --
118  04/06/2020  2100    45.8   34.7     6.7     0.000   0   64.76  283.3   20.2      --
119  04/06/2020  2200    43.5   37.5     7.3     0.000   0   79.38  283.9   22.6    1730
120  04/06/2020  2300    42.9   34.1     6.5     0.000   0   71.01  282.5   20.4      --
121  04/07/2020  0000    42.9   31.6     5.7     0.000   0   64.24  280.7   18.2      --
122  04/07/2020  0100    43.1   28.0     4.9     0.000   0   54.82  278.5   16.1      --
123  04/07/2020  0200    43.2   28.0     4.0     0.000   0   54.60  275.6   13.9      --
124  04/07/2020  0300    43.2   28.0     3.2     0.000   0   54.58  271.7   11.8      --
125  04/07/2020  0400    43.1   28.0     2.4     0.000   0   54.72  266.1    9.8    3398
126  04/07/2020  0500    43.0   28.0     2.5     0.000   0   55.01  258.9    8.1      --
127  04/07/2020  0600    42.9   28.0     2.5     0.000   0   55.29  248.1    6.6      --
128  04/07/2020  0700    42.9   28.0     2.6     0.000   0   55.21  231.8    5.4      --
129  04/07/2020  0800    43.1   28.0     2.7     0.000   0   54.80  209.4    4.8      --
130  04/07/2020  0900    43.5   33.3     2.7     0.000   0   67.29  185.9    5.1      --
131  04/07/2020  1000    44.0   36.4     2.8     0.000   0   74.48  167.6    6.2    3481
132  04/07/2020  1100    45.3   36.2     3.6     0.000   0   70.34  167.9    3.3      --
133  04/07/2020  1200    48.8   36.0     4.4     0.000   0   61.17  172.9    0.4      --
134  04/07/2020  1300    52.4   36.2     5.2     0.000   0   53.82  346.2    2.4      --
135  04/07/2020  1400    54.2   36.4     6.0     0.000   0   50.83  346.7    5.3      --
136  04/07/2020  1500    55.1   36.6     6.8     0.000   0   49.62  346.9    8.2      --
137  04/07/2020  1600    55.4   36.9     7.6     0.000   0   49.71  347.0   11.0    6742
138  04/07/2020  1700    54.7   36.9     6.8     0.000   0   51.03  345.2   11.2      --
139  04/07/2020  1800    53.2   36.6     6.0     0.000   0   53.29  343.4   11.3      --
140  04/07/2020  1900    50.1   36.6     5.2     0.000   0   59.55  341.7   11.5      --
141  04/07/2020  2000    48.4   36.5     4.3     0.000   0   63.32  340.1   11.7      --
142  04/07/2020  2100    46.1   36.5     3.5     0.000   0   69.15  338.5   11.9      --
143  04/07/2020  2200    43.7   36.5     2.7     0.000   0   75.58  336.9   12.1    5659
144  04/07/2020  2300    43.0   36.5     2.8     0.000   0   77.60  336.9   12.3      --
145  04/08/2020  0000    42.8   36.5     2.8     0.000   0   78.23  336.8   12.4      --
146  04/08/2020  0100    42.5   36.5     2.8     0.000   0   79.05  336.8   12.6      --
147  04/08/2020  0200    42.2   36.5     2.9     0.000   0   80.01  336.7   12.8      --
148  04/08/2020  0300    41.9   36.5     2.9     0.000   0   81.05  336.7   12.9      --
149  04/08/2020  0400    41.6   36.5     3.0     0.000   0   82.14  336.6   13.1     536
150  04/08/2020  0500    41.2   36.5     3.1     0.000   0   83.25  335.1   12.3      --
151  04/08/2020  0600    41.0   36.5     3.3     0.000   0   83.97  333.3   11.6      --
152  04/08/2020  0700    41.4   36.5     3.5     0.000   0   82.74  331.2   10.8      --
153  04/08/2020  0800    42.4   36.5     3.6     0.000   0   79.42  328.9   10.1      --
154  04/08/2020  0900    44.2   35.0     3.8     0.000   0   69.95  326.1    9.4      --
155  04/08/2020  1000    46.5   34.7     3.9     0.000   0   63.14  323.0    8.7    2699
156  04/08/2020  1100    49.2   34.3     3.8     0.000   0   56.20  318.3    8.2      --
157  04/08/2020  1200    52.5   34.0     3.7     0.000   0   49.21  313.1    7.8      --
158  04/08/2020  1300    54.8   33.7     3.5     0.000   0   44.64  307.4    7.4      --
159  04/08/2020  1400    55.9   33.5     3.4     0.000   0   42.58  301.2    7.1      --
160  04/08/2020  1500    56.3   33.3     3.2     0.000   0   41.68  294.6    7.0      --
161  04/08/2020  1600    56.4   33.3     3.1     0.000   0   41.49  287.7    6.9    4089
162  04/08/2020  1700    56.2   33.3     3.8     0.000   0   41.85  282.7    9.6      --
163  04/08/2020  1800    54.7   33.3     4.6     0.000   0   44.23  279.9   12.3      --
164  04/08/2020  1900    51.5   33.7     5.3     0.000   0   50.29  278.1   15.1      --
165  04/08/2020  2000    49.8   34.1     6.0     0.000   0   54.53  276.9   17.8      --
166  04/08/2020  2100    47.5   34.5     6.7     0.000   0   60.56  276.0   20.6      --
167  04/08/2020  2200    45.1   35.0     7.4     0.000   0   67.32  275.3   23.4     440
