  Generated by FoxLW on Thursday April 2, 2020 at 02:32 PDT
-------------------------------------------------------------------------------
  Loomis Valley
  48.8200:-119.5200  (48 49' 12.00"N  119 31' 12.00"W)  elev 1650.3 feet    file: 330158
-------------------------------------------------------------------------------

Line#   Date     Hour   TempF  DewPtF WS(mph)  Rain(in) LW    RH%  WDir_50m WS_50m Inv(ft)
  5  04/02/2020  0400    22.9    5.2    12.7     0.000   0   45.93  347.1   17.9    2453
  6  04/02/2020  0500    22.4    6.9    10.9     0.000   0   50.76  348.6   15.5      --
  7  04/02/2020  0600    22.0    8.2     9.1     0.000   0   54.64  350.7   13.2      --
  8  04/02/2020  0700    22.4    9.3     7.4     0.000   0   56.39  353.6   10.9      --
  9  04/02/2020  0800    23.9   10.7     5.6     0.000   0   56.44  358.1    8.6      --
 10  04/02/2020  0900    26.6   16.1     3.8     0.000   0   64.20    5.7    6.5      --
 11  04/02/2020  1000    30.0   19.2     2.0     0.000   0   63.49   20.3    4.5  no_inv
 12  04/02/2020  1100    33.7   19.2     3.0     0.000   0   54.71   47.1    1.6      --
 13  04/02/2020  1200    36.8   19.2     4.0     0.000   0   48.48  159.7    2.2      --
 14  04/02/2020  1300    39.3   19.1     5.0     0.000   0   43.75  176.0    5.3      --
 15  04/02/2020  1400    40.7   19.0     5.9     0.000   0   41.27  180.2    8.4      --
 16  04/02/2020  1500    41.7   18.9     6.9     0.000   0   39.59  182.1   11.6      --
 17  04/02/2020  1600    42.3   18.8     7.9     0.000   0   38.47  183.2   14.8  no_inv
 18  04/02/2020  1700    42.8   18.8     6.9     0.000   0   37.82  186.0   12.4      --
 19  04/02/2020  1800    40.5   18.9     5.8     0.000   0   41.42  190.1   10.2      --
 20  04/02/2020  1900    35.9   19.0     4.8     0.000   0   49.73  196.4    8.0      --
 21  04/02/2020  2000    33.4   19.0     3.7     0.000   0   55.03  207.2    5.9      --
 22  04/02/2020  2100    31.0   19.0     2.7     0.000   0   60.48  227.6    4.3      --
 23  04/02/2020  2200    28.7   19.0     1.6     0.000   0   66.53  261.5    3.7     444
 24  04/02/2020  2300    27.4   19.0     1.6     0.000   0   70.08  263.2    2.5      --
 25  04/03/2020  0000    27.0   19.0     1.6     0.000   0   71.24  267.8    1.4      --
 26  04/03/2020  0100    26.5   19.0     1.6     0.000   0   72.66  305.6    0.3      --
 27  04/03/2020  0200    26.0   19.0     1.5     0.000   0   74.22   63.1    1.0      --
 28  04/03/2020  0300    25.5   19.0     1.5     0.000   0   75.84   71.1    2.1      --
 29  04/03/2020  0400    25.0   19.0     1.5     0.000   5   77.47   73.4    3.3     681
 30  04/03/2020  0500    24.5   19.0     1.6     0.000  10   79.04   81.4    1.9      --
 31  04/03/2020  0600    24.1   19.0     1.8     0.000  10   80.33  119.9    0.7      --
 32  04/03/2020  0700    24.8   19.0     1.9     0.000  10   78.29  211.2    1.2      --
 33  04/03/2020  0800    26.7   19.0     2.0     0.000   5   72.24  228.3    2.5      --
 34  04/03/2020  0900    30.0   15.7     2.2     0.000   0   54.82  233.4    3.9      --
 35  04/03/2020  1000    34.2   15.2     2.3     0.000   0   45.19  235.9    5.3  no_inv
 36  04/03/2020  1100    38.7   14.7     3.6     0.000   0   36.99  262.7    7.0      --
 37  04/03/2020  1200    42.6   14.2     4.9     0.000   0   31.07  277.0    9.6      --
 38  04/03/2020  1300    45.6   14.4     6.2     0.000   0   28.06  285.0   12.5      --
 39  04/03/2020  1400    47.0   14.9     7.5     0.000   0   27.12  289.9   15.6      --
 40  04/03/2020  1500    47.8   15.6     8.8     0.000   0   27.21  293.1   18.8      --
 41  04/03/2020  1600    48.0   16.3    10.1     0.000   0   27.75  295.4   22.0  no_inv
 42  04/03/2020  1700    48.0   15.5    11.7     0.000   0   26.82  303.3   21.6      --
 43  04/03/2020  1800    44.8   14.2    13.3     0.000   0   28.55  311.2   21.7      --
 44  04/03/2020  1900    38.4   13.2    14.8     0.000   0   35.02  318.9   22.2      --
 45  04/03/2020  2000    34.9   12.6    16.4     0.000   0   39.23  326.2   23.1      --
 46  04/03/2020  2100    32.5   12.3    18.0     0.000   0   42.54  332.8   24.3      --
 47  04/03/2020  2200    30.2   12.0    19.5     0.000   0   46.12  338.8   25.8    1215
 48  04/03/2020  2300    28.8   11.7    18.4     0.000   0   48.25  340.3   24.2      --
 49  04/04/2020  0000    28.6   11.4    17.2     0.000   0   47.97  342.1   22.7      --
 50  04/04/2020  0100    28.3   11.2    16.0     0.000   0   48.00  344.1   21.2      --
 51  04/04/2020  0200    27.9   11.0    14.8     0.000   0   48.32  346.4   19.7      --
 52  04/04/2020  0300    27.5   10.9    13.7     0.000   0   48.90  349.0   18.2      --
 53  04/04/2020  0400    27.1   10.8    12.5     0.000   0   49.73  352.1   16.9    1878
 54  04/04/2020  0500    26.6   12.4    10.8     0.000   0   54.43  352.9   14.8      --
 55  04/04/2020  0600    26.2   13.2     9.0     0.000   0   57.17  353.9   12.8      --
 56  04/04/2020  0700    26.6   14.0     7.3     0.000   0   58.42  355.3   10.7      --
 57  04/04/2020  0800    27.8   12.1     5.6     0.000   0   51.13  357.3    8.7      --
 58  04/04/2020  0900    30.0   16.1     3.8     0.000   0   55.76    0.5    6.7      --
 59  04/04/2020  1000    33.0   16.1     2.1     0.000   0   49.40    6.4    4.7    7547
 60  04/04/2020  1100    36.8   16.1     1.8     0.000   0   42.55    4.5    4.0      --
 61  04/04/2020  1200    41.2   16.1     1.5     0.000   0   35.71    1.8    3.3      --
 62  04/04/2020  1300    44.7   16.1     1.2     0.000   0   31.24  357.6    2.6      --
 63  04/04/2020  1400    46.4   16.1     0.9     0.000   0   29.36  350.2    1.9      --
 64  04/04/2020  1500    47.2   16.1     0.7     0.000   0   28.42  335.0    1.3      --
 65  04/04/2020  1600    47.5   16.1     0.4     0.000   0   28.11  299.7    0.9  no_inv
 66  04/04/2020  1700    47.1   16.2     2.0     0.000   0   28.60  337.3    3.4      --
 67  04/04/2020  1800    45.2   16.2     3.7     0.000   0   30.86  342.2    6.1      --
 68  04/04/2020  1900    41.2   16.4     5.4     0.000   0   36.21  344.0    8.9      --
 69  04/04/2020  2000    39.0   17.7     7.0     0.000   0   41.68  345.0   11.6      --
 70  04/04/2020  2100    36.7   18.6     8.7     0.000   0   47.54  345.6   14.3      --
 71  04/04/2020  2200    34.3   18.7    10.4     0.000   0   52.30  346.0   17.1     157
 72  04/04/2020  2300    33.1   19.0    10.0     0.000   0   55.58  334.5   15.2      --
 73  04/05/2020  0000    32.6   19.1     9.6     0.000   0   57.12  320.4   14.0      --
 74  04/05/2020  0100    32.1   19.3     9.3     0.000   0   58.69  304.9   13.9      --
 75  04/05/2020  0200    31.6   19.4     8.9     0.000   0   60.21  290.1   14.7      --
 76  04/05/2020  0300    31.1   19.5     8.6     0.000   0   61.60  277.6   16.3      --
 77  04/05/2020  0400    30.6   19.5     8.2     0.000   0   62.80  267.8   18.6    1993
 78  04/05/2020  0500    30.2   18.7     7.3     0.000   0   61.83  267.5   14.5      --
 79  04/05/2020  0600    29.9   17.9     6.3     0.000   0   60.21  267.0   10.4      --
 80  04/05/2020  0700    30.3   17.3     5.4     0.000   0   58.00  265.8    6.4      --
 81  04/05/2020  0800    31.5   19.0     4.5     0.000   0   59.41  260.7    2.3      --
 82  04/05/2020  0900    33.5   23.4     3.5     0.000   0   65.96   99.3    1.8      --
 83  04/05/2020  1000    36.4   23.4     2.6     0.000   0   58.88   92.0    5.8  no_inv
 84  04/05/2020  1100    39.9   23.4     2.5     0.000   0   51.27   93.8    4.2      --
 85  04/05/2020  1200    43.7   23.4     2.3     0.000   0   44.37   97.9    2.6      --
 86  04/05/2020  1300    46.7   23.4     2.2     0.000   0   39.53  115.7    1.0      --
 87  04/05/2020  1400    48.5   23.4     2.1     0.000   0   36.96  236.8    0.9      --
 88  04/05/2020  1500    49.7   23.4     2.0     0.000   0   35.29  256.6    2.5      --
 89  04/05/2020  1600    50.5   23.4     1.8     0.000   0   34.30  260.9    4.1  no_inv
 90  04/05/2020  1700    50.5   23.4     2.4     0.000   0   34.27  298.7    4.2      --
 91  04/05/2020  1800    48.8   23.4     3.0     0.000   0   36.56  324.9    5.7      --
 92  04/05/2020  1900    45.2   23.4     3.6     0.000   0   41.79  338.4    7.9      --
 93  04/05/2020  2000    43.3   23.4     4.2     0.000   0   45.02  345.8   10.3      --
 94  04/05/2020  2100    40.9   27.0     4.8     0.000   0   57.20  350.4   12.9      --
 95  04/05/2020  2200    38.6   32.4     5.4     0.030   0   78.11  353.5   15.5  no_inv
 96  04/05/2020  2300    37.3   32.1     6.3     0.000   0   81.45  350.6   16.6      --
 97  04/06/2020  0000    36.4   31.4     7.2     0.010   0   81.83  348.2   17.8      --
 98  04/06/2020  0100    35.6   30.6     8.1     0.010   0   81.99  346.0   19.0      --
 99  04/06/2020  0200    34.8   29.8     9.0     0.000   0   81.97  344.2   20.3      --
100  04/06/2020  0300    34.0   29.0     9.9     0.000   0   81.52  342.5   21.6      --
101  04/06/2020  0400    33.4   29.2    10.8     0.030   0   84.50  341.0   22.9    1429
102  04/06/2020  0500    32.6   26.0     9.3     0.000   0   76.36  342.8   19.5      --
103  04/06/2020  0600    32.4   25.6     7.8     0.000   0   75.84  345.3   16.1      --
104  04/06/2020  0700    32.8   25.6     6.4     0.000   0   74.26  349.2   12.8      --
105  04/06/2020  0800    33.7   24.3     4.9     0.000   0   68.08  355.7    9.5      --
106  04/06/2020  0900    36.4   27.3     3.4     0.000   0   69.30    8.4    6.6      --
107  04/06/2020  1000    40.7   25.4     1.9     0.000   0   54.12   37.4    4.3    8562
108  04/06/2020  1100    44.7   25.4     4.0     0.000   0   46.54  343.8    4.7      --
109  04/06/2020  1200    48.9   24.3     6.0     0.000   0   37.79  316.9    7.7      --
110  04/06/2020  1300    52.2   25.3     8.0     0.000   0   34.90  306.1   11.4      --
111  04/06/2020  1400    54.0   26.1    10.1     0.000   0   33.75  300.6   15.3      --
112  04/06/2020  1500    54.8   26.2    12.1     0.000   0   32.87  297.5   19.3      --
113  04/06/2020  1600    55.2   25.9    14.1     0.000   0   32.07  295.4   23.4     834
114  04/06/2020  1700    55.2   25.9    14.0     0.000   0   32.01  297.2   24.2      --
115  04/06/2020  1800    52.1   25.6    13.9     0.000   0   35.45  299.0   25.1      --
116  04/06/2020  1900    45.8   25.2    13.8     0.000   0   44.11  300.6   26.0      --
117  04/06/2020  2000    42.3   24.6    13.7     0.000   0   49.14  302.2   26.9      --
118  04/06/2020  2100    40.0   23.8    13.6     0.000   0   52.04  303.6   27.8      --
119  04/06/2020  2200    37.6   23.2    13.5     0.000   0   55.68  304.9   28.7     681
120  04/06/2020  2300    35.8   22.6    13.2     0.000   0   58.46  307.6   26.4      --
121  04/07/2020  0000    35.3   22.1    12.9     0.000   0   58.22  310.7   24.0      --
122  04/07/2020  0100    34.8   21.7    12.5     0.000   0   58.39  314.5   21.8      --
123  04/07/2020  0200    34.2   21.3    12.2     0.000   0   58.93  319.1   19.7      --
124  04/07/2020  0300    33.5   22.5    11.9     0.000   0   63.43  324.8   17.8      --
125  04/07/2020  0400    32.9   22.5    11.6     0.000   0   65.10  331.8   16.0     135
126  04/07/2020  0500    32.3   21.0    12.2     0.000   0   62.69  339.6   16.1      --
127  04/07/2020  0600    32.0   21.1    12.8     0.000   0   63.78  347.1   16.4      --
128  04/07/2020  0700    32.9   21.2    13.4     0.000   0   61.69  354.3   17.0      --
129  04/07/2020  0800    35.4   21.4    14.0     0.000   0   56.24    0.9   17.8      --
130  04/07/2020  0900    39.3   21.5    14.6     0.000   0   48.60    6.8   18.9      --
131  04/07/2020  1000    44.0   21.7    15.1     0.000   0   40.81   12.0   20.1    8873
132  04/07/2020  1100    48.6   21.9    13.9     0.000   0   34.60   12.8   19.2      --
133  04/07/2020  1200    51.9   22.1    12.6     0.000   0   30.82   13.7   18.2      --
134  04/07/2020  1300    54.2   22.7    11.3     0.000   0   29.03   14.7   17.3      --
135  04/07/2020  1400    55.3   23.5    10.0     0.000   0   28.88   15.8   16.3      --
136  04/07/2020  1500    55.8   24.1     8.7     0.000   0   29.08   17.1   15.4      --
137  04/07/2020  1600    55.9   24.6     7.4     0.000   0   29.61   18.5   14.5    8040
138  04/07/2020  1700    55.7   24.6     8.0     0.000   0   29.79   29.2   12.9      --
139  04/07/2020  1800    52.3   24.0     8.6     0.000   0   32.91   42.1   12.0      --
140  04/07/2020  1900    45.5   24.4     9.1     0.000   0   43.22   56.4   11.7      --
141  04/07/2020  2000    41.7   24.3     9.7     0.000   0   49.57   70.6   12.1      --
142  04/07/2020  2100    39.4   23.9    10.3     0.000   0   53.47   82.9   13.3      --
143  04/07/2020  2200    37.0   23.6    10.9     0.000   0   57.75   93.0   14.9     792
144  04/07/2020  2300    35.4   23.4    10.9     0.000   0   61.15   81.5   13.2      --
145  04/08/2020  0000    35.1   23.2    10.9     0.000   0   61.42   67.3   12.1      --
146  04/08/2020  0100    34.7   23.1    11.0     0.000   0   62.05   51.5   11.9      --
147  04/08/2020  0200    34.2   23.0    11.0     0.000   0   62.96   36.3   12.6      --
148  04/08/2020  0300    33.7   22.9    11.1     0.000   0   64.11   23.5   14.1      --
149  04/08/2020  0400    33.1   22.8    11.1     0.000   0   65.46   13.5   16.1     619
150  04/08/2020  0500    32.6   23.4     9.8     0.000   0   68.42   16.4   12.3      --
151  04/08/2020  0600    32.2   23.8     8.5     0.000   0   70.75   21.7    8.6      --
152  04/08/2020  0700    32.8   24.2     7.1     0.000   0   70.18   34.6    5.1      --
153  04/08/2020  0800    34.7   23.2     5.8     0.000   0   62.58   80.9    2.7      --
154  04/08/2020  0900    37.8   24.2     4.4     0.000   0   57.56  145.1    4.1      --
155  04/08/2020  1000    42.1   29.3     3.1     0.000   0   60.16  163.8    7.5    2943
156  04/08/2020  1100    47.0   29.3     4.1     0.000   0   49.81  175.7    8.6      --
157  04/08/2020  1200    52.9   29.3     5.0     0.000   0   39.98  184.5   10.1      --
158  04/08/2020  1300    57.9   29.5     6.0     0.000   0   33.73  191.0   11.7      --
159  04/08/2020  1400    60.7   29.7     7.0     0.000   0   30.79  195.8   13.4      --
160  04/08/2020  1500    62.1   29.9     7.9     0.000   0   29.43  199.6   15.2      --
161  04/08/2020  1600    63.0   30.1     8.9     0.000   0   28.84  202.5   17.1  no_inv
162  04/08/2020  1700    63.3   30.1     8.8     0.000   0   28.50  199.0   16.2      --
163  04/08/2020  1800    60.5   29.9     8.6     0.000   0   31.18  195.1   15.4      --
164  04/08/2020  1900    54.8   30.7     8.5     0.000   0   39.51  190.8   14.7      --
165  04/08/2020  2000    51.7   31.0     8.3     0.000   0   44.84  186.1   14.1      --
166  04/08/2020  2100    49.4   31.3     8.2     0.000   0   49.48  181.0   13.6      --
167  04/08/2020  2200    47.0   31.3     8.0     0.000   0   54.01  175.6   13.2     926
