  Generated by FoxLW on Thursday April 2, 2020 at 02:32 PDT
-------------------------------------------------------------------------------
  Loomis Grade
  48.7800:-119.4300  (48 46' 48.00"N  119 25' 48.00"W)  elev 1213.9 feet    file: 330144
-------------------------------------------------------------------------------

Line#   Date     Hour   TempF  DewPtF WS(mph)  Rain(in) LW    RH%  WDir_50m WS_50m Inv(ft)
  5  04/02/2020  0400    26.8   10.0    11.5     0.000   0   48.61  347.3   15.0    3528
  6  04/02/2020  0500    26.3   10.7     9.8     0.000   0   51.19  346.2   13.0      --
  7  04/02/2020  0600    25.9   11.2     8.2     0.000   0   53.29  344.7   11.1      --
  8  04/02/2020  0700    26.3   12.1     6.5     0.000   0   54.39  342.5    9.1      --
  9  04/02/2020  0800    27.7   13.2     4.9     0.000   0   53.83  339.2    7.2      --
 10  04/02/2020  0900    30.1   18.6     3.2     0.000   0   61.58  333.5    5.3      --
 11  04/02/2020  1000    33.5   19.0     1.6     0.000   0   55.02  321.5    3.5  no_inv
 12  04/02/2020  1100    37.0   19.0     2.3     0.000   0   47.73  270.7    2.4      --
 13  04/02/2020  1200    40.1   19.0     3.0     0.000   0   42.38  224.8    3.8      --
 14  04/02/2020  1300    42.6   19.0     3.8     0.000   0   38.39  208.3    6.1      --
 15  04/02/2020  1400    44.1   19.0     4.5     0.000   0   36.31  201.2    8.6      --
 16  04/02/2020  1500    45.1   19.0     5.3     0.000   0   34.96  197.4   11.3      --
 17  04/02/2020  1600    45.8   19.0     6.0     0.000   0   34.07  195.0   13.9  no_inv
 18  04/02/2020  1700    46.2   19.0     5.3     0.000   0   33.48  194.7   11.0      --
 19  04/02/2020  1800    44.2   19.0     4.5     0.000   0   36.13  194.1    8.2      --
 20  04/02/2020  1900    40.1   19.0     3.8     0.000   0   42.29  193.0    5.3      --
 21  04/02/2020  2000    37.9   19.0     3.0     0.000   0   46.18  189.1    2.4      --
 22  04/02/2020  2100    35.5   19.0     2.3     0.000   0   50.65   49.4    0.6      --
 23  04/02/2020  2200    33.2   19.0     1.5     0.000   0   55.61   21.5    3.3     686
 24  04/02/2020  2300    31.7   19.0     1.3     0.000   0   59.15   21.6    3.0      --
 25  04/03/2020  0000    31.0   19.0     1.2     0.000   0   60.71   21.7    2.6      --
 26  04/03/2020  0100    30.3   19.0     1.0     0.000   0   62.42   21.9    2.2      --
 27  04/03/2020  0200    29.6   19.0     0.8     0.000   0   64.19   22.1    1.8      --
 28  04/03/2020  0300    29.0   19.0     0.7     0.000   0   65.92   22.5    1.5      --
 29  04/03/2020  0400    28.4   19.0     0.5     0.000   0   67.57   23.2    1.1  no_inv
 30  04/03/2020  0500    27.9   19.0     0.8     0.000   0   69.07   89.6    0.2      --
 31  04/03/2020  0600    27.5   19.0     1.1     0.000   0   70.21  184.9    1.0      --
 32  04/03/2020  0700    28.1   19.0     1.4     0.000   0   68.46  189.7    2.0      --
 33  04/03/2020  0800    30.0   16.9     1.7     0.000   0   57.79  191.3    3.0      --
 34  04/03/2020  0900    33.2   16.2     2.0     0.000   0   49.09  192.1    4.0      --
 35  04/03/2020  1000    37.4   15.4     2.2     0.000   0   40.13  192.6    5.0  no_inv
 36  04/03/2020  1100    41.8   14.6     4.3     0.000   0   32.58  234.4    4.9      --
 37  04/03/2020  1200    45.7   13.8     6.4     0.000   0   27.19  263.2    7.0      --
 38  04/03/2020  1300    48.6   13.8     8.4     0.000   0   24.36  277.0    9.9      --
 39  04/03/2020  1400    50.0   14.0    10.5     0.000   0   23.30  284.3   13.2      --
 40  04/03/2020  1500    50.7   13.7    12.6     0.000   0   22.45  288.7   16.6      --
 41  04/03/2020  1600    51.0   13.0    14.6     0.000   0   21.49  291.6   20.0  no_inv
 42  04/03/2020  1700    51.0   13.0    14.7     0.000   0   21.48  299.9   19.1      --
 43  04/03/2020  1800    47.7   12.8    14.9     0.000   0   24.11  308.8   18.6      --
 44  04/03/2020  1900    41.0   12.7    14.9     0.000   0   31.04  318.0   18.5      --
 45  04/03/2020  2000    37.3   12.8    15.1     0.000   0   35.86  326.9   19.0      --
 46  04/03/2020  2100    35.0   12.8    15.1     0.000   0   39.47  335.3   19.9      --
 47  04/03/2020  2200    32.6   13.0    15.3     0.000   0   43.73  342.8   21.1    1903
 48  04/03/2020  2300    31.3   13.2    14.9     0.000   0   46.60  344.2   20.4      --
 49  04/04/2020  0000    31.3   13.4    14.6     0.000   0   46.88  345.6   19.6      --
 50  04/04/2020  0100    31.2   13.6    14.3     0.000   0   47.39  347.1   18.9      --
 51  04/04/2020  0200    31.0   13.7    14.0     0.000   0   48.05  348.8   18.2      --
 52  04/04/2020  0300    30.7   13.8    13.7     0.000   0   48.81  350.6   17.5      --
 53  04/04/2020  0400    30.4   13.8    13.4     0.000   0   49.61  352.6   16.8    1857
 54  04/04/2020  0500    29.9   15.2    11.6     0.000   0   53.61  351.2   14.8      --
 55  04/04/2020  0600    29.6   15.6     9.8     0.000   0   55.41  349.3   12.9      --
 56  04/04/2020  0700    29.9   16.2     7.9     0.000   0   56.18  346.8   10.9      --
 57  04/04/2020  0800    31.0   14.6     6.1     0.000   0   49.96  343.2    9.0      --
 58  04/04/2020  0900    33.0   14.9     4.3     0.000   0   46.85  337.7    7.2      --
 59  04/04/2020  1000    35.8   16.8     2.5     0.000   0   45.60  328.6    5.5    8235
 60  04/04/2020  1100    39.4   16.8     2.3     0.000   0   39.50  330.9    5.2      --
 61  04/04/2020  1200    44.1   16.8     2.2     0.000   0   33.02  333.6    4.8      --
 62  04/04/2020  1300    47.7   16.8     2.1     0.000   0   28.74  336.5    4.6      --
 63  04/04/2020  1400    49.4   16.8     2.0     0.000   0   26.97  339.9    4.3      --
 64  04/04/2020  1500    50.4   16.8     1.8     0.000   0   26.05  343.7    4.0      --
 65  04/04/2020  1600    50.7   16.8     1.7     0.000   0   25.75  348.0    3.8  no_inv
 66  04/04/2020  1700    50.1   16.9     3.2     0.000   0   26.32  285.9    0.7      --
 67  04/04/2020  1800    48.2   17.0     4.7     0.000   0   28.40  189.0    3.4      --
 68  04/04/2020  1900    44.4   17.8     6.2     0.000   0   33.96  183.3    6.9      --
 69  04/04/2020  2000    42.2   19.1     7.6     0.000   0   39.06  181.5   10.4      --
 70  04/04/2020  2100    39.9   19.7     9.1     0.000   0   43.88  180.6   13.9      --
 71  04/04/2020  2200    37.5   19.8    10.6     0.000   0   48.30  180.0   17.4  no_inv
 72  04/04/2020  2300    36.3   20.2    10.4     0.000   0   51.52  181.2   17.2      --
 73  04/05/2020  0000    35.7   20.5    10.3     0.000   0   53.51  182.5   17.0      --
 74  04/05/2020  0100    35.1   20.8    10.1     0.000   0   55.49  183.7   16.7      --
 75  04/05/2020  0200    34.5   21.0    10.0     0.000   0   57.38  185.1   16.5      --
 76  04/05/2020  0300    33.9   21.1     9.9     0.000   0   58.95  186.4   16.3      --
 77  04/05/2020  0400    33.5   21.2     9.7     0.000   0   60.24  187.8   16.1     749
 78  04/05/2020  0500    33.0   21.2     8.5     0.000   0   61.52  190.1   12.7      --
 79  04/05/2020  0600    32.7   20.4     7.3     0.000   0   60.00  194.2    9.4      --
 80  04/05/2020  0700    33.1   19.1     6.0     0.000   0   56.10  202.7    6.2      --
 81  04/05/2020  0800    34.3   20.4     4.8     0.000   0   56.30  227.3    3.3      --
 82  04/05/2020  0900    36.6   24.2     3.6     0.000   0   60.50  294.9    2.8      --
 83  04/05/2020  1000    39.6   24.2     2.4     0.000   0   53.71  330.6    5.3  no_inv
 84  04/05/2020  1100    43.2   24.2     2.2     0.000   0   46.74  326.4    4.7      --
 85  04/05/2020  1200    46.8   24.2     2.0     0.000   0   40.70  321.0    4.1      --
 86  04/05/2020  1300    49.8   24.2     1.8     0.000   0   36.47  313.8    3.6      --
 87  04/05/2020  1400    51.5   24.2     1.5     0.000   0   34.24  304.4    3.1      --
 88  04/05/2020  1500    52.6   24.2     1.4     0.000   0   32.83  292.2    2.8      --
 89  04/05/2020  1600    53.4   24.2     1.1     0.000   0   31.95  277.4    2.6  no_inv
 90  04/05/2020  1700    53.4   24.2     1.9     0.000   0   31.98  269.5    4.7      --
 91  04/05/2020  1800    51.8   24.3     2.7     0.000   0   33.86  266.5    6.9      --
 92  04/05/2020  1900    48.8   24.2     3.4     0.000   0   37.88  265.0    9.1      --
 93  04/05/2020  2000    47.1   24.2     4.2     0.000   0   40.36  264.0   11.3      --
 94  04/05/2020  2100    44.7   27.5     4.9     0.000   0   50.42  263.4   13.4      --
 95  04/05/2020  2200    42.4   32.9     5.7     0.010   0   68.70  262.9   15.6  no_inv
 96  04/05/2020  2300    40.8   32.7     5.9     0.000   0   72.67  276.0   13.5      --
 97  04/06/2020  0000    39.6   32.0     6.2     0.000   0   74.15  292.9   12.2      --
 98  04/06/2020  0100    38.5   31.6     6.4     0.010   0   76.21  311.5   12.2      --
 99  04/06/2020  0200    37.4   31.1     6.7     0.000   0   77.68  328.4   13.4      --
100  04/06/2020  0300    36.5   30.6     7.0     0.000   0   79.06  341.5   15.6      --
101  04/06/2020  0400    35.7   31.3     7.2     0.020   0   83.72  351.2   18.3    2318
102  04/06/2020  0500    34.4   28.5     6.2     0.000   0   78.65  351.1   15.7      --
103  04/06/2020  0600    34.0   27.9     5.2     0.000   0   78.11  351.0   13.1      --
104  04/06/2020  0700    34.2   27.1     4.2     0.000   0   75.18  350.9   10.4      --
105  04/06/2020  0800    35.6   28.2     3.2     0.000   0   74.10  350.7    7.8      --
106  04/06/2020  0900    37.8   28.9     2.2     0.000   0   69.92  350.2    5.2      --
107  04/06/2020  1000    43.2   25.2     1.1     0.000   0   48.75  348.8    2.6    8647
108  04/06/2020  1100    47.4   25.2     2.7     0.000   0   41.62  314.1    4.4      --
109  04/06/2020  1200    52.1   25.2     4.2     0.000   0   34.89  302.0    6.9      --
110  04/06/2020  1300    55.9   25.8     5.7     0.000   0   31.15  296.4    9.5      --
111  04/06/2020  1400    57.9   26.4     7.3     0.000   0   29.61  293.2   12.2      --
112  04/06/2020  1500    58.9   26.9     8.8     0.000   0   29.22  291.1   14.9      --
113  04/06/2020  1600    59.5   27.4    10.3     0.000   0   29.19  289.7   17.6    4596
114  04/06/2020  1700    59.6   27.2    10.6     0.000   0   28.94  299.7   15.3      --
115  04/06/2020  1800    56.0   26.6    10.9     0.000   0   32.00  312.6   13.5      --
116  04/06/2020  1900    48.9   26.8    11.2     0.000   0   41.95  328.4   12.6      --
117  04/06/2020  2000    44.9   26.4    11.5     0.000   0   47.96  345.0   12.8      --
118  04/06/2020  2100    42.6   25.9    11.8     0.000   0   51.45    0.1   14.0      --
119  04/06/2020  2200    40.2   24.3    12.1     0.000   0   52.56   12.1   15.9    1145
120  04/06/2020  2300    38.1   24.0    12.6     0.000   0   56.45   12.2   16.9      --
121  04/07/2020  0000    37.6   23.8    13.2     0.000   0   57.14   12.2   17.8      --
122  04/07/2020  0100    36.9   23.6    13.8     0.000   0   58.14   12.2   18.8      --
123  04/07/2020  0200    36.2   23.4    14.4     0.000   0   59.39   12.3   19.7      --
124  04/07/2020  0300    35.5   23.3    15.0     0.000   0   60.86   12.3   20.6      --
125  04/07/2020  0400    34.8   23.3    15.6     0.000   0   62.51   12.3   21.6     801
126  04/07/2020  0500    34.1   23.3    15.4     0.000   0   64.13   10.8   21.3      --
127  04/07/2020  0600    33.7   23.2    15.2     0.000   0   64.88    9.3   21.0      --
128  04/07/2020  0700    34.8   23.0    15.1     0.000   0   61.79    7.8   20.7      --
129  04/07/2020  0800    37.6   22.9    14.9     0.000   0   54.97    6.2   20.5      --
130  04/07/2020  0900    41.9   22.6    14.8     0.000   0   46.07    4.5   20.2      --
131  04/07/2020  1000    47.0   22.4    14.6     0.000   0   37.48    2.8   20.0    8605
132  04/07/2020  1100    52.0   22.2    13.9     0.000   0   30.89    1.7   18.9      --
133  04/07/2020  1200    55.2   22.0    13.2     0.000   0   27.14    0.4   17.8      --
134  04/07/2020  1300    57.5   22.1    12.5     0.000   0   25.12  359.0   16.7      --
135  04/07/2020  1400    58.7   22.5    11.8     0.000   0   24.51  357.4   15.6      --
136  04/07/2020  1500    59.1   23.1    11.1     0.000   0   24.70  355.5   14.6      --
137  04/07/2020  1600    59.3   23.8    10.4     0.000   0   25.38  353.4   13.6    8652
138  04/07/2020  1700    59.2   23.7    10.6     0.000   0   25.38  356.5   14.1      --
139  04/07/2020  1800    55.9   23.1    10.9     0.000   0   27.74  359.5   14.7      --
140  04/07/2020  1900    49.3   23.2    11.2     0.000   0   35.63    2.1   15.4      --
141  04/07/2020  2000    45.7   23.0    11.4     0.000   0   40.37    4.6   16.1      --
142  04/07/2020  2100    43.3   22.7    11.7     0.000   0   43.56    6.8   16.8      --
143  04/07/2020  2200    41.0   22.5    12.0     0.000   0   47.27    8.9   17.5    2155
144  04/07/2020  2300    37.9   22.6    10.6     0.000   0   53.64    9.6   15.8      --
145  04/08/2020  0000    36.4   22.9     9.2     0.000   0   57.68   10.4   14.2      --
146  04/08/2020  0100    34.9   22.9     7.8     0.000   0   61.08   11.4   12.5      --
147  04/08/2020  0200    33.5   22.9     6.3     0.000   0   64.84   12.7   10.9      --
148  04/08/2020  0300    32.2   23.0     4.9     0.000   0   68.49   14.5    9.2      --
149  04/08/2020  0400    31.0   23.0     3.5     0.000   0   71.84   17.1    7.6     207
150  04/08/2020  0500    30.1   23.1     3.4     0.000   0   74.91   20.2    5.2      --
151  04/08/2020  0600    29.6   23.1     3.3     0.000   0   76.51   28.7    2.8      --
152  04/08/2020  0700    30.6   23.1     3.3     0.000   0   73.36   89.8    0.9      --
153  04/08/2020  0800    33.4   28.3     3.2     0.000   0   81.25  170.3    2.5      --
154  04/08/2020  0900    38.0   28.3     3.1     0.000   0   67.75  180.5    4.8      --
155  04/08/2020  1000    43.9   28.3     3.0     0.000   0   53.83  183.9    7.3    3714
156  04/08/2020  1100    50.4   28.3     3.8     0.000   0   42.22  188.6    9.1      --
157  04/08/2020  1200    56.3   28.3     4.6     0.000   0   33.93  191.7   11.0      --
158  04/08/2020  1300    61.1   28.5     5.3     0.000   0   28.94  193.9   12.9      --
159  04/08/2020  1400    63.7   28.8     6.1     0.000   0   26.65  195.6   14.9      --
160  04/08/2020  1500    65.1   29.0     6.9     0.000   0   25.65  196.8   16.8      --
161  04/08/2020  1600    65.9   29.3     7.7     0.000   0   25.20  197.8   18.7  no_inv
162  04/08/2020  1700    66.2   29.3     7.3     0.000   0   24.94  194.5   16.9      --
163  04/08/2020  1800    63.5   29.0     6.9     0.000   0   27.14  190.4   15.1      --
164  04/08/2020  1900    57.9   29.3     6.5     0.000   0   33.45  185.2   13.4      --
165  04/08/2020  2000    54.9   29.3     6.1     0.000   0   37.32  178.6   11.8      --
166  04/08/2020  2100    52.5   32.7     5.7     0.000   0   46.61  170.2   10.5      --
167  04/08/2020  2200    50.2   38.1     5.3     0.010   0   62.98  159.6    9.4    3502
