  Generated by FoxLW on Thursday April 2, 2020 at 02:32 PDT
-------------------------------------------------------------------------------
  Wenatchee Heights
  47.3700:-120.3100  (47 22' 12.00"N  120 18' 36.00"W)  elev 1811.0 feet    file: 330165
-------------------------------------------------------------------------------

Line#   Date     Hour   TempF  DewPtF WS(mph)  Rain(in) LW    RH%  WDir_50m WS_50m Inv(ft)
  5  04/02/2020  0400    28.1   18.9     1.3     0.000   0   67.90  335.3    2.8    2928
  6  04/02/2020  0500    27.7   19.1     1.6     0.000   0   69.55    6.7    2.1      --
  7  04/02/2020  0600    27.4   24.5     2.0     0.000   5   88.56   45.8    2.3      --
  8  04/02/2020  0700    27.6   26.8     2.3     0.000  10   96.47   69.6    3.3      --
  9  04/02/2020  0800    28.6   26.8     2.7     0.000  10   92.70   81.5    4.6      --
 10  04/02/2020  0900    30.3   26.8     3.0     0.000  10   86.36   88.1    6.0      --
 11  04/02/2020  1000    32.7   26.8     3.3     0.000   5   78.41   92.1    7.4  no_inv
 12  04/02/2020  1100    35.5   26.8     3.1     0.000   0   70.05   88.7    6.7      --
 13  04/02/2020  1200    38.4   26.8     2.8     0.000   0   62.64   84.5    5.9      --
 14  04/02/2020  1300    40.6   26.8     2.5     0.000   0   57.36   79.2    5.2      --
 15  04/02/2020  1400    41.9   26.8     2.2     0.000   0   54.60   72.3    4.6      --
 16  04/02/2020  1500    41.5   29.0     1.9     0.000   0   60.90   63.4    4.1      --
 17  04/02/2020  1600    40.6   31.4     1.6     0.020   0   69.55   52.1    3.6  no_inv
 18  04/02/2020  1700    41.0   30.6     4.0     0.000   0   66.18  313.6    2.5      --
 19  04/02/2020  1800    40.9   29.7     6.4     0.000   0   64.05  280.1    6.5      --
 20  04/02/2020  1900    40.8   29.3     8.8     0.000   0   63.29  273.1   11.1      --
 21  04/02/2020  2000    40.7   27.4    11.2     0.000   0   58.71  270.2   15.8      --
 22  04/02/2020  2100    38.4   22.0    13.6     0.000   0   51.43  268.7   20.4      --
 23  04/02/2020  2200    36.0   20.4    16.0     0.000   0   52.58  267.7   25.1  no_inv
 24  04/02/2020  2300    35.0   18.7    16.1     0.000   0   51.06  268.1   24.5      --
 25  04/03/2020  0000    34.3   17.2    16.2     0.000   0   49.17  268.5   23.9      --
 26  04/03/2020  0100    33.6   15.9    16.2     0.000   0   47.69  269.0   23.3      --
 27  04/03/2020  0200    33.0   14.9    16.3     0.000   0   46.75  269.4   22.7      --
 28  04/03/2020  0300    32.5   14.2    16.4     0.000   0   46.42  269.9   22.1      --
 29  04/03/2020  0400    32.0   14.0    16.4     0.000   0   46.79  270.5   21.6  no_inv
 30  04/03/2020  0500    31.7   14.1    15.9     0.000   0   47.64  272.9   20.8      --
 31  04/03/2020  0600    31.5   14.4    15.4     0.000   0   48.72  275.5   20.0      --
 32  04/03/2020  0700    31.9   14.9    14.8     0.000   0   48.88  278.3   19.2      --
 33  04/03/2020  0800    33.3   15.5    14.3     0.000   0   47.53  281.3   18.6      --
 34  04/03/2020  0900    35.6   16.2    13.8     0.000   0   44.75  284.5   17.9      --
 35  04/03/2020  1000    38.5   17.0    13.3     0.000   0   41.23  288.0   17.4  no_inv
 36  04/03/2020  1100    41.6   17.8    13.5     0.000   0   37.90  286.7   17.9      --
 37  04/03/2020  1200    44.2   18.5    13.7     0.000   0   35.35  285.5   18.5      --
 38  04/03/2020  1300    46.0   19.4    13.9     0.000   0   34.26  284.4   19.0      --
 39  04/03/2020  1400    46.7   19.9    14.2     0.000   0   34.15  283.3   19.6      --
 40  04/03/2020  1500    46.9   20.2    14.4     0.000   0   34.30  282.3   20.2      --
 41  04/03/2020  1600    46.9   20.4    14.6     0.000   0   34.53  281.3   20.8  no_inv
 42  04/03/2020  1700    46.6   20.5    13.9     0.000   0   35.11  284.4   20.2      --
 43  04/03/2020  1800    44.6   20.4    13.1     0.000   0   37.69  287.6   19.8      --
 44  04/03/2020  1900    40.6   20.1    12.4     0.000   0   43.50  291.0   19.3      --
 45  04/03/2020  2000    38.4   20.7    11.6     0.000   0   48.66  294.5   19.0      --
 46  04/03/2020  2100    36.0   20.6    10.9     0.000   0   52.96  298.1   18.7      --
 47  04/03/2020  2200    33.7   20.4    10.1     0.000   0   57.73  301.8   18.5    2642
 48  04/03/2020  2300    32.2   20.0     8.8     0.000   0   60.24  302.0   16.1      --
 49  04/04/2020  0000    31.6   19.8     7.4     0.000   0   61.22  302.1   13.8      --
 50  04/04/2020  0100    31.0   20.0     6.0     0.000   0   63.20  302.4   11.4      --
 51  04/04/2020  0200    30.3   20.1     4.7     0.000   0   65.34  302.8    9.1      --
 52  04/04/2020  0300    29.7   20.6     3.3     0.000   0   68.27  303.4    6.7      --
 53  04/04/2020  0400    29.1   20.6     2.0     0.000   0   69.92  304.8    4.3    6685
 54  04/04/2020  0500    28.6   20.6     2.0     0.000   0   71.45  318.6    3.1      --
 55  04/04/2020  0600    28.2   20.6     2.2     0.000   0   72.54  345.9    2.3      --
 56  04/04/2020  0700    28.5   20.6     2.3     0.000   0   71.70   24.7    2.3      --
 57  04/04/2020  0800    29.5   20.6     2.4     0.000   0   68.77   51.8    3.1      --
 58  04/04/2020  0900    31.4   15.3     2.5     0.000   0   50.98   65.6    4.4      --
 59  04/04/2020  1000    33.9   14.8     2.6     0.000   0   44.97   73.1    5.7    5835
 60  04/04/2020  1100    37.0   14.3     2.6     0.000   0   38.83   80.7    5.5      --
 61  04/04/2020  1200    41.4   13.8     2.6     0.000   0   31.99   88.7    5.4      --
 62  04/04/2020  1300    45.1   13.3     2.7     0.000   0   27.25   96.8    5.5      --
 63  04/04/2020  1400    47.1   13.0     2.7     0.000   0   24.88  104.7    5.6      --
 64  04/04/2020  1500    48.1   12.8     2.7     0.000   0   23.74  112.2    5.8      --
 65  04/04/2020  1600    48.6   12.7     2.7     0.000   0   23.23  118.9    6.1    8471
 66  04/04/2020  1700    48.7   12.9     3.3     0.000   0   23.35  139.0    4.0      --
 67  04/04/2020  1800    48.0   13.5     3.8     0.000   0   24.54  182.3    3.1      --
 68  04/04/2020  1900    46.7   13.1     4.3     0.000   0   25.47  222.6    4.2      --
 69  04/04/2020  2000    45.9   13.1     4.8     0.000   0   26.21  240.5    6.4      --
 70  04/04/2020  2100    43.6   13.8     5.3     0.000   0   29.42  248.9    8.9      --
 71  04/04/2020  2200    41.2   15.1     5.8     0.000   0   34.22  253.6   11.5    7720
 72  04/04/2020  2300    39.5   13.5     5.1     0.000   0   34.03  256.4    9.9      --
 73  04/05/2020  0000    38.3   13.1     4.4     0.000   0   35.09  260.4    8.3      --
 74  04/05/2020  0100    37.3   13.1     3.7     0.000   0   36.54  266.2    6.8      --
 75  04/05/2020  0200    36.4   13.1     3.0     0.000   0   37.84  275.2    5.4      --
 76  04/05/2020  0300    35.7   13.1     2.3     0.000   0   38.96  289.8    4.2      --
 77  04/05/2020  0400    36.0   13.1     1.5     0.000   0   38.44  313.2    3.5  no_inv
 78  04/05/2020  0500    34.7   13.1     1.5     0.000   0   40.47  323.7    2.8      --
 79  04/05/2020  0600    34.5   13.1     1.5     0.000   0   40.82  339.4    2.3      --
 80  04/05/2020  0700    34.5   13.1     1.5     0.000   0   40.75    0.7    2.1      --
 81  04/05/2020  0800    34.9   13.1     1.5     0.000   0   40.22   23.4    2.2      --
 82  04/05/2020  0900    35.5   18.5     1.4     0.000   0   49.60   41.8    2.6      --
 83  04/05/2020  1000    36.5   24.0     1.4     0.000   0   60.01   54.4    3.2  no_inv
 84  04/05/2020  1100    38.7   28.8     1.5     0.000   0   67.21   41.0    2.7      --
 85  04/05/2020  1200    42.4   28.8     1.5     0.000   0   58.26   23.4    2.4      --
 86  04/05/2020  1300    45.9   28.8     1.5     0.000   0   50.92    3.9    2.4      --
 87  04/05/2020  1400    48.2   28.8     1.6     0.000   0   46.61  346.3    2.7      --
 88  04/05/2020  1500    49.8   28.8     1.6     0.000   0   43.88  332.9    3.2      --
 89  04/05/2020  1600    50.9   28.8     1.7     0.000   0   42.16  323.3    3.8  no_inv
 90  04/05/2020  1700    50.8   28.8     2.6     0.000   0   42.28  310.9    5.6      --
 91  04/05/2020  1800    50.2   28.8     3.6     0.000   0   43.34  304.9    7.6      --
 92  04/05/2020  1900    48.8   28.8     4.6     0.000   0   45.58  301.3    9.6      --
 93  04/05/2020  2000    48.1   31.9     5.5     0.000   0   53.21  299.0   11.7      --
 94  04/05/2020  2100    45.7   34.5     6.5     0.020   0   64.50  297.4   13.7      --
 95  04/05/2020  2200    43.4   39.9     7.4     0.050  10   87.24  296.2   15.8  no_inv
 96  04/05/2020  2300    42.2   39.2     7.1     0.000   5   89.24  301.6   14.3      --
 97  04/06/2020  0000    41.2   38.3     6.7     0.000   0   89.39  308.1   13.0      --
 98  04/06/2020  0100    40.3   37.5     6.3     0.000   0   89.56  316.1   11.8      --
 99  04/06/2020  0200    39.6   36.8     5.9     0.000   0   89.72  325.5   11.0      --
100  04/06/2020  0300    38.9   36.2     5.6     0.000   0   89.86  336.1   10.4      --
101  04/06/2020  0400    38.3   35.7     5.2     0.000   0   89.94  347.5   10.3    3679
102  04/06/2020  0500    36.8   32.4     4.9     0.000   0   83.87  345.6    9.9      --
103  04/06/2020  0600    36.7   32.3     4.7     0.000   0   83.93  343.7    9.5      --
104  04/06/2020  0700    36.7   31.8     4.4     0.000   0   82.36  341.6    9.1      --
105  04/06/2020  0800    37.0   31.5     4.2     0.000   0   80.45  339.3    8.8      --
106  04/06/2020  0900    38.0   32.0     3.9     0.000   0   78.63  336.8    8.4      --
107  04/06/2020  1000    43.0   26.6     3.6     0.000   0   51.94  334.1    8.1  no_inv
108  04/06/2020  1100    45.8   26.1     5.8     0.000   0   45.68  327.3   10.4      --
109  04/06/2020  1200    49.7   25.6     7.9     0.000   0   38.74  323.0   12.8      --
110  04/06/2020  1300    52.9   25.9    10.0     0.000   0   34.80  320.1   15.2      --
111  04/06/2020  1400    54.6   25.9    12.1     0.000   0   32.72  318.0   17.7      --
112  04/06/2020  1500    55.4   25.4    14.3     0.000   0   31.24  316.4   20.2      --
113  04/06/2020  1600    55.7   24.7    16.4     0.000   0   29.97  315.1   22.7    7562
114  04/06/2020  1700    55.7   24.7    16.1     0.000   0   29.98  309.2   22.5      --
115  04/06/2020  1800    53.7   24.8    15.9     0.000   0   32.33  303.3   22.5      --
116  04/06/2020  1900    49.5   24.8    15.6     0.000   0   37.75  297.4   22.8      --
117  04/06/2020  2000    47.2   24.8    15.4     0.000   0   41.08  291.7   23.3      --
118  04/06/2020  2100    44.9   24.6    15.1     0.000   0   44.68  286.3   24.0      --
119  04/06/2020  2200    42.5   24.6    14.9     0.000   0   48.80  281.3   25.0    2976
120  04/06/2020  2300    41.3   24.6    14.7     0.000   0   51.07  283.1   24.0      --
121  04/07/2020  0000    41.0   24.6    14.6     0.000   0   51.50  285.1   23.1      --
122  04/07/2020  0100    40.7   24.5    14.4     0.000   0   52.08  287.2   22.1      --
123  04/07/2020  0200    40.4   24.5    14.2     0.000   0   52.75  289.5   21.3      --
124  04/07/2020  0300    40.0   24.5    14.0     0.000   0   53.48  292.0   20.4      --
125  04/07/2020  0400    39.7   24.5    13.9     0.000   0   54.26  294.7   19.6    2115
126  04/07/2020  0500    39.3   24.6    13.6     0.000   0   55.19  297.0   19.0      --
127  04/07/2020  0600    39.0   24.8    13.3     0.000   0   56.18  299.4   18.4      --
128  04/07/2020  0700    39.6   25.0    13.0     0.000   0   55.68  301.9   17.8      --
129  04/07/2020  0800    41.1   25.4    12.7     0.000   0   53.35  304.6   17.3      --
130  04/07/2020  0900    43.5   25.9    12.4     0.000   0   49.40  307.5   16.8      --
131  04/07/2020  1000    46.7   26.3    12.2     0.000   0   44.64  310.5   16.4    5011
132  04/07/2020  1100    50.2   26.8    12.2     0.000   0   40.08  311.7   16.5      --
133  04/07/2020  1200    53.4   27.3    12.3     0.000   0   36.21  313.0   16.6      --
134  04/07/2020  1300    55.7   27.9    12.4     0.000   0   34.16  314.2   16.7      --
135  04/07/2020  1400    56.8   28.4    12.5     0.000   0   33.44  315.3   16.9      --
136  04/07/2020  1500    57.3   28.7    12.6     0.000   0   33.31  316.5   17.0      --
137  04/07/2020  1600    57.5   28.9    12.7     0.000   0   33.42  317.6   17.2    7301
138  04/07/2020  1700    57.3   29.1    11.3     0.000   0   33.87  313.9   15.6      --
139  04/07/2020  1800    55.2   29.1    10.0     0.000   0   36.59  309.2   14.0      --
140  04/07/2020  1900    50.7   29.5     8.6     0.000   0   43.85  303.5   12.6      --
141  04/07/2020  2000    48.3   29.1     7.2     0.000   0   47.22  296.4   11.3      --
142  04/07/2020  2100    45.9   28.7     5.9     0.000   0   50.72  287.7   10.2      --
143  04/07/2020  2200    43.6   28.6     4.5     0.000   0   55.15  277.3    9.5    6415
144  04/07/2020  2300    42.2   28.7     4.0     0.000   0   58.56  279.8    8.2      --
145  04/08/2020  0000    41.9   28.7     3.4     0.000   0   59.34  283.2    6.9      --
146  04/08/2020  0100    41.5   28.7     2.9     0.000   0   60.28  288.2    5.6      --
147  04/08/2020  0200    41.0   28.7     2.3     0.000   0   61.32  295.8    4.5      --
148  04/08/2020  0300    40.6   28.7     1.8     0.000   0   62.40  308.6    3.4      --
149  04/08/2020  0400    40.1   28.7     1.2     0.000   0   63.49  330.3    2.7    4660
150  04/08/2020  0500    39.7   28.7     1.5     0.000   0   64.55    3.8    2.0      --
151  04/08/2020  0600    39.4   28.7     1.9     0.000   0   65.35   44.2    2.3      --
152  04/08/2020  0700    39.7   28.7     2.2     0.000   0   64.43   67.0    3.3      --
153  04/08/2020  0800    40.9   28.3     2.6     0.000   0   60.61   78.1    4.6      --
154  04/08/2020  0900    42.9   28.3     3.0     0.000   0   56.11   84.2    6.0      --
155  04/08/2020  1000    45.7   28.3     3.3     0.000   0   50.43   87.9    7.4    3037
156  04/08/2020  1100    49.2   28.3     3.0     0.000   0   44.27   83.9    6.3      --
157  04/08/2020  1200    54.4   28.3     2.6     0.000   0   36.45   78.3    5.3      --
158  04/08/2020  1300    59.0   28.3     2.3     0.000   0   30.89   70.2    4.3      --
159  04/08/2020  1400    61.6   28.3     1.9     0.000   0   28.15   57.7    3.5      --
160  04/08/2020  1500    63.0   28.3     1.6     0.000   0   26.83   39.1    2.9      --
161  04/08/2020  1600    63.8   28.3     1.2     0.000   0   26.13   15.4    2.8    5952
162  04/08/2020  1700    64.0   28.3     3.1     0.000   0   25.90  319.6    3.7      --
163  04/08/2020  1800    62.5   28.3     5.1     0.000   0   27.31  298.5    6.3      --
164  04/08/2020  1900    59.4   29.6     6.9     0.000   0   32.13  290.1    9.3      --
165  04/08/2020  2000    57.7   30.3     8.9     0.000   0   35.13  285.9   12.3      --
166  04/08/2020  2100    55.4   30.1    10.8     0.000   0   37.83  283.3   15.4      --
167  04/08/2020  2200    53.0   28.3    12.7     0.000   0   38.37  281.6   18.5    2358
