  Generated by FoxLW on Thursday April 2, 2020 at 02:32 PDT
-------------------------------------------------------------------------------
  Almira
  47.8700:-118.8900  (47 52' 12.00"N  118 53' 24.00"W)  elev 2641.1 feet    file: 330150
-------------------------------------------------------------------------------

Line#   Date     Hour   TempF  DewPtF WS(mph)  Rain(in) LW    RH%  WDir_50m WS_50m Inv(ft)
  5  04/02/2020  0400    23.3   15.3     3.4     0.000   0   71.07  355.0    9.4     699
  6  04/02/2020  0500    23.0   14.3     3.5     0.000   0   68.83  350.4    8.3      --
  7  04/02/2020  0600    22.6   15.0     3.6     0.000   0   71.98  344.5    7.3      --
  8  04/02/2020  0700    22.9   14.7     3.3     0.000   0   70.24  336.7    6.4      --
  9  04/02/2020  0800    24.0   14.8     2.9     0.000   0   67.40  326.7    5.6      --
 10  04/02/2020  0900    26.1   15.9     2.6     0.000   0   65.03  314.0    5.1      --
 11  04/02/2020  1000    28.9   17.0     2.2     0.000   0   60.52  299.1    4.8  no_inv
 12  04/02/2020  1100    32.1   17.6     2.5     0.000   0   54.61  291.0    5.3      --
 13  04/02/2020  1200    35.4   17.9     2.8     0.000   0   48.40  284.2    5.9      --
 14  04/02/2020  1300    38.2   17.9     3.0     0.000   0   43.34  278.7    6.5      --
 15  04/02/2020  1400    39.7   17.8     3.3     0.000   0   40.64  274.2    7.2      --
 16  04/02/2020  1500    40.8   17.5     3.6     0.000   0   38.44  270.5    7.9      --
 17  04/02/2020  1600    41.5   17.1     3.9     0.000   0   36.81  267.5    8.6  no_inv
 18  04/02/2020  1700    41.9   16.8     4.3     0.000   0   35.81  262.6    9.4      --
 19  04/02/2020  1800    41.0   17.4     4.8     0.000   0   38.12  258.4   10.2      --
 20  04/02/2020  1900    37.8   20.9     5.2     0.000   0   50.12  254.9   11.0      --
 21  04/02/2020  2000    35.5   24.7     5.6     0.020   0   64.46  251.9   11.9      --
 22  04/02/2020  2100    34.7   24.6     6.0     0.000   0   66.25  249.3   12.8      --
 23  04/02/2020  2200    34.6   27.1     6.5     0.020   0   73.92  247.1   13.7  no_inv
 24  04/02/2020  2300    32.6   25.8     5.9     0.000   0   75.75  251.2   12.4      --
 25  04/03/2020  0000    31.0   24.7     5.4     0.000   5   77.00  256.4   11.1      --
 26  04/03/2020  0100    29.6   23.5     4.9     0.000  10   77.47  262.7    9.9      --
 27  04/03/2020  0200    28.2   22.6     4.2     0.000  10   79.21  270.7    8.9      --
 28  04/03/2020  0300    27.1   22.0     3.5     0.000  10   80.61  280.5    8.1      --
 29  04/03/2020  0400    26.4   21.5     2.9     0.000  10   81.62  292.1    7.6     620
 30  04/03/2020  0500    25.8   20.0     4.2     0.000  10   78.28  284.1    8.3      --
 31  04/03/2020  0600    25.7   20.5     5.7     0.000   5   80.41  277.5    9.1      --
 32  04/03/2020  0700    26.4   21.5     6.8     0.000   0   81.56  272.1   10.0      --
 33  04/03/2020  0800    27.7   21.5     7.9     0.000   0   77.36  267.7   11.1      --
 34  04/03/2020  0900    30.0   22.4     9.0     0.000   0   72.96  264.0   12.1      --
 35  04/03/2020  1000    33.7   20.8    10.1     0.000   0   58.81  260.9   13.2  no_inv
 36  04/03/2020  1100    36.6   20.2    11.7     0.000   0   50.93  265.3   15.0      --
 37  04/03/2020  1200    38.3   18.9    13.3     0.000   0   45.04  268.7   16.9      --
 38  04/03/2020  1300    39.7   17.2    14.9     0.000   0   39.79  271.4   18.9      --
 39  04/03/2020  1400    40.4   16.2    16.5     0.000   0   36.95  273.6   20.9      --
 40  04/03/2020  1500    40.8   15.9    18.1     0.000   0   35.92  275.4   22.8      --
 41  04/03/2020  1600    41.1   15.8    19.7     0.000   0   35.40  276.9   24.9  no_inv
 42  04/03/2020  1700    40.3   15.8    18.5     0.000   0   36.44  281.3   22.7      --
 43  04/03/2020  1800    38.8   15.8    17.2     0.000   0   38.65  286.6   20.6      --
 44  04/03/2020  1900    38.0   15.7    16.0     0.000   0   39.88  293.0   18.8      --
 45  04/03/2020  2000    35.6   15.7    14.7     0.000   0   43.61  300.7   17.2      --
 46  04/03/2020  2100    33.3   15.6    13.5     0.000   0   47.73  309.7   16.0      --
 47  04/03/2020  2200    30.9   15.5    12.2     0.000   0   52.28  319.8   15.3  no_inv
 48  04/03/2020  2300    29.2   17.0    10.9     0.000   0   59.80  326.3   13.2      --
 49  04/04/2020  0000    28.2   17.4     9.6     0.000   0   63.25  335.1   11.2      --
 50  04/04/2020  0100    27.3   17.3     8.2     0.000   0   65.65  347.2    9.7      --
 51  04/04/2020  0200    26.2   18.1     6.6     0.000   0   71.00    2.9    8.7      --
 52  04/04/2020  0300    25.2   18.9     4.8     0.000   0   76.31   20.9    8.5      --
 53  04/04/2020  0400    24.5   19.4     3.2     0.000   5   80.37   38.1    9.1     493
 54  04/04/2020  0500    24.1   19.5     4.0     0.000  10   82.05   48.5    8.5      --
 55  04/04/2020  0600    23.8   19.5     4.8     0.000  10   83.30   60.0    8.2      --
 56  04/04/2020  0700    24.3   20.1     5.3     0.000  10   83.79   71.8    8.3      --
 57  04/04/2020  0800    25.9   21.1     5.6     0.000   5   81.75   82.9    8.7      --
 58  04/04/2020  0900    28.7   22.2     6.0     0.000   0   76.43   92.7    9.4      --
 59  04/04/2020  1000    32.4   23.2     6.3     0.000   0   68.59  100.9   10.4    6791
 60  04/04/2020  1100    36.6   23.9     6.5     0.000   0   59.74  101.2   10.4      --
 61  04/04/2020  1200    40.9   24.2     6.7     0.000   0   50.98  101.6   10.5      --
 62  04/04/2020  1300    44.2   22.9     6.8     0.000   0   42.56  101.9   10.6      --
 63  04/04/2020  1400    45.8   21.3     7.0     0.000   0   37.53  102.2   10.7      --
 64  04/04/2020  1500    46.6   19.9     7.2     0.000   0   34.18  102.5   10.8      --
 65  04/04/2020  1600    46.9   19.0     7.4     0.000   0   32.52  102.8   10.9    2206
 66  04/04/2020  1700    46.8   19.0     8.3     0.000   0   32.67   90.5   12.2      --
 67  04/04/2020  1800    45.2   19.1     9.2     0.000   0   34.85   80.9   13.9      --
 68  04/04/2020  1900    41.9   19.2    10.1     0.000   0   39.69   73.5   15.9      --
 69  04/04/2020  2000    40.1   19.7    11.0     0.000   0   43.38   67.8   18.0      --
 70  04/04/2020  2100    37.8   20.5    11.9     0.000   0   49.30   63.4   20.4      --
 71  04/04/2020  2200    35.5   20.1    12.8     0.000   0   53.15   60.0   22.8  no_inv
 72  04/04/2020  2300    34.3   22.5    11.7     0.000   0   61.54   59.6   21.3      --
 73  04/05/2020  0000    33.9   23.7    10.6     0.000   0   66.02   59.2   19.9      --
 74  04/05/2020  0100    33.4   24.7     9.6     0.000   0   70.00   58.7   18.4      --
 75  04/05/2020  0200    33.0   25.3     8.5     0.000   0   72.91   58.1   16.9      --
 76  04/05/2020  0300    32.7   26.3     7.4     0.000   0   77.08   57.4   15.4      --
 77  04/05/2020  0400    32.3   26.9     6.3     0.010   0   80.23   56.6   13.9    2053
 78  04/05/2020  0500    31.9   25.2     6.0     0.000   0   75.97   59.3   13.3      --
 79  04/05/2020  0600    31.7   24.8     5.8     0.000   0   75.31   62.2   12.6      --
 80  04/05/2020  0700    31.7   24.2     5.5     0.000   0   73.53   65.4   12.1      --
 81  04/05/2020  0800    32.5   26.7     5.3     0.000   0   78.89   69.0   11.5      --
 82  04/05/2020  0900    33.0   27.0     5.0     0.000   0   78.23   72.9   11.0      --
 83  04/05/2020  1000    34.0   28.1     4.8     0.010   0   78.57   77.2   10.6    4215
 84  04/05/2020  1100    36.7   27.3     4.4     0.000   0   68.27   78.0    9.6      --
 85  04/05/2020  1200    40.1   29.3     4.0     0.000   0   64.95   79.0    8.7      --
 86  04/05/2020  1300    43.3   29.3     3.6     0.000   0   57.52   80.3    7.8      --
 87  04/05/2020  1400    45.2   29.3     3.2     0.000   0   53.38   81.8    6.9      --
 88  04/05/2020  1500    46.6   29.3     2.8     0.000   0   50.62   83.9    6.1      --
 89  04/05/2020  1600    47.5   29.3     2.3     0.000   0   49.00   86.6    5.2  no_inv
 90  04/05/2020  1700    47.6   29.3     2.3     0.000   0   48.79   83.7    5.0      --
 91  04/05/2020  1800    47.6   29.4     2.2     0.000   0   49.12   80.5    4.9      --
 92  04/05/2020  1900    47.4   29.3     2.2     0.000   0   49.18   77.3    4.8      --
 93  04/05/2020  2000    47.3   29.3     2.2     0.000   0   49.33   73.8    4.7      --
 94  04/05/2020  2100    45.0   29.3     2.1     0.000   0   53.90   70.3    4.6      --
 95  04/05/2020  2200    42.7   29.3     2.1     0.000   0   58.94   66.6    4.6  no_inv
 96  04/05/2020  2300    40.3   29.3     2.5     0.000   0   64.51   55.0    5.3      --
 97  04/06/2020  0000    39.2   29.3     3.0     0.000   0   67.36   46.5    6.2      --
 98  04/06/2020  0100    38.2   29.3     3.4     0.000   0   70.06   40.3    7.2      --
 99  04/06/2020  0200    37.3   29.3     3.8     0.000   0   72.51   35.6    8.2      --
100  04/06/2020  0300    36.6   30.8     4.3     0.000   0   79.15   32.0    9.4      --
101  04/06/2020  0400    36.9   32.4     4.7     0.010   0   83.34   29.1   10.5    1690
102  04/06/2020  0500    35.5   30.5     4.6     0.000   0   82.12   20.6    8.9      --
103  04/06/2020  0600    35.2   30.4     4.4     0.000   0   82.43    8.8    7.6      --
104  04/06/2020  0700    35.3   30.2     4.2     0.000   0   81.37  353.2    6.8      --
105  04/06/2020  0800    35.8   30.2     4.0     0.000   0   79.71  334.9    6.5      --
106  04/06/2020  0900    36.6   29.6     3.8     0.000   0   75.26  317.1    7.0      --
107  04/06/2020  1000    38.8   27.0     3.6     0.000   0   62.14  302.6    8.0  no_inv
108  04/06/2020  1100    41.0   25.9     5.5     0.000   0   54.49  292.7    9.5      --
109  04/06/2020  1200    45.4   24.9     7.5     0.000   0   44.22  285.6   11.2      --
110  04/06/2020  1300    49.4   24.5     9.4     0.000   0   37.46  280.5   13.1      --
111  04/06/2020  1400    51.7   24.4    11.4     0.000   0   34.24  276.7   15.0      --
112  04/06/2020  1500    52.8   24.0    13.3     0.000   0   32.23  273.8   17.0      --
113  04/06/2020  1600    53.4   23.2    15.2     0.000   0   30.51  271.5   19.0    7071
114  04/06/2020  1700    53.5   23.2    15.1     0.000   0   30.48  277.0   18.4      --
115  04/06/2020  1800    51.0   23.2    14.9     0.000   0   33.35  283.0   17.9      --
116  04/06/2020  1900    45.8   23.1    14.8     0.000   0   40.25  289.1   17.7      --
117  04/06/2020  2000    43.0   22.9    14.6     0.000   0   44.55  295.4   17.6      --
118  04/06/2020  2100    40.7   22.7    14.5     0.000   0   48.33  301.6   17.8      --
119  04/06/2020  2200    38.3   22.7    14.3     0.000   0   52.91  307.7   18.2     533
120  04/06/2020  2300    36.0   22.7    13.4     0.000   0   57.88  306.7   17.2      --
121  04/07/2020  0000    34.9   22.6    12.4     0.000   0   60.55  305.5   16.2      --
122  04/07/2020  0100    33.7   24.1    11.5     0.000   0   67.50  304.3   15.2      --
123  04/07/2020  0200    32.6   24.4    10.5     0.000   0   71.45  302.9   14.3      --
124  04/07/2020  0300    31.6   24.6     9.6     0.000   0   74.93  301.2   13.3      --
125  04/07/2020  0400    30.7   24.6     8.6     0.000   0   77.70  299.4   12.4     590
126  04/07/2020  0500    30.0   24.6     7.6     0.000   0   80.25  304.9   10.3      --
127  04/07/2020  0600    29.5   24.8     6.6     0.000   0   82.09  313.1    8.4      --
128  04/07/2020  0700    30.5   24.9     5.7     0.000   0   79.31  325.6    6.7      --
129  04/07/2020  0800    33.0   21.7     4.7     0.000   0   62.60  344.7    5.6      --
130  04/07/2020  0900    37.1   21.2     3.7     0.000   0   52.20    9.3    5.3      --
131  04/07/2020  1000    42.2   20.7     2.7     0.000   0   41.92   32.3    6.0    6722
132  04/07/2020  1100    47.4   20.2     2.8     0.000   0   33.75   24.0    5.8      --
133  04/07/2020  1200    51.4   19.8     2.8     0.000   0   28.48   15.5    5.8      --
134  04/07/2020  1300    54.3   19.4     2.9     0.000   0   25.16    7.1    5.9      --
135  04/07/2020  1400    55.8   19.1     3.0     0.000   0   23.55  359.2    6.2      --
136  04/07/2020  1500    56.5   18.9     3.1     0.000   0   22.79  352.0    6.5      --
137  04/07/2020  1600    56.8   18.9     3.1     0.000   0   22.49  345.6    6.9    8251
138  04/07/2020  1700    56.7   18.9     4.3     0.000   0   22.54  360.0    7.1      --
139  04/07/2020  1800    54.1   18.9     5.4     0.000   0   24.76   12.8    7.8      --
140  04/07/2020  1900    48.8   20.0     6.6     0.000   0   31.53   23.2    8.7      --
141  04/07/2020  2000    45.9   20.4     7.8     0.000   0   35.88   31.4    9.9      --
142  04/07/2020  2100    43.6   20.4     8.9     0.000   0   39.12   37.8   11.2      --
143  04/07/2020  2200    41.2   20.1    10.1     0.000   0   42.43   42.7   12.7     521
144  04/07/2020  2300    38.7   19.9    10.3     0.000   0   46.39   49.3   13.6      --
145  04/08/2020  0000    37.4   19.7    10.5     0.000   0   48.34   55.2   14.6      --
146  04/08/2020  0100    36.1   19.5    10.7     0.000   0   50.34   60.2   15.7      --
147  04/08/2020  0200    35.0   19.3    10.9     0.000   0   52.31   64.4   17.0      --
148  04/08/2020  0300    34.0   19.1    11.0     0.000   0   54.17   68.1   18.3      --
149  04/08/2020  0400    33.1   19.1    11.2     0.000   0   55.88   71.3   19.7     109
150  04/08/2020  0500    32.4   19.6     9.9     0.000   0   58.92   74.2   17.3      --
151  04/08/2020  0600    32.0   20.1     8.6     0.000   0   61.19   78.1   15.0      --
152  04/08/2020  0700    32.6   20.5     7.3     0.000   0   60.76   83.4   12.8      --
153  04/08/2020  0800    34.3   20.0     6.0     0.000   0   55.44   90.8   10.7      --
154  04/08/2020  0900    37.1   21.2     4.7     0.000   0   52.09  101.5    8.9      --
155  04/08/2020  1000    41.0   26.6     3.4     0.000   0   56.13  116.8    7.5    3169
156  04/08/2020  1100    45.5   23.8     4.3     0.000   0   42.02  135.0    6.2      --
157  04/08/2020  1200    50.9   25.0     5.2     0.000   0   36.20  159.0    5.8      --
158  04/08/2020  1300    55.2   26.5     6.1     0.000   0   32.88  182.4    6.4      --
159  04/08/2020  1400    57.6   27.4     7.0     0.000   0   31.26  199.4    7.8      --
160  04/08/2020  1500    58.9   27.8     7.9     0.000   0   30.41  210.5    9.7      --
161  04/08/2020  1600    59.5   28.0     8.9     0.000   0   29.87  217.8   11.9    5199
162  04/08/2020  1700    59.8   28.0     9.6     0.000   0   29.65  227.6   12.1      --
163  04/08/2020  1800    58.5   27.9    10.3     0.000   0   30.78  236.9   12.6      --
164  04/08/2020  1900    56.1   28.5    11.0     0.000   0   34.58  245.1   13.5      --
165  04/08/2020  2000    54.8   28.7    11.7     0.000   0   36.51  252.3   14.6      --
166  04/08/2020  2100    52.4   27.5    12.5     0.000   0   37.94  258.4   15.9      --
167  04/08/2020  2200    50.1   27.5    13.2     0.000   0   41.37  263.5   17.3  no_inv
