  Generated by FoxLW on Thursday April 2, 2020 at 02:32 PDT
-------------------------------------------------------------------------------
  South Tonasket
  48.6800:-119.4600  (48 40' 48.00"N  119 27' 36.00"W)  elev 1010.5 feet    file: 330157
-------------------------------------------------------------------------------

Line#   Date     Hour   TempF  DewPtF WS(mph)  Rain(in) LW    RH%  WDir_50m WS_50m Inv(ft)
  5  04/02/2020  0400    24.9    8.8     9.1     0.000   0   49.69  352.8   17.6    3618
  6  04/02/2020  0500    24.4    9.0     8.0     0.000   0   51.39  353.5   15.5      --
  7  04/02/2020  0600    23.9    9.6     6.8     0.000   0   53.77  354.4   13.3      --
  8  04/02/2020  0700    24.4   10.6     5.6     0.000   0   54.97  355.7   11.1      --
  9  04/02/2020  0800    26.0   11.8     4.4     0.000   0   54.20  357.6    9.0      --
 10  04/02/2020  0900    28.9   17.2     3.3     0.000   0   61.05    0.8    6.8      --
 11  04/02/2020  1000    32.7   18.6     2.1     0.000   0   55.70    6.7    4.8  no_inv
 12  04/02/2020  1100    36.7   18.6     2.7     0.000   0   47.44  343.1    1.2      --
 13  04/02/2020  1200    40.0   18.6     3.2     0.000   0   41.67  207.0    2.7      --
 14  04/02/2020  1300    42.8   18.6     3.7     0.000   0   37.44  199.6    6.4      --
 15  04/02/2020  1400    44.4   17.8     4.3     0.000   0   34.09  197.6   10.1      --
 16  04/02/2020  1500    45.4   18.4     4.8     0.000   0   33.58  196.6   13.8      --
 17  04/02/2020  1600    46.2   18.6     5.3     0.000   0   32.95  196.1   17.5  no_inv
 18  04/02/2020  1700    46.7   18.6     4.6     0.000   0   32.30  195.9   14.2      --
 19  04/02/2020  1800    45.7   18.6     3.9     0.000   0   33.52  195.4   10.9      --
 20  04/02/2020  1900    43.7   18.5     3.1     0.000   0   35.95  194.7    7.7      --
 21  04/02/2020  2000    42.6   18.5     2.4     0.000   0   37.50  192.8    4.4      --
 22  04/02/2020  2100    40.3   18.5     1.7     0.000   0   41.05  180.8    1.2      --
 23  04/02/2020  2200    37.9   18.5     0.9     0.000   0   44.97   26.8    2.1  no_inv
 24  04/02/2020  2300    35.2   18.5     0.9     0.000   0   50.15   17.6    1.5      --
 25  04/03/2020  0000    33.1   18.5     1.0     0.000   0   54.43  355.6    0.9      --
 26  04/03/2020  0100    31.2   18.5     1.0     0.000   0   58.68  305.1    0.7      --
 27  04/03/2020  0200    29.6   18.5     1.0     0.000   0   62.75  265.5    1.1      --
 28  04/03/2020  0300    28.2   18.5     1.0     0.000   0   66.42  250.1    1.7      --
 29  04/03/2020  0400    27.1   18.5     1.0     0.000   0   69.53  243.1    2.4  no_inv
 30  04/03/2020  0500    26.3   18.5     1.5     0.000   0   71.92  237.9    3.2      --
 31  04/03/2020  0600    25.8   18.5     2.0     0.000   0   73.30  234.8    4.0      --
 32  04/03/2020  0700    26.7   18.5     2.4     0.000   0   70.74  232.8    4.9      --
 33  04/03/2020  0800    29.2   18.5     2.8     0.000   0   63.73  231.4    5.7      --
 34  04/03/2020  0900    33.4   17.7     3.3     0.000   0   52.05  230.4    6.6      --
 35  04/03/2020  1000    38.5   17.4     3.8     0.000   0   41.99  229.6    7.4  no_inv
 36  04/03/2020  1100    43.4   17.1     4.6     0.000   0   34.19  249.3    8.1      --
 37  04/03/2020  1200    46.8   16.8     5.3     0.000   0   29.70  264.6    9.5      --
 38  04/03/2020  1300    49.2   17.1     6.2     0.000   0   27.49  275.5   11.4      --
 39  04/03/2020  1400    50.4   17.5     6.9     0.000   0   26.81  283.0   13.6      --
 40  04/03/2020  1500    50.9   18.1     7.8     0.000   0   26.92  288.4   15.9      --
 41  04/03/2020  1600    51.1   18.7     8.6     0.000   0   27.43  292.3   18.4  no_inv
 42  04/03/2020  1700    51.0   18.7     8.1     0.000   0   27.53  299.0   15.4      --
 43  04/03/2020  1800    46.8   18.1     7.7     0.000   0   31.40  308.6   12.8      --
 44  04/03/2020  1900    38.2   18.3     7.2     0.000   0   44.19  322.5   10.6      --
 45  04/03/2020  2000    33.5   18.2     6.8     0.000   0   53.03  341.7    9.4      --
 46  04/03/2020  2100    31.1   18.1     6.4     0.000   0   58.00    3.3    9.4      --
 47  04/03/2020  2200    28.8   18.0     5.9     0.000   0   63.60   22.3   10.7    1491
 48  04/03/2020  2300    26.8   18.1     6.3     0.000   0   69.27   33.9    9.9      --
 49  04/04/2020  0000    26.8   18.1     6.6     0.000   0   69.48   46.8    9.6      --
 50  04/04/2020  0100    27.4   18.2     6.9     0.000   0   67.97   59.9    9.9      --
 51  04/04/2020  0200    27.7   18.3     7.2     0.000   0   67.43   71.7   10.6      --
 52  04/04/2020  0300    27.7   18.5     7.5     0.000   0   67.69   81.8   11.6      --
 53  04/04/2020  0400    27.5   18.6     7.8     0.000   0   68.66   89.9   13.0    2719
 54  04/04/2020  0500    27.1   18.5     7.0     0.000   0   69.29   84.2   10.6      --
 55  04/04/2020  0600    26.8   18.2     6.2     0.000   0   69.81   75.2    8.4      --
 56  04/04/2020  0700    27.2   18.1     5.4     0.000   0   68.08   60.6    6.6      --
 57  04/04/2020  0800    28.8   17.0     4.6     0.000   0   60.99   37.4    5.4      --
 58  04/04/2020  0900    31.4   17.5     3.8     0.000   0   55.87    8.9    5.4      --
 59  04/04/2020  1000    34.9   17.5     3.0     0.000   0   48.56  346.0    6.6    8254
 60  04/04/2020  1100    38.6   17.5     2.8     0.000   0   41.87  354.4    5.3      --
 61  04/04/2020  1200    42.0   17.5     2.7     0.000   0   36.78    7.6    4.2      --
 62  04/04/2020  1300    44.7   17.5     2.6     0.000   0   33.07   27.9    3.5      --
 63  04/04/2020  1400    46.2   17.5     2.4     0.000   0   31.26   53.9    3.4      --
 64  04/04/2020  1500    47.3   17.5     2.3     0.000   0   30.01   77.1    3.9      --
 65  04/04/2020  1600    48.0   17.5     2.2     0.000   0   29.24   92.8    4.9  no_inv
 66  04/04/2020  1700    48.4   17.5     3.9     0.000   0   28.82   53.8    4.7      --
 67  04/04/2020  1800    46.9   17.5     5.6     0.000   0   30.57   25.0    6.4      --
 68  04/04/2020  1900    43.8   19.1     7.3     0.000   0   36.74   10.4    8.9      --
 69  04/04/2020  2000    42.2   19.8     9.0     0.000   0   40.30    2.5   11.8      --
 70  04/04/2020  2100    39.8   19.7    10.7     0.000   0   43.98  357.8   14.8      --
 71  04/04/2020  2200    37.5   18.1    12.4     0.000   0   44.97  354.7   17.9  no_inv
 72  04/04/2020  2300    36.2   19.7    11.6     0.000   0   50.72  355.1   17.7      --
 73  04/05/2020  0000    35.6   20.1    10.7     0.000   0   52.99  355.5   17.5      --
 74  04/05/2020  0100    34.9   20.5     9.9     0.000   0   55.22  355.8   17.3      --
 75  04/05/2020  0200    34.3   20.6     9.1     0.000   0   56.80  356.2   17.0      --
 76  04/05/2020  0300    33.8   20.7     8.3     0.000   0   58.19  356.6   16.8      --
 77  04/05/2020  0400    33.3   20.1     7.4     0.000   0   57.83  357.0   16.6    2731
 78  04/05/2020  0500    32.9   19.4     6.7     0.000   0   56.96  357.0   15.0      --
 79  04/05/2020  0600    32.6   18.7     6.0     0.000   0   56.03  357.0   13.4      --
 80  04/05/2020  0700    33.0   18.3     5.3     0.000   0   54.29  357.0   11.9      --
 81  04/05/2020  0800    34.2   20.2     4.6     0.000   0   55.93  357.0   10.3      --
 82  04/05/2020  0900    36.4   24.6     3.8     0.000   0   61.83  357.0    8.7      --
 83  04/05/2020  1000    39.4   24.6     3.1     0.000   0   54.98  357.1    7.1  no_inv
 84  04/05/2020  1100    43.0   24.6     2.9     0.000   0   47.75  350.8    6.1      --
 85  04/05/2020  1200    46.8   24.6     2.7     0.000   0   41.32  342.2    5.2      --
 86  04/05/2020  1300    49.9   24.6     2.5     0.000   0   36.84  330.2    4.4      --
 87  04/05/2020  1400    51.7   24.6     2.2     0.000   0   34.45  314.2    3.9      --
 88  04/05/2020  1500    53.0   24.6     2.0     0.000   0   32.91  295.3    3.8      --
 89  04/05/2020  1600    53.8   24.6     1.8     0.000   0   31.98  277.2    4.0  no_inv
 90  04/05/2020  1700    53.8   24.6     2.3     0.000   0   31.98  312.4    5.6      --
 91  04/05/2020  1800    52.0   24.6     2.8     0.000   0   34.14  328.7    8.3      --
 92  04/05/2020  1900    48.4   24.6     3.3     0.000   0   39.00  336.7   11.3      --
 93  04/05/2020  2000    46.4   24.6     3.8     0.000   0   42.02  341.3   14.4      --
 94  04/05/2020  2100    44.1   24.6     4.4     0.000   0   45.93  344.3   17.6      --
 95  04/05/2020  2200    41.7   24.6     4.9     0.000   0   50.25  346.3   20.8  no_inv
 96  04/05/2020  2300    40.2   24.7     5.2     0.000   0   53.59  347.6   20.8      --
 97  04/06/2020  0000    39.2   25.0     5.5     0.000   0   56.39  348.8   20.8      --
 98  04/06/2020  0100    38.1   25.2     5.8     0.000   0   59.31  350.1   20.8      --
 99  04/06/2020  0200    37.2   25.5     6.1     0.000   0   62.23  351.4   20.8      --
100  04/06/2020  0300    36.3   28.1     6.4     0.000   0   71.95  352.6   20.8      --
101  04/06/2020  0400    35.6   30.3     6.8     0.010   0   81.02  353.9   20.9    1337
102  04/06/2020  0500    34.3   27.9     6.0     0.000   0   77.05  355.2   18.1      --
103  04/06/2020  0600    34.0   27.5     5.3     0.000   0   76.78  357.1   15.4      --
104  04/06/2020  0700    34.2   26.9     4.5     0.000   0   74.15  359.7   12.7      --
105  04/06/2020  0800    35.6   27.4     3.8     0.000   0   71.68    3.7   10.1      --
106  04/06/2020  0900    37.9   27.9     3.0     0.000   0   66.81   10.5    7.5      --
107  04/06/2020  1000    43.1   24.8     2.3     0.000   0   48.00   24.0    5.1    9437
108  04/06/2020  1100    47.4   24.7     3.4     0.000   0   40.76  354.5    5.6      --
109  04/06/2020  1200    52.3   24.7     4.6     0.000   0   33.86  334.2    7.3      --
110  04/06/2020  1300    56.3   25.2     5.7     0.000   0   29.89  322.3    9.4      --
111  04/06/2020  1400    58.5   25.7     6.9     0.000   0   28.25  315.0   11.9      --
112  04/06/2020  1500    59.6   26.3     8.0     0.000   0   27.78  310.2   14.4      --
113  04/06/2020  1600    60.2   26.9     9.2     0.000   0   27.84  306.9   17.1    8520
114  04/06/2020  1700    60.4   26.9     8.7     0.000   0   27.69  316.5   13.6      --
115  04/06/2020  1800    56.0   26.3     8.3     0.000   0   31.67  331.8   10.8      --
116  04/06/2020  1900    46.9   26.6     7.9     0.000   0   44.84  354.8    9.2      --
117  04/06/2020  2000    41.9   26.3     7.4     0.000   0   53.60   21.5    9.4      --
118  04/06/2020  2100    39.6   26.0     7.0     0.000   0   58.00   42.6   11.4      --
119  04/06/2020  2200    37.2   25.9     6.6     0.000   0   63.28   56.2   14.4    1310
120  04/06/2020  2300    34.5   25.8     7.0     0.000   0   70.06   54.9   14.2      --
121  04/07/2020  0000    33.7   25.6     7.4     0.000   0   71.88   53.5   14.0      --
122  04/07/2020  0100    32.7   25.4     7.9     0.000   0   74.05   52.0   13.8      --
123  04/07/2020  0200    31.7   25.2     8.3     0.000   0   76.69   50.5   13.6      --
124  04/07/2020  0300    30.6   25.1     8.7     0.000   0   79.73   49.0   13.4      --
125  04/07/2020  0400    29.6   25.1     9.1     0.000   0   82.98   47.4   13.2    1347
126  04/07/2020  0500    28.7   25.1     9.5     0.000   0   86.21   39.1   13.2      --
127  04/07/2020  0600    28.2   25.0     9.8     0.000   5   87.83   31.0   13.4      --
128  04/07/2020  0700    29.7   24.9    10.1     0.000   5   82.16   23.3   14.0      --
129  04/07/2020  0800    33.5   22.9    10.4     0.000   0   64.55   16.3   14.7      --
130  04/07/2020  0900    39.4   22.8    10.8     0.000   0   50.94   10.1   15.7      --
131  04/07/2020  1000    46.2   22.7    11.1     0.000   0   39.06    4.7   16.8    3064
132  04/07/2020  1100    52.2   22.5    10.2     0.000   0   31.08    4.8   16.1      --
133  04/07/2020  1200    55.7   22.4     9.4     0.000   0   27.26    4.9   15.4      --
134  04/07/2020  1300    58.0   23.0     8.5     0.000   0   25.60    5.0   14.7      --
135  04/07/2020  1400    59.2   23.6     7.7     0.000   0   25.24    5.1   14.0      --
136  04/07/2020  1500    59.7   24.2     6.8     0.000   0   25.46    5.3   13.3      --
137  04/07/2020  1600    59.8   24.9     5.9     0.000   0   26.04    5.4   12.6    8796
138  04/07/2020  1700    59.7   24.9     7.2     0.000   0   26.19   21.8   11.1      --
139  04/07/2020  1800    56.3   24.2     8.5     0.000   0   28.72   41.3   10.7      --
140  04/07/2020  1900    49.4   24.5     9.7     0.000   0   37.43   59.9   11.5      --
141  04/07/2020  2000    45.7   24.0    11.0     0.000   0   42.14   74.7   13.4      --
142  04/07/2020  2100    43.3   22.1    12.2     0.000   0   42.58   85.4   15.9      --
143  04/07/2020  2200    41.0   22.0    13.5     0.000   0   46.51   93.0   18.8    1092
144  04/07/2020  2300    38.1   22.0    12.7     0.000   0   51.86   85.1   15.2      --
145  04/08/2020  0000    36.7   23.4    11.8     0.000   0   58.01   72.9   12.1      --
146  04/08/2020  0100    35.3   23.6    11.0     0.000   0   61.79   53.9    9.9      --
147  04/08/2020  0200    34.1   23.9    10.2     0.000   0   65.82   28.7    9.2      --
148  04/08/2020  0300    32.9   23.9     9.3     0.000   0   69.05    4.7   10.4      --
149  04/08/2020  0400    31.9   23.9     8.5     0.000   0   71.87  347.9   12.9     824
150  04/08/2020  0500    31.1   24.0     8.0     0.000   0   74.61  341.6    9.3      --
151  04/08/2020  0600    30.6   24.2     7.4     0.000   0   76.81  327.8    5.9      --
152  04/08/2020  0700    31.7   24.5     6.9     0.000   0   74.13  288.8    3.5      --
153  04/08/2020  0800    34.7   23.4     6.4     0.000   0   62.93  232.7    4.5      --
154  04/08/2020  0900    39.5   24.1     5.9     0.000   0   53.65  209.9    7.5      --
155  04/08/2020  1000    45.7   24.9     5.4     0.000   0   43.75  200.9   11.1    4093
156  04/08/2020  1100    52.2   25.7     5.4     0.000   0   35.42  200.9   12.3      --
157  04/08/2020  1200    57.8   26.5     5.4     0.000   0   29.82  200.9   13.5      --
158  04/08/2020  1300    62.1   27.6     5.5     0.000   0   26.82  200.9   14.7      --
159  04/08/2020  1400    64.5   28.4     5.5     0.000   0   25.49  200.9   15.9      --
160  04/08/2020  1500    65.7   28.9     5.5     0.000   0   24.92  200.9   17.1      --
161  04/08/2020  1600    66.4   29.2     5.6     0.000   0   24.66  200.9   18.4  no_inv
162  04/08/2020  1700    66.6   29.2     5.6     0.000   0   24.48  198.4   16.9      --
163  04/08/2020  1800    63.7   28.9     5.6     0.000   0   26.78  195.3   15.5      --
164  04/08/2020  1900    57.7   28.6     5.7     0.000   0   32.79  191.7   14.2      --
165  04/08/2020  2000    54.4   28.7     5.7     0.000   0   37.05  187.4   12.9      --
166  04/08/2020  2100    52.0   32.0     5.7     0.000   0   46.16  182.1   11.7      --
167  04/08/2020  2200    49.7   37.4     5.7     0.010   0   62.42  175.7   10.6    2881
