  Generated by FoxLW on Thursday April 2, 2020 at 02:32 PDT
-------------------------------------------------------------------------------
  Tumwater SW
  46.9500:-122.9600  (46 57' 0.00"N  122 57' 36.00"W)  elev 193.6 feet    file: 330153
-------------------------------------------------------------------------------

Line#   Date     Hour   TempF  DewPtF WS(mph)  Rain(in) LW    RH%  WDir_50m WS_50m Inv(ft)
  5  04/02/2020  0400    26.7   25.8     0.4     0.000  10   96.34  208.6    5.6     394
  6  04/02/2020  0500    26.1   25.2     0.4     0.000  10   96.33  209.3    6.0      --
  7  04/02/2020  0600    25.6   25.6     0.9     0.000  10  100.00  209.9    6.5      --
  8  04/02/2020  0700    26.3   26.3     1.6     0.000  10  100.00  210.4    7.0      --
  9  04/02/2020  0800    28.6   28.6     2.5     0.000  10  100.00  210.9    7.4      --
 10  04/02/2020  0900    32.4   32.4     3.4     0.000  10  100.00  211.3    7.9      --
 11  04/02/2020  1000    37.3   35.4     3.8     0.000  10   92.56  211.7    8.3  no_inv
 12  04/02/2020  1100    42.2   36.6     5.1     0.000   5   80.47  227.0    8.7      --
 13  04/02/2020  1200    46.0   37.1     6.5     0.000   0   70.65  240.2    9.6      --
 14  04/02/2020  1300    48.7   35.3     7.9     0.000   0   59.76  250.7   10.9      --
 15  04/02/2020  1400    49.8   33.3     9.2     0.000   0   52.89  258.8   12.5      --
 16  04/02/2020  1500    48.2   33.3    10.6     0.000   0   56.06  264.9   14.3      --
 17  04/02/2020  1600    45.9   34.7    12.0     0.020   0   64.67  269.7   16.2  no_inv
 18  04/02/2020  1700    49.3   29.6    10.4     0.000   0   46.34  268.6   15.4      --
 19  04/02/2020  1800    45.0   30.1     8.8     0.000   0   55.56  267.3   14.6      --
 20  04/02/2020  1900    36.3   30.1     7.3     0.000   0   77.71  266.0   13.8      --
 21  04/02/2020  2000    31.6   30.7     5.7     0.000   5   96.56  264.5   13.0      --
 22  04/02/2020  2100    29.2   29.2     4.2     0.000  10  100.00  262.7   12.2      --
 23  04/02/2020  2200    26.9   26.0     2.6     0.000  10   96.34  260.8   11.4  no_inv
 24  04/02/2020  2300    25.6   24.7     2.6     0.000  10   96.32  253.7   11.2      --
 25  04/03/2020  0000    25.6   24.7     2.7     0.000  10   96.32  246.4   11.1      --
 26  04/03/2020  0100    26.1   25.2     2.7     0.000  10   96.33  239.1   11.2      --
 27  04/03/2020  0200    26.2   25.3     2.8     0.000  10   96.33  232.0   11.5      --
 28  04/03/2020  0300    26.1   25.2     2.8     0.000  10   96.33  225.4   11.9      --
 29  04/03/2020  0400    25.9   25.0     2.8     0.000  10   96.32  219.3   12.5    1065
 30  04/03/2020  0500    25.4   24.5     3.5     0.000  10   96.31  222.4   12.3      --
 31  04/03/2020  0600    25.0   24.1     4.2     0.000  10   96.31  225.6   12.2      --
 32  04/03/2020  0700    25.8   24.9     4.8     0.000  10   96.32  228.9   12.1      --
 33  04/03/2020  0800    28.3   27.7     5.5     0.000  10   97.84  232.2   12.1      --
 34  04/03/2020  0900    32.6   29.0     6.2     0.000   5   86.68  235.5   12.1      --
 35  04/03/2020  1000    36.8   30.5     6.8     0.010   0   77.65  238.7   12.1    6961
 36  04/03/2020  1100    41.8   28.3     8.0     0.000   0   58.45  244.3   12.8      --
 37  04/03/2020  1200    45.5   28.5     9.1     0.000   0   51.18  249.2   13.5      --
 38  04/03/2020  1300    47.7   29.0    10.3     0.000   0   48.18  253.6   14.3      --
 39  04/03/2020  1400    48.5   29.3    11.5     0.000   0   47.24  257.5   15.2      --
 40  04/03/2020  1500    47.4   31.5    12.6     0.000   0   53.95  261.0   16.2      --
 41  04/03/2020  1600    45.8   33.6    13.8     0.010   0   62.14  264.1   17.2    6921
 42  04/03/2020  1700    47.5   29.7    12.3     0.000   0   49.76  265.9   16.2      --
 43  04/03/2020  1800    43.5   29.5    10.9     0.000   0   57.54  268.0   15.1      --
 44  04/03/2020  1900    35.3   30.2     9.4     0.000   0   81.35  270.4   14.1      --
 45  04/03/2020  2000    30.8   29.7     8.0     0.000   5   95.79  273.1   13.2      --
 46  04/03/2020  2100    28.4   28.4     6.6     0.000  10  100.00  276.3   12.2      --
 47  04/03/2020  2200    26.1   26.1     5.1     0.000  10  100.00  280.0   11.3     909
 48  04/03/2020  2300    23.9   23.0     0.4     0.000  10   96.29  272.3    9.8      --
 49  04/04/2020  0000    23.8   22.9     0.4     0.000  10   96.29  261.8    8.4      --
 50  04/04/2020  0100    23.6   22.7     0.4     0.000  10   96.28  248.1    7.5      --
 51  04/04/2020  0200    23.6   22.7     0.4     0.000  10   96.28  231.7    7.0      --
 52  04/04/2020  0300    23.6   22.7     0.4     0.000  10   96.28  214.6    7.2      --
 53  04/04/2020  0400    23.6   22.7     0.4     0.000  10   96.28  199.7    8.0     532
 54  04/04/2020  0500    23.6   22.7     0.4     0.000  10   96.28  197.1    6.2      --
 55  04/04/2020  0600    23.5   22.8     0.8     0.000  10   96.76  192.4    4.3      --
 56  04/04/2020  0700    23.9   23.6     1.4     0.000  10   98.75  181.0    2.6      --
 57  04/04/2020  0800    26.2   25.9     1.9     0.000  10   98.73  138.5    1.3      --
 58  04/04/2020  0900    31.3   29.3     1.9     0.000  10   92.45   67.9    1.9      --
 59  04/04/2020  1000    36.7   29.3     1.6     0.000   5   74.44   48.1    3.5    3581
 60  04/04/2020  1100    41.7   29.4     1.6     0.000   0   61.36   47.7    3.5      --
 61  04/04/2020  1200    45.1   29.7     1.6     0.000   0   54.55   47.3    3.5      --
 62  04/04/2020  1300    47.8   29.7     1.6     0.000   0   49.24   47.0    3.5      --
 63  04/04/2020  1400    49.2   29.8     1.6     0.000   0   46.89   46.6    3.5      --
 64  04/04/2020  1500    50.2   30.0     1.6     0.000   0   45.58   46.2    3.5      --
 65  04/04/2020  1600    50.8   30.3     1.6     0.000   0   45.02   45.8    3.5  no_inv
 66  04/04/2020  1700    51.2   30.5     2.0     0.000   0   44.84   47.0    4.4      --
 67  04/04/2020  1800    50.8   30.6     2.4     0.000   0   45.61   47.8    5.3      --
 68  04/04/2020  1900    50.1   30.1     2.9     0.000   0   45.90   48.3    6.2      --
 69  04/04/2020  2000    49.7   30.1     3.3     0.000   0   46.61   48.7    7.1      --
 70  04/04/2020  2100    47.3   30.1     3.7     0.000   0   50.88   49.0    8.1      --
 71  04/04/2020  2200    45.0   30.1     4.2     0.000   0   55.59   49.3    9.0  no_inv
 72  04/04/2020  2300    43.8   30.1     4.2     0.000   0   58.24   54.5    8.9      --
 73  04/05/2020  0000    43.1   30.1     4.3     0.000   0   59.82   59.7    9.0      --
 74  04/05/2020  0100    42.5   30.1     4.3     0.000   0   61.08   64.8    9.1      --
 75  04/05/2020  0200    42.1   30.1     4.4     0.000   0   62.03   69.8    9.3      --
 76  04/05/2020  0300    41.9   30.1     4.4     0.000   0   62.65   74.4    9.6      --
 77  04/05/2020  0400    41.7   30.1     4.5     0.000   0   62.97   78.9    9.9    4547
 78  04/05/2020  0500    41.7   30.1     4.3     0.000   0   62.98   73.3    9.3      --
 79  04/05/2020  0600    41.8   30.1     4.2     0.000   0   62.89   67.1    8.8      --
 80  04/05/2020  0700    41.8   30.1     4.1     0.000   0   62.81   60.2    8.4      --
 81  04/05/2020  0800    42.0   30.1     3.9     0.000   0   62.31   52.7    8.1      --
 82  04/05/2020  0900    42.4   35.5     3.8     0.000   0   76.27   44.9    8.0      --
 83  04/05/2020  1000    43.0   40.9     3.6     0.000   5   92.15   37.0    8.0    4237
 84  04/05/2020  1100    45.0   41.4     3.8     0.000   5   87.05   22.5    6.9      --
 85  04/05/2020  1200    49.2   41.4     4.0     0.000   0   74.46    3.8    6.3      --
 86  04/05/2020  1300    52.6   41.4     4.2     0.000   0   65.58  343.8    6.4      --
 87  04/05/2020  1400    54.2   41.4     4.3     0.000   0   61.88  326.7    7.3      --
 88  04/05/2020  1500    53.4   42.5     4.5     0.000   0   66.33  314.1    8.7      --
 89  04/05/2020  1600    51.8   43.5     4.7     0.010   0   73.09  305.2   10.3  no_inv
 90  04/05/2020  1700    50.6   42.6     4.7     0.000   0   73.80  311.6    7.1      --
 91  04/05/2020  1800    50.4   42.8     4.7     0.020   0   75.17  327.9    4.1      --
 92  04/05/2020  1900    49.9   42.6     4.7     0.020   0   75.85   21.7    2.5      --
 93  04/05/2020  2000    49.6   42.5     4.7     0.000   0   76.35   74.9    4.2      --
 94  04/05/2020  2100    47.3   42.3     4.7     0.020   0   82.65   91.0    7.2      --
 95  04/05/2020  2200    44.9   44.0     4.7     0.100  10   96.63   97.4   10.4  no_inv
 96  04/05/2020  2300    41.5   40.6     4.2     0.000  10   96.58   96.6    9.3      --
 97  04/06/2020  0000    37.6   36.7     3.0     0.000  10   96.52   95.4    8.3      --
 98  04/06/2020  0100    33.9   33.0     1.8     0.000  10   96.46   94.0    7.3      --
 99  04/06/2020  0200    31.7   30.8     0.8     0.000  10   96.42   92.1    6.3      --
100  04/06/2020  0300    31.0   30.1     0.4     0.000  10   96.41   89.5    5.3      --
101  04/06/2020  0400    31.0   30.1     0.4     0.000  10   96.41   85.7    4.3     783
102  04/06/2020  0500    32.5   29.3     0.4     0.000   5   88.11   82.8    4.0      --
103  04/06/2020  0600    32.5   29.4     0.6     0.000   0   88.12   79.1    3.6      --
104  04/06/2020  0700    33.6   30.0     0.9     0.000   0   86.52   74.7    3.2      --
105  04/06/2020  0800    36.1   32.6     1.1     0.000   5   86.70   69.3    2.9      --
106  04/06/2020  0900    40.3   36.7     1.2     0.000  10   86.92   62.5    2.6      --
107  04/06/2020  1000    44.0   40.5     1.1     0.000  10   87.54   54.0    2.3    6903
108  04/06/2020  1100    47.6   43.0     3.0     0.000   5   83.86  319.4    1.6      --
109  04/06/2020  1200    51.0   43.4     4.8     0.000   0   75.20  284.2    4.0      --
110  04/06/2020  1300    53.3   42.0     6.8     0.000   0   65.28  276.7    6.9      --
111  04/06/2020  1400    54.6   40.3     8.6     0.000   0   58.36  273.6    9.8      --
112  04/06/2020  1500    55.5   38.3    10.5     0.000   0   52.34  271.9   12.6      --
113  04/06/2020  1600    56.0   36.7    12.4     0.000   0   48.21  270.8   15.6    6978
114  04/06/2020  1700    56.2   37.1    11.2     0.000   0   48.67  266.1   14.3      --
115  04/06/2020  1800    51.7   37.6     9.9     0.000   0   58.47  260.6   13.2      --
116  04/06/2020  1900    42.6   36.6     8.6     0.000   0   79.17  254.2   12.3      --
117  04/06/2020  2000    37.6   36.3     7.4     0.000   5   95.00  246.8   11.5      --
118  04/06/2020  2100    35.3   35.3     6.1     0.000  10  100.00  238.5   11.0      --
119  04/06/2020  2200    32.9   32.5     4.8     0.000  10   98.36  229.5   10.6     974
120  04/06/2020  2300    31.7   30.8     4.8     0.000  10   96.42  231.0   10.8      --
121  04/07/2020  0000    31.7   30.8     4.7     0.000  10   96.42  232.4   11.0      --
122  04/07/2020  0100    32.4   31.5     4.7     0.000  10   96.43  233.8   11.2      --
123  04/07/2020  0200    32.7   31.8     4.6     0.000  10   96.44  235.1   11.4      --
124  04/07/2020  0300    32.8   31.9     4.6     0.000  10   96.44  236.4   11.6      --
125  04/07/2020  0400    32.5   31.6     4.5     0.000  10   96.43  237.6   11.8    1014
126  04/07/2020  0500    32.1   31.2     4.0     0.000  10   96.43  236.2   10.2      --
127  04/07/2020  0600    31.7   30.8     0.8     0.000  10   96.42  234.4    8.6      --
128  04/07/2020  0700    32.1   31.4     1.5     0.000  10   97.25  231.6    7.0      --
129  04/07/2020  0800    34.3   34.0     1.9     0.000  10   98.78  227.4    5.5      --
130  04/07/2020  0900    39.1   39.1     1.8     0.000  10  100.00  219.8    4.0      --
131  04/07/2020  1000    44.1   40.2     1.2     0.000  10   86.25  203.9    2.6    3966
132  04/07/2020  1100    48.7   40.2     1.4     0.000   5   72.52  200.0    1.4      --
133  04/07/2020  1200    52.2   40.2     1.5     0.000   0   63.62  142.6    0.2      --
134  04/07/2020  1300    54.8   40.2     1.7     0.000   0   57.84   37.4    1.2      --
135  04/07/2020  1400    56.3   40.2     1.9     0.000   0   54.82   32.6    2.5      --
136  04/07/2020  1500    57.3   40.2     2.1     0.000   0   52.94   31.1    3.7      --
137  04/07/2020  1600    57.9   40.2     2.3     0.000   0   51.80   30.4    5.0    5541
138  04/07/2020  1700    57.8   40.2     2.3     0.000   0   52.01   14.9    5.8      --
139  04/07/2020  1800    53.5   40.2     2.4     0.000   0   60.56    3.6    6.8      --
140  04/07/2020  1900    45.0   40.2     2.5     0.000   0   83.40  355.6    8.1      --
141  04/07/2020  2000    40.2   40.2     0.7     0.000   5   99.77  349.9    9.4      --
142  04/07/2020  2100    37.9   36.6     0.4     0.000  10   95.12  345.6   10.9      --
143  04/07/2020  2200    35.6   34.7     0.4     0.000  10   96.48  342.4   12.4    1830
144  04/07/2020  2300    35.3   34.4     0.4     0.000  10   96.48  346.5   12.1      --
145  04/08/2020  0000    35.2   34.2     0.4     0.000  10   96.48  350.8   11.8      --
146  04/08/2020  0100    35.0   34.1     0.4     0.000  10   96.47  355.3   11.6      --
147  04/08/2020  0200    35.0   34.1     0.4     0.000  10   96.47  359.9   11.5      --
148  04/08/2020  0300    35.0   34.1     0.4     0.000  10   96.47    4.6   11.5      --
149  04/08/2020  0400    35.0   34.1     0.4     0.000  10   96.47    9.3   11.5    1133
150  04/08/2020  0500    35.0   34.1     0.4     0.000  10   96.47   11.6   10.8      --
151  04/08/2020  0600    35.0   34.2     0.8     0.000  10   96.80   14.3   10.2      --
152  04/08/2020  0700    35.3   35.0     1.6     0.000  10   98.50   17.4    9.5      --
153  04/08/2020  0800    37.4   37.1     2.6     0.000  10   98.73   20.8    8.9      --
154  04/08/2020  0900    42.0   38.9     3.4     0.000  10   88.63   24.7    8.4      --
155  04/08/2020  1000    47.1   39.6     3.6     0.000   5   75.16   29.2    7.9    2564
156  04/08/2020  1100    52.5   40.5     3.3     0.000   0   63.49   27.8    7.4      --
157  04/08/2020  1200    57.7   40.8     3.1     0.000   0   53.29   26.2    6.9      --
158  04/08/2020  1300    61.7   40.8     2.9     0.000   0   46.23   24.4    6.4      --
159  04/08/2020  1400    63.8   40.8     2.7     0.000   0   42.80   22.2    5.9      --
160  04/08/2020  1500    64.9   40.6     2.5     0.000   0   41.02   19.6    5.4      --
161  04/08/2020  1600    65.5   40.5     2.2     0.000   0   39.96   16.6    4.9    4792
162  04/08/2020  1700    65.6   40.3     2.6     0.000   0   39.57  348.4    4.5      --
163  04/08/2020  1800    59.9   40.3     3.0     0.000   0   48.30  321.9    5.2      --
164  04/08/2020  1900    48.2   40.6     3.4     0.000   0   74.88  304.4    6.7      --
165  04/08/2020  2000    41.7   40.8     1.0     0.000   5   96.37  293.9    8.6      --
166  04/08/2020  2100    39.4   39.2     0.4     0.000  10   99.46  287.2   10.7      --
167  04/08/2020  2200    37.0   36.2     0.4     0.000  10   96.51  282.8   12.8     349
