  Generated by FoxLW on Thursday April 2, 2020 at 02:32 PDT
-------------------------------------------------------------------------------
  Brewster Flat
  48.1300:-119.7500  (48 7' 48.00"N  119 45' 0.00"W)  elev 1233.6 feet    file: 330171
-------------------------------------------------------------------------------

Line#   Date     Hour   TempF  DewPtF WS(mph)  Rain(in) LW    RH%  WDir_50m WS_50m Inv(ft)
  5  04/02/2020  0400    30.4    9.9    15.2     0.000   0   41.62   16.8   20.4    2221
  6  04/02/2020  0500    30.0   10.2    12.9     0.000   0   42.91   17.5   17.6      --
  7  04/02/2020  0600    29.7   12.4    10.7     0.000   0   48.00   18.7   14.8      --
  8  04/02/2020  0700    29.8   14.0     8.5     0.000   0   51.15   20.3   12.0      --
  9  04/02/2020  0800    30.5   16.1     6.2     0.000   0   54.48   22.9    9.2      --
 10  04/02/2020  0900    31.9   21.5     4.0     0.000   0   65.07   27.7    6.5      --
 11  04/02/2020  1000    33.8   26.7     1.7     0.000   0   74.95   39.2    3.9  no_inv
 12  04/02/2020  1100    36.4   26.7     2.0     0.000   0   67.56   33.2    1.9      --
 13  04/02/2020  1200    39.7   26.7     2.3     0.000   0   59.52  306.0    0.4      --
 14  04/02/2020  1300    42.6   26.7     2.5     0.000   0   53.18  236.3    2.1      --
 15  04/02/2020  1400    44.2   26.7     2.8     0.000   0   49.96  230.9    4.0      --
 16  04/02/2020  1500    45.4   26.7     3.1     0.000   0   47.75  229.0    5.9      --
 17  04/02/2020  1600    46.2   26.7     3.3     0.000   0   46.39  228.1    7.9  no_inv
 18  04/02/2020  1700    46.6   26.7     3.9     0.000   0   45.66  243.2    6.9      --
 19  04/02/2020  1800    46.0   26.7     4.5     0.000   0   46.69  261.8    6.5      --
 20  04/02/2020  1900    44.8   26.8     5.1     0.000   0   48.93  280.6    6.8      --
 21  04/02/2020  2000    44.1   26.7     5.7     0.000   0   50.07  296.2    7.8      --
 22  04/02/2020  2100    41.8   26.2     6.2     0.000   0   53.72  307.8    9.1      --
 23  04/02/2020  2200    39.4   25.3     6.8     0.000   0   56.61  316.0   10.8     709
 24  04/02/2020  2300    37.8   25.5     5.8     0.000   0   60.80  315.8    9.3      --
 25  04/03/2020  0000    36.6   25.8     4.8     0.000   0   64.50  315.5    7.7      --
 26  04/03/2020  0100    35.5   26.7     3.8     0.000   0   70.22  315.0    6.2      --
 27  04/03/2020  0200    34.5   26.7     2.8     0.000   0   73.02  314.1    4.7      --
 28  04/03/2020  0300    33.6   26.7     1.8     0.000   0   75.51  312.5    3.2      --
 29  04/03/2020  0400    33.0   26.7     0.7     0.000   0   77.58  307.8    1.6  no_inv
 30  04/03/2020  0500    32.5   26.7     0.8     0.000   0   79.16  292.3    1.2      --
 31  04/03/2020  0600    32.2   26.7     0.8     0.000   0   80.15  265.1    0.9      --
 32  04/03/2020  0700    32.6   26.7     0.9     0.000   0   78.80  231.2    1.0      --
 33  04/03/2020  0800    33.9   26.7     0.9     0.000   0   74.61  207.4    1.3      --
 34  04/03/2020  0900    36.3   21.3     1.0     0.000   0   54.23  194.2    1.8      --
 35  04/03/2020  1000    39.3   16.7     1.0     0.000   0   39.35  186.6    2.3  no_inv
 36  04/03/2020  1100    42.7   16.3     2.9     0.000   0   33.99  251.3    3.0      --
 37  04/03/2020  1200    46.1   16.0     4.8     0.000   0   29.47  273.2    5.5      --
 38  04/03/2020  1300    48.6   16.7     6.7     0.000   0   27.65  281.1    8.2      --
 39  04/03/2020  1400    49.8   17.5     8.6     0.000   0   27.44  285.0   11.1      --
 40  04/03/2020  1500    50.3   18.2    10.6     0.000   0   27.73  287.3   13.9      --
 41  04/03/2020  1600    50.5   17.8    12.4     0.000   0   27.07  288.9   16.8  no_inv
 42  04/03/2020  1700    50.4   18.1    12.1     0.000   0   27.46  298.3   13.4      --
 43  04/03/2020  1800    48.6   17.5    11.8     0.000   0   28.67  313.3   10.7      --
 44  04/03/2020  1900    44.9   17.6    11.5     0.000   0   32.99  335.9    9.1      --
 45  04/03/2020  2000    42.9   17.2    11.1     0.000   0   35.00    2.3    9.2      --
 46  04/03/2020  2100    40.6   16.6    10.8     0.000   0   37.41   23.5   11.1      --
 47  04/03/2020  2200    38.2   16.6    10.5     0.000   0   40.93   37.4   14.0   10250
 48  04/03/2020  2300    35.9   16.6     9.9     0.000   0   44.86   33.7   13.3      --
 49  04/04/2020  0000    34.6   16.5     9.3     0.000   0   47.04   29.7   12.7      --
 50  04/04/2020  0100    33.3   16.4     8.7     0.000   0   49.25   25.3   12.1      --
 51  04/04/2020  0200    32.1   16.3     8.1     0.000   0   51.43   20.5   11.6      --
 52  04/04/2020  0300    31.1   16.5     7.5     0.000   0   54.24   15.2   11.2      --
 53  04/04/2020  0400    30.2   16.9     6.9     0.000   0   57.10    9.7   10.9    3583
 54  04/04/2020  0500    29.5   17.4     6.1     0.000   0   60.07   12.5    9.7      --
 55  04/04/2020  0600    29.1   18.0     5.3     0.000   0   62.80   16.0    8.5      --
 56  04/04/2020  0700    29.4   18.1     4.5     0.000   0   62.06   20.8    7.3      --
 57  04/04/2020  0800    30.7   17.8     3.6     0.000   0   58.25   27.2    6.2      --
 58  04/04/2020  0900    32.9   17.8     2.8     0.000   0   53.20   36.2    5.2      --
 59  04/04/2020  1000    36.0   17.8     2.0     0.000   0   46.99   48.8    4.4    8136
 60  04/04/2020  1100    40.0   17.8     2.1     0.000   0   40.21   42.8    4.6      --
 61  04/04/2020  1200    45.0   17.8     2.3     0.000   0   33.27   37.3    4.9      --
 62  04/04/2020  1300    48.9   17.8     2.4     0.000   0   28.68   32.4    5.2      --
 63  04/04/2020  1400    50.8   17.8     2.5     0.000   0   26.70   27.9    5.5      --
 64  04/04/2020  1500    51.8   17.8     2.7     0.000   0   25.69   24.0    5.8      --
 65  04/04/2020  1600    52.3   17.8     2.8     0.000   0   25.30   20.5    6.2    8384
 66  04/04/2020  1700    52.0   17.8     4.6     0.000   0   25.64   17.2    8.1      --
 67  04/04/2020  1800    50.4   18.0     6.4     0.000   0   27.34   15.1   10.0      --
 68  04/04/2020  1900    47.1   20.2     8.3     0.000   0   33.94   13.7   12.0      --
 69  04/04/2020  2000    45.3   20.4    10.1     0.000   0   36.69   12.7   13.9      --
 70  04/04/2020  2100    43.0   20.1    11.9     0.000   0   39.62   12.0   15.9      --
 71  04/04/2020  2200    40.7   19.1    13.8     0.000   0   41.52   11.4   17.9    8469
 72  04/04/2020  2300    39.4   19.5    13.8     0.000   0   44.22   12.6   17.7      --
 73  04/05/2020  0000    38.8   19.8    13.7     0.000   0   45.90   13.8   17.6      --
 74  04/05/2020  0100    38.2   20.0    13.7     0.000   0   47.51   15.1   17.5      --
 75  04/05/2020  0200    37.7   20.2    13.7     0.000   0   48.96   16.3   17.4      --
 76  04/05/2020  0300    37.2   20.4    13.7     0.000   0   50.17   17.6   17.2      --
 77  04/05/2020  0400    36.8   20.4    13.7     0.000   0   51.08   18.9   17.2    1798
 78  04/05/2020  0500    36.5   21.8    11.8     0.000   0   54.83   20.2   15.1      --
 79  04/05/2020  0600    36.2   22.4     9.9     0.000   0   56.80   21.9   13.1      --
 80  04/05/2020  0700    36.4   23.3     8.1     0.000   0   58.72   24.1   11.1      --
 81  04/05/2020  0800    37.1   22.0     6.2     0.000   0   53.97   27.5    9.1      --
 82  04/05/2020  0900    38.3   22.7     4.3     0.000   0   53.01   32.6    7.1      --
 83  04/05/2020  1000    40.2   26.6     2.4     0.000   0   58.12   41.5    5.3  no_inv
 84  04/05/2020  1100    42.9   26.6     2.1     0.000   0   52.33   42.0    4.7      --
 85  04/05/2020  1200    46.5   26.6     1.9     0.000   0   45.56   42.6    4.1      --
 86  04/05/2020  1300    49.8   26.6     1.6     0.000   0   40.31   43.4    3.5      --
 87  04/05/2020  1400    51.7   26.6     1.3     0.000   0   37.51   44.5    2.9      --
 88  04/05/2020  1500    53.1   26.6     1.1     0.000   0   35.64   46.2    2.4      --
 89  04/05/2020  1600    54.0   26.6     0.8     0.000   0   34.54   49.0    1.8  no_inv
 90  04/05/2020  1700    54.3   26.6     1.9     0.000   0   34.11   27.9    3.8      --
 91  04/05/2020  1800    53.0   26.7     3.0     0.000   0   35.97   21.7    5.9      --
 92  04/05/2020  1900    50.1   26.6     4.2     0.000   0   39.84   18.8    8.1      --
 93  04/05/2020  2000    48.6   26.8     5.3     0.000   0   42.57   17.2   10.3      --
 94  04/05/2020  2100    46.2   27.7     6.4     0.000   0   48.23   16.1   12.5      --
 95  04/05/2020  2200    43.9   28.7     7.5     0.000   0   54.93   15.4   14.7  no_inv
 96  04/05/2020  2300    42.5   28.6     7.2     0.000   0   57.48   25.2   13.0      --
 97  04/06/2020  0000    41.7   28.4     6.9     0.000   0   59.00   37.6   11.8      --
 98  04/06/2020  0100    40.8   28.2     6.6     0.000   0   60.44   51.9   11.2      --
 99  04/06/2020  0200    40.0   27.9     6.3     0.000   0   61.70   66.7   11.4      --
100  04/06/2020  0300    39.3   27.6     6.0     0.000   0   62.73   80.1   12.3      --
101  04/06/2020  0400    38.7   27.4     5.7     0.000   0   63.48   91.2   13.8  no_inv
102  04/06/2020  0500    38.2   26.6     4.8     0.000   0   62.91   91.0   11.6      --
103  04/06/2020  0600    37.8   26.6     3.9     0.000   0   63.72   90.7    9.4      --
104  04/06/2020  0700    38.2   26.6     3.0     0.000   0   62.82   90.2    7.2      --
105  04/06/2020  0800    39.4   27.2     2.1     0.000   0   61.34   89.2    5.0      --
106  04/06/2020  0900    41.4   27.0     1.2     0.000   0   56.08   86.7    2.8      --
107  04/06/2020  1000    44.2   26.7     0.3     0.000   0   49.76   66.4    0.6    8514
108  04/06/2020  1100    47.7   26.4     3.5     0.000   0   43.26  317.8    4.2      --
109  04/06/2020  1200    52.3   26.2     6.6     0.000   0   36.06  313.9    8.6      --
110  04/06/2020  1300    56.1   26.5     9.8     0.000   0   31.79  312.7   13.0      --
111  04/06/2020  1400    58.3   26.4    13.0     0.000   0   29.31  312.0   17.5      --
112  04/06/2020  1500    59.3   25.7    16.1     0.000   0   27.40  311.7   21.9      --
113  04/06/2020  1600    59.9   25.7    19.3     0.000   0   26.83  311.4   26.3  no_inv
114  04/06/2020  1700    60.0   25.6    20.5     0.000   0   26.69  312.5   28.5      --
115  04/06/2020  1800    57.9   25.5    21.7     0.000   0   28.62  313.5   30.6      --
116  04/06/2020  1900    53.7   25.4    22.9     0.000   0   33.13  314.3   32.8      --
117  04/06/2020  2000    51.4   25.2    24.1     0.000   0   35.80  315.0   34.9      --
118  04/06/2020  2100    49.1   25.0    25.3     0.000   0   38.69  315.6   37.1      --
119  04/06/2020  2200    46.7   24.8    26.5     0.000   0   41.83  316.1   39.2    1212
120  04/06/2020  2300    44.7   24.5    23.5     0.000   0   44.77  318.6   31.3      --
121  04/07/2020  0000    43.7   24.3    20.5     0.000   0   46.07  322.8   23.5      --
122  04/07/2020  0100    42.7   24.1    17.5     0.000   0   47.42  330.9   16.0      --
123  04/07/2020  0200    41.8   24.0    14.4     0.000   0   48.78  351.9    9.3      --
124  04/07/2020  0300    41.0   25.0    11.4     0.000   0   52.52   49.3    6.8      --
125  04/07/2020  0400    40.3   25.3     8.4     0.000   0   54.68   91.7   11.6    1354
126  04/07/2020  0500    39.8   25.8     8.7     0.000   0   57.12   80.0   10.6      --
127  04/07/2020  0600    39.4   25.8     9.0     0.000   0   57.75   66.6   10.2      --
128  04/07/2020  0700    40.0   25.7     9.3     0.000   0   56.41   52.8   10.3      --
129  04/07/2020  0800    41.5   23.6     9.6     0.000   0   48.73   39.9   11.0      --
130  04/07/2020  0900    44.0   23.5     9.9     0.000   0   44.00   29.1   12.1      --
131  04/07/2020  1000    47.4   23.4    10.2     0.000   0   38.54   20.4   13.6    8790
132  04/07/2020  1100    51.2   23.3     8.9     0.000   0   33.29   21.5   12.2      --
133  04/07/2020  1200    55.3   23.2     7.6     0.000   0   28.45   22.9   10.9      --
134  04/07/2020  1300    58.5   23.1     6.3     0.000   0   25.23   24.7    9.5      --
135  04/07/2020  1400    60.2   23.0     5.0     0.000   0   23.69   27.2    8.1      --
136  04/07/2020  1500    61.0   22.9     3.7     0.000   0   22.99   30.6    6.8      --
137  04/07/2020  1600    61.4   22.9     2.4     0.000   0   22.68   35.6    5.5    8778
138  04/07/2020  1700    61.4   22.9     4.6     0.000   0   22.69   25.9    8.1      --
139  04/07/2020  1800    59.1   23.0     6.7     0.000   0   24.66   21.0   10.9      --
140  04/07/2020  1900    54.4   25.0     8.9     0.000   0   31.85   18.1   13.7      --
141  04/07/2020  2000    51.8   24.8    11.0     0.000   0   34.64   16.1   16.5      --
142  04/07/2020  2100    49.4   23.2    13.2     0.000   0   35.38   14.8   19.3      --
143  04/07/2020  2200    47.1   23.3    15.4     0.000   0   38.79   13.8   22.1    2253
144  04/07/2020  2300    44.7   23.4    13.9     0.000   0   42.64   14.1   20.4      --
145  04/08/2020  0000    43.5   23.5    12.6     0.000   0   44.87   14.4   18.6      --
146  04/08/2020  0100    42.3   25.1    11.1     0.000   0   50.15   14.8   16.9      --
147  04/08/2020  0200    41.2   25.6     9.7     0.000   0   53.60   15.3   15.1      --
148  04/08/2020  0300    40.2   25.7     8.3     0.000   0   55.80   15.9   13.4      --
149  04/08/2020  0400    39.3   24.7     6.9     0.000   0   55.49   16.7   11.6     871
150  04/08/2020  0500    38.6   24.1     6.1     0.000   0   55.50   20.4    9.2      --
151  04/08/2020  0600    38.2   24.8     5.3     0.000   0   58.14   26.7    6.9      --
152  04/08/2020  0700    38.7   23.0     4.5     0.000   0   52.89   39.1    4.7      --
153  04/08/2020  0800    40.2   28.4     3.7     0.000   0   62.47   67.9    3.1      --
154  04/08/2020  0900    42.8   30.8     2.9     0.000   0   62.29  116.1    3.0      --
155  04/08/2020  1000    46.3   30.8     2.1     0.000   0   54.37  145.8    4.6    3797
156  04/08/2020  1100    50.7   30.8     3.6     0.000   0   46.18  173.2    5.4      --
157  04/08/2020  1200    56.8   30.8     5.1     0.000   0   36.88  190.7    7.1      --
158  04/08/2020  1300    62.2   31.0     6.6     0.000   0   30.76  200.9    9.2      --
159  04/08/2020  1400    65.3   31.0     8.1     0.000   0   27.58  207.3   11.4      --
160  04/08/2020  1500    67.0   31.5     9.7     0.000   0   26.49  211.5   13.8      --
161  04/08/2020  1600    68.0   31.5    11.2     0.000   0   25.68  214.5   16.2  no_inv
162  04/08/2020  1700    68.4   31.7     9.8     0.000   0   25.50  219.5   13.6      --
163  04/08/2020  1800    66.0   31.5     8.4     0.000   0   27.44  226.8   11.1      --
164  04/08/2020  1900    61.1   32.0     7.1     0.000   0   33.24  237.9    8.9      --
165  04/08/2020  2000    58.4   31.8     5.7     0.000   0   36.38  255.0    7.3      --
166  04/08/2020  2100    56.1   31.7     4.4     0.000   0   39.36  278.6    6.6      --
167  04/08/2020  2200    53.7   31.3     3.0     0.000   0   42.24  302.9    7.1     689
