  Generated by FoxLW on Thursday April 2, 2020 at 02:32 PDT
-------------------------------------------------------------------------------
  Fairfield
  47.4200:-117.2600  (47 25' 12.00"N  117 15' 36.00"W)  elev 2345.8 feet    file: 330125
-------------------------------------------------------------------------------

Line#   Date     Hour   TempF  DewPtF WS(mph)  Rain(in) LW    RH%  WDir_50m WS_50m Inv(ft)
  5  04/02/2020  0400    28.5   26.4     1.7     0.040  10   91.46  180.6    3.8     921
  6  04/02/2020  0500    27.6   23.9     2.1     0.000  10   85.82  203.4    3.6      --
  7  04/02/2020  0600    27.3   23.6     2.4     0.000  10   85.88  226.0    3.9      --
  8  04/02/2020  0700    27.6   23.4     2.7     0.000  10   84.02  243.1    4.7      --
  9  04/02/2020  0800    28.0   23.0     3.1     0.000  10   81.04  254.5    5.7      --
 10  04/02/2020  0900    29.6   23.8     3.4     0.000  10   78.80  262.1    7.0      --
 11  04/02/2020  1000    33.9   18.4     3.7     0.000   5   52.63  267.4    8.3  no_inv
 12  04/02/2020  1100    36.8   17.5     4.2     0.000   0   45.14  267.2    8.6      --
 13  04/02/2020  1200    39.2   17.2     4.6     0.000   0   40.49  267.0    9.0      --
 14  04/02/2020  1300    41.0   17.5     5.1     0.000   0   38.24  266.9    9.4      --
 15  04/02/2020  1400    41.9   18.0     5.5     0.000   0   37.69  266.7    9.7      --
 16  04/02/2020  1500    42.6   18.7     6.0     0.000   0   37.83  266.6   10.1      --
 17  04/02/2020  1600    42.9   19.4     6.4     0.000   0   38.53  266.5   10.5  no_inv
 18  04/02/2020  1700    41.9   19.4     6.2     0.000   0   40.14  258.3    9.6      --
 19  04/02/2020  1800    39.7   18.7     5.9     0.000   0   42.36  248.9    9.0      --
 20  04/02/2020  1900    38.5   18.7     5.6     0.000   0   44.36  238.4    8.7      --
 21  04/02/2020  2000    36.2   18.7     5.3     0.000   0   48.65  227.5    8.6      --
 22  04/02/2020  2100    33.8   18.5     5.1     0.000   0   53.04  216.9    8.9      --
 23  04/02/2020  2200    31.5   18.5     4.8     0.000   0   58.13  207.2    9.5     917
 24  04/02/2020  2300    31.1   18.5     4.7     0.000   0   59.01  207.7    9.5      --
 25  04/03/2020  0000    31.2   18.5     4.6     0.000   0   58.80  208.2    9.5      --
 26  04/03/2020  0100    31.2   18.5     4.6     0.000   0   58.83  208.7    9.5      --
 27  04/03/2020  0200    31.1   18.5     4.5     0.000   0   59.06  209.2    9.6      --
 28  04/03/2020  0300    30.9   23.9     4.4     0.000   0   74.76  209.6    9.6      --
 29  04/03/2020  0400    31.6   29.3     4.3     0.080  10   90.90  210.1    9.6     897
 30  04/03/2020  0500    29.8   26.7     6.1     0.000  10   87.94  216.2   10.9      --
 31  04/03/2020  0600    31.8   28.7     7.8     0.010  10   88.05  220.9   12.4      --
 32  04/03/2020  0700    31.4   27.8     9.5     0.010   5   86.32  224.7   13.9      --
 33  04/03/2020  0800    30.1   26.5    11.3     0.000   0   86.10  227.6   15.4      --
 34  04/03/2020  0900    30.5   26.6    13.0     0.000   0   85.13  230.1   17.0      --
 35  04/03/2020  1000    32.6   23.8    14.7     0.010   0   69.71  232.1   18.6  no_inv
 36  04/03/2020  1100    36.3   18.4    15.6     0.000   0   47.76  236.8   19.4      --
 37  04/03/2020  1200    40.2   16.4    16.5     0.000   0   37.52  241.1   20.4      --
 38  04/03/2020  1300    43.3   15.2    17.4     0.000   0   31.71  244.9   21.4      --
 39  04/03/2020  1400    44.6   14.4    18.3     0.000   0   29.04  248.4   22.5      --
 40  04/03/2020  1500    45.3   13.9    19.1     0.000   0   27.69  251.6   23.8      --
 41  04/03/2020  1600    45.3   13.7    20.0     0.000   0   27.40  254.4   25.0  no_inv
 42  04/03/2020  1700    44.1   13.8    19.4     0.000   0   28.95  260.7   23.2      --
 43  04/03/2020  1800    41.5   14.2    18.7     0.000   0   32.60  267.9   21.7      --
 44  04/03/2020  1900    40.0   14.9    18.0     0.000   0   35.49  276.0   20.5      --
 45  04/03/2020  2000    37.7   15.8    17.4     0.000   0   40.40  284.9   19.9      --
 46  04/03/2020  2100    35.3   16.8    16.7     0.000   0   46.32  294.2   19.7      --
 47  04/03/2020  2200    33.0   17.9    16.0     0.000   0   53.31  303.4   20.0     777
 48  04/03/2020  2300    31.7   19.0    14.0     0.000   0   58.90  298.5   16.4      --
 49  04/04/2020  0000    30.9   21.2    12.0     0.000   0   66.83  290.9   13.0      --
 50  04/04/2020  0100    30.1   22.4    10.0     0.000   0   72.58  278.4    9.9      --
 51  04/04/2020  0200    29.4   23.4     7.9     0.000   0   78.06  257.0    7.7      --
 52  04/04/2020  0300    28.7   20.8     5.9     0.000   0   72.12  226.8    7.2      --
 53  04/04/2020  0400    28.0   19.1     3.9     0.000   0   68.73  199.9    8.6     344
 54  04/04/2020  0500    27.5   18.0     3.8     0.000   0   67.03  198.3    8.3      --
 55  04/04/2020  0600    27.1   16.4     3.6     0.000   0   63.49  196.6    8.0      --
 56  04/04/2020  0700    27.5   16.4     3.5     0.000   0   62.44  194.7    7.7      --
 57  04/04/2020  0800    29.0   21.8     3.3     0.000   0   74.15  192.6    7.4      --
 58  04/04/2020  0900    31.5   21.9     3.2     0.000   0   67.09  190.4    7.1      --
 59  04/04/2020  1000    35.1   21.9     3.1     0.000   0   58.12  188.0    6.8    6297
 60  04/04/2020  1100    39.4   21.8     3.2     0.000   0   48.79  172.9    5.5      --
 61  04/04/2020  1200    44.2   21.7     3.4     0.000   0   40.44  150.9    4.8      --
 62  04/04/2020  1300    47.8   21.7     3.6     0.000   0   35.22  126.2    4.9      --
 63  04/04/2020  1400    49.4   21.6     3.8     0.000   0   33.15  106.1    5.9      --
 64  04/04/2020  1500    50.3   21.6     3.9     0.000   0   32.09   92.6    7.3      --
 65  04/04/2020  1600    50.5   21.6     4.1     0.000   0   31.84   83.9    9.0  no_inv
 66  04/04/2020  1700    49.0   21.7     5.0     0.000   0   33.80   84.8   11.1      --
 67  04/04/2020  1800    45.9   22.6     6.0     0.000   0   39.45   85.4   13.2      --
 68  04/04/2020  1900    44.2   23.6     6.9     0.000   0   43.72   85.8   15.2      --
 69  04/04/2020  2000    41.9   24.9     7.8     0.000   0   50.58   86.1   17.3      --
 70  04/04/2020  2100    39.5   25.8     8.8     0.000   0   57.40   86.4   19.4      --
 71  04/04/2020  2200    37.2   26.5     9.7     0.000   0   64.91   86.6   21.5     530
 72  04/04/2020  2300    36.2   27.3     9.2     0.000   0   69.72   85.9   20.4      --
 73  04/05/2020  0000    35.7   28.0     8.7     0.000   0   73.10   85.1   19.3      --
 74  04/05/2020  0100    35.2   28.6     8.2     0.000   0   76.36   84.2   18.2      --
 75  04/05/2020  0200    34.8   28.4     7.7     0.000   0   77.33   83.2   17.2      --
 76  04/05/2020  0300    34.3   30.2     7.2     0.000   0   84.52   82.0   16.1      --
 77  04/05/2020  0400    33.9   32.4     6.8     0.050  10   93.95   80.7   15.0    1277
 78  04/05/2020  0500    32.8   29.1     6.2     0.000   5   86.14   85.8   13.1      --
 79  04/05/2020  0600    32.5   28.9     5.7     0.050  10   86.16   92.5   11.3      --
 80  04/05/2020  0700    32.5   28.1     5.1     0.010   5   83.61  101.6    9.7      --
 81  04/05/2020  0800    36.0   32.8     4.6     0.000   0   88.22  113.8    8.5      --
 82  04/05/2020  0900    36.7   33.5     4.0     0.000   0   87.82  129.2    7.7      --
 83  04/05/2020  1000    38.0   34.4     3.4     0.060  10   86.73  146.4    7.6    3642
 84  04/05/2020  1100    40.1   36.2     3.1     0.000   5   85.81  144.4    6.0      --
 85  04/05/2020  1200    45.2   36.1     2.7     0.000   0   70.19  141.1    4.4      --
 86  04/05/2020  1300    50.5   34.5     2.3     0.000   0   53.99  133.9    2.8      --
 87  04/05/2020  1400    52.5   34.5     1.9     0.000   0   50.13  110.3    1.4      --
 88  04/05/2020  1500    53.4   34.5     1.5     0.000   0   48.64   28.6    1.1      --
 89  04/05/2020  1600    53.1   34.5     1.1     0.000   0   49.13  355.5    2.5  no_inv
 90  04/05/2020  1700    50.9   34.5     2.1     0.000   0   53.29   79.0    1.8      --
 91  04/05/2020  1800    46.4   34.8     3.0     0.000   0   63.71  116.4    4.1      --
 92  04/05/2020  1900    43.9   34.8     4.0     0.000   0   70.00  125.4    6.8      --
 93  04/05/2020  2000    41.6   34.8     5.0     0.000   0   76.58  129.2    9.6      --
 94  04/05/2020  2100    39.2   35.1     5.9     0.000   0   85.06  131.3   12.4      --
 95  04/05/2020  2200    36.9   35.5     6.9     0.000   5   94.49  132.6   15.3     564
 96  04/05/2020  2300    36.4   35.2     6.3     0.000  10   95.46  131.6   14.0      --
 97  04/06/2020  0000    36.4   35.0     5.8     0.000  10   94.61  130.5   12.8      --
 98  04/06/2020  0100    36.5   34.8     5.2     0.000  10   93.52  129.1   11.5      --
 99  04/06/2020  0200    36.5   34.8     4.6     0.000  10   93.55  127.4   10.2      --
100  04/06/2020  0300    36.3   34.8     4.1     0.000  10   94.17  125.3    9.0      --
101  04/06/2020  0400    36.0   34.8     3.5     0.000  10   95.15  122.4    7.8     743
102  04/06/2020  0500    35.7   34.8     3.4     0.000  10   96.41  132.2    6.4      --
103  04/06/2020  0600    35.4   34.5     3.3     0.000  10   96.48  146.4    5.4      --
104  04/06/2020  0700    35.6   34.7     3.2     0.000  10   96.48  165.4    4.8      --
105  04/06/2020  0800    36.2   29.8     3.2     0.000   5   77.30  186.5    4.9      --
106  04/06/2020  0900    37.5   29.3     3.1     0.000   0   71.94  204.9    5.5      --
107  04/06/2020  1000    39.2   28.7     3.0     0.000   0   65.66  218.3    6.6    3615
108  04/06/2020  1100    41.8   28.2     5.6     0.000   0   58.35  237.2    8.6      --
109  04/06/2020  1200    45.0   27.8     8.1     0.000   0   50.57  248.2   11.2      --
110  04/06/2020  1300    48.0   28.2    10.7     0.000   0   45.92  255.0   14.0      --
111  04/06/2020  1400    49.7   28.0    13.3     0.000   0   42.82  259.4   16.9      --
112  04/06/2020  1500    50.8   27.1    15.8     0.000   0   39.56  262.6   20.0      --
113  04/06/2020  1600    51.6   27.0    18.4     0.000   0   38.30  264.9   23.0    7320
114  04/06/2020  1700    49.6   27.0    16.8     0.000   0   41.23  267.1   21.9      --
115  04/06/2020  1800    45.5   27.3    15.2     0.000   0   48.65  269.5   20.7      --
116  04/06/2020  1900    43.3   27.4    13.6     0.000   0   53.32  272.3   19.6      --
117  04/06/2020  2000    40.9   26.9    12.0     0.000   0   57.14  275.3   18.6      --
118  04/06/2020  2100    38.6   28.5    10.4     0.000   0   66.67  278.7   17.6      --
119  04/06/2020  2200    36.2   28.9     8.8     0.000   0   74.31  282.5   16.7      85
120  04/06/2020  2300    34.9   28.8     8.5     0.000   0   78.16  273.2   14.7      --
121  04/07/2020  0000    34.2   28.8     8.1     0.000   0   80.26  261.3   13.1      --
122  04/07/2020  0100    33.4   28.8     7.7     0.000   0   82.95  247.0   12.2      --
123  04/07/2020  0200    32.6   28.9     7.3     0.000   0   85.97  231.6   12.2      --
124  04/07/2020  0300    31.8   29.0     6.9     0.000   5   89.12  217.1   13.0      --
125  04/07/2020  0400    31.0   29.0     6.6     0.000  10   92.29  205.1   14.6     131
126  04/07/2020  0500    30.3   29.0     6.8     0.000  10   94.86  207.5   13.9      --
127  04/07/2020  0600    29.8   28.8     7.1     0.000  10   95.80  210.2   13.3      --
128  04/07/2020  0700    30.6   28.8     7.3     0.000  10   93.16  213.1   12.8      --
129  04/07/2020  0800    32.6   26.6     7.6     0.000   5   78.30  216.3   12.2      --
130  04/07/2020  0900    36.1   26.6     7.8     0.000   0   68.18  219.7   11.7      --
131  04/07/2020  1000    40.5   26.5     8.1     0.000   0   57.19  223.5   11.3    3242
132  04/07/2020  1100    45.3   26.5     7.3     0.000   0   47.53  225.3   10.6      --
133  04/07/2020  1200    49.7   26.5     6.5     0.000   0   40.19  227.4    9.9      --
134  04/07/2020  1300    53.0   26.4     5.7     0.000   0   35.46  229.8    9.2      --
135  04/07/2020  1400    54.8   26.4     4.8     0.000   0   33.24  232.6    8.5      --
136  04/07/2020  1500    55.6   26.4     4.0     0.000   0   32.22  235.9    7.8      --
137  04/07/2020  1600    56.0   26.4     3.2     0.000   0   31.75  239.7    7.2  no_inv
138  04/07/2020  1700    54.5   26.4     3.9     0.000   0   33.53  254.7    4.9      --
139  04/07/2020  1800    51.4   26.7     4.6     0.000   0   37.97  288.4    3.4      --
140  04/07/2020  1900    49.7   26.8     5.2     0.000   0   40.61  333.8    3.8      --
141  04/07/2020  2000    47.4   27.0     5.9     0.000   0   44.78  358.4    5.8      --
142  04/07/2020  2100    45.1   27.1     6.6     0.000   0   49.18    9.5    8.2      --
143  04/07/2020  2200    42.7   27.1     7.2     0.000   0   53.77   15.3   10.9     424
144  04/07/2020  2300    39.9   26.9     6.5     0.000   0   59.20   21.6    9.5      --
145  04/08/2020  0000    38.3   26.7     5.8     0.000   0   62.76   29.7    8.3      --
146  04/08/2020  0100    36.7   26.6     5.1     0.000   0   66.51   40.3    7.3      --
147  04/08/2020  0200    35.4   26.7     4.4     0.000   0   70.27   53.5    6.7      --
148  04/08/2020  0300    34.2   26.7     3.7     0.000   0   73.61   68.6    6.4      --
149  04/08/2020  0400    33.2   26.7     3.0     0.000   0   76.45   83.8    6.7     332
150  04/08/2020  0500    32.5   26.7     2.7     0.000   0   78.64   83.9    5.9      --
151  04/08/2020  0600    32.1   26.7     2.3     0.000   0   79.96   84.0    5.2      --
152  04/08/2020  0700    33.0   26.7     2.0     0.000   0   77.26   84.2    4.4      --
153  04/08/2020  0800    35.3   31.2     1.7     0.000   0   84.94   84.5    3.7      --
154  04/08/2020  0900    39.1   31.2     1.3     0.000   0   73.08   85.0    3.0      --
155  04/08/2020  1000    44.0   31.2     1.0     0.000   0   60.44   85.7    2.2    5910
156  04/08/2020  1100    49.3   31.2     1.5     0.000   0   49.56  117.3    0.7      --
157  04/08/2020  1200    54.1   31.2     1.9     0.000   0   41.56  232.9    1.3      --
158  04/08/2020  1300    57.7   31.2     2.3     0.000   0   36.43  244.7    3.0      --
159  04/08/2020  1400    59.6   31.2     2.8     0.000   0   34.01  248.0    4.7      --
160  04/08/2020  1500    60.6   31.2     3.2     0.000   0   32.89  249.6    6.3      --
161  04/08/2020  1600    61.1   31.2     3.6     0.000   0   32.34  250.4    8.1    5895
162  04/08/2020  1700    59.2   31.2     4.9     0.000   0   34.62  242.1    8.8      --
163  04/08/2020  1800    55.2   32.2     6.1     0.000   0   41.40  235.1    9.6      --
164  04/08/2020  1900    53.1   32.9     7.4     0.000   0   46.10  229.3   10.6      --
165  04/08/2020  2000    50.7   33.2     8.6     0.000   0   50.97  224.6   11.7      --
166  04/08/2020  2100    48.4   33.2     9.9     0.000   0   55.61  220.6   12.9      --
167  04/08/2020  2200    46.0   32.9    11.1     0.000   0   59.81  217.4   14.1     207
