  Generated by FoxLW on Thursday April 2, 2020 at 02:32 PDT
-------------------------------------------------------------------------------
  Stanwood
  48.2300:-122.3700  (48 13' 48.00"N  122 22' 12.00"W)  elev 0.0 feet    file: 330163
-------------------------------------------------------------------------------

Line#   Date     Hour   TempF  DewPtF WS(mph)  Rain(in) LW    RH%  WDir_50m WS_50m Inv(ft)
  5  04/02/2020  0400    41.7   37.1     3.8     0.010   0   83.70  113.2   10.6    1240
  6  04/02/2020  0500    40.9   35.3     3.5     0.000   0   80.35  116.9    8.6      --
  7  04/02/2020  0600    41.7   36.8     3.2     0.020   0   82.63  122.7    6.6      --
  8  04/02/2020  0700    41.6   36.4     2.8     0.010   0   81.64  133.1    4.8      --
  9  04/02/2020  0800    41.5   36.7     2.5     0.030   0   82.68  154.1    3.3      --
 10  04/02/2020  0900    41.1   36.4     2.2     0.000   0   83.34  192.6    2.8      --
 11  04/02/2020  1000    41.1   36.9     1.8     0.050   8   85.09  227.9    3.6  no_inv
 12  04/02/2020  1100    43.2   35.2     2.3     0.000   5   73.41  245.7    4.1      --
 13  04/02/2020  1200    45.9   35.2     2.9     0.000   0   66.04  258.7    4.9      --
 14  04/02/2020  1300    47.9   35.2     3.4     0.000   0   61.25  267.7    5.9      --
 15  04/02/2020  1400    48.6   35.2     3.9     0.000   0   59.72  274.0    7.0      --
 16  04/02/2020  1500    47.5   36.6     4.4     0.000   0   65.80  278.6    8.1      --
 17  04/02/2020  1600    45.8   37.8     4.9     0.010   0   73.43  282.1    9.3  no_inv
 18  04/02/2020  1700    44.6   36.8     4.8     0.000   0   73.99  283.5   10.2      --
 19  04/02/2020  1800    43.9   36.3     4.7     0.000   0   74.70  284.8   11.1      --
 20  04/02/2020  1900    43.2   36.1     4.5     0.000   0   75.69  285.9   12.1      --
 21  04/02/2020  2000    42.7   36.1     4.4     0.000   0   77.37  286.8   13.0      --
 22  04/02/2020  2100    42.0   35.9     4.3     0.000   0   78.85  287.5   13.9      --
 23  04/02/2020  2200    41.5   36.4     4.2     0.000   0   82.07  288.2   14.8  no_inv
 24  04/02/2020  2300    41.3   36.3     4.2     0.000   0   82.13  279.3   11.4      --
 25  04/03/2020  0000    41.3   36.2     4.3     0.000   0   81.95  263.7    8.6      --
 26  04/03/2020  0100    41.2   38.2     4.3     0.020   0   88.78  236.9    6.8      --
 27  04/03/2020  0200    41.1   38.1     4.4     0.000   0   88.76  204.1    7.1      --
 28  04/03/2020  0300    41.0   38.0     4.5     0.000   0   88.78  180.8    9.3      --
 29  04/03/2020  0400    41.8   39.6     4.5     0.040   7   91.75  167.6   12.4    1210
 30  04/03/2020  0500    40.5   36.8     5.1     0.000   5   86.61  179.0   10.8      --
 31  04/03/2020  0600    41.2   37.5     5.7     0.000   0   86.45  193.5    9.8      --
 32  04/03/2020  0700    41.3   37.3     6.2     0.020   0   85.55  210.1    9.5      --
 33  04/03/2020  0800    40.9   37.2     6.8     0.000   0   86.33  226.4   10.0      --
 34  04/03/2020  0900    40.7   36.4     7.4     0.000   0   84.44  240.1   11.2      --
 35  04/03/2020  1000    41.1   35.8     8.0     0.010   0   81.32  250.6   12.9    8773
 36  04/03/2020  1100    42.6   34.0     9.8     0.000   0   71.22  258.5   14.0      --
 37  04/03/2020  1200    43.1   34.5    11.5     0.000   0   71.35  265.1   15.3      --
 38  04/03/2020  1300    43.2   35.7    13.3     0.010   0   74.68  270.6   16.8      --
 39  04/03/2020  1400    45.3   32.8    15.1     0.000   0   61.40  275.2   18.4      --
 40  04/03/2020  1500    44.5   34.1    16.9     0.000   0   66.54  279.0   20.2      --
 41  04/03/2020  1600    43.5   35.7    18.7     0.020   0   73.83  282.2   22.0    8745
 42  04/03/2020  1700    45.5   32.5    16.4     0.000   0   59.97  284.1   21.1      --
 43  04/03/2020  1800    44.8   33.2    14.1     0.000   0   63.67  286.2   20.2      --
 44  04/03/2020  1900    43.8   34.2    11.7     0.000   0   68.64  288.5   19.3      --
 45  04/03/2020  2000    42.8   34.8     9.4     0.000   0   72.96  291.0   18.5      --
 46  04/03/2020  2100    41.8   35.1     7.1     0.000   0   76.88  293.7   17.7      --
 47  04/03/2020  2200    40.9   34.8     4.7     0.000   0   78.79  296.6   17.0    7912
 48  04/03/2020  2300    40.7   34.5     4.2     0.000   0   78.68  296.5   13.4      --
 49  04/04/2020  0000    40.7   34.2     3.7     0.000   0   77.57  296.3    9.9      --
 50  04/04/2020  0100    41.7   35.9     3.2     0.000   0   79.80  295.9    6.3      --
 51  04/04/2020  0200    41.7   37.7     2.6     0.010   0   85.27  294.4    2.7      --
 52  04/04/2020  0300    40.8   37.1     2.1     0.000   5   86.48  125.2    0.9      --
 53  04/04/2020  0400    41.7   37.7     1.6     0.010  10   85.57  118.7    4.4    5474
 54  04/04/2020  0500    40.3   35.6     1.7     0.000   5   82.97  106.4    3.3      --
 55  04/04/2020  0600    40.3   35.5     1.9     0.000   0   82.99   84.5    2.5      --
 56  04/04/2020  0700    40.3   35.2     2.0     0.000   0   81.88   51.8    2.3      --
 57  04/04/2020  0800    40.7   35.3     2.2     0.000   0   80.99   23.1    2.8      --
 58  04/04/2020  0900    41.1   34.6     2.3     0.000   0   77.53    6.3    3.8      --
 59  04/04/2020  1000    43.1   33.0     2.5     0.000   0   67.22  356.8    5.0    8581
 60  04/04/2020  1100    44.6   33.0     2.9     0.000   0   63.43  351.1    5.6      --
 61  04/04/2020  1200    47.4   32.9     3.3     0.000   0   56.97  346.6    6.3      --
 62  04/04/2020  1300    49.7   32.9     3.7     0.000   0   52.17  343.0    7.0      --
 63  04/04/2020  1400    50.8   32.8     4.1     0.000   0   49.95  340.0    7.8      --
 64  04/04/2020  1500    51.3   32.8     4.5     0.000   0   49.07  337.6    8.5      --
 65  04/04/2020  1600    51.4   32.8     4.9     0.000   0   48.85  335.5    9.3  no_inv
 66  04/04/2020  1700    51.2   32.8     4.6     0.000   0   49.09  342.3    7.7      --
 67  04/04/2020  1800    51.0   32.7     4.2     0.000   0   49.39  352.4    6.2      --
 68  04/04/2020  1900    50.5   32.8     3.8     0.000   0   50.51    7.7    5.1      --
 69  04/04/2020  2000    50.2   32.8     3.5     0.000   0   51.02   29.3    4.5      --
 70  04/04/2020  2100    47.9   32.8     3.1     0.000   0   55.68   53.2    4.6      --
 71  04/04/2020  2200    45.6   32.8     2.8     0.000   0   60.82   72.5    5.5     711
 72  04/04/2020  2300    44.4   32.8     2.7     0.000   0   63.65   63.8    4.6      --
 73  04/05/2020  0000    43.5   32.8     2.5     0.000   0   65.73   51.5    3.9      --
 74  04/05/2020  0100    42.8   32.8     2.4     0.000   0   67.70   34.9    3.5      --
 75  04/05/2020  0200    42.1   32.8     2.2     0.000   0   69.50   15.5    3.3      --
 76  04/05/2020  0300    41.5   32.8     2.1     0.000   0   71.08  357.0    3.6      --
 77  04/05/2020  0400    41.0   32.8     2.0     0.000   0   72.41  342.5    4.2     770
 78  04/05/2020  0500    40.6   32.8     2.2     0.000   0   73.43  330.1    4.4      --
 79  04/05/2020  0600    40.5   32.8     2.5     0.000   0   73.98  319.1    4.7      --
 80  04/05/2020  0700    40.8   32.8     2.8     0.000   0   73.13  309.9    5.2      --
 81  04/05/2020  0800    41.7   32.8     3.0     0.000   0   70.61  302.5    5.9      --
 82  04/05/2020  0900    43.2   36.5     3.3     0.000   0   77.25  296.5    6.6      --
 83  04/05/2020  1000    45.1   36.5     3.6     0.000   0   71.73  291.8    7.3  no_inv
 84  04/05/2020  1100    47.6   34.6     5.2     0.000   0   60.61  305.0    8.2      --
 85  04/05/2020  1200    49.8   35.2     6.8     0.000   0   57.23  315.3    9.4      --
 86  04/05/2020  1300    50.8   36.3     8.5     0.000   0   57.35  323.0   10.9      --
 87  04/05/2020  1400    51.0   37.0    10.1     0.000   0   58.49  328.8   12.4      --
 88  04/05/2020  1500    50.8   37.2    11.7     0.000   0   59.42  333.3   14.1      --
 89  04/05/2020  1600    50.0   37.1    13.4     0.000   0   61.02  336.8   15.9  no_inv
 90  04/05/2020  1700    48.1   37.3    12.3     0.000   0   65.91  332.0   15.4      --
 91  04/05/2020  1800    47.5   37.2    11.2     0.000   0   67.28  327.0   15.0      --
 92  04/05/2020  1900    46.1   37.9    10.2     0.000   0   72.84  321.7   14.8      --
 93  04/05/2020  2000    45.4   37.8     9.1     0.000   0   74.69  316.3   14.6      --
 94  04/05/2020  2100    43.1   37.5     8.0     0.000   0   80.68  310.9   14.6      --
 95  04/05/2020  2200    40.7   37.1     6.9     0.000   0   86.87  305.5   14.8     877
 96  04/05/2020  2300    40.3   36.9     7.0     0.000   0   87.35  309.7   14.6      --
 97  04/06/2020  0000    40.2   36.7     7.0     0.000   0   87.23  313.9   14.6      --
 98  04/06/2020  0100    39.9   36.5     7.0     0.000   0   87.36  318.1   14.6      --
 99  04/06/2020  0200    39.7   36.3     7.0     0.000   0   87.72  322.4   14.7      --
100  04/06/2020  0300    39.4   36.2     7.1     0.000   0   88.33  326.5   14.8      --
101  04/06/2020  0400    39.1   36.2     7.1     0.000   0   89.18  330.5   15.1     280
102  04/06/2020  0500    38.8   36.4     6.6     0.000   0   90.85  328.1   13.9      --
103  04/06/2020  0600    38.6   36.6     6.1     0.000   5   92.24  325.3   12.8      --
104  04/06/2020  0700    39.0   36.7     5.6     0.000  10   91.32  321.9   11.7      --
105  04/06/2020  0800    40.2   37.0     5.1     0.000   5   88.06  317.8   10.6      --
106  04/06/2020  0900    42.2   33.5     4.6     0.000   0   71.21  312.9    9.7      --
107  04/06/2020  1000    44.7   33.4     4.1     0.000   0   64.44  306.9    8.8    6263
108  04/06/2020  1100    47.3   33.3     3.9     0.000   0   58.02  303.9    8.4      --
109  04/06/2020  1200    49.9   33.2     3.8     0.000   0   52.43  300.6    8.1      --
110  04/06/2020  1300    51.7   33.1     3.7     0.000   0   48.89  297.1    7.8      --
111  04/06/2020  1400    52.5   33.1     3.6     0.000   0   47.36  293.2    7.5      --
112  04/06/2020  1500    52.8   33.0     3.4     0.000   0   46.80  289.1    7.2      --
113  04/06/2020  1600    52.8   33.0     3.3     0.000   0   46.75  284.7    7.0    7979
114  04/06/2020  1700    52.6   33.4     3.6     0.000   0   47.82  283.3    8.7      --
115  04/06/2020  1800    51.5   34.4     3.9     0.000   0   51.94  282.4   10.3      --
116  04/06/2020  1900    49.1   33.3     4.2     0.000   0   54.31  281.7   12.0      --
117  04/06/2020  2000    47.8   33.3     4.5     0.000   0   57.01  281.1   13.6      --
118  04/06/2020  2100    45.5   33.3     4.8     0.000   0   62.28  280.7   15.3      --
119  04/06/2020  2200    43.1   33.7     5.2     0.000   0   69.11  280.4   17.0    1494
120  04/06/2020  2300    42.4   33.3     4.6     0.000   0   69.94  277.6   14.5      --
121  04/07/2020  0000    42.4   33.3     4.0     0.000   0   69.94  273.5   12.0      --
122  04/07/2020  0100    42.4   33.7     2.4     0.000   0   70.97  267.5    9.7      --
123  04/07/2020  0200    42.4   33.4     2.7     0.000   0   70.37  257.9    7.5      --
124  04/07/2020  0300    42.3   33.3     2.3     0.000   0   70.36  241.3    5.7      --
125  04/07/2020  0400    43.0   33.3     1.8     0.000   0   68.33  214.4    4.7    4063
126  04/07/2020  0500    42.0   33.3     1.9     0.000   0   71.18  209.9    4.8      --
127  04/07/2020  0600    41.8   33.6     2.1     0.000   0   72.24  205.5    4.8      --
128  04/07/2020  0700    41.9   34.3     2.2     0.000   0   74.15  201.2    4.9      --
129  04/07/2020  0800    42.1   35.3     2.4     0.000   0   76.59  197.1    5.0      --
130  04/07/2020  0900    42.5   37.1     2.5     0.000   0   81.06  193.2    5.2      --
131  04/07/2020  1000    43.0   37.4     2.7     0.000   0   80.45  189.5    5.3    3465
132  04/07/2020  1100    44.0   38.1     3.7     0.000   0   79.49  208.5    3.0      --
133  04/07/2020  1200    46.9   38.3     4.7     0.000   0   71.95  269.2    2.0      --
134  04/07/2020  1300    49.7   38.2     5.8     0.000   0   64.45  315.5    3.6      --
135  04/07/2020  1400    51.0   38.0     6.8     0.000   0   60.86  329.2    6.1      --
136  04/07/2020  1500    51.7   37.8     7.8     0.000   0   59.11  335.0    8.6      --
137  04/07/2020  1600    51.8   37.7     8.9     0.000   0   58.59  338.0   11.3    5536
138  04/07/2020  1700    51.4   37.7     7.9     0.000   0   59.47  335.7   10.6      --
139  04/07/2020  1800    50.2   37.8     6.9     0.000   0   62.09  333.0   10.0      --
140  04/07/2020  1900    47.9   38.0     6.0     0.000   0   68.44  330.0    9.4      --
141  04/07/2020  2000    46.6   38.1     4.0     0.000   0   72.15  326.5    8.8      --
142  04/07/2020  2100    44.2   38.1     2.6     0.000   0   78.85  322.6    8.3      --
143  04/07/2020  2200    41.9   38.2     1.6     0.000   5   86.46  318.2    7.8    1325
144  04/07/2020  2300    41.6   38.2     1.4     0.000  10   87.58  322.7    6.2      --
145  04/08/2020  0000    41.5   38.2     1.2     0.000  10   87.84  330.1    4.7      --
146  04/08/2020  0100    41.4   38.2     1.1     0.000  10   88.18  344.0    3.4      --
147  04/08/2020  0200    41.4   38.2     0.9     0.000  10   88.42   11.6    2.4      --
148  04/08/2020  0300    41.3   38.2     0.8     0.000  10   88.67   51.4    2.5      --
149  04/08/2020  0400    41.2   38.2     0.7     0.000  10   88.93   78.6    3.4    1324
150  04/08/2020  0500    41.2   38.2     0.9     0.000  10   88.88   60.3    2.3      --
151  04/08/2020  0600    41.0   38.2     1.3     0.000  10   89.70   24.1    1.8      --
152  04/08/2020  0700    41.4   38.8     1.7     0.000  10   90.49  345.3    2.2      --
153  04/08/2020  0800    42.5   39.9     2.2     0.000  10   90.58  324.7    3.2      --
154  04/08/2020  0900    44.2   41.0     2.5     0.000  10   88.59  314.6    4.4      --
155  04/08/2020  1000    46.4   42.0     2.8     0.000   5   84.63  309.0    5.7    3415
156  04/08/2020  1100    48.9   42.7     2.9     0.000   0   79.09  303.6    5.8      --
157  04/08/2020  1200    51.7   43.0     3.0     0.000   0   71.97  298.6    6.0      --
158  04/08/2020  1300    53.7   43.0     3.1     0.000   0   67.01  293.8    6.2      --
159  04/08/2020  1400    54.5   42.6     3.3     0.000   0   64.08  289.4    6.5      --
160  04/08/2020  1500    54.8   41.6     3.4     0.000   0   61.00  285.3    6.8      --
161  04/08/2020  1600    54.8   40.3     3.5     0.000   0   58.19  281.6    7.1    4188
162  04/08/2020  1700    54.5   39.4     3.2     0.000   0   56.52  282.6    5.3      --
163  04/08/2020  1800    52.5   39.0     2.8     0.000   0   59.90  284.6    3.6      --
164  04/08/2020  1900    48.4   41.2     2.4     0.000   0   76.09  290.1    1.9      --
165  04/08/2020  2000    46.2   41.9     1.4     0.000   5   84.87  344.7    0.4      --
166  04/08/2020  2100    43.9   42.0     0.9     0.000  10   93.08   84.1    1.6      --
167  04/08/2020  2200    41.5   40.7     0.6     0.000  10   96.93   91.5    3.3    1223
