  Generated by FoxLW on Thursday April 2, 2020 at 02:32 PDT
-------------------------------------------------------------------------------
  Pogue Flat
  48.4400:-119.5300  (48 26' 24.00"N  119 31' 48.00"W)  elev 1256.6 feet    file: 330104
-------------------------------------------------------------------------------

Line#   Date     Hour   TempF  DewPtF WS(mph)  Rain(in) LW    RH%  WDir_50m WS_50m Inv(ft)
  5  04/02/2020  0400    29.8    8.5    16.0     0.000   0   40.03    8.1   20.1    2144
  6  04/02/2020  0500    29.4    8.7    13.9     0.000   0   41.13    7.1   18.0      --
  7  04/02/2020  0600    29.0   10.4    11.8     0.000   0   45.10    5.8   15.9      --
  8  04/02/2020  0700    29.2   11.6     9.8     0.000   0   47.16    4.2   13.8      --
  9  04/02/2020  0800    29.9   13.1     7.7     0.000   0   49.03    2.0   11.8      --
 10  04/02/2020  0900    31.3   12.4     5.6     0.000   0   44.87  358.8    9.7      --
 11  04/02/2020  1000    33.2   17.8     3.5     0.000   0   52.47  354.0    7.8  no_inv
 12  04/02/2020  1100    35.9   15.1     5.0     0.000   0   41.94  333.2    4.7      --
 13  04/02/2020  1200    39.4   16.3     6.5     0.000   0   38.70  279.9    3.4      --
 14  04/02/2020  1300    42.5   17.8     8.0     0.000   0   36.44  237.7    5.6      --
 15  04/02/2020  1400    44.4   18.5     9.5     0.000   0   35.13  222.5    8.9      --
 16  04/02/2020  1500    45.7   18.8    11.0     0.000   0   33.79  215.8   12.4      --
 17  04/02/2020  1600    46.6   18.9    12.5     0.000   0   32.77  212.1   16.1  no_inv
 18  04/02/2020  1700    47.2   18.9    10.7     0.000   0   32.01  211.3   12.9      --
 19  04/02/2020  1800    46.7   18.9     8.9     0.000   0   32.58  209.9    9.7      --
 20  04/02/2020  1900    45.8   19.3     7.0     0.000   0   34.48  207.1    6.6      --
 21  04/02/2020  2000    45.2   19.1     5.2     0.000   0   34.83  199.3    3.4      --
 22  04/02/2020  2100    42.9   18.9     3.3     0.000   0   37.71  131.7    1.0      --
 23  04/02/2020  2200    40.5   18.3     1.5     0.000   0   40.29   52.9    3.2     483
 24  04/02/2020  2300    37.9   18.3     1.4     0.000   0   44.61   63.2    2.6      --
 25  04/03/2020  0000    36.7   18.3     1.4     0.000   0   46.76   79.2    2.1      --
 26  04/03/2020  0100    35.6   18.3     1.4     0.000   0   48.85  102.0    1.9      --
 27  04/03/2020  0200    34.7   18.3     1.4     0.000   0   50.78  126.8    2.0      --
 28  04/03/2020  0300    33.8   18.3     1.4     0.000   0   52.49  146.2    2.3      --
 29  04/03/2020  0400    34.1   18.3     1.3     0.000   0   52.01  159.0    2.9     631
 30  04/03/2020  0500    32.7   18.3     1.5     0.000   0   55.01  179.0    2.4      --
 31  04/03/2020  0600    32.3   18.3     1.6     0.000   0   55.71  205.0    2.3      --
 32  04/03/2020  0700    32.8   18.3     1.8     0.000   0   54.71  228.5    2.6      --
 33  04/03/2020  0800    34.2   18.3     2.0     0.000   0   51.64  244.6    3.3      --
 34  04/03/2020  0900    36.7   16.7     2.1     0.000   0   43.69  254.8    4.1      --
 35  04/03/2020  1000    39.9   16.2     2.3     0.000   0   37.63  261.4    5.0  no_inv
 36  04/03/2020  1100    43.5   15.7     4.7     0.000   0   32.11  275.4    7.6      --
 37  04/03/2020  1200    46.9   15.2     7.1     0.000   0   27.60  282.2   10.4      --
 38  04/03/2020  1300    49.4   15.3     9.5     0.000   0   25.25  286.0   13.3      --
 39  04/03/2020  1400    50.7   15.3    11.9     0.000   0   24.09  288.5   16.2      --
 40  04/03/2020  1500    51.2   14.8    14.3     0.000   0   23.10  290.2   19.2      --
 41  04/03/2020  1600    51.4   14.2    16.7     0.000   0   22.28  291.5   22.1  no_inv
 42  04/03/2020  1700    51.3   14.2    16.5     0.000   0   22.35  301.5   19.1      --
 43  04/03/2020  1800    48.5   14.1    16.2     0.000   0   24.78  314.8   16.9      --
 44  04/03/2020  1900    42.8   14.1    15.9     0.000   0   30.74  330.9   15.7      --
 45  04/03/2020  2000    39.7   14.1    15.6     0.000   0   34.68  347.9   16.0      --
 46  04/03/2020  2100    37.3   14.0    15.3     0.000   0   37.82    3.2   17.5      --
 47  04/03/2020  2200    35.0   13.9    15.1     0.000   0   41.37   15.2   20.1  no_inv
 48  04/03/2020  2300    33.7   13.9    15.0     0.000   0   43.46   14.2   19.8      --
 49  04/04/2020  0000    33.6   13.8    14.9     0.000   0   43.48   13.2   19.4      --
 50  04/04/2020  0100    33.4   13.7    14.8     0.000   0   43.73   12.2   19.1      --
 51  04/04/2020  0200    33.1   13.7    14.7     0.000   0   44.17   11.1   18.8      --
 52  04/04/2020  0300    32.8   13.7    14.6     0.000   0   44.77   10.0   18.5      --
 53  04/04/2020  0400    32.4   13.7    14.6     0.000   0   45.50    8.8   18.2    1938
 54  04/04/2020  0500    31.9   13.7    12.4     0.000   0   46.44    8.0   15.7      --
 55  04/04/2020  0600    31.6   15.4    10.2     0.000   0   50.54    6.9   13.2      --
 56  04/04/2020  0700    31.8   16.2     8.1     0.000   0   51.92    5.2   10.8      --
 57  04/04/2020  0800    32.6   14.5     5.9     0.000   0   46.75    2.7    8.4      --
 58  04/04/2020  0900    34.1   17.1     3.8     0.000   0   49.30  357.9    5.9      --
 59  04/04/2020  1000    36.2   17.1     1.6     0.000   0   45.39  347.0    3.6    8279
 60  04/04/2020  1100    38.8   17.1     2.1     0.000   0   40.90  347.2    4.5      --
 61  04/04/2020  1200    42.0   17.1     2.5     0.000   0   36.20  347.3    5.3      --
 62  04/04/2020  1300    44.8   17.1     2.9     0.000   0   32.50  347.4    6.2      --
 63  04/04/2020  1400    46.4   17.1     3.3     0.000   0   30.57  347.5    7.1      --
 64  04/04/2020  1500    47.5   17.1     3.7     0.000   0   29.29  347.5    7.9      --
 65  04/04/2020  1600    48.3   17.1     4.2     0.000   0   28.47  347.6    8.8  no_inv
 66  04/04/2020  1700    48.8   17.1     5.9     0.000   0   27.97  338.0    4.4      --
 67  04/04/2020  1800    47.5   17.2     7.7     0.000   0   29.54  250.1    1.5      --
 68  04/04/2020  1900    44.8   19.4     9.5     0.000   0   35.95  192.4    5.2      --
 69  04/04/2020  2000    43.3   19.3    11.3     0.000   0   37.76  185.0    9.6      --
 70  04/04/2020  2100    41.0   18.0    13.1     0.000   0   39.09  182.3   14.1      --
 71  04/04/2020  2200    38.6   18.3    14.8     0.000   0   43.39  181.0   18.7     535
 72  04/04/2020  2300    37.5   18.6    14.8     0.000   0   45.93  180.2   12.5      --
 73  04/05/2020  0000    37.0   18.9    14.7     0.000   0   47.43  178.1    6.4      --
 74  04/05/2020  0100    36.5   19.1    14.7     0.000   0   48.94  118.6    0.5      --
 75  04/05/2020  0200    35.9   19.3    14.6     0.000   0   50.36    7.1    5.9      --
 76  04/05/2020  0300    35.5   19.4    14.6     0.000   0   51.59    4.7   12.1      --
 77  04/05/2020  0400    35.0   19.5    14.6     0.000   0   52.59    3.9   18.2    1607
 78  04/05/2020  0500    34.6   19.6    12.8     0.000   0   53.67    2.7   16.6      --
 79  04/05/2020  0600    34.3   21.4    11.0     0.000   0   58.59    1.1   14.9      --
 80  04/05/2020  0700    34.6   22.5     9.2     0.000   0   60.74  359.2   13.3      --
 81  04/05/2020  0800    35.7   21.2     7.5     0.000   0   55.25  356.8   11.8      --
 82  04/05/2020  0900    37.5   22.0     5.7     0.000   0   53.29  353.6   10.2      --
 83  04/05/2020  1000    40.0   26.4     3.9     0.000   0   57.96  349.2    8.7  no_inv
 84  04/05/2020  1100    43.3   26.4     3.4     0.000   0   50.95  348.3    7.5      --
 85  04/05/2020  1200    47.1   26.4     2.8     0.000   0   44.12  347.0    6.2      --
 86  04/05/2020  1300    50.3   26.4     2.3     0.000   0   39.25  345.0    5.0      --
 87  04/05/2020  1400    52.1   26.4     1.8     0.000   0   36.63  341.8    3.8      --
 88  04/05/2020  1500    53.4   26.4     1.2     0.000   0   34.92  335.7    2.7      --
 89  04/05/2020  1600    54.3   26.4     0.7     0.000   0   33.88  320.6    1.6  no_inv
 90  04/05/2020  1700    54.4   26.4     2.0     0.000   0   33.76  200.6    2.3      --
 91  04/05/2020  1800    52.6   26.5     3.3     0.000   0   36.06  186.5    5.5      --
 92  04/05/2020  1900    49.0   26.4     4.6     0.000   0   41.19  182.8    8.8      --
 93  04/05/2020  2000    47.0   27.1     5.9     0.000   0   45.61  181.2   12.2      --
 94  04/05/2020  2100    44.6   28.0     7.2     0.000   0   51.87  180.2   15.5      --
 95  04/05/2020  2200    42.3   28.7     8.5     0.000   0   58.20  179.6   18.9     420
 96  04/05/2020  2300    41.0   28.7     8.5     0.000   0   61.30  178.1   12.7      --
 97  04/06/2020  0000    40.2   28.8     8.5     0.000   0   63.41  173.6    6.5      --
 98  04/06/2020  0100    39.4   28.9     8.4     0.000   0   65.59  104.1    1.1      --
 99  04/06/2020  0200    38.6   28.9     8.4     0.000   0   67.72   12.6    6.1      --
100  04/06/2020  0300    37.9   28.9     8.4     0.000   0   69.72    7.7   12.3      --
101  04/06/2020  0400    38.2   28.9     8.3     0.000   0   69.01    6.0   18.5  no_inv
102  04/06/2020  0500    36.8   28.5     7.6     0.000   0   71.80   11.0   15.6      --
103  04/06/2020  0600    36.4   27.8     6.8     0.000   0   70.72   18.1   12.9      --
104  04/06/2020  0700    36.8   27.2     6.0     0.000   0   67.75   28.7   10.5      --
105  04/06/2020  0800    38.2   26.3     5.2     0.000   0   61.86   44.6    8.6      --
106  04/06/2020  0900    40.6   26.0     4.4     0.000   0   55.66   66.3    7.8      --
107  04/06/2020  1000    43.9   25.7     3.6     0.000   0   48.41   89.6    8.1    8434
108  04/06/2020  1100    47.8   25.4     5.4     0.000   0   41.25   69.2    4.6      --
109  04/06/2020  1200    52.7   25.1     7.2     0.000   0   34.00    6.6    3.2      --
110  04/06/2020  1300    56.7   25.5     9.0     0.000   0   29.84  323.3    5.9      --
111  04/06/2020  1400    58.9   25.9    10.7     0.000   0   27.98  310.3    9.7      --
112  04/06/2020  1500    60.0   25.8    12.5     0.000   0   26.79  304.7   13.7      --
113  04/06/2020  1600    60.6   25.3    14.3     0.000   0   25.74  301.7   17.8    8504
114  04/06/2020  1700    60.8   25.5    13.7     0.000   0   25.84  310.7   15.2      --
115  04/06/2020  1800    58.0   25.4    13.2     0.000   0   28.31  323.1   13.0      --
116  04/06/2020  1900    52.4   25.0    12.7     0.000   0   34.19  339.2   11.7      --
117  04/06/2020  2000    49.3   24.4    12.1     0.000   0   37.39  357.6   11.5      --
118  04/06/2020  2100    47.0   25.0    11.6     0.000   0   41.80   14.9   12.4      --
119  04/06/2020  2200    44.6   24.8    11.1     0.000   0   45.36   28.8   14.2     511
120  04/06/2020  2300    42.9   24.2    11.8     0.000   0   47.42   27.5   15.1      --
121  04/07/2020  0000    42.4   22.5    12.4     0.000   0   44.94   26.3   15.9      --
122  04/07/2020  0100    41.8   22.2    13.1     0.000   0   45.39   25.3   16.8      --
123  04/07/2020  0200    41.2   22.0    13.7     0.000   0   46.01   24.3   17.6      --
124  04/07/2020  0300    40.7   21.9    14.4     0.000   0   46.77   23.5   18.5      --
125  04/07/2020  0400    40.1   21.9    15.1     0.000   0   47.68   22.7   19.4     648
126  04/07/2020  0500    39.6   21.9    15.2     0.000   0   48.65   19.6   19.3      --
127  04/07/2020  0600    39.3   21.9    15.3     0.000   0   49.35   16.6   19.3      --
128  04/07/2020  0700    40.0   22.0    15.4     0.000   0   48.16   13.5   19.3      --
129  04/07/2020  0800    41.9   22.1    15.6     0.000   0   44.90   10.5   19.4      --
130  04/07/2020  0900    45.0   22.2    15.7     0.000   0   40.05    7.5   19.6      --
131  04/07/2020  1000    48.9   22.3    15.8     0.000   0   34.72    4.5   19.8  no_inv
132  04/07/2020  1100    53.0   22.4    14.6     0.000   0   30.00    4.8   18.4      --
133  04/07/2020  1200    56.6   22.5    13.3     0.000   0   26.45    5.0   17.1      --
134  04/07/2020  1300    59.1   22.9    12.1     0.000   0   24.58    5.4   15.7      --
135  04/07/2020  1400    60.3   23.5    10.8     0.000   0   24.09    5.7   14.4      --
136  04/07/2020  1500    60.8   24.2     9.6     0.000   0   24.37    6.2   13.0      --
137  04/07/2020  1600    61.0   24.7     8.3     0.000   0   24.75    6.8   11.6    7003
138  04/07/2020  1700    60.8   24.7     9.6     0.000   0   24.90   26.1   10.4      --
139  04/07/2020  1800    58.3   23.9    11.0     0.000   0   26.41   47.8   10.4      --
140  04/07/2020  1900    53.1   23.2    12.3     0.000   0   30.94   66.4   11.9      --
141  04/07/2020  2000    50.2   22.7    13.7     0.000   0   33.65   80.0   14.3      --
142  04/07/2020  2100    47.9   22.4    15.0     0.000   0   36.24   89.3   17.3      --
143  04/07/2020  2200    45.6   22.3    16.4     0.000   0   39.41   95.7   20.5    1550
144  04/07/2020  2300    43.6   22.2    15.8     0.000   0   42.21  105.2   17.7      --
145  04/08/2020  0000    42.8   22.1    15.2     0.000   0   43.44  117.8   15.6      --
146  04/08/2020  0100    41.9   22.0    14.7     0.000   0   44.77  133.5   14.4      --
147  04/08/2020  0200    41.1   22.0    14.1     0.000   0   46.13  150.5   14.4      --
148  04/08/2020  0300    40.3   21.9    13.6     0.000   0   47.49  166.2   15.6      --
149  04/08/2020  0400    39.5   21.9    13.0     0.000   0   48.81  178.8   17.7     816
150  04/08/2020  0500    38.9   23.4    11.5     0.000   0   53.30  179.4   16.2      --
151  04/08/2020  0600    38.5   24.0    10.0     0.000   0   55.43  180.2   14.6      --
152  04/08/2020  0700    39.0   24.8     8.5     0.000   0   56.38  181.1   13.1      --
153  04/08/2020  0800    40.5   23.5     7.0     0.000   0   50.27  182.3   11.6      --
154  04/08/2020  0900    43.2   24.3     5.5     0.000   0   46.99  183.9   10.0      --
155  04/08/2020  1000    46.7   28.4     4.0     0.000   0   48.57  186.0    8.5    3795
156  04/08/2020  1100    51.0   26.0     5.0     0.000   0   37.46  189.8    9.1      --
157  04/08/2020  1200    56.8   26.8     6.0     0.000   0   31.33  193.0    9.8      --
158  04/08/2020  1300    61.7   27.9     7.0     0.000   0   27.58  195.8   10.4      --
159  04/08/2020  1400    64.6   28.7     8.0     0.000   0   25.78  198.3   11.1      --
160  04/08/2020  1500    66.1   29.2     9.0     0.000   0   24.94  200.5   11.8      --
161  04/08/2020  1600    66.9   29.5    10.1     0.000   0   24.50  202.5   12.6    8351
162  04/08/2020  1700    67.3   29.5     8.8     0.000   0   24.23  199.6   11.1      --
163  04/08/2020  1800    65.4   29.2     7.5     0.000   0   25.59  195.8    9.7      --
164  04/08/2020  1900    61.5   29.2     6.2     0.000   0   29.31  190.9    8.4      --
165  04/08/2020  2000    59.3   29.0     4.9     0.000   0   31.45  184.0    7.1      --
166  04/08/2020  2100    57.0   28.7     3.6     0.000   0   33.73  174.5    6.0      --
167  04/08/2020  2200    54.6   28.7     2.3     0.000   0   36.71  161.1    5.1      72
