  Generated by FoxLW on Thursday April 2, 2020 at 02:32 PDT
-------------------------------------------------------------------------------
  East Wenatchee
  47.4000:-120.2000  (47 23' 60.00"N  120 12' 0.00"W)  elev 1240.2 feet    file: 330166
-------------------------------------------------------------------------------

Line#   Date     Hour   TempF  DewPtF WS(mph)  Rain(in) LW    RH%  WDir_50m WS_50m Inv(ft)
  5  04/02/2020  0400    27.1   18.6     0.9     0.000   0   69.90  286.2    2.0    3716
  6  04/02/2020  0500    26.5   18.8     1.2     0.000   0   72.00  253.3    1.0      --
  7  04/02/2020  0600    26.1   24.2     1.5     0.000   5   92.03  184.4    1.2      --
  8  04/02/2020  0700    26.7   26.7     1.8     0.000  10  100.00  157.7    2.2      --
  9  04/02/2020  0800    28.4   28.3     2.0     0.000  10   99.57  148.8    3.3      --
 10  04/02/2020  0900    31.4   28.3     2.3     0.000  10   88.10  144.5    4.6      --
 11  04/02/2020  1000    35.3   28.3     2.6     0.000   5   75.50  142.1    5.8  no_inv
 12  04/02/2020  1100    38.9   28.3     2.5     0.000   0   65.51  144.5    5.4      --
 13  04/02/2020  1200    41.6   28.3     2.3     0.000   0   58.95  147.4    5.0      --
 14  04/02/2020  1300    43.7   28.3     2.1     0.000   0   54.45  150.6    4.7      --
 15  04/02/2020  1400    44.8   28.3     2.0     0.000   0   52.18  154.4    4.3      --
 16  04/02/2020  1500    45.5   28.3     1.8     0.000   0   50.71  158.9    4.0      --
 17  04/02/2020  1600    46.0   28.3     1.7     0.000   0   49.88  164.1    3.7  no_inv
 18  04/02/2020  1700    46.0   28.3     3.4     0.000   0   49.82  219.0    3.4      --
 19  04/02/2020  1800    44.5   27.5     5.1     0.000   0   50.99  251.8    5.6      --
 20  04/02/2020  1900    41.5   28.5     6.8     0.000   0   59.37  264.3    8.5      --
 21  04/02/2020  2000    39.9   27.4     8.5     0.000   0   60.57  270.3   11.7      --
 22  04/02/2020  2100    37.5   25.9    10.2     0.000   0   62.40  273.7   14.9      --
 23  04/02/2020  2200    35.2   23.8    11.9     0.000   0   62.71  276.0   18.1  no_inv
 24  04/02/2020  2300    33.8   22.3    11.9     0.000   0   62.11  277.4   18.0      --
 25  04/03/2020  0000    33.0   20.9    11.9     0.000   0   60.54  278.9   17.9      --
 26  04/03/2020  0100    32.2   19.6    11.8     0.000   0   59.46  280.4   17.8      --
 27  04/03/2020  0200    31.4   18.7    11.8     0.000   0   58.97  282.0   17.7      --
 28  04/03/2020  0300    30.7   18.1    11.8     0.000   0   59.18  283.5   17.6      --
 29  04/03/2020  0400    30.0   17.9    11.8     0.000   0   60.16  285.0   17.6    1197
 30  04/03/2020  0500    29.5   18.2    11.1     0.000   0   62.17  288.2   16.5      --
 31  04/03/2020  0600    29.2   18.6    10.5     0.000   0   64.23  291.8   15.4      --
 32  04/03/2020  0700    29.9   19.1     9.8     0.000   0   63.87  295.8   14.4      --
 33  04/03/2020  0800    31.9   19.6     9.2     0.000   0   59.95  300.5   13.5      --
 34  04/03/2020  0900    35.3   18.1     8.5     0.000   0   49.17  305.8   12.7      --
 35  04/03/2020  1000    39.5   18.7     7.9     0.000   0   42.71  311.8   12.0  no_inv
 36  04/03/2020  1100    43.6   19.2     8.6     0.000   0   37.34  307.8   13.1      --
 37  04/03/2020  1200    46.6   19.8     9.4     0.000   0   33.99  304.5   14.3      --
 38  04/03/2020  1300    48.7   20.9    10.1     0.000   0   32.98  301.7   15.5      --
 39  04/03/2020  1400    49.6   21.6    10.8     0.000   0   32.85  299.3   16.8      --
 40  04/03/2020  1500    50.0   22.0    11.6     0.000   0   32.94  297.3   18.0      --
 41  04/03/2020  1600    50.1   22.2    12.3     0.000   0   33.12  295.5   19.3  no_inv
 42  04/03/2020  1700    49.8   22.2    12.2     0.000   0   33.47  296.9   19.1      --
 43  04/03/2020  1800    47.6   21.8    12.1     0.000   0   35.78  298.4   18.8      --
 44  04/03/2020  1900    43.0   21.9    11.9     0.000   0   42.81  299.9   18.6      --
 45  04/03/2020  2000    40.5   21.6    11.8     0.000   0   46.49  301.4   18.3      --
 46  04/03/2020  2100    38.1   21.1    11.7     0.000   0   49.81  303.0   18.1      --
 47  04/03/2020  2200    35.8   20.7    11.6     0.000   0   53.73  304.6   17.9  no_inv
 48  04/03/2020  2300    33.9   20.8     9.9     0.000   0   58.16  305.8   15.2      --
 49  04/04/2020  0000    33.0   20.4     8.1     0.000   0   59.37  307.4   12.6      --
 50  04/04/2020  0100    32.0   20.8     6.4     0.000   0   62.70  310.0    9.9      --
 51  04/04/2020  0200    31.2   21.1     4.6     0.000   0   65.97  314.4    7.3      --
 52  04/04/2020  0300    30.3   21.4     2.9     0.000   0   68.98  323.6    4.7      --
 53  04/04/2020  0400    29.6   21.9     1.1     0.000   0   72.56  350.8    2.6    2535
 54  04/04/2020  0500    29.0   21.9     1.2     0.000   0   74.42    4.3    1.8      --
 55  04/04/2020  0600    28.6   21.9     1.3     0.000   0   75.70   35.1    1.2      --
 56  04/04/2020  0700    29.1   21.9     1.4     0.000   0   74.10   81.9    1.2      --
 57  04/04/2020  0800    30.8   21.9     1.5     0.000   0   69.21  109.2    1.9      --
 58  04/04/2020  0900    33.7   16.7     1.5     0.000   0   49.22  121.2    2.7      --
 59  04/04/2020  1000    37.5   16.3     1.6     0.000   0   41.67  127.5    3.6    6620
 60  04/04/2020  1100    41.8   16.0     1.9     0.000   0   34.74  135.8    4.0      --
 61  04/04/2020  1200    46.3   15.7     2.1     0.000   0   28.95  142.3    4.5      --
 62  04/04/2020  1300    49.7   15.5     2.3     0.000   0   25.14  147.6    5.0      --
 63  04/04/2020  1400    51.6   15.3     2.6     0.000   0   23.29  151.8    5.6      --
 64  04/04/2020  1500    52.5   15.2     2.8     0.000   0   22.41  155.1    6.2      --
 65  04/04/2020  1600    52.9   15.1     3.1     0.000   0   22.01  157.9    6.8  no_inv
 66  04/04/2020  1700    53.0   15.3     4.0     0.000   0   22.13  139.3    4.5      --
 67  04/04/2020  1800    52.0   15.8     4.9     0.000   0   23.44   98.5    3.3      --
 68  04/04/2020  1900    50.0   16.3     5.8     0.000   0   25.82   56.5    4.4      --
 69  04/04/2020  2000    48.8   17.9     6.8     0.000   0   28.81   37.0    6.7      --
 70  04/04/2020  2100    46.5   20.2     7.7     0.000   0   34.80   28.0    9.3      --
 71  04/04/2020  2200    44.2   22.0     8.6     0.000   0   41.12   23.0   12.1    8231
 72  04/04/2020  2300    42.6   22.0     7.5     0.000   0   43.51   25.0    9.5      --
 73  04/05/2020  0000    41.7   19.9     6.4     0.000   0   41.28   28.4    6.9      --
 74  04/05/2020  0100    41.0   18.4     5.2     0.000   0   39.89   35.9    4.3      --
 75  04/05/2020  0200    40.3   15.4     4.1     0.000   0   35.91   62.0    2.0      --
 76  04/05/2020  0300    39.7   15.4     3.0     0.000   0   36.69  146.1    1.9      --
 77  04/05/2020  0400    40.2   15.4     1.9     0.000   0   36.01  175.4    4.2    2963
 78  04/05/2020  0500    39.0   15.4     1.7     0.000   0   37.71  179.1    3.5      --
 79  04/05/2020  0600    38.8   15.4     1.5     0.000   0   37.97  184.3    3.0      --
 80  04/05/2020  0700    38.9   15.4     1.3     0.000   0   37.92  191.9    2.4      --
 81  04/05/2020  0800    39.2   15.4     1.1     0.000   0   37.43  203.5    2.0      --
 82  04/05/2020  0900    39.9   20.8     0.9     0.000   0   46.06  221.3    1.6      --
 83  04/05/2020  1000    40.9   26.2     0.7     0.000   0   55.61  245.3    1.5    4880
 84  04/05/2020  1100    43.0   28.6     0.9     0.000   0   56.33  249.4    1.9      --
 85  04/05/2020  1200    46.8   28.6     1.0     0.000   0   48.86  252.0    2.3      --
 86  04/05/2020  1300    50.4   28.6     1.2     0.000   0   42.71  253.9    2.7      --
 87  04/05/2020  1400    52.8   28.6     1.4     0.000   0   39.10  255.2    3.1      --
 88  04/05/2020  1500    54.4   28.6     1.6     0.000   0   36.80  256.2    3.6      --
 89  04/05/2020  1600    55.5   28.6     1.8     0.000   0   35.35  257.0    4.0  no_inv
 90  04/05/2020  1700    55.5   28.6     2.9     0.000   0   35.45  274.0    5.2      --
 91  04/05/2020  1800    54.1   28.6     4.0     0.000   0   37.25  284.1    6.7      --
 92  04/05/2020  1900    51.4   28.7     5.1     0.000   0   41.32  290.3    8.4      --
 93  04/05/2020  2000    49.9   29.5     6.3     0.000   0   45.13  294.5   10.1      --
 94  04/05/2020  2100    47.5   33.3     7.4     0.000   0   57.62  297.4   11.8      --
 95  04/05/2020  2200    45.2   38.7     8.5     0.030   0   77.96  299.6   13.6  no_inv
 96  04/05/2020  2300    44.0   38.5     7.9     0.000   0   80.88  305.3   12.6      --
 97  04/06/2020  0000    43.1   37.6     7.3     0.000   0   80.73  312.0   11.7      --
 98  04/06/2020  0100    42.2   36.7     6.7     0.000   0   80.69  319.6   11.0      --
 99  04/06/2020  0200    41.3   35.9     6.1     0.000   0   80.66  328.0   10.6      --
100  04/06/2020  0300    40.6   35.2     5.5     0.000   0   80.79  337.0   10.4      --
101  04/06/2020  0400    39.9   34.5     4.8     0.000   0   80.60  346.1   10.4    1149
102  04/06/2020  0500    38.3   31.8     4.6     0.000   0   77.02  340.5    9.7      --
103  04/06/2020  0600    38.1   31.6     4.4     0.000   0   77.18  334.1    9.1      --
104  04/06/2020  0700    38.2   31.2     4.2     0.000   0   75.54  326.8    8.6      --
105  04/06/2020  0800    39.2   31.1     4.0     0.000   0   72.64  318.9    8.3      --
106  04/06/2020  0900    40.8   31.2     3.8     0.000   0   68.52  310.5    8.1      --
107  04/06/2020  1000    45.8   27.1     3.6     0.000   0   47.68  302.0    8.2  no_inv
108  04/06/2020  1100    49.0   26.6     5.9     0.000   0   41.41  305.5   11.5      --
109  04/06/2020  1200    52.5   26.1     8.2     0.000   0   35.67  307.4   14.8      --
110  04/06/2020  1300    55.1   26.3    10.5     0.000   0   32.64  308.6   18.1      --
111  04/06/2020  1400    56.4   26.1    12.7     0.000   0   30.98  309.5   21.5      --
112  04/06/2020  1500    57.0   25.5    15.0     0.000   0   29.62  310.1   24.8      --
113  04/06/2020  1600    57.2   25.1    17.3     0.000   0   28.88  310.5   28.2    7916
114  04/06/2020  1700    57.1   25.1    16.9     0.000   0   29.00  309.0   27.2      --
115  04/06/2020  1800    54.8   25.2    16.5     0.000   0   31.50  307.3   26.2      --
116  04/06/2020  1900    50.3   25.3    16.1     0.000   0   37.37  305.5   25.3      --
117  04/06/2020  2000    47.8   25.4    15.7     0.000   0   41.26  303.6   24.4      --
118  04/06/2020  2100    45.4   25.5    15.3     0.000   0   45.22  301.5   23.5      --
119  04/06/2020  2200    43.1   25.6    14.9     0.000   0   49.69  299.3   22.7    3578
120  04/06/2020  2300    42.0   25.7    15.1     0.000   0   52.06  299.4   22.9      --
121  04/07/2020  0000    42.0   25.8    15.2     0.000   0   52.41  299.6   23.0      --
122  04/07/2020  0100    41.8   25.9    15.4     0.000   0   52.93  299.8   23.2      --
123  04/07/2020  0200    41.6   26.0    15.6     0.000   0   53.55  300.0   23.4      --
124  04/07/2020  0300    41.3   26.0    15.7     0.000   0   54.23  300.1   23.5      --
125  04/07/2020  0400    41.0   26.0    15.9     0.000   0   54.93  300.3   23.7    2036
126  04/07/2020  0500    40.7   26.1    14.6     0.000   0   55.76  299.6   21.8      --
127  04/07/2020  0600    40.4   26.2    13.4     0.000   0   56.67  298.8   19.9      --
128  04/07/2020  0700    41.0   26.4    12.1     0.000   0   55.81  297.8   17.9      --
129  04/07/2020  0800    42.7   26.7    10.9     0.000   0   52.80  296.6   16.0      --
130  04/07/2020  0900    45.6   27.0     9.6     0.000   0   47.99  295.0   14.1      --
131  04/07/2020  1000    49.2   27.4     8.4     0.000   0   42.43  293.0   12.2    6128
132  04/07/2020  1100    53.1   27.7     8.9     0.000   0   37.27  293.6   13.1      --
133  04/07/2020  1200    56.7   28.0     9.6     0.000   0   33.15  294.0   14.0      --
134  04/07/2020  1300    59.3   28.8    10.1     0.000   0   31.09  294.5   14.9      --
135  04/07/2020  1400    60.6   29.3    10.8     0.000   0   30.29  294.8   15.8      --
136  04/07/2020  1500    61.2   29.6    11.4     0.000   0   30.04  295.2   16.6      --
137  04/07/2020  1600    61.4   29.7    11.9     0.000   0   30.01  295.5   17.5    8814
138  04/07/2020  1700    61.3   29.9    10.6     0.000   0   30.32  295.8   16.0      --
139  04/07/2020  1800    58.3   29.8     9.2     0.000   0   33.64  296.2   14.5      --
140  04/07/2020  1900    52.0   30.1     7.8     0.000   0   42.86  296.6   13.0      --
141  04/07/2020  2000    48.5   29.7     6.4     0.000   0   47.83  297.2   11.4      --
142  04/07/2020  2100    46.2   29.4     5.1     0.000   0   51.61  298.0    9.9      --
143  04/07/2020  2200    43.8   29.3     3.7     0.000   0   56.24  299.1    8.4     977
144  04/07/2020  2300    42.4   29.5     3.2     0.000   0   59.77  300.6    7.0      --
145  04/08/2020  0000    42.4   29.5     2.6     0.000   0   59.94  302.9    5.7      --
146  04/08/2020  0100    42.2   29.5     2.1     0.000   0   60.43  306.6    4.3      --
147  04/08/2020  0200    41.8   29.5     1.6     0.000   0   61.16  313.7    3.0      --
148  04/08/2020  0300    41.5   29.5     1.0     0.000   0   62.07  331.3    1.8      --
149  04/08/2020  0400    41.0   29.5     0.5     0.000   0   63.12   24.1    1.1    6068
150  04/08/2020  0500    40.6   29.5     0.9     0.000   0   64.27   85.6    1.3      --
151  04/08/2020  0600    40.2   29.5     1.4     0.000   0   65.16  111.3    2.3      --
152  04/08/2020  0700    40.8   29.5     1.8     0.000   0   63.69  120.7    3.4      --
153  04/08/2020  0800    42.5   28.4     2.3     0.000   0   57.18  125.3    4.6      --
154  04/08/2020  0900    45.4   28.4     2.7     0.000   0   51.24  128.0    5.8      --
155  04/08/2020  1000    49.2   28.4     3.2     0.000   0   44.32  129.8    7.1    4446
156  04/08/2020  1100    53.7   28.4     2.7     0.000   0   37.63  130.3    5.7      --
157  04/08/2020  1200    58.8   28.4     2.3     0.000   0   31.28  131.1    4.3      --
158  04/08/2020  1300    62.9   28.4     1.9     0.000   0   27.04  132.6    3.0      --
159  04/08/2020  1400    65.1   28.4     1.4     0.000   0   25.00  136.9    1.6      --
160  04/08/2020  1500    66.3   28.4     1.0     0.000   0   24.04  182.5    0.3      --
161  04/08/2020  1600    66.9   28.4     0.6     0.000   0   23.54  295.8    1.2    6245
162  04/08/2020  1700    67.0   28.4     2.6     0.000   0   23.41  305.8    4.2      --
163  04/08/2020  1800    64.7   28.4     4.7     0.000   0   25.41  307.5    7.3      --
164  04/08/2020  1900    59.8   29.6     6.7     0.000   0   31.57  308.2   10.4      --
165  04/08/2020  2000    57.2   30.4     8.8     0.000   0   35.98  308.6   13.4      --
166  04/08/2020  2100    54.8   30.2    10.8     0.000   0   38.73  308.8   16.5      --
167  04/08/2020  2200    52.5   28.4    12.9     0.000   0   39.31  309.0   19.5    3706
