  Generated by FoxLW on Thursday April 2, 2020 at 02:32 PDT
-------------------------------------------------------------------------------
  Arrowhead
  48.0600:-119.5500  (48 3' 36.00"N  119 32' 60.00"W)  elev 1210.6 feet    file: 331106
-------------------------------------------------------------------------------

Line#   Date     Hour   TempF  DewPtF WS(mph)  Rain(in) LW    RH%  WDir_50m WS_50m Inv(ft)
  5  04/02/2020  0400    25.0   11.9     5.8     0.000   0   56.98  354.8   10.6    1419
  6  04/02/2020  0500    24.4   12.2     4.9     0.000   0   59.02  354.1    8.8      --
  7  04/02/2020  0600    24.0   17.6     4.0     0.000   0   76.08  353.1    7.0      --
  8  04/02/2020  0700    24.5   23.0     3.0     0.000   5   93.99  351.4    5.2      --
  9  04/02/2020  0800    26.0   26.0     2.1     0.000  10  100.00  347.9    3.5      --
 10  04/02/2020  0900    28.8   26.4     1.2     0.000  10   90.50  337.1    1.7      --
 11  04/02/2020  1000    32.5   26.4     0.3     0.000   5   77.99  248.6    0.6  no_inv
 12  04/02/2020  1100    36.2   26.4     0.6     0.000   0   67.14  281.8    1.4      --
 13  04/02/2020  1200    39.4   26.4     0.9     0.000   0   59.30  290.5    2.3      --
 14  04/02/2020  1300    41.9   26.4     1.3     0.000   0   53.80  294.3    3.3      --
 15  04/02/2020  1400    43.3   26.4     1.6     0.000   0   51.05  296.4    4.2      --
 16  04/02/2020  1500    43.0   28.5     1.9     0.000   0   56.25  297.8    5.2      --
 17  04/02/2020  1600    42.2   30.7     2.3     0.010   0   63.57  298.7    6.1  no_inv
 18  04/02/2020  1700    43.0   29.7     2.4     0.000   0   58.90  291.0    6.0      --
 19  04/02/2020  1800    41.2   28.6     2.5     0.000   0   60.38  283.1    6.0      --
 20  04/02/2020  1900    37.6   28.0     2.6     0.000   0   67.87  275.3    6.1      --
 21  04/02/2020  2000    35.6   27.6     2.7     0.000   0   72.39  267.9    6.2      --
 22  04/02/2020  2100    33.2   27.1     2.8     0.000   0   77.87  261.0    6.5      --
 23  04/02/2020  2200    30.9   27.0     2.9     0.000   5   85.19  254.8    6.9  no_inv
 24  04/02/2020  2300    29.8   26.8     2.9     0.000  10   88.25  254.8    6.8      --
 25  04/03/2020  0000    29.3   26.7     2.8     0.000  10   89.64  254.9    6.7      --
 26  04/03/2020  0100    28.8   26.6     2.8     0.000  10   91.32  254.9    6.6      --
 27  04/03/2020  0200    28.2   26.5     2.8     0.000  10   93.19  254.9    6.4      --
 28  04/03/2020  0300    27.6   26.4     2.7     0.000  10   95.16  254.9    6.3      --
 29  04/03/2020  0400    27.1   26.2     2.7     0.000  10   96.34  255.0    6.2    1127
 30  04/03/2020  0500    26.6   25.7     2.5     0.000  10   95.97  255.4    5.7      --
 31  04/03/2020  0600    26.2   25.3     2.3     0.000  10   96.17  255.9    5.2      --
 32  04/03/2020  0700    26.9   26.0     2.1     0.000  10   96.34  256.6    4.7      --
 33  04/03/2020  0800    29.0   26.4     1.9     0.000  10   89.77  257.4    4.2      --
 34  04/03/2020  0900    32.6   21.0     1.7     0.000   5   61.87  258.4    3.8      --
 35  04/03/2020  1000    37.2   16.1     1.5     0.000   0   41.73  259.7    3.3  no_inv
 36  04/03/2020  1100    41.9   15.3     3.8     0.000   0   33.59  278.5    6.0      --
 37  04/03/2020  1200    45.7   14.7     6.2     0.000   0   28.19  285.3    9.0      --
 38  04/03/2020  1300    48.5   15.0     8.5     0.000   0   25.78  288.7   12.1      --
 39  04/03/2020  1400    49.9   15.4    10.9     0.000   0   24.92  290.7   15.1      --
 40  04/03/2020  1500    50.6   14.9    13.2     0.000   0   23.77  292.0   18.2      --
 41  04/03/2020  1600    50.8   13.6    15.6     0.000   0   22.18  293.0   21.3  no_inv
 42  04/03/2020  1700    50.8   14.9    13.8     0.000   0   23.60  300.0   19.3      --
 43  04/03/2020  1800    47.2   15.4    12.0     0.000   0   27.59  308.6   17.6      --
 44  04/03/2020  1900    39.8   15.9    10.3     0.000   0   37.38  318.6   16.4      --
 45  04/03/2020  2000    35.7   16.0     8.5     0.000   0   44.24  329.9   15.7      --
 46  04/03/2020  2100    33.3   15.9     6.8     0.000   0   48.21  341.7   15.7      --
 47  04/03/2020  2200    31.0   16.1     5.0     0.000   0   53.53  352.9   16.4  no_inv
 48  04/03/2020  2300    28.9   16.2     4.7     0.000   0   58.71  354.8   14.9      --
 49  04/04/2020  0000    28.3   16.4     4.5     0.000   0   60.37  357.0   13.6      --
 50  04/04/2020  0100    27.7   16.4     4.2     0.000   0   62.01  359.8   12.2      --
 51  04/04/2020  0200    27.0   16.4     4.0     0.000   0   63.85    3.2   10.8      --
 52  04/04/2020  0300    26.2   16.4     3.8     0.000   0   65.81    7.6    9.6      --
 53  04/04/2020  0400    25.5   16.4     3.5     0.000   0   67.82   13.3    8.3    1102
 54  04/04/2020  0500    24.8   16.4     3.2     0.000   0   69.81   18.7    7.2      --
 55  04/04/2020  0600    24.3   16.4     3.0     0.000   0   71.25   25.9    6.2      --
 56  04/04/2020  0700    25.1   16.4     2.7     0.000   0   68.87   35.7    5.4      --
 57  04/04/2020  0800    27.6   18.0     2.5     0.000   0   66.67   48.6    4.7      --
 58  04/04/2020  0900    31.6   18.0     2.2     0.000   0   56.54   64.6    4.4      --
 59  04/04/2020  1000    36.7   18.0     2.0     0.000   0   46.18   81.7    4.4    7365
 60  04/04/2020  1100    41.4   18.0     2.4     0.000   0   38.44   80.4    5.3      --
 61  04/04/2020  1200    44.5   18.0     2.9     0.000   0   34.06   79.5    6.1      --
 62  04/04/2020  1300    47.0   18.0     3.4     0.000   0   30.97   78.8    7.0      --
 63  04/04/2020  1400    48.3   18.0     3.9     0.000   0   29.47   78.2    7.8      --
 64  04/04/2020  1500    49.3   18.0     4.4     0.000   0   28.44   77.8    8.7      --
 65  04/04/2020  1600    49.9   18.0     4.9     0.000   0   27.80   77.4    9.6    9119
 66  04/04/2020  1700    50.3   18.0     5.9     0.000   0   27.46   64.6    9.6      --
 67  04/04/2020  1800    49.4   18.1     7.0     0.000   0   28.55   52.5   10.2      --
 68  04/04/2020  1900    47.5   20.3     8.0     0.000   0   33.61   42.0   11.1      --
 69  04/04/2020  2000    46.5   20.6     9.0     0.000   0   35.30   33.4   12.3      --
 70  04/04/2020  2100    44.2   20.8    10.1     0.000   0   39.02   26.4   13.8      --
 71  04/04/2020  2200    41.8   20.8    11.1     0.000   0   42.62   20.9   15.4    9060
 72  04/04/2020  2300    40.5   21.5     9.7     0.000   0   46.15   20.4   13.8      --
 73  04/05/2020  0000    39.9   21.8     8.3     0.000   0   47.99   19.8   12.2      --
 74  04/05/2020  0100    39.3   20.5     6.8     0.000   0   46.45   19.0   10.6      --
 75  04/05/2020  0200    38.8   19.5     5.4     0.000   0   45.54   18.0    9.0      --
 76  04/05/2020  0300    38.4   19.0     4.0     0.000   0   45.08   16.5    7.4      --
 77  04/05/2020  0400    38.1   18.0     2.6     0.000   0   43.75   14.1    5.8    1297
 78  04/05/2020  0500    37.9   18.0     2.3     0.000   0   44.06   14.4    5.2      --
 79  04/05/2020  0600    37.8   18.0     2.0     0.000   0   44.32   14.6    4.5      --
 80  04/05/2020  0700    37.8   18.0     1.7     0.000   0   44.16   15.0    3.9      --
 81  04/05/2020  0800    38.3   23.4     1.5     0.000   0   54.53   15.6    3.3      --
 82  04/05/2020  0900    39.2   26.4     1.2     0.000   0   59.64   16.4    2.6      --
 83  04/05/2020  1000    40.6   26.4     0.9     0.000   0   56.58   17.7    2.0     339
 84  04/05/2020  1100    42.9   26.4     0.8     0.000   0   51.82   11.6    1.8      --
 85  04/05/2020  1200    46.3   26.4     0.8     0.000   0   45.37    3.3    1.5      --
 86  04/05/2020  1300    49.6   26.4     0.7     0.000   0   40.15  352.3    1.3      --
 87  04/05/2020  1400    51.6   26.4     0.6     0.000   0   37.29  338.0    1.2      --
 88  04/05/2020  1500    53.1   26.4     0.6     0.000   0   35.32  321.5    1.1      --
 89  04/05/2020  1600    54.0   26.4     0.5     0.000   0   34.19  305.0    1.2  no_inv
 90  04/05/2020  1700    54.3   26.4     0.8     0.000   0   33.80  339.1    1.8      --
 91  04/05/2020  1800    53.1   26.6     1.1     0.000   0   35.61  353.3    2.7      --
 92  04/05/2020  1900    50.5   26.4     1.5     0.000   0   38.92    0.2    3.7      --
 93  04/05/2020  2000    49.1   26.4     1.8     0.000   0   41.03    4.1    4.7      --
 94  04/05/2020  2100    46.7   26.4     2.1     0.000   0   44.80    6.7    5.7      --
 95  04/05/2020  2200    44.4   26.4     2.4     0.000   0   48.95    8.4    6.8    1653
 96  04/05/2020  2300    42.3   26.4     2.4     0.000   0   53.06    8.8    7.5      --
 97  04/06/2020  0000    40.7   26.4     2.5     0.000   0   56.50    9.0    8.2      --
 98  04/06/2020  0100    39.1   26.4     2.5     0.000   0   59.98    9.2    9.0      --
 99  04/06/2020  0200    37.7   26.4     2.6     0.000   0   63.37    9.4    9.7      --
100  04/06/2020  0300    36.5   26.4     2.6     0.000   0   66.50    9.6   10.5      --
101  04/06/2020  0400    35.5   26.4     2.7     0.000   0   69.26    9.7   11.2    1031
102  04/06/2020  0500    34.7   26.4     2.9     0.000   0   71.50    3.4   10.4      --
103  04/06/2020  0600    34.2   26.4     3.1     0.000   0   72.75  356.1    9.8      --
104  04/06/2020  0700    34.9   26.4     3.3     0.000   0   70.98  348.0    9.3      --
105  04/06/2020  0800    36.7   27.9     3.5     0.000   0   70.14  339.2    9.1      --
106  04/06/2020  0900    39.7   27.2     3.7     0.000   0   60.58  330.1    9.0      --
107  04/06/2020  1000    43.8   26.5     3.9     0.000   0   50.36  321.1    9.2  no_inv
108  04/06/2020  1100    48.3   25.8     5.6     0.000   0   41.29  318.5   11.2      --
109  04/06/2020  1200    52.8   25.2     7.2     0.000   0   33.93  316.7   13.2      --
110  04/06/2020  1300    56.4   25.1     8.9     0.000   0   29.66  315.4   15.2      --
111  04/06/2020  1400    58.2   25.2    10.5     0.000   0   27.87  314.4   17.2      --
112  04/06/2020  1500    59.2   25.1    12.1     0.000   0   26.86  313.5   19.3      --
113  04/06/2020  1600    59.6   24.8    13.8     0.000   0   26.06  312.9   21.3    7551
114  04/06/2020  1700    59.7   25.4    12.0     0.000   0   26.69  312.8   20.0      --
115  04/06/2020  1800    55.2   25.3    10.2     0.000   0   31.20  312.7   18.6      --
116  04/06/2020  1900    46.1   26.1     8.5     0.000   0   45.21  312.6   17.3      --
117  04/06/2020  2000    41.0   25.8     6.7     0.000   0   54.22  312.4   15.9      --
118  04/06/2020  2100    38.7   25.7     4.9     0.000   0   59.08  312.3   14.6      --
119  04/06/2020  2200    36.4   25.6     3.2     0.000   0   64.74  312.0   13.3    2873
120  04/06/2020  2300    33.8   25.7     3.2     0.000   0   71.76  310.5   12.6      --
121  04/07/2020  0000    33.1   25.7     3.2     0.000   0   73.74  308.8   11.9      --
122  04/07/2020  0100    32.3   25.7     3.2     0.000   0   76.24  306.9   11.1      --
123  04/07/2020  0200    31.4   25.7     3.2     0.000   5   79.08  304.7   10.5      --
124  04/07/2020  0300    30.5   25.7     3.2     0.000  10   82.16  302.2    9.8      --
125  04/07/2020  0400    29.5   25.7     3.2     0.000  10   85.34  299.4    9.2    1235
126  04/07/2020  0500    28.6   25.7     4.6     0.000  10   88.55  313.0    9.2      --
127  04/07/2020  0600    28.1   25.5     6.0     0.000  10   89.67  325.7    9.7      --
128  04/07/2020  0700    29.8   24.9     7.4     0.000   5   81.96  336.8   10.6      --
129  04/07/2020  0800    33.9   22.3     8.8     0.000   0   62.12  345.7   11.9      --
130  04/07/2020  0900    40.2   21.8    10.2     0.000   0   47.40  352.9   13.4      --
131  04/07/2020  1000    47.5   21.3    11.6     0.000   0   35.10  358.5   15.0    6627
132  04/07/2020  1100    53.9   20.8    10.1     0.000   0   27.03  354.1   13.3      --
133  04/07/2020  1200    57.4   20.3     8.5     0.000   0   23.39  348.5   11.7      --
134  04/07/2020  1300    59.7   20.5     7.0     0.000   0   21.72  341.2   10.2      --
135  04/07/2020  1400    60.9   21.0     5.4     0.000   0   21.30  331.7    9.0      --
136  04/07/2020  1500    61.4   21.7     3.9     0.000   0   21.55  319.6    8.1      --
137  04/07/2020  1600    61.6   22.5     2.3     0.000   0   22.14  305.3    7.6    9103
138  04/07/2020  1700    61.5   22.5     4.0     0.000   0   22.22  321.7    8.0      --
139  04/07/2020  1800    58.6   21.8     5.7     0.000   0   23.82  335.7    8.9      --
140  04/07/2020  1900    52.8   22.0     7.4     0.000   0   29.73  346.5   10.2      --
141  04/07/2020  2000    49.5   22.1     9.1     0.000   0   33.74  354.7   11.8      --
142  04/07/2020  2100    47.2   22.1    10.8     0.000   0   36.82    0.7   13.6      --
143  04/07/2020  2200    44.8   20.8    12.4     0.000   0   38.00    5.4   15.6    1401
144  04/07/2020  2300    40.7   22.7    10.8     0.000   0   48.31    7.3   14.0      --
145  04/08/2020  0000    38.1   23.6     9.1     0.000   0   55.46    9.6   12.5      --
146  04/08/2020  0100    35.7   23.4     7.4     0.000   0   60.65   12.6   10.9      --
147  04/08/2020  0200    33.5   22.8     5.8     0.000   0   64.24   16.6    9.5      --
148  04/08/2020  0300    31.7   22.3     4.1     0.000   0   67.79   22.0    8.1      --
149  04/08/2020  0400    30.2   21.5     2.4     0.000   0   69.54   29.6    6.8     732
150  04/08/2020  0500    29.1   21.5     2.3     0.000   0   72.79   35.2    5.2      --
151  04/08/2020  0600    28.5   21.5     2.2     0.000   0   74.46   45.5    3.7      --
152  04/08/2020  0700    29.7   21.5     2.1     0.000   0   71.06   67.6    2.5      --
153  04/08/2020  0800    32.8   26.9     2.0     0.000   0   78.61  110.4    2.0      --
154  04/08/2020  0900    37.8   27.8     1.9     0.000   0   66.93  146.6    2.8      --
155  04/08/2020  1000    44.3   27.8     1.8     0.000   0   52.03  163.4    4.2    3772
156  04/08/2020  1100    51.3   27.8     2.1     0.000   0   40.05  186.8    5.1      --
157  04/08/2020  1200    57.4   27.8     2.3     0.000   0   32.07  201.2    6.7      --
158  04/08/2020  1300    62.2   27.8     2.6     0.000   0   27.04  209.9    8.4      --
159  04/08/2020  1400    64.8   27.8     2.8     0.000   0   24.65  215.5   10.4      --
160  04/08/2020  1500    66.2   27.8     3.1     0.000   0   23.48  219.4   12.3      --
161  04/08/2020  1600    67.1   27.8     3.3     0.000   0   22.83  222.1   14.3    7368
162  04/08/2020  1700    67.3   27.8     3.2     0.000   0   22.59  225.6   12.8      --
163  04/08/2020  1800    63.8   27.8     3.2     0.000   0   25.55  229.9   11.3      --
164  04/08/2020  1900    56.6   27.8     3.1     0.000   0   33.04  235.4    9.9      --
165  04/08/2020  2000    52.6   27.8     3.0     0.000   0   38.20  242.6    8.7      --
166  04/08/2020  2100    50.2   27.8     3.0     0.000   0   41.65  252.1    7.6      --
167  04/08/2020  2200    47.9   27.8     2.9     0.000   0   45.45  264.2    6.8    4347
