  Generated by FoxLW on Thursday April 2, 2020 at 02:32 PDT
-------------------------------------------------------------------------------
  WSU Long Beach
  46.3700:-124.0300  (46 22' 12.00"N  124 1' 48.00"W)  elev 26.2 feet    file: 344108
-------------------------------------------------------------------------------

Line#   Date     Hour   TempF  DewPtF WS(mph)  Rain(in) LW    RH%  WDir_50m WS_50m Inv(ft)
  5  04/02/2020  0400    40.9   38.4     2.3     0.010  10   90.42  314.8   10.3    5595
  6  04/02/2020  0500    40.9   37.3     2.7     0.000   5   86.93  308.8    9.8      --
  7  04/02/2020  0600    40.8   37.2     3.0     0.000   0   86.89  302.1    9.4      --
  8  04/02/2020  0700    41.5   37.1     3.3     0.000   0   84.21  295.1    9.2      --
  9  04/02/2020  0800    40.9   36.8     3.6     0.000   0   85.39  287.8    9.1      --
 10  04/02/2020  0900    40.7   35.2     3.9     0.000   0   80.55  280.4    9.2      --
 11  04/02/2020  1000    41.3   34.2     4.2     0.000   0   75.65  273.3    9.4  no_inv
 12  04/02/2020  1100    41.8   34.0     4.4     0.000   0   73.59  276.0    9.6      --
 13  04/02/2020  1200    42.8   33.8     4.5     0.000   0   70.34  278.6    9.9      --
 14  04/02/2020  1300    43.7   33.6     4.7     0.000   0   67.54  281.0   10.3      --
 15  04/02/2020  1400    44.2   33.5     4.8     0.000   0   65.99  283.3   10.6      --
 16  04/02/2020  1500    44.4   33.5     5.0     0.000   0   65.09  285.5   11.0      --
 17  04/02/2020  1600    44.5   33.4     5.1     0.000   0   64.79  287.5   11.4  no_inv
 18  04/02/2020  1700    44.3   33.4     4.6     0.000   0   65.29  290.5   10.9      --
 19  04/02/2020  1800    43.7   33.4     4.1     0.000   0   66.76  293.7   10.6      --
 20  04/02/2020  1900    43.0   33.5     3.6     0.000   0   68.90  297.2   10.2      --
 21  04/02/2020  2000    42.3   33.5     3.2     0.000   0   70.76  300.9   10.0      --
 22  04/02/2020  2100    41.6   33.5     2.7     0.000   0   72.68  304.7    9.7      --
 23  04/02/2020  2200    40.9   33.5     2.2     0.000   0   74.66  308.8    9.5    5603
 24  04/02/2020  2300    40.4   33.5     2.1     0.000   0   76.11  305.0    9.3      --
 25  04/03/2020  0000    40.1   33.5     2.1     0.000   0   77.20  301.0    9.1      --
 26  04/03/2020  0100    39.7   33.5     2.1     0.000   0   78.29  296.8    9.0      --
 27  04/03/2020  0200    39.4   33.5     2.1     0.000   0   79.34  292.6    8.9      --
 28  04/03/2020  0300    39.1   33.5     2.0     0.000   0   80.32  288.2    8.9      --
 29  04/03/2020  0400    39.7   33.5     2.0     0.000   0   78.41  283.9    8.9    5575
 30  04/03/2020  0500    38.5   33.5     2.4     0.000   0   81.98  278.1    8.8      --
 31  04/03/2020  0600    38.4   33.5     2.8     0.000   0   82.50  272.3    8.8      --
 32  04/03/2020  0700    38.4   33.5     3.2     0.000   0   82.28  266.6    8.9      --
 33  04/03/2020  0800    38.7   33.5     3.6     0.000   0   81.46  261.0    9.1      --
 34  04/03/2020  0900    39.2   33.7     4.0     0.000   0   80.63  255.7    9.3      --
 35  04/03/2020  1000    39.8   33.7     4.4     0.000   0   78.62  250.7    9.7    5557
 36  04/03/2020  1100    40.8   33.7     4.4     0.000   0   75.52  255.1    9.6      --
 37  04/03/2020  1200    42.2   33.7     4.4     0.000   0   71.77  259.6    9.6      --
 38  04/03/2020  1300    43.2   33.6     4.5     0.000   0   68.73  264.0    9.6      --
 39  04/03/2020  1400    43.7   33.7     4.5     0.000   0   67.48  268.5    9.7      --
 40  04/03/2020  1500    44.0   33.7     4.5     0.000   0   66.80  272.7    9.8      --
 41  04/03/2020  1600    44.1   33.7     4.5     0.000   0   66.63  276.9   10.0    5502
 42  04/03/2020  1700    43.8   33.7     4.0     0.000   0   67.45  282.5    8.3      --
 43  04/03/2020  1800    43.0   33.7     3.4     0.000   0   69.44  291.0    6.7      --
 44  04/03/2020  1900    42.2   33.7     2.8     0.000   0   71.63  304.4    5.3      --
 45  04/03/2020  2000    41.3   33.7     2.3     0.000   0   73.98  324.9    4.4      --
 46  04/03/2020  2100    40.5   33.7     1.7     0.000   0   76.41  350.8    4.3      --
 47  04/03/2020  2200    39.7   33.7     1.1     0.000   0   78.93   13.7    4.9    4661
 48  04/03/2020  2300    39.4   33.7     1.3     0.000   0   79.73   23.7    4.5      --
 49  04/04/2020  0000    39.2   33.7     1.5     0.000   0   80.26   35.6    4.2      --
 50  04/04/2020  0100    38.9   33.7     1.4     0.000   0   81.28   48.8    4.0      --
 51  04/04/2020  0200    38.7   33.7     1.2     0.000   0   82.10   62.0    4.1      --
 52  04/04/2020  0300    38.5   33.7     1.0     0.000   0   82.69   73.9    4.4      --
 53  04/04/2020  0400    38.4   33.7     0.6     0.000   0   83.05   84.0    4.9    4559
 54  04/04/2020  0500    38.4   33.7     1.0     0.000   0   83.02   70.3    4.4      --
 55  04/04/2020  0600    38.3   33.8     1.5     0.000   0   83.60   53.7    4.1      --
 56  04/04/2020  0700    38.6   34.4     2.0     0.000   0   84.68   36.6    4.2      --
 57  04/04/2020  0800    39.7   35.6     2.6     0.000   0   85.20   21.5    4.7      --
 58  04/04/2020  0900    41.2   36.8     2.7     0.000   0   83.86    9.8    5.4      --
 59  04/04/2020  1000    43.0   37.8     2.8     0.000   0   81.65    1.0    6.2    5249
 60  04/04/2020  1100    44.2   38.5     3.5     0.000   0   80.03  349.0    7.3      --
 61  04/04/2020  1200    44.8   38.7     4.1     0.000   0   78.96  340.3    8.6      --
 62  04/04/2020  1300    45.2   37.9     4.8     0.000   0   75.34  334.1   10.1      --
 63  04/04/2020  1400    45.4   36.9     5.4     0.000   0   72.12  329.4   11.7      --
 64  04/04/2020  1500    45.5   36.0     6.1     0.000   0   69.32  325.9   13.3      --
 65  04/04/2020  1600    45.5   35.4     6.8     0.000   0   67.82  323.1   14.9  no_inv
 66  04/04/2020  1700    45.3   35.4     6.3     0.000   0   68.26  325.2   13.8      --
 67  04/04/2020  1800    44.9   35.5     5.8     0.000   0   69.36  327.6   12.8      --
 68  04/04/2020  1900    44.9   36.5     5.4     0.000   0   72.20  330.4   11.7      --
 69  04/04/2020  2000    44.8   36.6     4.9     0.000   0   72.66  333.7   10.7      --
 70  04/04/2020  2100    44.1   38.0     4.5     0.000   0   78.81  337.7    9.8      --
 71  04/04/2020  2200    45.6   43.0     4.0     0.040   7   90.87  342.6    8.8  no_inv
 72  04/04/2020  2300    44.2   42.0     4.0     0.000  10   91.65  348.2    8.6      --
 73  04/05/2020  0000    44.8   42.3     4.0     0.020  10   91.17  354.0    8.5      --
 74  04/05/2020  0100    44.5   42.1     4.0     0.020  10   91.26  359.9    8.4      --
 75  04/05/2020  0200    43.3   41.2     4.0     0.000  10   91.97    5.9    8.5      --
 76  04/05/2020  0300    43.2   41.0     4.0     0.000  10   91.99   11.7    8.6      --
 77  04/05/2020  0400    44.0   41.6     4.0     0.030  10   91.28   17.2    8.9  no_inv
 78  04/05/2020  0500    42.4   38.5     3.9     0.000   5   85.94   19.0    8.6      --
 79  04/05/2020  0600    42.4   38.5     3.8     0.000   0   85.87   20.9    8.4      --
 80  04/05/2020  0700    42.3   38.0     3.7     0.000   0   84.56   22.9    8.1      --
 81  04/05/2020  0800    43.0   38.4     3.6     0.000   0   83.63   25.0    7.9      --
 82  04/05/2020  0900    43.0   38.8     3.5     0.000   0   85.06   27.2    7.7      --
 83  04/05/2020  1000    44.0   37.5     3.4     0.000   0   77.85   29.5    7.5    4394
 84  04/05/2020  1100    44.9   37.3     4.2     0.000   0   74.64   11.1    8.2      --
 85  04/05/2020  1200    46.2   37.1     5.0     0.000   0   70.46  357.0    9.6      --
 86  04/05/2020  1300    47.2   37.3     5.8     0.000   0   68.35  346.8   11.4      --
 87  04/05/2020  1400    47.8   37.7     6.6     0.000   0   67.82  339.7   13.5      --
 88  04/05/2020  1500    48.1   38.2     7.4     0.000   0   68.21  334.5   15.8      --
 89  04/05/2020  1600    48.2   38.6     8.2     0.000   0   69.31  330.6   18.1    5442
 90  04/05/2020  1700    47.9   38.6     8.2     0.000   0   70.18  332.5   18.0      --
 91  04/05/2020  1800    47.2   38.1     8.2     0.000   0   70.44  334.4   17.9      --
 92  04/05/2020  1900    46.5   38.3     8.1     0.000   0   73.11  336.4   17.9      --
 93  04/05/2020  2000    45.7   37.8     8.1     0.000   0   73.66  338.3   17.9      --
 94  04/05/2020  2100    45.0   37.0     8.1     0.000   0   73.30  340.3   17.8      --
 95  04/05/2020  2200    44.2   36.4     8.1     0.000   0   73.64  342.2   17.9  no_inv
 96  04/05/2020  2300    43.2   36.2     7.4     0.000   0   76.27  347.8   14.4      --
 97  04/06/2020  0000    42.2   36.4     6.8     0.000   0   79.57  356.7   11.1      --
 98  04/06/2020  0100    38.5   37.6     0.4     0.000   5   96.53   12.2    8.3      --
 99  04/06/2020  0200    38.5   37.6     0.4     0.000  10   96.53   39.0    6.6      --
100  04/06/2020  0300    38.5   37.6     0.4     0.000  10   96.53   71.6    6.9      --
101  04/06/2020  0400    38.5   37.6     0.4     0.000  10   96.53   94.9    9.0     952
102  04/06/2020  0500    38.6   37.7     1.0     0.000  10   96.64   85.4    6.3      --
103  04/06/2020  0600    38.5   37.8     1.9     0.000  10   97.30   63.3    4.0      --
104  04/06/2020  0700    38.8   38.5     2.9     0.000  10   98.80   15.5    3.2      --
105  04/06/2020  0800    40.1   39.7     4.0     0.000  10   98.54  336.9    4.7      --
106  04/06/2020  0900    42.4   41.0     4.5     0.000  10   94.67  321.0    7.2      --
107  04/06/2020  1000    45.0   42.0     4.5     0.000   5   89.31  313.6   10.0    6781
108  04/06/2020  1100    47.4   42.7     4.8     0.000   0   83.71  311.0   10.6      --
109  04/06/2020  1200    49.2   43.0     5.1     0.000   0   78.91  308.6   11.2      --
110  04/06/2020  1300    50.3   42.4     5.4     0.000   0   74.12  306.5   11.9      --
111  04/06/2020  1400    50.6   41.7     5.7     0.000   0   71.22  304.6   12.5      --
112  04/06/2020  1500    50.7   41.0     6.0     0.000   0   69.27  302.9   13.2      --
113  04/06/2020  1600    50.5   40.6     6.3     0.000   0   68.70  301.3   13.9    3132
114  04/06/2020  1700    50.1   40.6     5.7     0.000   0   69.70  304.2   13.5      --
115  04/06/2020  1800    48.7   40.6     5.1     0.000   0   73.52  307.3   13.3      --
116  04/06/2020  1900    45.7   41.4     4.6     0.000   0   84.70  310.5   13.0      --
117  04/06/2020  2000    44.1   41.4     4.0     0.000   5   90.06  313.8   12.8      --
118  04/06/2020  2100    41.8   40.8     3.4     0.000  10   96.13  317.1   12.7      --
119  04/06/2020  2200    39.4   38.5     2.8     0.000  10   96.54  320.6   12.6    3314
120  04/06/2020  2300    38.7   37.8     2.7     0.000  10   96.53  317.5   11.8      --
121  04/07/2020  0000    38.7   37.8     2.6     0.000  10   96.53  314.1   11.1      --
122  04/07/2020  0100    38.5   37.5     2.4     0.000  10   96.53  310.2   10.4      --
123  04/07/2020  0200    38.1   37.2     0.4     0.000  10   96.52  305.7    9.8      --
124  04/07/2020  0300    37.8   36.9     0.4     0.000  10   96.52  300.8    9.3      --
125  04/07/2020  0400    38.3   37.5     0.4     0.010  10   96.53  295.2    8.8    3333
126  04/07/2020  0500    37.7   35.8     0.6     0.000  10   92.81  290.3    8.4      --
127  04/07/2020  0600    37.5   35.7     1.2     0.000  10   93.33  285.0    8.1      --
128  04/07/2020  0700    38.9   36.9     1.9     0.000  10   92.54  279.3    7.9      --
129  04/07/2020  0800    39.3   37.9     2.7     0.000  10   94.85  273.3    7.7      --
130  04/07/2020  0900    41.1   39.7     3.2     0.000  10   94.41  267.2    7.7      --
131  04/07/2020  1000    43.0   41.6     3.5     0.000  10   94.74  261.0    7.7    2673
132  04/07/2020  1100    45.6   42.5     3.6     0.000  10   88.82  267.7    7.7      --
133  04/07/2020  1200    48.1   42.8     3.7     0.000   5   81.96  274.4    7.8      --
134  04/07/2020  1300    49.7   42.8     3.8     0.000   0   77.06  280.8    8.0      --
135  04/07/2020  1400    50.4   42.4     3.9     0.000   0   73.96  286.8    8.3      --
136  04/07/2020  1500    50.7   41.4     4.1     0.000   0   70.49  292.3    8.7      --
137  04/07/2020  1600    50.6   40.1     4.2     0.000   0   67.16  297.3    9.2    2322
138  04/07/2020  1700    50.4   39.1     3.7     0.000   0   65.07  302.5    8.6      --
139  04/07/2020  1800    48.0   38.7     3.3     0.000   0   69.99  308.5    8.0      --
140  04/07/2020  1900    43.2   41.1     2.9     0.000   5   92.12  315.4    7.5      --
141  04/07/2020  2000    40.5   39.8     0.9     0.000  10   97.15  323.0    7.2      --
142  04/07/2020  2100    38.2   36.4     0.4     0.000  10   93.11  331.3    7.0      --
143  04/07/2020  2200    35.8   35.0     0.4     0.000  10   96.49  339.8    6.9    1294
144  04/07/2020  2300    35.3   34.5     0.4     0.000  10   96.48  346.4    7.1      --
145  04/08/2020  0000    35.2   34.2     0.4     0.000  10   96.48  352.7    7.3      --
146  04/08/2020  0100    35.0   34.1     0.4     0.000  10   96.47  358.4    7.7      --
147  04/08/2020  0200    35.0   34.1     0.4     0.000  10   96.47    3.7    8.1      --
148  04/08/2020  0300    35.0   34.1     0.4     0.000  10   96.47    8.4    8.5      --
149  04/08/2020  0400    35.0   34.1     0.4     0.000  10   96.47   12.6    9.0    1292
150  04/08/2020  0500    35.0   34.1     0.5     0.000  10   96.48   10.1    8.9      --
151  04/08/2020  0600    35.0   34.2     1.1     0.000  10   97.09    7.5    8.7      --
152  04/08/2020  0700    35.7   35.2     1.8     0.000  10   98.21    4.9    8.6      --
153  04/08/2020  0800    38.6   38.2     2.8     0.000  10   98.72    2.1    8.5      --
154  04/08/2020  0900    43.8   38.3     3.5     0.000   5   80.78  359.4    8.4      --
155  04/08/2020  1000    48.7   39.6     3.8     0.000   0   70.75  356.5    8.4    3469
156  04/08/2020  1100    52.5   40.5     4.4     0.000   0   63.68  349.7    9.6      --
157  04/08/2020  1200    54.2   40.8     5.1     0.000   0   60.46  344.5   10.9      --
158  04/08/2020  1300    55.2   40.5     5.8     0.000   0   57.68  340.5   12.3      --
159  04/08/2020  1400    55.4   40.1     6.5     0.000   0   56.28  337.3   13.8      --
160  04/08/2020  1500    55.3   39.7     7.1     0.000   0   55.58  334.7   15.2      --
161  04/08/2020  1600    55.0   39.4     7.8     0.000   0   55.67  332.5   16.8    1835
162  04/08/2020  1700    54.5   39.4     7.0     0.000   0   56.64  332.9   16.3      --
163  04/08/2020  1800    51.9   39.4     6.3     0.000   0   62.31  333.2   15.9      --
164  04/08/2020  1900    46.6   39.9     5.5     0.000   0   77.25  333.5   15.4      --
165  04/08/2020  2000    43.7   39.9     4.7     0.000   0   86.50  333.9   15.0      --
166  04/08/2020  2100    41.3   39.9     4.0     0.000   5   94.64  334.2   14.5      --
167  04/08/2020  2200    39.0   38.1     3.2     0.000  10   96.54  334.6   14.1    1255
