  Generated by FoxLW on Wednesday April 1, 2020 at 16:30 PDT
-------------------------------------------------------------------------------
  904: 800113  CR 1940 1080 ft
  41.0511:-124.1213  (41 3' 3.81"N  124 7' 16.76"W)  elev 1079.4 feet    file: 800113
-------------------------------------------------------------------------------

Line#   Date     Hour   TempF  DewPtF WS(mph)  Rain(in) LW    RH%  WDir_50m WS_50m Inv(ft)
  5  04/01/2020  0400    38.5   35.8     1.6     0.000  10   90.12   23.2    4.6     889
  6  04/01/2020  0500    38.2   35.7     2.9     0.000  10   90.62    5.0    6.7      --
  7  04/01/2020  0600    38.0   35.3     4.2     0.000   5   90.03  356.0    9.1      --
  8  04/01/2020  0700    38.3   34.7     5.5     0.000   0   86.89  350.8   11.7      --
  9  04/01/2020  0800    39.6   34.2     6.8     0.000   0   80.81  347.5   14.3      --
 10  04/01/2020  0900    41.8   31.8     8.1     0.000   0   67.34  345.3   17.0      --
 11  04/01/2020  1000    44.5   31.6     9.4     0.000   0   60.37  343.6   19.6   10345
 12  04/01/2020  1100    47.0   31.6     9.2     0.000   0   54.96  343.5   20.3      --
 13  04/01/2020  1200    48.7   31.7     9.1     0.000   0   51.67  343.3   20.9      --
 14  04/01/2020  1300    49.6   32.5     8.9     0.000   0   51.65  343.2   21.5      --
 15  04/01/2020  1400    49.9   33.4     8.8     0.000   0   52.87  343.1   22.2      --
 16  04/01/2020  1500    49.8   34.1     8.6     0.000   0   54.62  343.0   22.8      --
 17  04/01/2020  1600    49.6   34.9     8.4     0.000   0   56.67  342.9   23.4   15392
 18  04/01/2020  1700    49.2   34.9     8.0     0.000   0   57.45  344.0   22.3      --
 19  04/01/2020  1800    47.8   34.3     7.5     0.000   0   59.31  345.3   21.1      --
 20  04/01/2020  1900    46.2   34.4     7.1     0.000   0   63.25  346.7   20.0      --
 21  04/01/2020  2000    45.8   34.3     6.6     0.000   0   63.94  348.3   18.8      --
 22  04/01/2020  2100    45.4   34.2     6.2     0.000   0   64.67  350.1   17.7      --
 23  04/01/2020  2200    44.9   34.0     5.7     0.000   0   65.31  352.1   16.6    5157
 24  04/01/2020  2300    43.6   33.9     5.4     0.000   0   68.36  355.5   15.2      --
 25  04/02/2020  0000    42.5   33.7     5.1     0.000   0   70.81  359.7   13.8      --
 26  04/02/2020  0100    41.6   33.7     4.8     0.000   0   73.33    4.7   12.5      --
 27  04/02/2020  0200    40.7   33.7     4.5     0.000   0   75.76   10.8   11.3      --
 28  04/02/2020  0300    40.0   33.7     4.2     0.000   0   77.87   18.2   10.3      --
 29  04/02/2020  0400    39.5   33.7     3.9     0.000   0   79.62   27.1    9.4    5283
 30  04/02/2020  0500    39.0   33.7     4.4     0.000   0   80.94   16.9    9.6      --
 31  04/02/2020  0600    38.8   33.7     4.9     0.000   0   81.72    7.3   10.1      --
 32  04/02/2020  0700    39.1   33.9     5.3     0.000   0   81.35  358.8   10.8      --
 33  04/02/2020  0800    40.4   34.2     5.8     0.000   0   78.55  351.5   11.8      --
 34  04/02/2020  0900    42.5   33.8     6.3     0.000   0   71.08  345.4   12.9      --
 35  04/02/2020  1000    45.0   33.8     6.8     0.000   0   64.52  340.3   14.1   10469
 36  04/02/2020  1100    47.4   33.8     7.1     0.000   0   59.02  341.1   15.7      --
 37  04/02/2020  1200    49.1   33.8     7.5     0.000   0   55.44  341.7   17.2      --
 38  04/02/2020  1300    49.9   34.4     7.8     0.000   0   55.17  342.2   18.8      --
 39  04/02/2020  1400    50.0   35.0     8.2     0.000   0   56.27  342.6   20.4      --
 40  04/02/2020  1500    49.8   35.5     8.5     0.000   0   57.93  343.0   22.0      --
 41  04/02/2020  1600    49.3   36.0     8.9     0.000   0   60.02  343.3   23.6    4588
 42  04/02/2020  1700    48.5   36.0     8.3     0.000   0   62.03  344.0   22.4      --
 43  04/02/2020  1800    46.0   35.6     7.8     0.000   0   66.75  344.8   21.2      --
 44  04/02/2020  1900    45.2   36.0     7.3     0.000   0   69.87  345.7   20.1      --
 45  04/02/2020  2000    44.8   35.9     6.7     0.000   0   70.87  346.7   18.9      --
 46  04/02/2020  2100    44.3   35.8     6.2     0.000   0   71.77  347.8   17.7      --
 47  04/02/2020  2200    43.9   35.6     5.7     0.000   0   72.43  349.1   16.6    4595
 48  04/02/2020  2300    42.9   35.5     5.5     0.000   0   74.89  350.0   16.0      --
 49  04/03/2020  0000    42.1   35.4     5.3     0.000   0   76.91  351.0   15.5      --
 50  04/03/2020  0100    41.4   35.3     5.2     0.000   0   78.74  352.1   14.9      --
 51  04/03/2020  0200    40.8   35.2     5.0     0.000   0   80.39  353.3   14.4      --
 52  04/03/2020  0300    40.2   35.2     4.8     0.000   0   82.08  354.5   13.8      --
 53  04/03/2020  0400    39.8   35.2     4.6     0.000   0   83.50  355.9   13.3    5321
 54  04/03/2020  0500    39.5   35.2     4.7     0.000   0   84.61  352.2   12.6      --
 55  04/03/2020  0600    39.3   35.2     4.8     0.000   0   85.29  348.0   12.0      --
 56  04/03/2020  0700    39.6   35.2     4.8     0.000   0   84.32  343.5   11.5      --
 57  04/03/2020  0800    40.5   35.2     4.9     0.000   0   81.14  338.6   11.1      --
 58  04/03/2020  0900    42.2   35.0     4.9     0.000   0   75.58  333.3   10.7      --
 59  04/03/2020  1000    44.0   35.0     5.0     0.000   0   70.34  327.7   10.4    4491
 60  04/03/2020  1100    45.5   35.0     4.8     0.000   0   66.53  325.8   10.1      --
 61  04/03/2020  1200    46.1   34.9     4.6     0.000   0   64.81  323.7    9.8      --
 62  04/03/2020  1300    46.6   34.9     4.4     0.000   0   63.67  321.5    9.4      --
 63  04/03/2020  1400    46.8   34.9     4.2     0.000   0   63.16  319.1    9.1      --
 64  04/03/2020  1500    46.9   34.9     3.9     0.000   0   62.90  316.6    8.8      --
 65  04/03/2020  1600    46.9   34.9     3.7     0.000   0   62.83  313.9    8.6    2979
 66  04/03/2020  1700    46.8   35.0     3.9     0.000   0   63.27  313.9    5.4      --
 67  04/03/2020  1800    46.4   35.3     4.0     0.000   0   64.98  313.9    2.2      --
 68  04/03/2020  1900    45.8   35.0     4.1     0.000   0   65.59  133.9    1.0      --
 69  04/03/2020  2000    45.2   35.0     4.3     0.000   0   67.10  133.9    4.2      --
 70  04/03/2020  2100    44.6   35.0     4.4     0.000   0   68.65  133.9    7.4      --
 71  04/03/2020  2200    44.9   35.0     4.5     0.000   0   67.87  133.9   10.5    2130
 72  04/03/2020  2300    43.9   35.1     5.1     0.000   0   70.95  143.5   11.1      --
 73  04/04/2020  0000    43.9   35.8     5.6     0.000   0   72.91  151.9   12.0      --
 74  04/04/2020  0100    43.8   36.5     6.1     0.000   0   75.34  159.1   13.0      --
 75  04/04/2020  0200    43.8   39.3     6.7     0.000   0   84.02  165.1   14.3      --
 76  04/04/2020  0300    43.8   41.5     7.2     0.030   0   91.50  170.1   15.7      --
 77  04/04/2020  0400    44.7   43.8     7.7     0.140  10   96.63  174.2   17.1    2021
 78  04/04/2020  0500    44.3   41.2     7.2     0.100  10   88.75  177.7   15.6      --
 79  04/04/2020  0600    44.6   41.5     6.6     0.170  10   88.76  181.9   14.2      --
 80  04/04/2020  0700    43.8   40.2     6.1     0.010   5   87.04  187.1   12.8      --
 81  04/04/2020  0800    43.0   39.4     5.5     0.000   0   86.98  193.4   11.6      --
 82  04/04/2020  0900    47.0   43.4     4.9     0.000   0   87.25  201.0   10.5      --
 83  04/04/2020  1000    47.6   44.0     4.4     0.120  10   87.25  210.2    9.7  no_inv
 84  04/04/2020  1100    48.6   45.0     4.5     0.000   5   87.38  217.5    9.5      --
 85  04/04/2020  1200    49.9   45.5     4.6     0.020   0   84.62  225.0    9.5      --
 86  04/04/2020  1300    51.8   45.2     4.7     0.000   0   78.20  232.5    9.6      --
 87  04/04/2020  1400    51.9   45.2     4.7     0.000   0   77.74  239.6    9.9      --
 88  04/04/2020  1500    51.7   45.2     4.8     0.000   0   78.53  246.2   10.3      --
 89  04/04/2020  1600    50.8   45.2     4.9     0.000   0   80.91  252.2   10.9  no_inv
 90  04/04/2020  1700    49.0   45.2     4.5     0.000   0   86.58  251.6   10.1      --
 91  04/04/2020  1800    48.2   45.2     4.2     0.000   5   89.18  250.8    9.2      --
 92  04/04/2020  1900    48.0   45.2     3.8     0.000  10   90.04  249.8    8.4      --
 93  04/04/2020  2000    47.8   45.1     3.4     0.000  10   90.33  248.7    7.6      --
 94  04/04/2020  2100    47.8   45.0     3.0     0.020  10   90.14  247.2    6.8      --
 95  04/04/2020  2200    48.1   47.2     2.7     0.090  10   96.68  245.4    5.9  no_inv
 96  04/04/2020  2300    46.8   45.9     3.0     0.090  10   96.66  264.6    4.9      --
 97  04/05/2020  0000    45.7   44.8     3.3     0.100  10   96.64  289.6    4.6      --
 98  04/05/2020  0100    44.6   43.7     3.6     0.070  10   96.66  312.7    5.3      --
 99  04/05/2020  0200    43.7   42.8     3.9     0.020  10   96.61  329.0    6.5      --
100  04/05/2020  0300    43.0   42.0     4.2     0.050  10   96.60  339.5    8.1      --
101  04/05/2020  0400    42.3   41.4     4.4     0.190  10   96.59  346.4    9.9  no_inv
102  04/05/2020  0500    42.7   39.6     4.4     0.140  10   88.67  343.7    9.7      --
103  04/05/2020  0600    41.9   38.8     4.4     0.040   7   88.64  340.9    9.6      --
104  04/05/2020  0700    42.2   38.6     4.3     0.000   0   86.96  338.0    9.5      --
105  04/05/2020  0800    42.2   38.6     4.3     0.000   0   86.97  335.1    9.4      --
106  04/05/2020  0900    40.8   37.2     4.2     0.000   0   86.88  332.1    9.3      --
107  04/05/2020  1000    40.7   37.1     4.2     0.060  10   86.75  329.1    9.3  no_inv
108  04/05/2020  1100    40.8   36.8     5.1     0.000   5   85.28  333.8   11.4      --
109  04/05/2020  1200    42.4   35.4     6.0     0.000   0   75.92  337.0   13.5      --
110  04/05/2020  1300    43.8   35.9     6.9     0.000   0   73.53  339.4   15.7      --
111  04/05/2020  1400    44.4   36.6     7.8     0.000   0   73.82  341.2   17.8      --
112  04/05/2020  1500    44.7   37.4     8.7     0.000   0   75.62  342.5   20.0      --
113  04/05/2020  1600    44.7   38.4     9.6     0.000   0   78.54  343.7   22.2    1392
114  04/05/2020  1700    44.1   38.4     9.4     0.000   0   80.27  345.1   22.0      --
115  04/05/2020  1800    43.4   37.4     9.2     0.000   0   79.23  346.6   21.8      --
116  04/05/2020  1900    43.7   37.5     9.0     0.000   0   78.47  348.2   21.6      --
117  04/05/2020  2000    44.0   37.0     8.8     0.000   0   76.23  349.7   21.5      --
118  04/05/2020  2100    44.3   36.6     8.6     0.000   0   74.08  351.3   21.3      --
119  04/05/2020  2200    44.6   36.6     8.4     0.000   0   73.31  352.9   21.2  no_inv
120  04/05/2020  2300    44.3   36.6     8.2     0.000   0   74.29  352.7   20.8      --
121  04/06/2020  0000    43.9   36.6     8.1     0.000   0   75.31  352.5   20.4      --
122  04/06/2020  0100    43.6   36.7     8.0     0.000   0   76.19  352.2   20.0      --
123  04/06/2020  0200    43.4   36.7     7.8     0.000   0   76.95  352.0   19.7      --
124  04/06/2020  0300    43.2   36.7     7.7     0.000   0   77.55  351.8   19.3      --
125  04/06/2020  0400    43.1   36.7     7.5     0.000   0   77.97  351.5   18.9  no_inv
126  04/06/2020  0500    43.0   36.8     7.3     0.000   0   78.54  349.2   18.1      --
127  04/06/2020  0600    43.0   37.1     7.0     0.000   0   79.37  346.6   17.3      --
128  04/06/2020  0700    43.2   37.4     6.7     0.000   0   79.93  343.8   16.5      --
129  04/06/2020  0800    43.6   37.7     6.4     0.000   0   79.54  340.7   15.8      --
130  04/06/2020  0900    44.3   37.2     6.2     0.000   0   75.73  337.3   15.1      --
131  04/06/2020  1000    45.3   38.0     5.9     0.000   0   75.44  333.6   14.5  no_inv
132  04/06/2020  1100    46.5   38.9     6.5     0.000   0   74.59  337.1   15.8      --
133  04/06/2020  1200    47.8   39.7     7.1     0.000   0   73.35  340.0   17.2      --
134  04/06/2020  1300    48.8   40.9     7.8     0.000   0   74.06  342.4   18.6      --
135  04/06/2020  1400    49.3   41.7     8.4     0.000   0   74.99  344.5   20.0      --
136  04/06/2020  1500    49.6   42.2     9.0     0.000   0   75.54  346.4   21.5      --
137  04/06/2020  1600    49.7   42.5     9.6     0.000   0   76.04  347.9   23.0    3676
138  04/06/2020  1700    49.7   42.5     9.0     0.000   0   76.19  349.7   21.6      --
139  04/06/2020  1800    49.3   42.1     8.5     0.000   0   76.12  351.8   20.3      --
140  04/06/2020  1900    48.5   42.4     8.0     0.000   0   79.38  354.1   19.0      --
141  04/06/2020  2000    48.1   41.9     7.4     0.000   0   78.95  356.7   17.8      --
142  04/06/2020  2100    45.8   41.3     6.9     0.000   0   84.14  359.8   16.6      --
143  04/06/2020  2200    43.4   41.0     6.3     0.000   0   91.09    3.2   15.4    1320
144  04/06/2020  2300    43.2   40.9     6.1     0.000   0   91.23    4.7   15.1      --
145  04/07/2020  0000    43.3   40.9     5.8     0.000   5   90.91    6.2   14.6      --
146  04/07/2020  0100    43.4   41.0     5.5     0.000  10   91.37    7.8   14.3      --
147  04/07/2020  0200    43.4   41.3     5.2     0.000  10   92.49    9.5   13.9      --
148  04/07/2020  0300    43.3   41.6     4.9     0.000  10   93.70   11.3   13.5      --
149  04/07/2020  0400    43.2   41.6     4.6     0.000  10   94.02   13.1   13.2    1402
150  04/07/2020  0500    43.1   41.6     5.0     0.000  10   94.45    7.2   13.5      --
151  04/07/2020  0600    43.0   41.7     5.3     0.000  10   95.13    1.5   13.9      --
152  04/07/2020  0700    43.2   41.0     5.6     0.000  10   91.60  356.2   14.5      --
153  04/07/2020  0800    44.0   40.8     5.9     0.000   5   88.65  351.4   15.2      --
154  04/07/2020  0900    45.2   37.8     6.2     0.000   0   75.22  347.1   16.0      --
155  04/07/2020  1000    46.9   38.8     6.5     0.000   0   73.33  343.1   16.9    1545
156  04/07/2020  1100    48.7   39.7     6.7     0.000   0   70.89  344.2   17.4      --
157  04/07/2020  1200    51.1   40.6     6.9     0.000   0   67.19  345.2   17.9      --
158  04/07/2020  1300    52.7   42.1     7.1     0.000   0   67.13  346.2   18.4      --
159  04/07/2020  1400    53.3   43.1     7.3     0.000   0   68.23  347.1   19.0      --
160  04/07/2020  1500    53.5   43.8     7.5     0.000   0   69.58  347.9   19.5      --
161  04/07/2020  1600    53.4   44.3     7.7     0.000   0   71.07  348.7   20.1    1541
162  04/07/2020  1700    53.2   44.3     6.7     0.000   0   71.75  350.8   16.3      --
163  04/07/2020  1800    52.8   43.8     5.8     0.000   0   71.42  354.0   12.6      --
164  04/07/2020  1900    52.1   43.1     4.8     0.000   0   71.43  359.9    8.9      --
165  04/07/2020  2000    51.7   43.1     3.8     0.000   0   72.48   13.7    5.4      --
166  04/07/2020  2100    49.4   43.1     2.8     0.000   0   79.05   57.0    3.1      --
167  04/07/2020  2200    47.0   43.1     1.8     0.000   5   86.29  116.3    4.3     199
