  Generated by FoxLW on Thursday April 2, 2020 at 02:32 PDT
-------------------------------------------------------------------------------
  Corvallis East
  44.5700:-123.2400  (44 34' 12.00"N  123 14' 24.00"W)  elev 216.5 feet    file: 810105
-------------------------------------------------------------------------------

Line#   Date     Hour   TempF  DewPtF WS(mph)  Rain(in) LW    RH%  WDir_50m WS_50m Inv(ft)
  5  04/02/2020  0400    29.2   29.2     0.4     0.000  10  100.00   85.3    1.6    1078
  6  04/02/2020  0500    27.6   27.6     0.5     0.000  10  100.00   95.6    0.9      --
  7  04/02/2020  0600    27.1   27.1     0.7     0.000  10  100.00  141.7    0.4      --
  8  04/02/2020  0700    27.7   27.7     0.8     0.000  10  100.00  218.8    0.7      --
  9  04/02/2020  0800    29.9   29.9     0.9     0.000  10  100.00  235.6    1.4      --
 10  04/02/2020  0900    33.8   31.1     1.1     0.000  10   89.52  241.2    2.0      --
 11  04/02/2020  1000    37.9   32.3     1.2     0.010   5   80.09  244.0    2.8  no_inv
 12  04/02/2020  1100    42.9   31.1     3.3     0.000   0   62.72  268.9    4.7      --
 13  04/02/2020  1200    46.4   33.0     5.3     0.000   0   59.34  278.4    7.1      --
 14  04/02/2020  1300    47.2   35.8     7.4     0.010   0   64.45  283.1    9.5      --
 15  04/02/2020  1400    52.1   32.2     9.4     0.000   0   46.44  285.9   11.9      --
 16  04/02/2020  1500    50.2   35.2    11.5     0.000   0   56.23  287.7   14.4      --
 17  04/02/2020  1600    47.7   37.9    13.5     0.030   0   68.75  289.0   16.9  no_inv
 18  04/02/2020  1700    51.9   32.5    11.7     0.000   0   47.48  291.3   15.7      --
 19  04/02/2020  1800    47.4   32.0     9.8     0.000   0   54.96  293.8   14.6      --
 20  04/02/2020  1900    38.2   32.2     7.9     0.000   0   78.92  296.8   13.5      --
 21  04/02/2020  2000    33.1   31.5     6.1     0.000   5   93.84  300.4   12.4      --
 22  04/02/2020  2100    30.8   30.8     4.2     0.000  10  100.00  304.6   11.4      --
 23  04/02/2020  2200    28.4   27.9     2.4     0.000  10   97.74  309.5   10.5    3952
 24  04/02/2020  2300    27.1   26.2     0.4     0.000  10   96.34  308.5    8.6      --
 25  04/03/2020  0000    27.1   26.2     0.6     0.000  10   96.34  307.0    6.6      --
 26  04/03/2020  0100    27.4   26.6     0.8     0.000  10   96.94  304.1    4.7      --
 27  04/03/2020  0200    27.8   27.1     0.9     0.000  10   97.03  297.6    2.9      --
 28  04/03/2020  0300    28.1   27.2     0.6     0.000  10   96.36  269.8    1.2      --
 29  04/03/2020  0400    28.8   27.0     0.3     0.000  10   92.86  170.7    1.4    1081
 30  04/03/2020  0500    27.6   26.7     0.7     0.000  10   96.35  174.2    2.1      --
 31  04/03/2020  0600    27.1   26.9     1.1     0.000  10   99.18  175.8    2.8      --
 32  04/03/2020  0700    27.8   27.7     1.4     0.000  10   99.50  176.8    3.5      --
 33  04/03/2020  0800    30.1   29.2     1.8     0.000  10   96.39  177.5    4.2      --
 34  04/03/2020  0900    34.0   34.0     2.2     0.000  10  100.00  177.9    5.0      --
 35  04/03/2020  1000    38.8   35.9     2.6     0.000  10   89.02  178.3    5.7    7004
 36  04/03/2020  1100    43.0   35.9     2.7     0.000   5   75.78  191.2    4.9      --
 37  04/03/2020  1200    45.8   35.9     2.7     0.000   0   68.03  207.5    4.5      --
 38  04/03/2020  1300    47.9   35.9     2.8     0.000   0   62.85  225.4    4.5      --
 39  04/03/2020  1400    49.1   35.9     2.9     0.000   0   60.27  241.9    4.9      --
 40  04/03/2020  1500    49.8   35.9     2.9     0.000   0   58.61  254.8    5.7      --
 41  04/03/2020  1600    50.2   35.9     3.0     0.000   0   57.69  264.5    6.6    7790
 42  04/03/2020  1700    50.2   35.9     3.0     0.000   0   57.72  274.6    5.8      --
 43  04/03/2020  1800    49.0   35.9     2.9     0.000   0   60.42  287.8    5.1      --
 44  04/03/2020  1900    46.5   35.9     2.9     0.000   0   66.37  303.8    4.8      --
 45  04/03/2020  2000    45.1   35.9     2.8     0.000   0   69.93  320.5    4.9      --
 46  04/03/2020  2100    42.8   36.6     2.8     0.000   0   78.70  335.4    5.3      --
 47  04/03/2020  2200    40.4   38.3     2.8     0.030   5   91.95  347.3    6.1     891
 48  04/03/2020  2300    38.7   37.1     3.2     0.000  10   94.09  349.7    7.0      --
 49  04/04/2020  0000    38.2   36.8     3.6     0.000  10   94.57  351.5    7.9      --
 50  04/04/2020  0100    38.8   37.1     4.0     0.000  10   93.85  353.0    8.8      --
 51  04/04/2020  0200    37.5   36.3     4.4     0.000  10   95.52  354.2    9.7      --
 52  04/04/2020  0300    37.2   36.1     4.8     0.000  10   95.96  355.2   10.6      --
 53  04/04/2020  0400    36.9   35.9     5.2     0.000  10   95.98  356.1   11.5     774
 54  04/04/2020  0500    37.5   35.2     4.6     0.000  10   91.52  357.9   10.1      --
 55  04/04/2020  0600    37.3   35.1     4.0     0.000  10   91.59    0.4    8.6      --
 56  04/04/2020  0700    37.7   35.2     3.4     0.000  10   90.69    3.8    7.2      --
 57  04/04/2020  0800    38.3   35.5     2.8     0.000  10   89.56    8.9    5.8      --
 58  04/04/2020  0900    40.5   39.1     2.1     0.000  10   94.76   17.0    4.5      --
 59  04/04/2020  1000    41.2   40.5     1.5     0.000  10   97.27   31.2    3.4    6687
 60  04/04/2020  1100    43.6   40.5     2.0     0.000  10   88.61  354.8    2.7      --
 61  04/04/2020  1200    45.8   40.7     2.6     0.000   5   82.35  319.1    3.4      --
 62  04/04/2020  1300    47.0   41.5     3.1     0.010   0   81.01  300.0    4.9      --
 63  04/04/2020  1400    48.8   40.5     3.6     0.000   0   72.80  290.2    6.6      --
 64  04/04/2020  1500    48.7   41.1     4.2     0.000   0   75.07  284.7    8.5      --
 65  04/04/2020  1600    48.2   42.2     4.7     0.020   0   79.65  281.1   10.4  no_inv
 66  04/04/2020  1700    48.2   41.8     4.2     0.000   0   78.30  282.7    9.2      --
 67  04/04/2020  1800    47.8   41.8     3.7     0.030   0   79.73  284.9    8.0      --
 68  04/04/2020  1900    47.0   41.2     3.1     0.020   0   80.31  287.8    6.8      --
 69  04/04/2020  2000    46.5   41.0     2.6     0.000   0   80.85  291.9    5.6      --
 70  04/04/2020  2100    44.2   40.3     2.1     0.000   5   86.13  298.1    4.4      --
 71  04/04/2020  2200    41.9   41.0     1.5     0.080  10   96.58  308.4    3.4    2332
 72  04/04/2020  2300    40.6   39.7     1.8     0.000  10   96.56  316.1    3.9      --
 73  04/05/2020  0000    41.4   40.5     2.0     0.010  10   96.57  322.1    4.4      --
 74  04/05/2020  0100    41.3   40.4     2.3     0.010  10   96.57  326.9    4.9      --
 75  04/05/2020  0200    40.2   39.3     2.5     0.000  10   96.56  330.6    5.5      --
 76  04/05/2020  0300    40.9   40.0     2.8     0.010  10   96.56  333.7    6.1      --
 77  04/05/2020  0400    40.7   39.8     3.0     0.010  10   96.56  336.2    6.7    2664
 78  04/05/2020  0500    40.8   37.7     2.6     0.000  10   88.54  336.9    5.3      --
 79  04/05/2020  0600    40.7   37.6     2.3     0.000  10   88.54  338.2    3.9      --
 80  04/05/2020  0700    41.0   37.4     1.9     0.000  10   86.93  340.8    2.5      --
 81  04/05/2020  0800    41.3   37.7     1.5     0.000  10   86.95  349.5    1.2      --
 82  04/05/2020  0900    41.8   38.3     1.1     0.000  10   86.99  104.2    0.4      --
 83  04/05/2020  1000    42.2   38.8     0.8     0.000  10   87.61  142.5    1.7    3452
 84  04/05/2020  1100    43.8   39.6     1.3     0.000  10   84.83  226.1    0.4      --
 85  04/05/2020  1200    48.0   40.1     1.8     0.000   5   73.86  298.6    1.8      --
 86  04/05/2020  1300    50.1   41.4     2.3     0.010   0   71.96  304.3    3.4      --
 87  04/05/2020  1400    53.9   39.4     2.8     0.000   0   57.75  306.3    5.1      --
 88  04/05/2020  1500    53.0   40.8     3.3     0.000   0   62.97  307.3    6.8      --
 89  04/05/2020  1600    51.2   42.0     3.8     0.010   0   70.68  307.9    8.5    8338
 90  04/05/2020  1700    50.1   41.0     4.3     0.000   0   70.79  312.4    9.4      --
 91  04/05/2020  1800    49.6   40.4     4.7     0.000   0   70.69  316.1   10.3      --
 92  04/05/2020  1900    48.5   40.2     5.1     0.000   0   72.95  319.2   11.2      --
 93  04/05/2020  2000    47.8   40.1     5.6     0.000   0   74.51  321.9   12.2      --
 94  04/05/2020  2100    45.5   39.7     6.0     0.000   0   80.13  324.1   13.2      --
 95  04/05/2020  2200    43.2   42.0     6.4     0.060  10   95.61  326.1   14.2     666
 96  04/05/2020  2300    41.0   40.0     6.1     0.000  10   96.16  325.5   13.4      --
 97  04/06/2020  0000    39.2   38.3     5.7     0.000  10   96.44  324.9   12.7      --
 98  04/06/2020  0100    37.5   36.6     5.4     0.000  10   96.51  324.2   11.9      --
 99  04/06/2020  0200    36.0   35.1     5.1     0.000  10   96.50  323.5   11.2      --
100  04/06/2020  0300    34.7   33.8     4.7     0.010  10   96.47  322.6   10.4      --
101  04/06/2020  0400    33.6   32.7     4.4     0.010  10   96.45  321.5    9.7     745
102  04/06/2020  0500    34.0   31.0     4.0     0.000   5   88.95  325.9    8.5      --
103  04/06/2020  0600    33.5   30.6     3.6     0.000   0   88.95  331.6    7.4      --
104  04/06/2020  0700    34.3   31.0     3.2     0.000   0   87.50  339.2    6.3      --
105  04/06/2020  0800    36.3   33.0     2.8     0.000   0   87.64  349.5    5.5      --
106  04/06/2020  0900    40.5   37.4     2.4     0.000   5   88.81    3.2    4.8      --
107  04/06/2020  1000    42.7   39.5     2.0     0.000  10   88.39   19.6    4.5    3743
108  04/06/2020  1100    47.0   39.6     2.3     0.000   5   75.34    2.5    4.5      --
109  04/06/2020  1200    50.7   39.6     2.6     0.000   0   65.59  346.3    4.8      --
110  04/06/2020  1300    53.5   39.6     2.9     0.000   0   59.18  333.0    5.4      --
111  04/06/2020  1400    55.0   39.6     3.2     0.000   0   55.86  323.0    6.3      --
112  04/06/2020  1500    56.1   39.6     3.5     0.000   0   53.75  315.5    7.3      --
113  04/06/2020  1600    56.8   39.6     3.8     0.000   0   52.50  310.0    8.4    6986
114  04/06/2020  1700    56.7   39.6     3.7     0.000   0   52.61  312.8    8.1      --
115  04/06/2020  1800    52.0   39.6     3.6     0.000   0   62.47  316.0    7.7      --
116  04/06/2020  1900    42.4   39.6     3.4     0.000   5   89.73  319.3    7.4      --
117  04/06/2020  2000    37.1   37.1     0.7     0.000  10  100.00  323.0    7.2      --
118  04/06/2020  2100    34.7   33.6     0.4     0.000  10   95.66  326.9    6.9      --
119  04/06/2020  2200    32.4   31.5     0.4     0.000  10   96.43  331.0    6.7     891
120  04/06/2020  2300    32.2   31.3     0.4     0.000  10   96.43  333.9    6.6      --
121  04/07/2020  0000    32.2   31.3     0.4     0.000  10   96.43  336.9    6.5      --
122  04/07/2020  0100    32.0   31.1     0.4     0.000  10   96.43  340.0    6.4      --
123  04/07/2020  0200    32.0   31.1     0.4     0.000  10   96.43  343.2    6.3      --
124  04/07/2020  0300    32.0   31.1     0.4     0.000  10   96.43  346.5    6.2      --
125  04/07/2020  0400    32.0   31.1     0.4     0.000  10   96.43  349.8    6.2    1038
126  04/07/2020  0500    32.0   31.1     0.4     0.000  10   96.43  356.4    6.1      --
127  04/07/2020  0600    32.0   31.2     0.6     0.000  10   96.69    3.3    6.0      --
128  04/07/2020  0700    32.3   32.0     1.2     0.000  10   98.54   10.1    6.1      --
129  04/07/2020  0800    34.2   33.9     2.0     0.000  10   98.61   16.7    6.2      --
130  04/07/2020  0900    38.6   38.6     2.8     0.000  10  100.00   23.0    6.4      --
131  04/07/2020  1000    43.5   39.3     3.0     0.000   5   85.07   28.8    6.7    3216
132  04/07/2020  1100    48.8   39.3     3.9     0.000   0   69.43   23.7    7.4      --
133  04/07/2020  1200    54.1   37.7     4.8     0.000   0   53.76   19.5    8.1      --
134  04/07/2020  1300    58.2   39.5     5.7     0.000   0   49.60   15.9    8.9      --
135  04/07/2020  1400    60.4   39.6     6.6     0.000   0   46.17   13.0    9.7      --
136  04/07/2020  1500    61.5   39.8     7.4     0.000   0   44.64   10.5   10.5      --
137  04/07/2020  1600    62.1   40.0     8.3     0.000   0   44.08    8.4   11.4    4740
138  04/07/2020  1700    62.3   40.0     7.9     0.000   0   43.85  351.4    9.3      --
139  04/07/2020  1800    57.7   39.9     7.6     0.000   0   51.40  328.2    8.4      --
140  04/07/2020  1900    48.3   39.9     7.2     0.000   0   72.50  304.3    9.1      --
141  04/07/2020  2000    43.1   39.4     6.8     0.000   0   86.56  286.2   10.9      --
142  04/07/2020  2100    40.8   38.8     6.5     0.000   5   92.50  274.2   13.6      --
143  04/07/2020  2200    38.4   37.3     6.1     0.000  10   95.59  266.4   16.6    1087
144  04/07/2020  2300    36.1   35.3     5.7     0.000  10   96.91  274.7   13.6      --
145  04/08/2020  0000    35.7   34.8     5.3     0.000  10   96.42  287.5   11.0      --
146  04/08/2020  0100    32.0   31.1     0.4     0.000  10   96.42  306.6    9.2      --
147  04/08/2020  0200    32.0   31.1     0.4     0.000  10   96.42  330.8    8.8      --
148  04/08/2020  0300    32.0   31.1     0.4     0.000  10   96.42  353.0    9.9      --
149  04/08/2020  0400    32.0   31.1     0.4     0.000  10   96.42    8.9   12.2    1078
150  04/08/2020  0500    32.0   31.1     0.4     0.000  10   96.42   10.2   11.6      --
151  04/08/2020  0600    32.0   31.1     0.8     0.000  10   96.78   11.6   11.1      --
152  04/08/2020  0700    32.4   32.2     1.9     0.000  10   99.13   13.2   10.6      --
153  04/08/2020  0800    34.9   34.8     3.1     0.000  10   99.38   15.0   10.0      --
154  04/08/2020  0900    40.8   36.6     4.1     0.000   5   84.81   16.9    9.5      --
155  04/08/2020  1000    47.2   38.3     4.1     0.000   0   71.07   19.1    9.0    2503
156  04/08/2020  1100    54.0   39.4     4.5     0.000   0   57.78   15.2    9.1      --
157  04/08/2020  1200    59.9   39.8     4.8     0.000   0   47.39   11.4    9.3      --
158  04/08/2020  1300    64.5   40.6     5.1     0.000   0   41.55    7.7    9.5      --
159  04/08/2020  1400    67.0   41.6     5.4     0.000   0   39.64    4.2    9.7      --
160  04/08/2020  1500    68.3   42.1     5.8     0.000   0   38.64    0.9    9.9      --
161  04/08/2020  1600    69.0   42.3     6.1     0.000   0   37.99  357.7   10.2    4256
162  04/08/2020  1700    69.2   42.3     6.2     0.000   0   37.68  351.2   10.7      --
163  04/08/2020  1800    64.0   42.3     6.3     0.000   0   45.22  345.3   11.3      --
164  04/08/2020  1900    53.2   42.2     6.4     0.000   0   66.35  340.0   12.0      --
165  04/08/2020  2000    47.2   42.5     6.5     0.000   0   83.43  335.4   12.8      --
166  04/08/2020  2100    44.9   42.7     6.6     0.000   5   91.98  331.3   13.7      --
167  04/08/2020  2200    42.5   42.5     6.7     0.000  10  100.00  327.7   14.6     342
