  Generated by FoxLW on Wednesday April 1, 2020 at 16:30 PDT
-------------------------------------------------------------------------------
  903: 822727  K&K 2480 ft
  41.0506:-123.9250  (41 3' 2.27"N  123 55' 30.00"W)  elev 2477.0 feet    file: 822727
-------------------------------------------------------------------------------

Line#   Date     Hour   TempF  DewPtF WS(mph)  Rain(in) LW    RH%  WDir_50m WS_50m Inv(ft)
  5  04/01/2020  0400    32.9   29.4     3.8     0.000   0   87.05  349.1    8.3     131
  6  04/01/2020  0500    32.7   29.5     5.3     0.000   0   87.96  346.1    9.8      --
  7  04/01/2020  0600    32.5   29.7     6.9     0.000   0   89.23  343.9   11.2      --
  8  04/01/2020  0700    32.9   30.0     8.5     0.000   0   88.74  342.2   12.7      --
  9  04/01/2020  0800    34.5   30.3    10.1     0.000   0   84.67  340.9   14.2      --
 10  04/01/2020  0900    36.8   28.8    11.7     0.000   0   72.68  339.8   15.6      --
 11  04/01/2020  1000    38.9   29.3    13.3     0.000   0   68.12  338.9   17.1    6092
 12  04/01/2020  1100    40.1   29.8    12.6     0.000   0   66.34  337.7   18.2      --
 13  04/01/2020  1200    40.4   30.2    11.9     0.000   0   66.88  336.6   19.3      --
 14  04/01/2020  1300    40.5   31.1    11.2     0.000   0   68.76  335.6   20.4      --
 15  04/01/2020  1400    40.6   31.8    10.5     0.000   0   70.68  334.7   21.5      --
 16  04/01/2020  1500    40.6   32.4     9.8     0.000   0   72.42  333.9   22.5      --
 17  04/01/2020  1600    40.5   32.8     9.1     0.000   0   73.77  333.2   23.6    3744
 18  04/01/2020  1700    40.5   32.8     9.0     0.000   0   74.00  335.2   22.8      --
 19  04/01/2020  1800    40.3   32.4     8.9     0.000   0   73.18  337.3   21.9      --
 20  04/01/2020  1900    39.8   32.7     8.8     0.000   0   75.51  339.6   21.1      --
 21  04/01/2020  2000    39.6   32.3     8.7     0.000   0   75.09  342.2   20.3      --
 22  04/01/2020  2100    37.2   31.7     8.6     0.000   0   80.17  344.9   19.5      --
 23  04/01/2020  2200    34.9   31.2     8.5     0.000   0   86.12  347.8   18.8  no_inv
 24  04/01/2020  2300    34.2   30.7     8.1     0.000   0   86.53  350.9   17.6      --
 25  04/02/2020  0000    34.0   30.4     7.6     0.000   0   86.57  354.5   16.5      --
 26  04/02/2020  0100    33.7   30.4     7.1     0.000   0   87.45  358.6   15.4      --
 27  04/02/2020  0200    33.5   30.6     6.7     0.000   0   88.99    3.3   14.5      --
 28  04/02/2020  0300    33.2   30.9     6.2     0.000   0   91.06    8.6   13.6      --
 29  04/02/2020  0400    32.9   31.3     5.8     0.000   5   93.47   14.5   12.9    1496
 30  04/02/2020  0500    32.7   31.3     5.6     0.000   5   94.53    9.4   12.0      --
 31  04/02/2020  0600    32.5   31.3     5.4     0.000   5   95.32    3.4   11.2      --
 32  04/02/2020  0700    32.9   31.8     5.2     0.000  10   95.56  356.6   10.5      --
 33  04/02/2020  0800    34.4   32.0     5.0     0.000   5   90.68  349.1   10.0      --
 34  04/02/2020  0900    36.8   28.0     4.8     0.000   0   70.16  340.9    9.7      --
 35  04/02/2020  1000    39.7   28.1     4.6     0.000   0   62.81  332.4    9.6    5995
 36  04/02/2020  1100    42.3   28.1     5.3     0.000   0   56.79  331.2   11.3      --
 37  04/02/2020  1200    44.1   28.0     6.1     0.000   0   53.01  330.3   13.0      --
 38  04/02/2020  1300    44.8   28.6     6.8     0.000   0   52.61  329.6   14.8      --
 39  04/02/2020  1400    44.9   29.1     7.5     0.000   0   53.70  329.1   16.5      --
 40  04/02/2020  1500    44.6   29.7     8.2     0.000   0   55.52  328.7   18.2      --
 41  04/02/2020  1600    44.1   30.3     8.9     0.000   0   58.04  328.3   19.9    3032
 42  04/02/2020  1700    43.3   30.3     8.6     0.000   0   60.01  330.6   19.1      --
 43  04/02/2020  1800    42.3   29.6     8.2     0.000   0   60.40  333.2   18.2      --
 44  04/02/2020  1900    40.3   29.7     7.9     0.000   0   65.64  336.0   17.4      --
 45  04/02/2020  2000    39.2   29.3     7.6     0.000   0   67.38  339.0   16.7      --
 46  04/02/2020  2100    36.8   28.9     7.2     0.000   0   72.71  342.3   16.0      --
 47  04/02/2020  2200    34.5   28.9     6.9     0.000   0   79.68  345.9   15.4    3040
 48  04/02/2020  2300    34.0   28.9     6.6     0.000   0   81.11  346.0   14.8      --
 49  04/03/2020  0000    34.0   28.9     6.4     0.000   0   81.39  346.1   14.2      --
 50  04/03/2020  0100    33.9   28.9     6.1     0.000   0   81.93  346.2   13.6      --
 51  04/03/2020  0200    33.7   29.0     5.8     0.000   0   82.68  346.4   13.0      --
 52  04/03/2020  0300    33.6   29.1     5.6     0.000   0   83.59  346.5   12.4      --
 53  04/03/2020  0400    33.4   29.2     5.3     0.000   0   84.61  346.7   11.8    3764
 54  04/03/2020  0500    33.2   29.3     5.3     0.000   0   85.33  342.0   11.3      --
 55  04/03/2020  0600    33.0   29.4     5.2     0.000   0   86.35  337.1   11.0      --
 56  04/03/2020  0700    33.3   29.4     5.2     0.000   0   85.20  331.9   10.7      --
 57  04/03/2020  0800    34.5   29.3     5.2     0.000   0   81.29  326.4   10.6      --
 58  04/03/2020  0900    36.3   27.3     5.2     0.000   0   69.48  320.9   10.5      --
 59  04/03/2020  1000    38.5   27.8     5.2     0.000   0   64.95  315.3   10.5    3753
 60  04/03/2020  1100    40.3   28.2     5.0     0.000   0   61.76  313.2   10.2      --
 61  04/03/2020  1200    41.2   28.6     4.8     0.000   0   60.73  311.0    9.9      --
 62  04/03/2020  1300    41.8   29.0     4.6     0.000   0   60.20  308.6    9.6      --
 63  04/03/2020  1400    42.1   29.3     4.4     0.000   0   60.22  306.2    9.4      --
 64  04/03/2020  1500    42.2   29.5     4.2     0.000   0   60.29  303.6    9.1      --
 65  04/03/2020  1600    42.3   29.5     4.0     0.000   0   60.29  300.8    8.9    2167
 66  04/03/2020  1700    42.2   29.5     4.0     0.000   0   60.39  293.4    6.2      --
 67  04/03/2020  1800    41.8   29.5     4.0     0.000   0   61.34  276.0    3.9      --
 68  04/03/2020  1900    40.8   29.3     4.0     0.000   0   63.33  229.4    2.6      --
 69  04/03/2020  2000    39.6   29.3     3.9     0.000   0   66.20  181.0    3.8      --
 70  04/03/2020  2100    38.5   29.3     3.9     0.000   0   69.20  162.6    6.1      --
 71  04/03/2020  2200    38.2   29.3     3.9     0.000   0   69.85  154.8    8.7     586
 72  04/03/2020  2300    37.0   29.3     4.4     0.000   0   73.32  162.0    9.6      --
 73  04/04/2020  0000    37.0   29.3     4.9     0.000   0   73.32  167.9   10.6      --
 74  04/04/2020  0100    37.0   29.6     5.4     0.000   0   74.27  172.7   11.8      --
 75  04/04/2020  0200    37.1   32.0     5.9     0.000   0   81.60  176.7   12.9      --
 76  04/04/2020  0300    37.1   34.1     6.4     0.020   0   88.76  180.0   14.2      --
 77  04/04/2020  0400    38.0   37.0     6.9     0.100  10   96.52  182.8   15.4    1186
 78  04/04/2020  0500    37.5   34.3     6.4     0.080  10   88.41  186.0   13.9      --
 79  04/04/2020  0600    37.6   34.5     5.8     0.160  10   88.42  190.0   12.4      --
 80  04/04/2020  0700    36.8   33.2     5.2     0.010   5   86.64  195.1   11.0      --
 81  04/04/2020  0800    36.4   32.8     4.6     0.000   0   86.60  201.6    9.7      --
 82  04/04/2020  0900    41.6   38.0     4.0     0.020   0   86.96  210.0    8.6      --
 83  04/04/2020  1000    42.4   38.8     3.4     0.080  10   86.97  220.6    7.7  no_inv
 84  04/04/2020  1100    43.7   40.2     4.0     0.050  10   87.27  231.7    8.4      --
 85  04/04/2020  1200    45.1   41.5     4.5     0.070  10   87.17  240.7    9.4      --
 86  04/04/2020  1300    45.9   42.0     5.0     0.010   5   86.28  247.9   10.6      --
 87  04/04/2020  1400    46.8   41.4     5.6     0.000   0   81.37  253.5   11.9      --
 88  04/04/2020  1500    46.9   41.2     6.1     0.000   0   80.39  258.0   13.3      --
 89  04/04/2020  1600    46.0   41.5     6.7     0.020   0   84.31  261.6   14.8  no_inv
 90  04/04/2020  1700    44.7   40.9     7.0     0.000   0   86.60  248.8   13.9      --
 91  04/04/2020  1800    44.0   40.5     7.4     0.050   9   87.34  235.1   13.8      --
 92  04/04/2020  1900    43.8   40.5     7.8     0.010   5   87.90  221.9   14.5      --
 93  04/04/2020  2000    43.2   40.3     8.2     0.000   0   89.17  210.4   15.8      --
 94  04/04/2020  2100    42.6   39.4     8.6     0.000   0   88.57  200.9   17.7      --
 95  04/04/2020  2200    41.9   41.0     9.0     0.070  10   96.58  193.5   19.9  no_inv
 96  04/04/2020  2300    40.3   39.4     8.3     0.030  10   96.54  199.1   15.6      --
 97  04/05/2020  0000    39.0   38.1     7.7     0.080  10   96.54  208.8   11.4      --
 98  04/05/2020  0100    37.8   36.9     7.0     0.060  10   96.51  228.0    8.0      --
 99  04/05/2020  0200    36.8   35.9     6.4     0.020  10   96.50  263.8    6.4      --
100  04/05/2020  0300    35.9   35.0     5.7     0.030  10   96.48  300.3    7.9      --
101  04/05/2020  0400    36.0   35.1     5.1     0.160  10   96.49  320.0   11.3  no_inv
102  04/05/2020  0500    35.9   32.8     4.9     0.100  10   88.33  318.0   10.9      --
103  04/05/2020  0600    35.6   32.5     4.7     0.030   5   88.32  315.9   10.5      --
104  04/05/2020  0700    36.0   32.4     4.6     0.000   0   86.61  313.5   10.1      --
105  04/05/2020  0800    36.0   32.4     4.4     0.000   0   86.62  311.0    9.8      --
106  04/05/2020  0900    35.1   31.5     4.2     0.000   0   86.55  308.4    9.4      --
107  04/05/2020  1000    35.1   31.5     4.1     0.090  10   86.55  305.5    9.1  no_inv
108  04/05/2020  1100    35.3   31.6     4.8     0.000   5   86.26  312.9   10.6      --
109  04/05/2020  1200    36.1   31.3     5.5     0.000   0   82.38  318.4   12.1      --
110  04/05/2020  1300    37.4   31.0     6.2     0.000   0   77.43  322.7   13.8      --
111  04/05/2020  1400    38.0   31.7     6.9     0.000   0   77.67  326.0   15.5      --
112  04/05/2020  1500    38.4   32.4     7.6     0.000   0   78.91  328.7   17.3      --
113  04/05/2020  1600    38.5   33.2     8.3     0.000   0   81.03  330.8   19.0  no_inv
114  04/05/2020  1700    38.3   33.2     8.1     0.000   0   81.80  332.9   18.6      --
115  04/05/2020  1800    37.6   32.3     8.0     0.000   0   80.93  335.0   18.3      --
116  04/05/2020  1900    36.9   32.1     7.8     0.000   0   82.71  337.2   17.9      --
117  04/05/2020  2000    36.1   31.2     7.7     0.000   0   81.97  339.5   17.6      --
118  04/05/2020  2100    35.4   30.0     7.5     0.000   0   80.38  341.9   17.3      --
119  04/05/2020  2200    34.7   29.5     7.3     0.000   0   81.01  344.4   17.0  no_inv
120  04/05/2020  2300    34.5   29.1     7.1     0.000   0   80.73  336.3   15.0      --
121  04/06/2020  0000    34.3   29.0     6.8     0.000   0   80.67  325.9   13.3      --
122  04/06/2020  0100    34.2   29.1     6.5     0.000   0   81.33  312.9   12.1      --
123  04/06/2020  0200    34.1   29.4     6.3     0.000   0   82.66  298.3   11.7      --
124  04/06/2020  0300    34.0   29.8     6.0     0.000   0   84.56  283.5   12.1      --
125  04/06/2020  0400    33.8   30.3     5.8     0.000   0   86.90  270.5   13.2      12
126  04/06/2020  0500    33.7   31.3     5.3     0.000   0   90.85  276.5   11.3      --
127  04/06/2020  0600    33.6   32.0     4.9     0.000   5   93.92  284.7    9.6      --
128  04/06/2020  0700    34.0   32.0     4.5     0.000  10   92.48  296.1    8.1      --
129  04/06/2020  0800    35.2   32.0     4.1     0.000   5   88.13  311.6    7.1      --
130  04/06/2020  0900    37.2   37.2     3.7     0.000   5  100.00  330.2    6.8      --
131  04/06/2020  1000    39.6   38.2     3.2     0.000  10   94.75  348.7    7.2  no_inv
132  04/06/2020  1100    41.8   32.8     4.1     0.000   5   70.34  344.7    9.0      --
133  04/06/2020  1200    43.2   34.5     4.9     0.000   0   71.22  342.1   10.9      --
134  04/06/2020  1300    44.2   36.8     5.8     0.000   0   74.85  340.3   12.8      --
135  04/06/2020  1400    44.7   38.1     6.6     0.000   0   77.32  338.9   14.7      --
136  04/06/2020  1500    45.0   38.7     7.5     0.000   0   78.24  337.8   16.6      --
137  04/06/2020  1600    45.2   38.9     8.3     0.000   0   78.50  337.0   18.6    2207
138  04/06/2020  1700    45.0   38.9     7.8     0.000   0   78.78  341.7   16.8      --
139  04/06/2020  1800    44.6   38.2     7.2     0.000   0   78.16  347.6   15.1      --
140  04/06/2020  1900    43.7   37.7     6.7     0.000   0   79.13  354.8   13.6      --
141  04/06/2020  2000    43.2   37.0     6.1     0.000   0   78.36    3.5   12.4      --
142  04/06/2020  2100    40.9   36.7     5.5     0.000   0   84.96   13.9   11.5      --
143  04/06/2020  2200    38.5   37.7     5.0     0.000   5   96.53   25.5   11.1     170
144  04/06/2020  2300    38.2   35.6     6.1     0.000   5   90.24   25.1   11.9      --
145  04/07/2020  0000    38.2   34.0     7.3     0.000   0   84.73   24.8   12.7      --
146  04/07/2020  0100    38.3   33.3     8.4     0.000   0   82.21   24.5   13.6      --
147  04/07/2020  0200    38.3   33.8     9.6     0.000   0   83.76   24.3   14.4      --
148  04/07/2020  0300    38.3   34.2    10.7     0.000   0   85.00   24.1   15.2      --
149  04/07/2020  0400    38.3   34.5    11.9     0.000   0   86.21   23.9   16.1     439
150  04/07/2020  0500    38.2   35.6    10.7     0.000   0   90.01   19.2   14.6      --
151  04/07/2020  0600    38.2   36.8     9.5     0.000   0   94.67   13.4   13.2      --
152  04/07/2020  0700    38.6   37.7     8.3     0.000   0   96.36    6.4   11.9      --
153  04/07/2020  0800    39.9   38.3     7.2     0.000   5   93.98  357.9   10.9      --
154  04/07/2020  0900    42.0   37.4     6.0     0.000   5   83.29  348.0   10.2      --
155  04/07/2020  1000    44.8   38.1     4.8     0.000   0   77.20  337.0    9.8    1501
156  04/07/2020  1100    47.8   38.9     4.9     0.000   0   71.05  338.0   10.4      --
157  04/07/2020  1200    50.5   39.5     5.1     0.000   0   65.75  338.9   10.9      --
158  04/07/2020  1300    52.3   40.4     5.2     0.000   0   63.75  339.7   11.4      --
159  04/07/2020  1400    53.1   41.0     5.3     0.000   0   63.47  340.5   12.0      --
160  04/07/2020  1500    53.3   41.4     5.5     0.000   0   63.83  341.2   12.5      --
161  04/07/2020  1600    53.3   41.7     5.6     0.000   0   64.53  341.8   13.1     767
162  04/07/2020  1700    53.1   41.7     5.9     0.000   0   65.06  351.0   11.5      --
163  04/07/2020  1800    51.8   41.4     6.2     0.000   0   67.55    2.8   10.3      --
164  04/07/2020  1900    50.4   41.6     6.4     0.000   0   71.52   16.9    9.6      --
165  04/07/2020  2000    50.6   41.8     6.7     0.000   0   71.80   32.1    9.6      --
166  04/07/2020  2100    50.7   42.1     7.0     0.000   0   72.19   46.3   10.2      --
167  04/07/2020  2200    50.9   42.3     7.3     0.000   0   72.21   58.3   11.4  no_inv
