  Generated by FoxLW on Wednesday May 27, 2020 at 09:25 PDT
-------------------------------------------------------------------------------
  WSU Prosser
  46.2600:-119.7400  (46 15' 36.00"N  119 44' 24.00"W)  elev 928.5 feet    file: 300033
-------------------------------------------------------------------------------

Line#   Date     Hour   TempF  DewPtF WS(mph)  Rain(in) LW    RH%  WDir_50m WS_50m Inv(ft)
  5  05/27/2020  0400    57.7   30.4     4.5     0.000   0   35.29  333.2    8.9     393
  6  05/27/2020  0500    57.3   30.4     3.8     0.000   0   35.77  331.8    7.4      --
  7  05/27/2020  0600    57.7   30.4     3.2     0.000   0   35.25  329.8    6.0      --
  8  05/27/2020  0700    58.6   28.3     2.5     0.000   0   31.31  326.4    4.5      --
  9  05/27/2020  0800    60.2   28.3     1.8     0.000   0   29.47  320.0    3.1      --
 10  05/27/2020  0900    62.5   28.2     1.1     0.000   0   27.13  303.3    1.8      --
 11  05/27/2020  1000    65.3   28.1     0.5     0.000   0   24.53  246.3    1.1    4117
 12  05/27/2020  1100    68.4   28.0     1.0     0.000   0   21.98  122.2    0.6      --
 13  05/27/2020  1200    73.4   28.0     1.5     0.000   0   18.46   96.4    2.0      --
 14  05/27/2020  1300    77.4   27.9     2.0     0.000   0   16.13   92.1    3.5      --
 15  05/27/2020  1400    79.5   27.9     2.6     0.000   0   15.03   90.3    5.0      --
 16  05/27/2020  1500    80.4   27.8     3.1     0.000   0   14.56   89.4    6.5      --
 17  05/27/2020  1600    80.9   27.8     3.6     0.000   0   14.34   88.8    7.9    4746
 18  05/27/2020  1700    81.0   27.9     4.7     0.000   0   14.34   80.7    8.4      --
 19  05/27/2020  1800    80.1   28.1     5.7     0.000   0   14.87   73.5    9.1      --
 20  05/27/2020  1900    77.5   28.4     6.8     0.000   0   16.41   67.4    9.8      --
 21  05/27/2020  2000    76.0   30.7     7.8     0.000   0   18.95   62.2   10.6      --
 22  05/27/2020  2100    74.4   31.3     8.9     0.000   0   20.47   57.8   11.6      --
 23  05/27/2020  2200    72.9   31.8    10.0     0.000   0   22.01   54.1   12.5     319
 24  05/27/2020  2300    70.9   32.4     9.2     0.000   0   24.03   51.5   12.1      --
 25  05/28/2020  0000    69.8   32.9     8.5     0.000   0   25.51   48.7   11.6      --
 26  05/28/2020  0100    68.8   32.8     7.8     0.000   0   26.33   45.7   11.2      --
 27  05/28/2020  0200    68.1   31.7     7.0     0.000   0   25.81   42.5   10.8      --
 28  05/28/2020  0300    67.6   30.4     6.3     0.000   0   24.88   39.0   10.4      --
 29  05/28/2020  0400    67.3   29.4     5.5     0.000   0   24.13   35.4   10.1     821
 30  05/28/2020  0500    67.1   30.9     6.5     0.000   0   25.87   37.4   10.8      --
 31  05/28/2020  0600    67.3   33.0     7.5     0.000   0   27.88   39.1   11.5      --
 32  05/28/2020  0700    68.0   32.2     8.5     0.000   0   26.33   40.7   12.2      --
 33  05/28/2020  0800    69.2   32.3     9.5     0.000   0   25.47   42.1   12.9      --
 34  05/28/2020  0900    70.9   32.5    10.5     0.000   0   24.26   43.3   13.6      --
 35  05/28/2020  1000    73.0   32.8    11.4     0.000   0   22.80   44.5   14.3    5733
 36  05/28/2020  1100    75.6   33.0    10.3     0.000   0   21.10   43.6   13.5      --
 37  05/28/2020  1200    80.5   33.2     9.2     0.000   0   18.13   42.7   12.7      --
 38  05/28/2020  1300    84.4   33.9     8.1     0.000   0   16.44   41.6   11.9      --
 39  05/28/2020  1400    86.3   34.5     7.0     0.000   0   15.82   40.3   11.1      --
 40  05/28/2020  1500    87.2   35.1     5.9     0.000   0   15.70   38.9   10.3      --
 41  05/28/2020  1600    87.6   35.5     4.8     0.000   0   15.79   37.2    9.5  no_inv
 42  05/28/2020  1700    87.6   35.5     4.9     0.000   0   15.78   32.6    9.5      --
 43  05/28/2020  1800    86.3   35.2     4.9     0.000   0   16.28   28.0    9.5      --
 44  05/28/2020  1900    83.9   35.2     5.0     0.000   0   17.57   23.5    9.6      --
 45  05/28/2020  2000    82.2   34.8     5.1     0.000   0   18.23   19.1    9.8      --
 46  05/28/2020  2100    80.6   34.9     5.2     0.000   0   19.32   14.9   10.0      --
 47  05/28/2020  2200    78.9   35.1     5.2     0.000   0   20.55   10.9   10.3     870
 48  05/28/2020  2300    76.4   35.0     5.1     0.000   0   22.18   20.2    9.1      --
 49  05/29/2020  0000    74.7   34.8     5.0     0.000   0   23.29   32.1    8.2      --
 50  05/29/2020  0100    73.3   34.7     4.9     0.000   0   24.40   46.1    7.7      --
 51  05/29/2020  0200    72.1   34.7     4.8     0.000   0   25.39   60.9    7.8      --
 52  05/29/2020  0300    71.2   34.7     4.7     0.000   0   26.17   74.7    8.3      --
 53  05/29/2020  0400    70.6   34.7     4.6     0.000   0   26.70   86.3    9.2     799
 54  05/29/2020  0500    70.3   34.7     4.0     0.000   0   26.97   86.7    7.4      --
 55  05/29/2020  0600    70.8   34.7     3.3     0.000   0   26.57   87.3    5.7      --
 56  05/29/2020  0700    71.8   40.1     2.6     0.000   0   31.74   88.5    3.9      --
 57  05/29/2020  0800    73.5   41.8     2.0     0.000   0   31.96   91.7    2.1      --
 58  05/29/2020  0900    75.8   41.8     1.3     0.000   0   29.58  121.8    0.4      --
 59  05/29/2020  1000    78.6   41.8     0.7     0.000   0   26.98  254.3    1.5  no_inv
 60  05/29/2020  1100    81.6   41.8     1.8     0.000   0   24.46   69.8    0.6      --
 61  05/29/2020  1200    86.0   41.8     2.9     0.000   0   21.21   72.2    2.7      --
 62  05/29/2020  1300    89.3   41.8     4.0     0.000   0   19.13   72.6    4.7      --
 63  05/29/2020  1400    91.0   42.0     5.2     0.000   0   18.32   72.7    6.8      --
 64  05/29/2020  1500    91.7   42.2     6.3     0.000   0   18.05   72.8    8.9      --
 65  05/29/2020  1600    92.0   42.4     7.4     0.000   0   17.98   72.8   10.9  no_inv
 66  05/29/2020  1700    92.0   42.4     9.6     0.000   0   17.99   72.2   13.4      --
 67  05/29/2020  1800    91.1   42.3    11.8     0.000   0   18.44   71.8   15.9      --
 68  05/29/2020  1900    88.5   42.6    14.1     0.000   0   20.25   71.5   18.4      --
 69  05/29/2020  2000    86.7   43.3    16.3     0.000   0   22.00   71.3   20.9      --
 70  05/29/2020  2100    84.9   44.0    18.5     0.000   0   23.95   71.1   23.4      --
 71  05/29/2020  2200    83.2   44.8    20.7     0.000   0   26.14   71.0   25.9     716
 72  05/29/2020  2300    76.5   45.6    21.0     0.000   0   33.44   65.4   25.6      --
 73  05/30/2020  0000    71.1   46.3    21.3     0.000   0   41.22   59.7   25.6      --
 74  05/30/2020  0100    66.4   47.0    21.5     0.000   0   49.60   54.1   25.9      --
 75  05/30/2020  0200    62.5   47.5    21.8     0.000   0   57.86   48.7   26.4      --
 76  05/30/2020  0300    59.5   47.8    22.1     0.000   0   65.05   43.4   27.1      --
 77  05/30/2020  0400    57.5   47.9    22.4     0.000   0   70.18   38.5   28.0     577
 78  05/30/2020  0500    57.1   47.9    22.5     0.000   0   71.35   34.0   27.7      --
 79  05/30/2020  0600    58.8   48.0    22.7     0.000   0   67.14   29.4   27.7      --
 80  05/30/2020  0700    62.1   48.0    22.8     0.000   0   59.97   24.9   27.8      --
 81  05/30/2020  0800    66.8   48.1    23.0     0.000   0   51.11   20.4   28.0      --
 82  05/30/2020  0900    72.0   48.2    23.1     0.000   0   42.80   16.0   28.5      --
 83  05/30/2020  1000    76.8   48.2    23.3     0.000   0   36.52   11.7   29.1    5380
 84  05/30/2020  1100    80.3   48.1    24.1     0.000   0   32.44  358.7   21.4      --
 85  05/30/2020  1200    82.1   47.8    25.0     0.000   0   30.23  334.2   15.8      --
 86  05/30/2020  1300    83.1   47.3    25.8     0.000   0   28.80  298.2   15.1      --
 87  05/30/2020  1400    83.3   46.7    26.7     0.000   0   27.88  270.0   19.7      --
 88  05/30/2020  1500    83.2   45.8    27.5     0.000   0   27.12  254.7   27.0      --
 89  05/30/2020  1600    82.9   44.9    28.4     0.000   0   26.41  246.3   35.5  no_inv
 90  05/30/2020  1700    82.5   43.9    26.6     0.000   0   25.77  246.1   33.4      --
 91  05/30/2020  1800    81.0   42.8    24.9     0.000   0   25.97  245.9   31.3      --
 92  05/30/2020  1900    76.9   41.7    23.1     0.000   0   28.44  245.6   29.3      --
 93  05/30/2020  2000    71.0   40.5    21.4     0.000   0   33.13  245.3   27.2      --
 94  05/30/2020  2100    65.1   39.4    19.6     0.000   0   38.83  245.0   25.1      --
 95  05/30/2020  2200    59.3   38.4    17.9     0.000   0   45.87  244.6   23.1    2965
 96  05/30/2020  2300    55.8   37.5    15.5     0.000   0   50.02  242.2   20.2      --
 97  05/31/2020  0000    54.4   36.7    13.1     0.000   0   51.04  239.2   17.4      --
 98  05/31/2020  0100    52.9   37.4    10.7     0.000   0   55.42  234.9   14.6      --
 99  05/31/2020  0200    51.4   37.2     8.3     0.000   0   58.05  228.7   12.0      --
100  05/31/2020  0300    50.0   41.3     5.9     0.000   0   71.78  219.3    9.6      --
101  05/31/2020  0400    48.7   43.6     3.5     0.000   0   82.41  204.3    7.6     893
102  05/31/2020  0500    48.3   45.1     3.5     0.000   5   88.51  212.2    7.3      --
103  05/31/2020  0600    48.8   47.3     3.5     0.000  10   94.57  220.8    7.1      --
104  05/31/2020  0700    49.8   41.9     3.5     0.000   5   73.95  229.6    7.1      --
105  05/31/2020  0800    51.6   36.5     3.5     0.000   0   56.09  238.2    7.2      --
106  05/31/2020  0900    54.0   34.4     3.6     0.000   0   47.25  246.4    7.5      --
107  05/31/2020  1000    57.0   34.1     3.6     0.000   0   42.00  253.8    7.9    8146
108  05/31/2020  1100    60.2   33.9     3.2     0.000   0   37.02  253.6    7.0      --
109  05/31/2020  1200    65.2   33.6     2.8     0.000   0   30.76  253.4    6.1      --
110  05/31/2020  1300    69.1   33.4     2.3     0.000   0   26.72  253.1    5.2      --
111  05/31/2020  1400    71.1   33.3     1.9     0.000   0   24.81  252.8    4.2      --
112  05/31/2020  1500    71.9   33.2     1.5     0.000   0   23.98  252.1    3.3      --
113  05/31/2020  1600    72.4   33.1     1.1     0.000   0   23.60  251.1    2.4    7428
114  05/31/2020  1700    72.4   33.1     3.4     0.000   0   23.55  343.3    2.3      --
115  05/31/2020  1800    71.6   33.0     5.7     0.000   0   24.08    9.9    5.3      --
116  05/31/2020  1900    68.9   32.8     8.0     0.000   0   26.20   16.9    8.7      --
117  05/31/2020  2000    66.9   34.4    10.3     0.000   0   29.90   20.0   12.1      --
118  05/31/2020  2100    65.0   32.2    12.6     0.000   0   29.29   21.7   15.4      --
119  05/31/2020  2200    63.0   31.9    14.9     0.000   0   30.94   22.8   18.9    6416
120  05/31/2020  2300    61.3   31.5    14.4     0.000   0   32.43   21.5   18.2      --
121  06/01/2020  0000    60.5   31.2    13.9     0.000   0   33.00   20.1   17.5      --
122  06/01/2020  0100    59.8   31.0    13.4     0.000   0   33.45   18.6   16.9      --
123  06/01/2020  0200    59.3   30.8    12.9     0.000   0   33.80   16.9   16.3      --
124  06/01/2020  0300    58.9   30.6    12.4     0.000   0   34.07   15.2   15.7      --
125  06/01/2020  0400    58.7   32.0    11.9     0.000   0   36.18   13.3   15.1     846
126  06/01/2020  0500    58.6   32.4    10.4     0.000   0   36.97   10.3   13.3      --
127  06/01/2020  0600    58.7   33.2     8.9     0.000   0   38.03    6.4   11.6      --
128  06/01/2020  0700    59.1   31.8     7.3     0.000   0   35.51    1.2    9.9      --
129  06/01/2020  0800    59.8   37.2     5.8     0.000   0   42.88  354.0    8.4      --
130  06/01/2020  0900    60.9   33.7     4.2     0.000   0   35.89  343.7    7.0      --
131  06/01/2020  1000    62.3   39.0     2.7     0.000   0   42.13  329.3    6.0    5539
132  06/01/2020  1100    64.3   35.9     4.4     0.000   0   34.74  313.9    7.2      --
133  06/01/2020  1200    66.9   36.9     6.1     0.000   0   33.00  303.3    8.7      --
134  06/01/2020  1300    69.1   38.3     7.8     0.000   0   32.39  296.0   10.4      --
135  06/01/2020  1400    70.1   39.1     9.5     0.000   0   32.25  290.9   12.2      --
136  06/01/2020  1500    70.8   39.4    11.2     0.000   0   31.88  287.1   14.2      --
137  06/01/2020  1600    71.2   39.4    12.9     0.000   0   31.49  284.3   16.1  no_inv
138  06/01/2020  1700    71.1   39.5    12.1     0.000   0   31.65  286.1   15.3      --
139  06/01/2020  1800    70.1   39.5    11.3     0.000   0   32.72  288.1   14.6      --
140  06/01/2020  1900    68.7   39.4    10.5     0.000   0   34.31  290.4   13.8      --
141  06/01/2020  2000    67.2   40.5     9.8     0.000   0   37.61  292.9   13.1      --
142  06/01/2020  2100    65.7   40.7     9.0     0.000   0   39.89  295.7   12.4      --
143  06/01/2020  2200    64.3   40.8     8.2     0.000   0   42.29  298.9   11.7     867
144  06/01/2020  2300    62.5   40.5     7.5     0.000   0   44.31  295.0   11.1      --
145  06/02/2020  0000    61.2   40.1     6.8     0.000   0   45.69  290.8   10.5      --
146  06/02/2020  0100    60.0   39.7     6.1     0.000   0   46.97  286.0   10.1      --
147  06/02/2020  0200    58.9   39.4     5.5     0.000   0   48.27  280.9    9.6      --
148  06/02/2020  0300    58.0   39.0     4.8     0.000   0   49.02  275.2    9.3      --
149  06/02/2020  0400    57.4   39.0     4.1     0.000   0   50.14  269.3    9.1     894
150  06/02/2020  0500    57.1   39.0     3.8     0.000   0   50.67  267.6    8.5      --
151  06/02/2020  0600    57.7   39.0     3.6     0.000   0   49.65  265.7    7.9      --
152  06/02/2020  0700    59.0   41.8     3.3     0.000   0   52.85  263.5    7.3      --
153  06/02/2020  0800    61.1   41.8     3.1     0.000   0   49.04  260.9    6.8      --
154  06/02/2020  0900    63.8   41.8     2.8     0.000   0   44.51  257.9    6.3      --
155  06/02/2020  1000    66.9   41.8     2.6     0.000   0   39.98  254.3    5.8  no_inv
156  06/02/2020  1100    69.9   41.8     2.7     0.000   0   36.12  242.6    5.5      --
157  06/02/2020  1200    72.3   41.8     2.9     0.000   0   33.29  230.5    5.5      --
158  06/02/2020  1300    74.1   41.8     3.0     0.000   0   31.34  218.8    5.8      --
159  06/02/2020  1400    75.0   41.8     3.2     0.000   0   30.38  208.5    6.2      --
160  06/02/2020  1500    75.6   41.8     3.3     0.000   0   29.81  199.8    6.8      --
161  06/02/2020  1600    75.9   41.8     3.4     0.000   0   29.46  192.7    7.6  no_inv
162  06/02/2020  1700    76.2   41.8     3.6     0.000   0   29.27  186.5    7.6      --
163  06/02/2020  1800    75.8   41.8     3.8     0.000   0   29.63  180.4    7.7      --
164  06/02/2020  1900    73.9   41.8     4.0     0.000   0   31.50  174.5    7.9      --
165  06/02/2020  2000    71.9   41.8     4.1     0.000   0   33.71  168.9    8.2      --
166  06/02/2020  2100    69.9   41.8     4.3     0.000   0   36.10  163.7    8.5      --
167  06/02/2020  2200    67.9   41.8     4.5     0.000   0   38.69  159.0    8.9     806
