  Generated by FoxLW on Wednesday May 27, 2020 at 09:25 PDT
-------------------------------------------------------------------------------
  WSU Othello
  46.7900:-119.0400  (46 47' 24.00"N  119 2' 24.00"W)  elev 1204.1 feet    file: 300122
-------------------------------------------------------------------------------

Line#   Date     Hour   TempF  DewPtF WS(mph)  Rain(in) LW    RH%  WDir_50m WS_50m Inv(ft)
  5  05/27/2020  0400    42.5   37.5    11.1     0.000   0   82.32    6.6   15.2      10
  6  05/27/2020  0500    42.0   37.8     9.5     0.000   0   84.90    6.6   13.2      --
  7  05/27/2020  0600    43.2   37.5     7.9     0.000   0   79.92    6.6   11.3      --
  8  05/27/2020  0700    45.8   34.9     6.3     0.000   0   65.49    6.7    9.4      --
  9  05/27/2020  0800    49.9   34.2     4.7     0.000   0   54.68    6.7    7.4      --
 10  05/27/2020  0900    55.2   33.4     3.2     0.000   0   43.63    6.8    5.4      --
 11  05/27/2020  1000    61.0   32.5     1.6     0.000   0   34.17    7.0    3.5    5492
 12  05/27/2020  1100    66.6   31.7     1.5     0.000   0   27.09    7.7    3.3      --
 13  05/27/2020  1200    71.7   30.9     1.4     0.000   0   22.06    8.6    3.1      --
 14  05/27/2020  1300    75.2   30.2     1.3     0.000   0   19.03    9.5    2.9      --
 15  05/27/2020  1400    77.1   29.6     1.2     0.000   0   17.52   10.6    2.7      --
 16  05/27/2020  1500    77.9   29.3     1.1     0.000   0   16.81   11.9    2.5      --
 17  05/27/2020  1600    78.3   29.2     1.0     0.000   0   16.50   13.4    2.3     598
 18  05/27/2020  1700    78.4   29.3     1.8     0.000   0   16.51   39.6    3.3      --
 19  05/27/2020  1800    77.6   29.5     2.6     0.000   0   17.11   52.0    4.6      --
 20  05/27/2020  1900    73.9   29.8     3.4     0.000   0   19.58   58.6    6.1      --
 21  05/27/2020  2000    68.7   29.7     4.2     0.000   0   23.32   62.7    7.6      --
 22  05/27/2020  2100    63.4   29.7     5.0     0.000   0   27.98   65.4    9.2      --
 23  05/27/2020  2200    58.2   30.6     5.8     0.000   0   34.90   67.3   10.8      11
 24  05/27/2020  2300    56.4   32.0     6.8     0.000   0   39.35   70.9   11.2      --
 25  05/28/2020  0000    56.5   33.6     7.7     0.000   0   41.91   74.2   11.8      --
 26  05/28/2020  0100    56.5   34.5     8.6     0.000   0   43.36   77.2   12.4      --
 27  05/28/2020  0200    56.4   34.8     9.6     0.000   0   44.07   79.9   13.0      --
 28  05/28/2020  0300    56.2   34.8    10.5     0.000   0   44.38   82.3   13.6      --
 29  05/28/2020  0400    56.0   34.5    11.4     0.000   0   44.30   84.6   14.2  no_inv
 30  05/28/2020  0500    55.6   34.7    11.2     0.000   0   45.14   80.6   13.8      --
 31  05/28/2020  0600    56.5   34.9    10.9     0.000   0   44.06   76.3   13.4      --
 32  05/28/2020  0700    58.5   33.3    10.6     0.000   0   38.54   71.8   13.1      --
 33  05/28/2020  0800    61.6   33.5    10.3     0.000   0   34.70   67.2   12.9      --
 34  05/28/2020  0900    65.8   33.7    10.0     0.000   0   30.26   62.4   12.7      --
 35  05/28/2020  1000    70.5   34.0     9.7     0.000   0   25.98   57.5   12.7    5487
 36  05/28/2020  1100    75.3   34.2     8.7     0.000   0   22.31   55.1   11.8      --
 37  05/28/2020  1200    80.1   34.4     7.7     0.000   0   19.25   52.4   11.0      --
 38  05/28/2020  1300    83.3   35.2     6.7     0.000   0   17.88   49.2   10.2      --
 39  05/28/2020  1400    84.8   35.8     5.7     0.000   0   17.52   45.5    9.5      --
 40  05/28/2020  1500    85.4   36.4     4.7     0.000   0   17.53   41.2    8.8      --
 41  05/28/2020  1600    85.7   36.9     3.7     0.000   0   17.75   36.2    8.1  no_inv
 42  05/28/2020  1700    85.5   36.9     3.6     0.000   0   17.85   32.4    7.9      --
 43  05/28/2020  1800    83.5   36.6     3.6     0.000   0   18.80   28.5    7.8      --
 44  05/28/2020  1900    79.1   36.6     3.6     0.000   0   21.64   24.5    7.8      --
 45  05/28/2020  2000    74.3   36.0     3.6     0.000   0   24.84   20.4    7.7      --
 46  05/28/2020  2100    66.3   36.5     1.8     0.000   0   33.23   16.3    7.7      --
 47  05/28/2020  2200    58.3   36.7     1.2     0.000   0   44.32   12.3    7.8  no_inv
 48  05/28/2020  2300    55.6   36.7     1.2     0.000   0   48.87   13.9    7.5      --
 49  05/29/2020  0000    54.3   36.7     1.1     0.000   0   51.35   15.6    7.2      --
 50  05/29/2020  0100    53.2   36.7     1.1     0.000   0   53.31   17.5    6.9      --
 51  05/29/2020  0200    52.8   36.7     1.1     0.000   0   54.19   19.6    6.7      --
 52  05/29/2020  0300    52.4   36.7     1.0     0.000   0   54.96   21.8    6.4      --
 53  05/29/2020  0400    52.1   36.7     1.0     0.000   0   55.59   24.2    6.1  no_inv
 54  05/29/2020  0500    52.0   36.5     1.3     0.000   0   55.48   24.7    5.5      --
 55  05/29/2020  0600    53.0   36.5     1.6     0.000   0   53.46   25.4    4.9      --
 56  05/29/2020  0700    55.9   41.8     1.7     0.000   0   59.15   26.2    4.2      --
 57  05/29/2020  0800    61.5   42.8     1.6     0.000   0   50.14   27.2    3.6      --
 58  05/29/2020  0900    67.6   42.7     1.4     0.000   0   40.42   28.8    3.0      --
 59  05/29/2020  1000    74.1   42.6     1.1     0.000   0   32.30   31.2    2.3  no_inv
 60  05/29/2020  1100    80.1   42.5     1.4     0.000   0   26.43   42.7    3.0      --
 61  05/29/2020  1200    84.6   42.4     1.8     0.000   0   22.73   49.9    3.7      --
 62  05/29/2020  1300    87.8   42.3     2.1     0.000   0   20.51   54.7    4.5      --
 63  05/29/2020  1400    89.4   42.3     2.4     0.000   0   19.46   58.1    5.3      --
 64  05/29/2020  1500    90.1   42.2     2.8     0.000   0   19.00   60.6    6.1      --
 65  05/29/2020  1600    90.4   42.6     3.1     0.000   0   19.05   62.5    6.9  no_inv
 66  05/29/2020  1700    90.4   43.2     5.5     0.000   0   19.46   66.4    9.4      --
 67  05/29/2020  1800    89.6   43.4     7.9     0.000   0   20.17   68.6   11.9      --
 68  05/29/2020  1900    86.3   43.3    10.4     0.000   0   22.24   70.1   14.4      --
 69  05/29/2020  2000    82.6   44.0    12.8     0.000   0   25.77   71.1   16.9      --
 70  05/29/2020  2100    78.9   44.9    15.2     0.000   0   30.07   71.8   19.5      --
 71  05/29/2020  2200    75.2   45.8    17.6     0.000   0   35.22   72.4   22.0     467
 72  05/29/2020  2300    69.8   46.7    18.5     0.000   0   43.75   69.6   23.0      --
 73  05/30/2020  0000    66.2   47.6    19.3     0.000   0   51.17   67.1   24.0      --
 74  05/30/2020  0100    63.0   48.3    20.2     0.000   0   58.66   64.8   25.1      --
 75  05/30/2020  0200    60.5   48.9    21.1     0.000   0   65.57   62.6   26.2      --
 76  05/30/2020  0300    58.6   49.2    22.0     0.000   0   71.14   60.7   27.4      --
 77  05/30/2020  0400    57.3   49.4    22.8     0.000   0   74.71   58.9   28.5     353
 78  05/30/2020  0500    56.9   49.4    20.7     0.000   0   76.11   58.9   25.9      --
 79  05/30/2020  0600    58.3   49.6    18.6     0.000   0   72.56   59.0   23.3      --
 80  05/30/2020  0700    61.3   49.8    16.5     0.000   0   65.92   59.1   20.6      --
 81  05/30/2020  0800    65.7   50.1    14.4     0.000   0   56.98   59.2   18.0      --
 82  05/30/2020  0900    71.3   50.4    12.3     0.000   0   47.60   59.3   15.3      --
 83  05/30/2020  1000    77.3   50.8    10.1     0.000   0   39.49   59.5   12.7    4273
 84  05/30/2020  1100    82.8   51.1    11.1     0.000   0   33.47   72.6    7.9      --
 85  05/30/2020  1200    87.0   51.5    12.1     0.000   0   29.60  111.9    4.5      --
 86  05/30/2020  1300    89.9   52.0    13.1     0.000   0   27.54  171.9    5.8      --
 87  05/30/2020  1400    90.4   52.2    14.1     0.000   0   27.40  194.6   10.1      --
 88  05/30/2020  1500    85.4   55.5    15.1     0.000   0   36.24  203.1   15.1      --
 89  05/30/2020  1600    80.4   58.8    16.1     0.010   0   47.86  207.4   20.2  no_inv
 90  05/30/2020  1700    85.2   53.4    17.2     0.000   0   33.74  211.8   21.4      --
 91  05/30/2020  1800    80.2   54.9    18.3     0.000   0   41.85  215.8   22.6      --
 92  05/30/2020  1900    73.5   57.0    19.5     0.020   0   56.36  219.3   24.0      --
 93  05/30/2020  2000    68.5   51.6    20.6     0.000   0   54.84  222.5   25.5      --
 94  05/30/2020  2100    63.5   50.7    21.7     0.010   0   63.17  225.3   27.0      --
 95  05/30/2020  2200    60.2   54.2    22.8     0.030   0   80.52  227.8   28.6    3458
 96  05/30/2020  2300    56.8   48.8    21.6     0.000   0   74.52  228.6   27.5      --
 97  05/31/2020  0000    56.2   43.4    20.5     0.000   0   62.14  229.6   26.4      --
 98  05/31/2020  0100    55.2   39.0    19.4     0.000   0   54.45  230.6   25.3      --
 99  05/31/2020  0200    54.0   37.8    18.3     0.000   0   54.24  231.7   24.2      --
100  05/31/2020  0300    52.7   37.0    17.2     0.000   0   55.25  232.9   23.1      --
101  05/31/2020  0400    51.3   36.8    16.0     0.000   0   57.53  234.3   22.1    6374
102  05/31/2020  0500    50.9   36.7    15.2     0.000   0   58.00  231.7   20.5      --
103  05/31/2020  0600    51.0   36.4    14.3     0.000   0   57.05  228.6   19.0      --
104  05/31/2020  0700    51.5   35.9    13.5     0.000   0   55.06  225.1   17.6      --
105  05/31/2020  0800    52.3   35.2    12.6     0.000   0   52.16  221.0   16.3      --
106  05/31/2020  0900    53.4   34.5    11.8     0.000   0   48.58  216.2   15.1      --
107  05/31/2020  1000    54.8   33.7    10.9     0.000   0   44.60  210.5   13.9    6131
108  05/31/2020  1100    56.8   32.9     9.5     0.000   0   40.26  212.6   12.3      --
109  05/31/2020  1200    61.7   32.1     8.0     0.000   0   32.75  215.3   10.7      --
110  05/31/2020  1300    66.2   32.3     6.6     0.000   0   28.17  218.9    9.1      --
111  05/31/2020  1400    68.6   32.8     5.1     0.000   0   26.51  224.0    7.6      --
112  05/31/2020  1500    69.7   33.6     3.7     0.000   0   26.35  231.5    6.2      --
113  05/31/2020  1600    70.3   34.6     2.2     0.000   0   26.88  243.1    4.9    7018
114  05/31/2020  1700    70.4   34.6     2.4     0.000   0   26.79  233.8    3.2      --
115  05/31/2020  1800    69.1   33.8     2.5     0.000   0   27.11  205.3    1.7      --
116  05/31/2020  1900    65.4   33.1     2.6     0.000   0   29.93  135.9    1.6      --
117  05/31/2020  2000    61.1   33.4     2.8     0.000   0   35.19  105.2    3.1      --
118  05/31/2020  2100    53.4   34.1     1.5     0.000   0   47.80   95.3    4.8      --
119  05/31/2020  2200    49.4   34.3     1.1     0.000   0   55.90   90.8    6.7     613
120  05/31/2020  2300    48.8   34.1     2.1     0.000   0   56.60   81.9    7.4      --
121  06/01/2020  0000    48.9   33.8     3.5     0.000   0   55.92   74.8    8.3      --
122  06/01/2020  0100    48.8   33.7     5.4     0.000   0   55.74   69.1    9.2      --
123  06/01/2020  0200    48.5   34.2     7.7     0.000   0   57.43   64.6   10.3      --
124  06/01/2020  0300    47.7   34.3     8.9     0.000   0   59.63   60.9   11.4      --
125  06/01/2020  0400    46.9   34.4    10.1     0.000   0   61.46   57.8   12.6  no_inv
126  06/01/2020  0500    46.5   34.4     8.9     0.000   0   62.50   53.2   11.2      --
127  06/01/2020  0600    47.5   34.4     7.7     0.000   0   60.28   47.5   10.0      --
128  06/01/2020  0700    49.7   34.0     6.6     0.000   0   54.46   40.1    8.9      --
129  06/01/2020  0800    53.3   33.6     5.4     0.000   0   47.01   30.9    7.9      --
130  06/01/2020  0900    57.8   34.0     4.3     0.000   0   40.56   19.5    7.2      --
131  06/01/2020  1000    62.6   34.8     3.1     0.000   0   35.31    6.5    6.9  no_inv
132  06/01/2020  1100    66.7   34.9     3.2     0.000   0   30.77  360.0    6.8      --
133  06/01/2020  1200    69.6   35.0     3.2     0.000   0   27.98  353.3    6.7      --
134  06/01/2020  1300    71.7   35.0     3.2     0.000   0   26.06  346.5    6.7      --
135  06/01/2020  1400    72.7   34.9     3.3     0.000   0   25.07  340.0    6.9      --
136  06/01/2020  1500    73.4   34.7     3.3     0.000   0   24.29  333.8    7.1      --
137  06/01/2020  1600    73.8   34.4     3.3     0.000   0   23.70  328.0    7.4    8864
138  06/01/2020  1700    74.0   34.3     4.3     0.000   0   23.39  320.4    7.9      --
139  06/01/2020  1800    73.4   34.4     5.2     0.000   0   24.01  313.7    8.5      --
140  06/01/2020  1900    70.8   34.3     6.2     0.000   0   26.03  307.9    9.2      --
141  06/01/2020  2000    68.3   36.2     7.1     0.000   0   30.56  303.1   10.0      --
142  06/01/2020  2100    65.8   37.4     8.0     0.000   0   35.03  298.9   10.8      --
143  06/01/2020  2200    63.3   38.0     9.0     0.000   0   39.25  295.4   11.7     587
144  06/01/2020  2300    60.8   38.7     9.1     0.000   0   43.89  303.2   11.3      --
145  06/02/2020  0000    59.2   39.3     9.3     0.000   0   47.53  311.4   11.0      --
146  06/02/2020  0100    57.9   39.8     9.4     0.000   0   50.89  319.8   11.1      --
147  06/02/2020  0200    56.8   40.2     9.6     0.000   0   53.73  328.0   11.3      --
148  06/02/2020  0300    56.0   40.5     9.8     0.000   0   55.81  335.8   11.8      --
149  06/02/2020  0400    55.6   40.6     9.9     0.000   0   56.96  342.8   12.4  no_inv
150  06/02/2020  0500    55.3   40.6     8.6     0.000   0   57.61  338.5   10.3      --
151  06/02/2020  0600    55.9   39.3     7.3     0.000   0   53.59  332.1    8.3      --
152  06/02/2020  0700    57.3   38.8     6.0     0.000   0   49.90  321.8    6.4      --
153  06/02/2020  0800    59.7   39.0     4.7     0.000   0   46.25  304.1    4.9      --
154  06/02/2020  0900    62.7   40.3     3.4     0.000   0   43.74  276.4    4.2      --
155  06/02/2020  1000    66.0   40.3     2.1     0.000   0   38.93  246.7    4.6  no_inv
156  06/02/2020  1100    69.2   40.3     2.9     0.000   0   34.98  248.4    5.6      --
157  06/02/2020  1200    71.6   40.3     3.7     0.000   0   32.17  249.6    6.6      --
158  06/02/2020  1300    73.4   40.6     4.4     0.000   0   30.66  250.4    7.6      --
159  06/02/2020  1400    74.3   41.3     5.2     0.000   0   30.53  251.1    8.6      --
160  06/02/2020  1500    74.8   41.8     6.0     0.000   0   30.62  251.6    9.6      --
161  06/02/2020  1600    75.2   42.4     6.8     0.000   0   30.90  252.1   10.6  no_inv
162  06/02/2020  1700    75.3   42.4     8.0     0.000   0   30.80  239.2   10.8      --
163  06/02/2020  1800    74.6   42.0     9.2     0.000   0   31.03  227.2   11.4      --
164  06/02/2020  1900    73.1   41.5    10.4     0.000   0   31.95  216.9   12.5      --
165  06/02/2020  2000    71.7   41.8    11.6     0.000   0   33.98  208.4   13.9      --
166  06/02/2020  2100    70.3   40.5    12.7     0.000   0   33.96  201.6   15.6      --
167  06/02/2020  2200    68.8   40.3    13.9     0.000   0   35.36  196.2   17.4     559
