  Generated by FoxLW on Tuesday May 5, 2020 at 04:52 PDT
-------------------------------------------------------------------------------
  WSU Tri-Cities
  46.3300:-119.2700  (46 19' 48.00"N  119 16' 12.00"W)  elev 397.0 feet    file: 100148
-------------------------------------------------------------------------------

Line#   Date     Hour   TempF  DewPtF WS(mph)  Rain(in) LW    RH%  WDir_50m WS_50m Inv(ft)
  5  05/05/2020  0400    51.2   40.0     9.6     0.000   0   65.26  331.8   12.1     197
  6  05/05/2020  0500    50.6   40.0     8.3     0.000   0   66.74  332.7   10.9      --
  7  05/05/2020  0600    50.8   40.0     7.1     0.000   0   66.30  333.9    9.6      --
  8  05/05/2020  0700    51.7   39.9     5.8     0.000   0   63.99  335.4    8.3      --
  9  05/05/2020  0800    53.5   37.9     4.6     0.000   0   55.44  337.4    7.1      --
 10  05/05/2020  0900    56.0   37.9     3.3     0.000   0   50.46  340.4    5.8      --
 11  05/05/2020  1000    59.3   37.9     2.1     0.000   0   44.86  344.9    4.6  no_inv
 12  05/05/2020  1100    63.0   37.9     2.2     0.000   0   39.37  353.8    4.6      --
 13  05/05/2020  1200    68.5   37.8     2.3     0.000   0   32.44    2.7    4.6      --
 14  05/05/2020  1300    73.0   37.8     2.3     0.000   0   27.85   11.2    4.8      --
 15  05/05/2020  1400    75.5   37.8     2.4     0.000   0   25.65   19.0    5.0      --
 16  05/05/2020  1500    76.6   37.8     2.5     0.000   0   24.68   25.9    5.4      --
 17  05/05/2020  1600    77.2   37.8     2.6     0.000   0   24.18   32.0    5.8  no_inv
 18  05/05/2020  1700    77.4   38.0     3.9     0.000   0   24.22   14.2    6.1      --
 19  05/05/2020  1800    76.6   38.6     5.1     0.000   0   25.47  359.4    6.9      --
 20  05/05/2020  1900    73.9   39.6     6.4     0.000   0   29.01  348.4    8.1      --
 21  05/05/2020  2000    72.1   42.2     7.6     0.000   0   34.02  340.4    9.5      --
 22  05/05/2020  2100    70.4   44.3     8.9     0.000   0   39.08  334.5   11.1      --
 23  05/05/2020  2200    68.6   49.7    10.1     0.000   0   50.84  330.1   12.7     745
 24  05/05/2020  2300    63.9   55.1     8.8     0.020   0   73.10  326.0   11.0      --
 25  05/06/2020  0000    59.4   58.5     7.5     0.130  10   96.84  320.4    9.3      --
 26  05/06/2020  0100    55.4   54.5     6.2     0.010  10   96.75  312.5    7.8      --
 27  05/06/2020  0200    51.2   50.3     4.9     0.000  10   96.68  301.1    6.5      --
 28  05/06/2020  0300    48.7   47.8     3.7     0.000  10   96.64  285.1    5.6      --
 29  05/06/2020  0400    47.8   47.0     2.3     0.130  10   96.67  264.9    5.2    4524
 30  05/06/2020  0500    44.3   41.5     4.7     0.000  10   90.07  271.4    7.7      --
 31  05/06/2020  0600    47.4   43.9     7.1     0.000   5   87.42  274.7   10.3      --
 32  05/06/2020  0700    49.0   45.4     9.5     0.000   0   87.36  276.7   12.9      --
 33  05/06/2020  0800    47.1   43.5    11.8     0.000   0   87.22  278.0   15.5      --
 34  05/06/2020  0900    46.2   42.5    14.2     0.000   0   86.57  279.0   18.1      --
 35  05/06/2020  1000    45.4   41.8    16.6     0.120  10   87.14  279.6   20.7  no_inv
 36  05/06/2020  1100    50.4   36.4    16.7     0.000   5   58.50  284.0   20.6      --
 37  05/06/2020  1200    55.4   31.0    16.9     0.000   0   39.23  288.4   20.6      --
 38  05/06/2020  1300    59.2   27.4    17.0     0.000   0   29.44  292.7   20.8      --
 39  05/06/2020  1400    61.1   25.2    17.2     0.000   0   25.24  296.9   21.0      --
 40  05/06/2020  1500    62.4   23.9    17.3     0.000   0   22.83  301.0   21.4      --
 41  05/06/2020  1600    63.1   23.5    17.5     0.000   0   21.83  305.0   21.9  no_inv
 42  05/06/2020  1700    63.3   23.5    16.2     0.000   0   21.75  299.6   21.0      --
 43  05/06/2020  1800    61.2   24.6    15.0     0.000   0   24.45  293.8   20.3      --
 44  05/06/2020  1900    57.6   25.2    13.7     0.000   0   28.51  287.6   19.9      --
 45  05/06/2020  2000    54.1   25.2    12.4     0.000   0   32.50  281.3   19.7      --
 46  05/06/2020  2100    50.5   26.3    11.2     0.000   0   38.76  274.9   19.7      --
 47  05/06/2020  2200    46.9   27.3     9.9     0.000   0   46.07  268.5   20.0   15751
 48  05/06/2020  2300    45.2   27.8     9.2     0.000   0   50.27  265.6   18.5      --
 49  05/07/2020  0000    43.9   28.2     8.5     0.000   0   53.72  262.3   17.2      --
 50  05/07/2020  0100    42.5   28.6     7.9     0.000   0   57.51  258.3   15.9      --
 51  05/07/2020  0200    41.2   28.9     7.2     0.000   0   61.36  253.7   14.7      --
 52  05/07/2020  0300    39.9   29.1     6.5     0.000   0   64.78  248.3   13.6      --
 53  05/07/2020  0400    38.8   29.1     5.8     0.000   0   67.73  242.0   12.6    5424
 54  05/07/2020  0500    38.0   29.1     5.4     0.000   0   69.90  241.4   11.7      --
 55  05/07/2020  0600    38.6   29.1     4.9     0.000   0   68.24  240.8   10.8      --
 56  05/07/2020  0700    40.6   29.1     4.5     0.000   0   63.28  240.0    9.8      --
 57  05/07/2020  0800    43.9   28.4     4.1     0.000   0   54.06  239.1    8.9      --
 58  05/07/2020  0900    48.5   32.2     3.6     0.000   0   53.19  237.9    8.0      --
 59  05/07/2020  1000    53.7   32.2     3.2     0.000   0   43.84  236.5    7.1    5515
 60  05/07/2020  1100    58.8   32.2     3.2     0.000   0   36.37  234.6    4.6      --
 61  05/07/2020  1200    63.5   32.2     3.3     0.000   0   30.87  228.4    2.2      --
 62  05/07/2020  1300    66.8   32.2     3.3     0.000   0   27.53  110.4    0.6      --
 63  05/07/2020  1400    68.4   32.2     3.4     0.000   0   25.99   68.7    2.9      --
 64  05/07/2020  1500    69.2   32.2     3.5     0.000   0   25.34   64.7    5.3      --
 65  05/07/2020  1600    69.5   32.2     3.5     0.000   0   25.04   63.2    7.8    7168
 66  05/07/2020  1700    69.6   32.3     4.1     0.000   0   25.10   69.3    8.1      --
 67  05/07/2020  1800    68.7   32.6     4.8     0.000   0   26.18   74.8    8.5      --
 68  05/07/2020  1900    65.7   32.6     5.4     0.000   0   29.05   79.8    9.0      --
 69  05/07/2020  2000    62.8   33.4     6.0     0.000   0   33.09   84.2    9.6      --
 70  05/07/2020  2100    60.0   34.4     6.7     0.000   0   38.16   88.2   10.2      --
 71  05/07/2020  2200    57.1   35.8     7.3     0.000   0   44.59   91.6   10.9     961
 72  05/07/2020  2300    52.6   34.9     6.5     0.000   0   50.80   86.3    9.4      --
 73  05/08/2020  0000    49.4   34.0     5.7     0.000   0   55.18   79.2    8.1      --
 74  05/08/2020  0100    46.0   32.3     4.4     0.000   0   58.52   69.6    7.0      --
 75  05/08/2020  0200    43.3   32.3     3.1     0.000   0   65.05   56.7    6.1      --
 76  05/08/2020  0300    41.6   32.4     2.0     0.000   0   69.49   40.5    5.6      --
 77  05/08/2020  0400    40.8   32.5     1.3     0.000   0   71.93   23.0    5.6     272
 78  05/08/2020  0500    40.5   32.4     2.3     0.000   0   72.62   30.6    6.6      --
 79  05/08/2020  0600    41.1   32.5     3.8     0.000   0   71.13   36.1    7.7      --
 80  05/08/2020  0700    43.6   33.6     5.6     0.000   0   67.79   40.2    8.8      --
 81  05/08/2020  0800    48.3   37.5     7.4     0.000   0   66.21   43.4   10.0      --
 82  05/08/2020  0900    54.1   37.5     8.7     0.000   0   53.41   45.9   11.2      --
 83  05/08/2020  1000    60.6   37.7     9.9     0.000   0   42.53   47.9   12.4    6339
 84  05/08/2020  1100    66.7   38.2     9.9     0.000   0   35.03   47.0   12.4      --
 85  05/08/2020  1200    71.4   38.4    10.0     0.000   0   30.00   46.1   12.5      --
 86  05/08/2020  1300    74.8   38.5    10.0     0.000   0   26.94   45.3   12.5      --
 87  05/08/2020  1400    76.5   38.6    10.1     0.000   0   25.55   44.4   12.6      --
 88  05/08/2020  1500    77.2   38.7    10.1     0.000   0   25.00   43.6   12.6      --
 89  05/08/2020  1600    77.6   38.8    10.2     0.000   0   24.80   42.7   12.7    6326
 90  05/08/2020  1700    77.7   38.8     9.9     0.000   0   24.79   45.0   12.5      --
 91  05/08/2020  1800    76.8   38.7     9.7     0.000   0   25.42   47.4   12.3      --
 92  05/08/2020  1900    73.4   39.3     9.4     0.000   0   29.10   49.9   12.1      --
 93  05/08/2020  2000    69.2   39.6     9.2     0.000   0   34.02   52.4   12.0      --
 94  05/08/2020  2100    64.9   40.0     9.0     0.000   0   40.01   55.0   11.9      --
 95  05/08/2020  2200    60.7   40.2     8.7     0.000   0   46.74   57.6   11.7     180
 96  05/08/2020  2300    57.0   40.4     9.1     0.000   0   53.75   44.0   10.0      --
 97  05/09/2020  0000    55.0   40.5     9.6     0.000   0   58.14   25.9    8.9      --
 98  05/09/2020  0100    53.2   40.7    10.0     0.000   0   62.41    5.8    9.0      --
 99  05/09/2020  0200    51.7   40.7    10.4     0.000   0   65.95  347.9   10.0      --
100  05/09/2020  0300    50.4   40.6    10.9     0.000   0   68.85  334.4   11.8      --
101  05/09/2020  0400    49.5   40.5    11.3     0.000   0   70.91  324.9   14.1     895
102  05/09/2020  0500    48.9   40.8    10.1     0.000   0   73.52  329.9   12.7      --
103  05/09/2020  0600    49.4   40.6     8.8     0.000   0   71.52  336.0   11.4      --
104  05/09/2020  0700    51.1   40.0     7.6     0.000   0   65.52  343.6   10.3      --
105  05/09/2020  0800    54.1   37.7     6.3     0.000   0   53.56  352.8    9.4      --
106  05/09/2020  0900    58.4   37.0     5.1     0.000   0   44.87    3.6    8.8      --
107  05/09/2020  1000    63.5   36.4     3.9     0.000   0   36.52   15.5    8.6    3904
108  05/09/2020  1100    68.8   35.8     4.0     0.000   0   29.54   21.2    8.5      --
109  05/09/2020  1200    74.9   35.1     4.1     0.000   0   23.51   27.0    8.6      --
110  05/09/2020  1300    79.5   34.6     4.3     0.000   0   19.78   32.7    8.7      --
111  05/09/2020  1400    82.0   34.2     4.4     0.000   0   17.96   38.2    8.9      --
112  05/09/2020  1500    83.2   34.0     4.5     0.000   0   17.11   43.4    9.2      --
113  05/09/2020  1600    83.8   33.9     4.6     0.000   0   16.69   48.2    9.5  no_inv
114  05/09/2020  1700    84.1   34.0     6.8     0.000   0   16.62   51.2   11.6      --
115  05/09/2020  1800    83.3   34.2     9.0     0.000   0   17.19   53.3   13.7      --
116  05/09/2020  1900    79.8   36.1    11.2     0.000   0   20.77   54.8   15.9      --
117  05/09/2020  2000    75.9   35.0    13.4     0.000   0   22.58   56.0   18.0      --
118  05/09/2020  2100    72.0   35.5    15.6     0.000   0   26.30   56.9   20.1      --
119  05/09/2020  2200    68.1   36.1    17.8     0.000   0   30.74   57.6   22.3      31
120  05/09/2020  2300    64.3   36.7    17.0     0.000   0   35.84   49.1   19.1      --
121  05/10/2020  0000    62.2   37.2    16.1     0.000   0   39.47   37.6   16.5      --
122  05/10/2020  0100    60.2   37.7    15.3     0.000   0   43.02   22.6   14.8      --
123  05/10/2020  0200    58.6   38.0    14.5     0.000   0   46.25    5.2   14.2      --
124  05/10/2020  0300    57.3   38.2    13.6     0.000   0   48.90  348.2   15.1      --
125  05/10/2020  0400    56.3   38.3    12.8     0.000   0   50.77  334.1   17.0     766
126  05/10/2020  0500    55.7   38.2    13.0     0.000   0   51.72  342.7   16.1      --
127  05/10/2020  0600    56.2   38.1    13.1     0.000   0   50.50  352.2   15.5      --
128  05/10/2020  0700    57.8   37.8    13.3     0.000   0   47.31    2.0   15.4      --
129  05/10/2020  0800    60.4   37.5    13.5     0.000   0   42.49   11.8   15.8      --
130  05/10/2020  0900    64.1   37.1    13.6     0.000   0   36.81   20.8   16.5      --
131  05/10/2020  1000    68.3   36.7    13.8     0.000   0   31.22   28.9   17.7    4569
132  05/10/2020  1100    72.8   36.3    15.0     0.000   0   26.45   32.3   19.0      --
133  05/10/2020  1200    77.5   35.9    16.2     0.000   0   22.28   35.2   20.4      --
134  05/10/2020  1300    80.8   35.6    17.4     0.000   0   19.68   37.8   21.8      --
135  05/10/2020  1400    82.6   35.3    18.6     0.000   0   18.42   40.0   23.3      --
136  05/10/2020  1500    83.3   35.2    19.8     0.000   0   17.86   42.0   24.8      --
137  05/10/2020  1600    83.7   35.1    21.0     0.000   0   17.62   43.8   26.3  no_inv
138  05/10/2020  1700    83.7   35.0    23.0     0.000   0   17.48   45.4   28.7      --
139  05/10/2020  1800    82.8   34.5    25.0     0.000   0   17.64   46.8   31.1      --
140  05/10/2020  1900    79.3   33.6    26.9     0.000   0   19.12   48.0   33.6      --
141  05/10/2020  2000    74.7   32.6    28.9     0.000   0   21.32   49.0   36.1      --
142  05/10/2020  2100    70.1   31.3    30.9     0.000   0   23.69   49.9   38.6      --
143  05/10/2020  2200    65.5   30.0    32.8     0.000   0   26.29   50.7   41.0    2142
144  05/10/2020  2300    62.5   28.7    30.6     0.000   0   27.61   47.9   37.8      --
145  05/11/2020  0000    61.2   27.4    28.3     0.000   0   27.47   44.6   34.7      --
146  05/11/2020  0100    60.0   26.4    26.1     0.000   0   27.51   40.7   31.7      --
147  05/11/2020  0200    58.8   25.5    23.8     0.000   0   27.75   36.0   28.9      --
148  05/11/2020  0300    57.7   25.0    21.6     0.000   0   28.22   30.3   26.4      --
149  05/11/2020  0400    56.8   24.8    19.3     0.000   0   28.94   23.5   24.1    2877
150  05/11/2020  0500    56.3   25.0    19.3     0.000   0   29.58   25.9   24.0      --
151  05/11/2020  0600    56.3   25.3    19.3     0.000   0   30.02   28.2   24.0      --
152  05/11/2020  0700    56.6   25.8    19.3     0.000   0   30.40   30.7   23.9      --
153  05/11/2020  0800    57.1   26.5    19.3     0.000   0   30.67   33.1   24.0      --
154  05/11/2020  0900    58.0   27.3    19.3     0.000   0   30.73   35.5   24.0      --
155  05/11/2020  1000    59.2   28.2    19.3     0.000   0   30.52   37.9   24.1    4419
156  05/11/2020  1100    61.4   29.1    18.7     0.000   0   29.24   39.0   23.3      --
157  05/11/2020  1200    66.7   29.9    18.0     0.000   0   25.13   40.2   22.5      --
158  05/11/2020  1300    71.6   30.6    17.4     0.000   0   21.86   41.4   21.7      --
159  05/11/2020  1400    74.0   31.1    16.8     0.000   0   20.60   42.8   20.9      --
160  05/11/2020  1500    75.3   31.4    16.1     0.000   0   19.99   44.2   20.1      --
161  05/11/2020  1600    75.8   31.6    15.5     0.000   0   19.82   45.8   19.4    6853
162  05/11/2020  1700    75.5   31.6    16.2     0.000   0   19.93   47.4   20.2      --
163  05/11/2020  1800    73.0   31.6    16.8     0.000   0   21.69   48.8   21.0      --
164  05/11/2020  1900    70.5   31.6    17.5     0.000   0   23.58   50.2   21.8      --
165  05/11/2020  2000    68.1   31.6    18.1     0.000   0   25.63   51.4   22.6      --
166  05/11/2020  2100    65.7   31.6    18.8     0.000   0   27.87   52.5   23.5      --
167  05/11/2020  2200    63.2   31.6    19.4     0.000   0   30.33   53.6   24.3     462
