  Generated by FoxLW on Tuesday May 5, 2020 at 04:52 PDT
-------------------------------------------------------------------------------
  WSU Othello
  46.7900:-119.0400  (46 47' 24.00"N  119 2' 24.00"W)  elev 1204.1 feet    file: 300122
-------------------------------------------------------------------------------

Line#   Date     Hour   TempF  DewPtF WS(mph)  Rain(in) LW    RH%  WDir_50m WS_50m Inv(ft)
  5  05/05/2020  0400    49.3   34.8     5.9     0.000   0   57.18  353.3   10.4     280
  6  05/05/2020  0500    48.8   34.9     5.1     0.000   0   58.51  356.2    9.0      --
  7  05/05/2020  0600    48.9   35.1     4.4     0.000   0   58.64    0.0    7.6      --
  8  05/05/2020  0700    49.8   36.8     3.7     0.000   0   60.74    5.5    6.3      --
  9  05/05/2020  0800    51.3   36.8     2.9     0.000   0   57.30   13.8    5.1      --
 10  05/05/2020  0900    53.6   36.8     2.2     0.000   0   52.66   26.9    4.0      --
 11  05/05/2020  1000    56.5   36.8     1.5     0.000   0   47.37   47.4    3.3  no_inv
 12  05/05/2020  1100    60.0   36.8     1.4     0.000   0   41.90   45.1    3.0      --
 13  05/05/2020  1200    65.2   36.8     1.3     0.000   0   34.88   42.4    2.8      --
 14  05/05/2020  1300    69.3   36.8     1.2     0.000   0   30.25   39.3    2.6      --
 15  05/05/2020  1400    71.4   36.8     1.1     0.000   0   28.13   35.5    2.3      --
 16  05/05/2020  1500    72.5   36.8     1.0     0.000   0   27.19   30.9    2.1      --
 17  05/05/2020  1600    72.9   36.8     0.9     0.000   0   26.74   25.4    1.9  no_inv
 18  05/05/2020  1700    73.0   36.9     1.0     0.000   0   26.84   37.1    2.1      --
 19  05/05/2020  1800    71.7   37.3     1.2     0.000   0   28.52   46.5    2.4      --
 20  05/05/2020  1900    68.8   36.8     1.3     0.000   0   30.88   53.9    2.7      --
 21  05/05/2020  2000    63.7   37.0     1.1     0.000   0   37.12   59.6    3.1      --
 22  05/05/2020  2100    59.6   37.1     1.0     0.000   0   42.97   64.2    3.4      --
 23  05/05/2020  2200    55.9   37.2     0.9     0.000   0   49.35   67.8    3.8  no_inv
 24  05/05/2020  2300    54.1   37.1     1.5     0.000   0   52.44   92.7    1.2      --
 25  05/06/2020  0000    52.6   37.0     2.3     0.000   0   55.28  218.0    2.0      --
 26  05/06/2020  0100    50.7   36.9     3.4     0.000   0   59.17  229.6    4.7      --
 27  05/06/2020  0200    48.3   36.8     4.6     0.000   0   64.38  232.6    7.5      --
 28  05/06/2020  0300    46.3   41.6     5.3     0.000   0   83.41  234.0   10.4      --
 29  05/06/2020  0400    45.8   44.9     6.0     0.120  10   96.64  234.8   13.2    3720
 30  05/06/2020  0500    47.4   43.9     7.9     0.000   5   87.43  242.9   14.4      --
 31  05/06/2020  0600    47.5   43.8     9.9     0.070  10   86.88  249.6   15.8      --
 32  05/06/2020  0700    46.6   43.0    11.9     0.010   5   87.28  255.2   17.4      --
 33  05/06/2020  0800    44.8   41.2    13.9     0.000   0   87.14  259.8   19.1      --
 34  05/06/2020  0900    44.3   40.4    15.9     0.020   0   86.27  263.6   20.9      --
 35  05/06/2020  1000    43.6   40.0    17.9     0.090  10   87.03  266.8   22.8  no_inv
 36  05/06/2020  1100    46.7   35.2    18.8     0.000   5   63.83  270.4   23.7      --
 37  05/06/2020  1200    49.7   33.2    19.7     0.000   0   52.91  273.7   24.6      --
 38  05/06/2020  1300    52.9   31.5    20.5     0.000   0   43.96  276.8   25.6      --
 39  05/06/2020  1400    54.8   30.2    21.4     0.000   0   38.89  279.6   26.7      --
 40  05/06/2020  1500    56.2   29.4    22.3     0.000   0   35.78  282.3   27.9      --
 41  05/06/2020  1600    57.0   29.2    23.2     0.000   0   34.35  284.7   29.1  no_inv
 42  05/06/2020  1700    57.4   29.2    22.3     0.000   0   33.90  283.0   28.1      --
 43  05/06/2020  1800    56.0   29.1    21.5     0.000   0   35.58  281.2   27.1      --
 44  05/06/2020  1900    53.2   29.1    20.6     0.000   0   39.32  279.2   26.1      --
 45  05/06/2020  2000    50.5   29.1    19.8     0.000   0   43.49  277.2   25.2      --
 46  05/06/2020  2100    47.7   29.1    19.0     0.000   0   48.16  274.9   24.3      --
 47  05/06/2020  2200    45.0   29.1    18.1     0.000   0   53.40  272.5   23.5  no_inv
 48  05/06/2020  2300    43.2   29.0    17.3     0.000   0   57.05  268.6   22.1      --
 49  05/07/2020  0000    42.0   29.0    16.5     0.000   0   59.80  264.2   20.9      --
 50  05/07/2020  0100    40.7   29.0    15.7     0.000   0   62.76  259.2   19.8      --
 51  05/07/2020  0200    39.5   29.0    14.9     0.000   0   65.76  253.8   18.9      --
 52  05/07/2020  0300    38.3   29.0    14.0     0.000   0   68.65  247.8   18.2      --
 53  05/07/2020  0400    37.4   29.0    13.2     0.000   0   71.27  241.4   17.6     221
 54  05/07/2020  0500    36.7   30.4    11.4     0.000   0   77.57  241.2   15.6      --
 55  05/07/2020  0600    37.1   30.9     9.6     0.000   0   77.97  241.0   13.6      --
 56  05/07/2020  0700    38.6   31.7     7.8     0.000   0   76.14  240.7   11.5      --
 57  05/07/2020  0800    41.2   33.6     6.1     0.000   0   74.09  240.3    9.5      --
 58  05/07/2020  0900    44.9   33.6     4.3     0.000   0   64.25  239.6    7.5      --
 59  05/07/2020  1000    49.4   33.6     2.5     0.000   0   54.33  238.5    5.4    7202
 60  05/07/2020  1100    54.3   33.6     2.3     0.000   0   45.29  241.6    4.0      --
 61  05/07/2020  1200    59.6   33.6     2.2     0.000   0   37.46  248.1    2.6      --
 62  05/07/2020  1300    63.3   33.6     2.0     0.000   0   32.86  268.4    1.3      --
 63  05/07/2020  1400    64.9   33.6     1.9     0.000   0   31.04  347.5    0.9      --
 64  05/07/2020  1500    65.8   33.6     1.7     0.000   0   30.13   26.5    2.0      --
 65  05/07/2020  1600    66.1   33.6     1.5     0.000   0   29.83   36.2    3.4    7097
 66  05/07/2020  1700    65.8   33.7     2.6     0.000   0   30.23   56.8    4.3      --
 67  05/07/2020  1800    63.4   33.8     3.7     0.000   0   32.98   69.2    5.6      --
 68  05/07/2020  1900    60.0   33.6     4.7     0.000   0   36.96   76.9    7.0      --
 69  05/07/2020  2000    56.6   34.3     5.8     0.000   0   43.01   81.9    8.5      --
 70  05/07/2020  2100    53.1   35.5     6.8     0.000   0   51.12   85.4   10.1      --
 71  05/07/2020  2200    49.7   37.0     7.9     0.000   0   61.58   87.9   11.7     167
 72  05/07/2020  2300    47.5   37.6     8.1     0.000   0   68.45   83.9   12.1      --
 73  05/08/2020  0000    46.2   38.0     8.3     0.000   0   72.79   80.2   12.6      --
 74  05/08/2020  0100    45.1   38.3     8.5     0.000   0   77.05   76.8   13.1      --
 75  05/08/2020  0200    44.0   38.5     8.7     0.000   0   80.96   73.7   13.6      --
 76  05/08/2020  0300    43.1   38.7     8.9     0.000   0   84.28   70.8   14.2      --
 77  05/08/2020  0400    42.4   38.8     9.1     0.000   0   86.80   68.1   14.9     174
 78  05/08/2020  0500    41.9   38.8     9.2     0.000   0   88.66   65.4   14.4      --
 79  05/08/2020  0600    42.3   38.8     9.3     0.000   0   87.09   62.5   13.9      --
 80  05/08/2020  0700    44.0   36.8     9.5     0.000   0   75.80   59.4   13.4      --
 81  05/08/2020  0800    46.7   36.8     9.6     0.000   0   68.31   56.1   13.0      --
 82  05/08/2020  0900    50.6   36.9     9.7     0.000   0   59.24   52.6   12.7      --
 83  05/08/2020  1000    55.2   36.9     9.9     0.000   0   50.17   49.0   12.4    5551
 84  05/08/2020  1100    59.9   37.0    10.2     0.000   0   42.38   51.4   12.7      --
 85  05/08/2020  1200    65.0   37.0    10.5     0.000   0   35.47   53.8   13.1      --
 86  05/08/2020  1300    68.8   37.6    10.8     0.000   0   31.84   56.0   13.5      --
 87  05/08/2020  1400    70.7   38.0    11.1     0.000   0   30.34   58.0   13.9      --
 88  05/08/2020  1500    71.6   38.5    11.4     0.000   0   29.91   60.0   14.3      --
 89  05/08/2020  1600    72.1   38.8    11.6     0.000   0   29.85   61.8   14.8    5535
 90  05/08/2020  1700    72.2   38.5    12.4     0.000   0   29.40   63.8   15.8      --
 91  05/08/2020  1800    71.3   37.9    13.2     0.000   0   29.59   65.5   16.9      --
 92  05/08/2020  1900    68.1   37.4    14.0     0.000   0   32.38   67.1   17.9      --
 93  05/08/2020  2000    64.7   37.1    14.7     0.000   0   35.99   68.4   19.0      --
 94  05/08/2020  2100    61.2   36.9    15.5     0.000   0   40.29   69.6   20.0      --
 95  05/08/2020  2200    57.8   36.8    16.3     0.000   0   45.41   70.7   21.1     836
 96  05/08/2020  2300    55.0   36.8    16.6     0.000   0   50.10   70.2   21.5      --
 97  05/09/2020  0000    53.6   36.7    16.9     0.000   0   52.63   69.7   21.9      --
 98  05/09/2020  0100    52.3   36.6    17.2     0.000   0   55.05   69.2   22.2      --
 99  05/09/2020  0200    51.2   36.6    17.5     0.000   0   57.25   68.7   22.6      --
100  05/09/2020  0300    50.3   36.5    17.9     0.000   0   59.13   68.3   23.0      --
101  05/09/2020  0400    49.6   36.5    18.2     0.000   0   60.61   67.8   23.3     106
102  05/09/2020  0500    49.1   36.5    17.3     0.000   0   61.67   68.3   22.1      --
103  05/09/2020  0600    49.5   36.4    16.4     0.000   0   60.40   68.8   21.0      --
104  05/09/2020  0700    51.0   36.2    15.6     0.000   0   56.75   69.3   19.8      --
105  05/09/2020  0800    53.6   36.0    14.7     0.000   0   51.10   70.0   18.6      --
106  05/09/2020  0900    57.3   35.7    13.8     0.000   0   44.31   70.7   17.4      --
107  05/09/2020  1000    61.7   35.5    12.9     0.000   0   37.48   71.6   16.3    3924
108  05/09/2020  1100    66.3   35.2    12.5     0.000   0   31.51   71.5   15.8      --
109  05/09/2020  1200    71.7   34.9    12.0     0.000   0   25.91   71.4   15.3      --
110  05/09/2020  1300    75.8   35.1    11.6     0.000   0   22.74   71.3   14.8      --
111  05/09/2020  1400    78.0   35.5    11.1     0.000   0   21.49   71.2   14.4      --
112  05/09/2020  1500    79.0   36.0    10.7     0.000   0   21.27   71.1   13.9      --
113  05/09/2020  1600    79.5   36.8    10.2     0.000   0   21.51   71.0   13.4  no_inv
114  05/09/2020  1700    79.7   36.0    12.2     0.000   0   20.76   68.0   16.1      --
115  05/09/2020  1800    78.8   35.0    14.1     0.000   0   20.58   65.9   18.8      --
116  05/09/2020  1900    75.4   34.7    16.1     0.000   0   22.67   64.3   21.5      --
117  05/09/2020  2000    71.5   34.9    18.0     0.000   0   26.12   63.1   24.2      --
118  05/09/2020  2100    67.5   35.1    20.0     0.000   0   30.21   62.1   26.9      --
119  05/09/2020  2200    63.5   35.4    22.0     0.000   0   35.05   61.3   29.6     711
120  05/09/2020  2300    60.1   35.7    22.2     0.000   0   39.94   61.7   30.0      --
121  05/10/2020  0000    58.3   35.9    22.4     0.000   0   43.08   62.0   30.4      --
122  05/10/2020  0100    56.6   36.1    22.6     0.000   0   46.18   62.4   30.8      --
123  05/10/2020  0200    55.1   36.3    22.8     0.000   0   49.04   62.8   31.2      --
124  05/10/2020  0300    53.9   36.4    23.0     0.000   0   51.49   63.1   31.6      --
125  05/10/2020  0400    52.9   36.5    23.2     0.000   0   53.36   63.5   32.0     702
126  05/10/2020  0500    52.4   36.4    23.0     0.000   0   54.32   63.3   31.5      --
127  05/10/2020  0600    52.8   36.2    22.9     0.000   0   53.11   63.1   30.9      --
128  05/10/2020  0700    54.1   35.9    22.7     0.000   0   50.02   62.8   30.4      --
129  05/10/2020  0800    56.4   35.5    22.5     0.000   0   45.37   62.6   29.9      --
130  05/10/2020  0900    59.5   35.1    22.4     0.000   0   39.82   62.4   29.4      --
131  05/10/2020  1000    63.3   34.6    22.2     0.000   0   34.23   62.1   28.9    2988
132  05/10/2020  1100    67.2   34.2    22.6     0.000   0   29.32   61.6   29.3      --
133  05/10/2020  1200    71.7   33.7    23.1     0.000   0   24.68   61.1   29.6      --
134  05/10/2020  1300    75.1   33.3    23.5     0.000   0   21.76   60.5   30.0      --
135  05/10/2020  1400    76.7   33.0    24.0     0.000   0   20.35   60.0   30.4      --
136  05/10/2020  1500    77.4   32.8    24.4     0.000   0   19.72   59.5   30.7      --
137  05/10/2020  1600    77.8   32.8    24.9     0.000   0   19.45   59.1   31.1  no_inv
138  05/10/2020  1700    77.8   32.6    26.5     0.000   0   19.27   59.3   33.1      --
139  05/10/2020  1800    76.9   31.9    28.2     0.000   0   19.35   59.5   35.2      --
140  05/10/2020  1900    73.3   30.9    29.8     0.000   0   20.90   59.6   37.2      --
141  05/10/2020  2000    68.3   29.5    31.4     0.000   0   23.42   59.8   39.3      --
142  05/10/2020  2100    63.3   27.9    33.1     0.000   0   26.10   59.9   41.4      --
143  05/10/2020  2200    58.3   26.2    34.7     0.000   0   29.04   60.0   43.4    2132
144  05/10/2020  2300    55.4   24.5    35.3     0.000   0   30.01   59.8   44.2      --
145  05/11/2020  0000    54.2   22.9    36.0     0.000   0   29.27   59.6   44.9      --
146  05/11/2020  0100    53.0   21.5    36.6     0.000   0   28.86   59.5   45.7      --
147  05/11/2020  0200    51.9   20.5    37.2     0.000   0   28.81   59.3   46.5      --
148  05/11/2020  0300    50.8   19.8    37.8     0.000   0   29.16   59.2   47.2      --
149  05/11/2020  0400    49.8   19.6    38.4     0.000   0   29.94   59.0   48.0    2080
150  05/11/2020  0500    49.3   19.7    36.2     0.000   0   30.77   59.3   45.2      --
151  05/11/2020  0600    49.5   20.2    33.9     0.000   0   31.05   59.7   42.4      --
152  05/11/2020  0700    50.5   20.9    31.6     0.000   0   30.94   60.2   39.5      --
153  05/11/2020  0800    52.1   21.9    29.4     0.000   0   30.32   60.7   36.7      --
154  05/11/2020  0900    54.4   23.0    27.1     0.000   0   29.20   61.3   33.9      --
155  05/11/2020  1000    57.2   24.1    24.9     0.000   0   27.69   62.0   31.1    3763
156  05/11/2020  1100    60.3   25.3    23.6     0.000   0   26.05   61.5   29.5      --
157  05/11/2020  1200    64.7   26.4    22.4     0.000   0   23.32   61.0   28.0      --
158  05/11/2020  1300    68.1   27.3    21.2     0.000   0   21.59   60.4   26.5      --
159  05/11/2020  1400    69.8   28.1    20.0     0.000   0   20.98   59.7   24.9      --
160  05/11/2020  1500    70.5   28.5    18.7     0.000   0   20.85   58.9   23.4      --
161  05/11/2020  1600    70.8   28.7    17.5     0.000   0   20.75   58.1   21.9    6941
162  05/11/2020  1700    70.8   28.7    18.8     0.000   0   20.74   60.1   23.5      --
163  05/11/2020  1800    69.9   28.7    20.2     0.000   0   21.41   61.8   25.1      --
164  05/11/2020  1900    66.9   28.7    21.5     0.000   0   23.70   63.4   26.8      --
165  05/11/2020  2000    64.0   28.7    22.9     0.000   0   26.29   64.7   28.5      --
166  05/11/2020  2100    61.0   28.7    24.2     0.000   0   29.20   65.9   30.2      --
167  05/11/2020  2200    58.0   28.7    25.5     0.000   0   32.47   67.0   31.9    1173
