  Generated by FoxLW on Thursday April 2, 2020 at 02:32 PDT
-------------------------------------------------------------------------------
  Pasco North
  46.3800:-119.2500  (46 22' 48.00"N  119 15' 0.00"W)  elev 711.9 feet    file: 100025
-------------------------------------------------------------------------------

Line#   Date     Hour   TempF  DewPtF WS(mph)  Rain(in) LW    RH%  WDir_50m WS_50m Inv(ft)
  5  04/02/2020  0400    33.6   19.2    12.4     0.000   0   55.07  326.1   15.8     622
  6  04/02/2020  0500    33.1   20.8    10.5     0.000   0   60.31  325.5   13.3      --
  7  04/02/2020  0600    32.6   21.6     8.5     0.000   0   63.36  324.8   10.9      --
  8  04/02/2020  0700    33.0   22.0     6.5     0.000   0   63.52  323.5    8.5      --
  9  04/02/2020  0800    34.5   22.6     4.6     0.000   0   61.42  321.4    6.1      --
 10  04/02/2020  0900    37.0   24.7     2.6     0.000   0   60.69  316.4    3.7      --
 11  04/02/2020  1000    40.5   24.7     0.7     0.000   0   53.05  295.4    1.5  no_inv
 12  04/02/2020  1100    44.3   24.7     2.4     0.000   0   45.67  235.3    2.6      --
 13  04/02/2020  1200    48.4   23.3     4.1     0.000   0   36.94  219.5    4.7      --
 14  04/02/2020  1300    51.6   24.4     5.8     0.000   0   34.37  213.5    6.9      --
 15  04/02/2020  1400    53.3   25.2     7.4     0.000   0   33.37  210.4    9.1      --
 16  04/02/2020  1500    54.1   25.7     9.1     0.000   0   33.09  208.6   11.4      --
 17  04/02/2020  1600    54.4   25.8    10.9     0.000   0   32.89  207.4   13.6  no_inv
 18  04/02/2020  1700    53.6   25.6    12.0     0.000   0   33.49  226.4   11.0      --
 19  04/02/2020  1800    52.0   25.1    13.1     0.000   0   34.83  252.5   10.1      --
 20  04/02/2020  1900    51.1   24.8    14.2     0.000   0   35.50  277.5   11.5      --
 21  04/02/2020  2000    48.8   24.6    15.4     0.000   0   38.45  294.8   14.4      --
 22  04/02/2020  2100    46.5   24.6    16.5     0.000   0   41.92  305.6   18.1      --
 23  04/02/2020  2200    44.1   24.5    17.6     0.000   0   45.73  312.5   22.3     591
 24  04/02/2020  2300    41.3   24.5    15.5     0.000   0   50.93  308.0   19.0      --
 25  04/03/2020  0000    39.3   24.5    13.3     0.000   0   54.88  301.7   15.8      --
 26  04/03/2020  0100    37.5   25.8    11.2     0.000   0   62.16  292.5   12.9      --
 27  04/03/2020  0200    35.9   26.0     9.0     0.000   0   66.82  278.5   10.6      --
 28  04/03/2020  0300    34.6   25.9     6.9     0.000   0   70.27  258.6    9.1      --
 29  04/03/2020  0400    33.5   25.6     4.7     0.000   0   72.46  235.2    9.1     615
 30  04/03/2020  0500    32.7   25.4     4.4     0.000   0   74.20  233.6    8.7      --
 31  04/03/2020  0600    32.3   25.2     4.2     0.000   0   74.80  231.8    8.3      --
 32  04/03/2020  0700    32.8   25.2     3.9     0.000   0   73.24  229.9    7.9      --
 33  04/03/2020  0800    34.5   25.2     3.6     0.000   0   68.37  227.8    7.6      --
 34  04/03/2020  0900    37.4   21.9     3.3     0.000   0   52.92  225.4    7.2      --
 35  04/03/2020  1000    41.3   21.0     3.1     0.000   0   43.88  222.9    6.8  no_inv
 36  04/03/2020  1100    45.3   20.1     4.5     0.000   0   36.21  232.4    7.9      --
 37  04/03/2020  1200    48.2   19.3     6.0     0.000   0   31.37  239.5    9.1      --
 38  04/03/2020  1300    50.6   19.3     7.4     0.000   0   28.70  244.9   10.4      --
 39  04/03/2020  1400    52.0   19.7     8.8     0.000   0   27.73  249.1   11.8      --
 40  04/03/2020  1500    52.9   20.3    10.3     0.000   0   27.56  252.4   13.2      --
 41  04/03/2020  1600    53.5   20.3    11.7     0.000   0   26.90  255.0   14.6  no_inv
 42  04/03/2020  1700    52.4   19.5    13.1     0.000   0   27.04  270.6   14.3      --
 43  04/03/2020  1800    50.2   18.5    14.4     0.000   0   28.14  285.8   15.0      --
 44  04/03/2020  1900    49.0   18.2    15.8     0.000   0   29.16  298.8   16.6      --
 45  04/03/2020  2000    46.6   18.6    17.1     0.000   0   32.37  309.1   18.9      --
 46  04/03/2020  2100    44.3   19.1    18.5     0.000   0   36.15  317.0   21.7      --
 47  04/03/2020  2200    41.9   19.6    19.9     0.000   0   40.46  322.9   24.8     475
 48  04/03/2020  2300    39.8   20.2    17.9     0.000   0   45.02  323.7   22.5      --
 49  04/04/2020  0000    38.7   20.7    15.9     0.000   0   47.94  324.6   20.2      --
 50  04/04/2020  0100    37.7   21.1    13.9     0.000   0   50.87  325.8   18.0      --
 51  04/04/2020  0200    36.7   22.7    11.9     0.000   0   56.47  327.3   15.7      --
 52  04/04/2020  0300    35.8   23.2     9.9     0.000   0   59.76  329.3   13.4      --
 53  04/04/2020  0400    35.0   23.6     7.9     0.000   0   62.71  332.1   11.2     401
 54  04/04/2020  0500    34.4   22.3     6.8     0.000   0   60.96  334.6    9.7      --
 55  04/04/2020  0600    34.0   21.5     5.8     0.000   0   59.71  338.0    8.2      --
 56  04/04/2020  0700    34.5   21.0     4.7     0.000   0   57.35  342.9    6.7      --
 57  04/04/2020  0800    36.0   21.4     3.6     0.000   0   55.09  350.5    5.3      --
 58  04/04/2020  0900    38.6   21.3     2.5     0.000   0   49.37    2.9    4.1      --
 59  04/04/2020  1000    42.1   21.1     1.4     0.000   0   42.78   23.9    3.2  no_inv
 60  04/04/2020  1100    46.0   21.0     1.5     0.000   0   36.69   21.4    3.4      --
 61  04/04/2020  1200    49.2   20.9     1.6     0.000   0   32.32   19.3    3.6      --
 62  04/04/2020  1300    51.9   20.7     1.7     0.000   0   29.07   17.3    3.9      --
 63  04/04/2020  1400    53.5   20.6     1.9     0.000   0   27.29   15.6    4.1      --
 64  04/04/2020  1500    54.6   20.6     2.0     0.000   0   26.21   14.1    4.3      --
 65  04/04/2020  1600    55.3   20.6     2.0     0.000   0   25.49   12.7    4.5  no_inv
 66  04/04/2020  1700    55.8   20.8     2.5     0.000   0   25.26   23.2    5.1      --
 67  04/04/2020  1800    55.3   21.3     2.9     0.000   0   26.32   31.3    5.9      --
 68  04/04/2020  1900    54.2   20.8     3.3     0.000   0   26.79   37.5    6.7      --
 69  04/04/2020  2000    53.6   20.8     3.8     0.000   0   27.36   42.3    7.6      --
 70  04/04/2020  2100    51.3   20.8     4.2     0.000   0   29.82   46.0    8.5      --
 71  04/04/2020  2200    48.9   20.8     4.6     0.000   0   32.53   49.0    9.5  no_inv
 72  04/04/2020  2300    47.1   21.2     5.2     0.000   0   35.51   31.1    8.2      --
 73  04/05/2020  0000    45.9   23.0     5.7     0.000   0   40.11    9.4    7.9      --
 74  04/05/2020  0100    44.9   25.3     6.2     0.000   0   45.80  349.1    8.7      --
 75  04/05/2020  0200    44.0   27.8     6.8     0.000   0   52.51  333.8   10.4      --
 76  04/05/2020  0300    43.3   30.3     7.4     0.000   0   59.92  323.3   12.6      --
 77  04/05/2020  0400    42.7   32.7     7.9     0.000   0   67.47  316.1   15.1     801
 78  04/05/2020  0500    42.3   30.9     7.5     0.000   0   63.63  319.0   14.1      --
 79  04/05/2020  0600    42.1   29.1     7.0     0.000   0   59.70  322.3   13.1      --
 80  04/05/2020  0700    42.3   27.3     6.6     0.000   0   55.05  326.2   12.1      --
 81  04/05/2020  0800    43.1   31.2     6.1     0.000   0   62.67  330.6   11.3      --
 82  04/05/2020  0900    44.6   31.3     5.7     0.000   0   59.36  335.8   10.5      --
 83  04/05/2020  1000    46.8   31.4     5.2     0.000   0   54.87  341.8    9.8  no_inv
 84  04/05/2020  1100    50.2   31.5     4.8     0.000   0   48.36  346.4    8.8      --
 85  04/05/2020  1200    55.3   31.6     4.4     0.000   0   40.21  352.1    7.9      --
 86  04/05/2020  1300    59.5   31.7     3.9     0.000   0   34.81  359.1    7.1      --
 87  04/05/2020  1400    61.5   31.7     3.5     0.000   0   32.49    7.7    6.5      --
 88  04/05/2020  1500    62.6   31.7     3.0     0.000   0   31.28   17.9    6.0      --
 89  04/05/2020  1600    62.9   31.7     2.6     0.000   0   30.95   29.5    5.7  no_inv
 90  04/05/2020  1700    61.9   31.7     3.4     0.000   0   32.05   14.6    6.0      --
 91  04/05/2020  1800    61.0   31.8     4.1     0.000   0   33.14    1.5    6.6      --
 92  04/05/2020  1900    59.1   31.7     4.9     0.000   0   35.35  351.1    7.4      --
 93  04/05/2020  2000    58.1   32.2     5.7     0.000   0   37.41  343.0    8.5      --
 94  04/05/2020  2100    55.7   32.8     6.5     0.000   0   41.66  336.9    9.7      --
 95  04/05/2020  2200    53.4   33.4     7.2     0.000   0   46.51  332.1   11.0  no_inv
 96  04/05/2020  2300    51.3   34.0     8.8     0.000   0   51.41  327.6   13.0      --
 97  04/06/2020  0000    49.8   34.0    10.3     0.000   0   54.32  324.3   15.1      --
 98  04/06/2020  0100    48.4   33.5    11.9     0.000   0   56.17  321.8   17.2      --
 99  04/06/2020  0200    47.2   32.2    13.4     0.000   0   55.74  319.8   19.4      --
100  04/06/2020  0300    46.2   32.2    15.0     0.000   0   58.00  318.3   21.6      --
101  04/06/2020  0400    45.3   32.2    16.5     0.000   0   59.84  317.0   23.8     506
102  04/06/2020  0500    44.8   32.1    14.5     0.000   0   60.95  317.2   21.4      --
103  04/06/2020  0600    44.4   31.8    12.5     0.000   0   60.97  317.4   18.9      --
104  04/06/2020  0700    44.6   32.8    10.4     0.000   0   62.97  317.7   16.5      --
105  04/06/2020  0800    45.4   30.7     8.4     0.000   0   56.17  318.0   14.1      --
106  04/06/2020  0900    46.9   30.0     6.4     0.000   0   51.61  318.5   11.6      --
107  04/06/2020  1000    49.0   29.2     4.4     0.000   0   46.18  319.3    9.2  no_inv
108  04/06/2020  1100    52.3   28.4     6.1     0.000   0   39.48  308.2   10.2      --
109  04/06/2020  1200    57.6   27.7     7.8     0.000   0   31.61  299.4   11.5      --
110  04/06/2020  1300    62.1   27.7     9.5     0.000   0   26.99  292.5   13.0      --
111  04/06/2020  1400    64.2   27.9    11.2     0.000   0   25.17  287.1   14.7      --
112  04/06/2020  1500    65.5   27.6    12.9     0.000   0   23.87  282.8   16.5      --
113  04/06/2020  1600    65.9   27.0    14.6     0.000   0   22.91  279.4   18.3   10159
114  04/06/2020  1700    65.2   26.3    16.1     0.000   0   22.79  289.6   19.1      --
115  04/06/2020  1800    62.6   26.6    17.5     0.000   0   25.32  298.8   20.4      --
116  04/06/2020  1900    57.2   27.0    19.0     0.000   0   31.32  306.8   22.1      --
117  04/06/2020  2000    54.2   27.7    20.5     0.000   0   35.80  313.4   24.2      --
118  04/06/2020  2100    51.8   28.4    21.9     0.000   0   40.19  319.0   26.6      --
119  04/06/2020  2200    49.5   29.2    23.4     0.000   0   45.24  323.5   29.2    1138
120  04/06/2020  2300    47.7   29.9    19.9     0.000   0   49.89  321.5   24.3      --
121  04/07/2020  0000    46.7   30.7    16.3     0.000   0   53.36  318.5   19.5      --
122  04/07/2020  0100    45.7   31.3    12.8     0.000   0   56.86  313.6   14.8      --
123  04/07/2020  0200    44.7   33.0     9.3     0.000   0   63.35  304.1   10.2      --
124  04/07/2020  0300    43.8   31.9     5.8     0.000   0   62.78  281.8    6.4      --
125  04/07/2020  0400    43.0   30.7     2.3     0.000   0   61.52  232.2    5.1     534
126  04/07/2020  0500    42.3   29.9     2.4     0.000   0   61.16  228.0    5.2      --
127  04/07/2020  0600    41.8   28.7     2.4     0.000   0   59.30  223.9    5.2      --
128  04/07/2020  0700    42.4   28.7     2.5     0.000   0   58.13  219.9    5.3      --
129  04/07/2020  0800    43.9   30.5     2.5     0.000   0   58.81  216.1    5.4      --
130  04/07/2020  0900    46.6   29.7     2.5     0.000   0   51.39  212.5    5.6      --
131  04/07/2020  1000    50.2   28.8     2.6     0.000   0   43.32  209.0    5.8    5832
132  04/07/2020  1100    54.4   27.9     2.7     0.000   0   35.87  223.4    4.3      --
133  04/07/2020  1200    59.2   27.1     2.8     0.000   0   29.22  248.0    3.4      --
134  04/07/2020  1300    62.9   26.4     3.0     0.000   0   24.83  279.6    3.4      --
135  04/07/2020  1400    64.9   25.9     3.1     0.000   0   22.63  304.1    4.3      --
136  04/07/2020  1500    65.9   25.5     3.2     0.000   0   21.55  318.5    5.7      --
137  04/07/2020  1600    66.5   25.4     3.3     0.000   0   21.08  327.0    7.4    8443
138  04/07/2020  1700    66.6   25.5     4.9     0.000   0   21.03  324.7    8.9      --
139  04/07/2020  1800    64.2   25.5     6.5     0.000   0   22.95  323.1   10.5      --
140  04/07/2020  1900    59.2   27.7     8.0     0.000   0   29.81  321.9   12.1      --
141  04/07/2020  2000    56.5   27.8     9.6     0.000   0   33.09  321.0   13.7      --
142  04/07/2020  2100    54.2   27.6    11.2     0.000   0   35.73  320.2   15.2      --
143  04/07/2020  2200    51.8   26.2    12.7     0.000   0   36.75  319.6   16.8     637
144  04/07/2020  2300    49.5   26.4    12.4     0.000   0   40.43  320.1   16.3      --
145  04/08/2020  0000    48.3   26.6    12.1     0.000   0   42.53  320.5   15.8      --
146  04/08/2020  0100    47.2   28.2    11.8     0.000   0   47.28  321.0   15.2      --
147  04/08/2020  0200    46.2   28.4    11.5     0.000   0   49.61  321.5   14.7      --
148  04/08/2020  0300    45.3   28.6    11.2     0.000   0   51.75  322.1   14.1      --
149  04/08/2020  0400    44.5   28.8    10.9     0.000   0   53.61  322.7   13.6     702
150  04/08/2020  0500    43.9   29.1     9.7     0.000   0   55.65  322.6   12.8      --
151  04/08/2020  0600    43.5   29.1     8.6     0.000   0   56.61  322.5   12.0      --
152  04/08/2020  0700    44.0   28.6     7.5     0.000   0   54.43  322.3   11.2      --
153  04/08/2020  0800    45.5   27.3     6.3     0.000   0   48.81  322.1   10.4      --
154  04/08/2020  0900    48.0   27.5     5.2     0.000   0   44.59  321.9    9.7      --
155  04/08/2020  1000    51.5   27.6     4.0     0.000   0   39.40  321.7    8.9    2889
156  04/08/2020  1100    55.6   28.2     3.5     0.000   0   34.64  320.1    7.3      --
157  04/08/2020  1200    61.0   28.2     2.9     0.000   0   28.60  317.6    5.7      --
158  04/08/2020  1300    65.4   28.2     2.3     0.000   0   24.47  313.2    4.1      --
159  04/08/2020  1400    67.9   28.2     1.8     0.000   0   22.47  303.6    2.6      --
160  04/08/2020  1500    69.2   28.2     1.2     0.000   0   21.52  273.2    1.4      --
161  04/08/2020  1600    69.9   28.2     0.6     0.000   0   21.01  202.1    1.4    6025
162  04/08/2020  1700    70.1   28.2     2.1     0.000   0   20.86  239.8    2.8      --
163  04/08/2020  1800    68.4   28.2     3.5     0.000   0   22.11  250.7    4.5      --
164  04/08/2020  1900    64.9   28.2     5.0     0.000   0   24.94  255.5    6.4      --
165  04/08/2020  2000    63.0   29.1     6.5     0.000   0   27.76  258.1    8.2      --
166  04/08/2020  2100    60.6   30.1     7.9     0.000   0   31.36  259.8   10.1      --
167  04/08/2020  2200    58.3   30.2     9.4     0.000   0   34.17  260.9   11.9  no_inv
