  Generated by FoxLW on Thursday April 2, 2020 at 02:32 PDT
-------------------------------------------------------------------------------
  Paterson
  45.9400:-119.4900  (45 56' 24.00"N  119 29' 24.00"W)  elev 397.0 feet    file: 100062
-------------------------------------------------------------------------------

Line#   Date     Hour   TempF  DewPtF WS(mph)  Rain(in) LW    RH%  WDir_50m WS_50m Inv(ft)
  5  04/02/2020  0400    37.2   31.4     1.7     0.000   0   79.26  245.3    4.8    1552
  6  04/02/2020  0500    36.9   30.5     1.8     0.000   0   77.38  238.7    4.1      --
  7  04/02/2020  0600    36.5   29.9     1.8     0.000   0   76.74  229.5    3.4      --
  8  04/02/2020  0700    36.8   30.3     1.7     0.000   0   77.18  216.4    2.9      --
  9  04/02/2020  0800    37.8   31.3     1.6     0.000   0   77.40  198.7    2.5      --
 10  04/02/2020  0900    39.6   32.5     1.4     0.000   0   75.49  178.4    2.5      --
 11  04/02/2020  1000    42.1   33.5     1.3     0.000   0   71.17  160.0    2.8  no_inv
 12  04/02/2020  1100    45.3   34.2     1.7     0.000   0   64.78  189.8    2.8      --
 13  04/02/2020  1200    50.0   34.5     2.1     0.000   0   54.99  213.7    3.4      --
 14  04/02/2020  1300    53.9   34.5     2.5     0.000   0   47.55  228.3    4.4      --
 15  04/02/2020  1400    56.1   33.6     2.9     0.000   0   42.48  237.1    5.7      --
 16  04/02/2020  1500    57.2   31.5     3.3     0.000   0   37.42  242.8    6.9      --
 17  04/02/2020  1600    57.8   28.8     3.7     0.000   0   32.89  246.6    8.3  no_inv
 18  04/02/2020  1700    55.7   26.7     3.8     0.000   0   32.45  257.0    7.7      --
 19  04/02/2020  1800    51.5   30.8     3.9     0.000   0   44.82  268.6    7.4      --
 20  04/02/2020  1900    49.2   30.8     4.0     0.000   0   48.89  280.6    7.5      --
 21  04/02/2020  2000    46.8   31.1     3.7     0.000   0   54.17  292.0    7.8      --
 22  04/02/2020  2100    44.5   31.6     3.3     0.000   0   60.31  302.1    8.4      --
 23  04/02/2020  2200    42.1   32.0     2.9     0.000   0   67.21  310.5    9.3     801
 24  04/02/2020  2300    40.4   31.9     3.2     0.000   0   71.41  298.7    8.3      --
 25  04/03/2020  0000    39.5   31.7     3.4     0.000   0   73.37  284.4    7.7      --
 26  04/03/2020  0100    38.6   31.5     3.7     0.000   0   75.27  268.8    7.6      --
 27  04/03/2020  0200    37.9   31.3     3.9     0.000   0   76.96  254.0    8.1      --
 28  04/03/2020  0300    37.1   31.1     4.2     0.000   0   78.73  241.7    9.1      --
 29  04/03/2020  0400    36.3   30.9     4.5     0.000   0   80.43  232.0   10.3     837
 30  04/03/2020  0500    35.7   29.9     6.4     0.000   0   79.12  232.3   11.7      --
 31  04/03/2020  0600    35.2   28.6     8.1     0.000   0   76.53  232.6   13.1      --
 32  04/03/2020  0700    35.7   28.4     9.8     0.000   0   74.57  232.8   14.5      --
 33  04/03/2020  0800    37.0   27.6    11.5     0.000   0   68.28  232.9   15.9      --
 34  04/03/2020  0900    39.5   25.7    13.2     0.000   0   57.49  233.1   17.3      --
 35  04/03/2020  1000    42.7   25.3    14.9     0.000   0   49.92  233.2   18.7  no_inv
 36  04/03/2020  1100    46.2   24.9    15.6     0.000   0   43.01  238.1   19.3      --
 37  04/03/2020  1200    49.0   24.6    16.2     0.000   0   38.11  242.6   20.0      --
 38  04/03/2020  1300    51.3   24.2    16.9     0.000   0   34.46  246.9   20.7      --
 39  04/03/2020  1400    52.7   24.0    17.6     0.000   0   32.42  250.8   21.6      --
 40  04/03/2020  1500    53.6   23.9    18.3     0.000   0   31.20  254.4   22.6      --
 41  04/03/2020  1600    54.2   23.8    18.9     0.000   0   30.45  257.7   23.7  no_inv
 42  04/03/2020  1700    52.2   23.9    16.6     0.000   0   32.87  258.8   21.3      --
 43  04/03/2020  1800    48.1   24.7    14.2     0.000   0   39.59  260.1   19.0      --
 44  04/03/2020  1900    45.9   25.8    11.9     0.000   0   45.01  261.9   16.7      --
 45  04/03/2020  2000    43.5   26.4     9.6     0.000   0   50.57  264.2   14.4      --
 46  04/03/2020  2100    41.2   27.1     7.2     0.000   0   56.90  267.3   12.1      --
 47  04/03/2020  2200    38.8   26.9     4.9     0.000   0   61.87  271.9    9.9     673
 48  04/03/2020  2300    36.8   26.7     4.3     0.000   0   66.59  271.6    7.6      --
 49  04/04/2020  0000    35.9   26.0     3.8     0.000   0   66.96  271.0    5.4      --
 50  04/04/2020  0100    34.6   26.1     3.0     0.000   0   70.80  269.5    3.2      --
 51  04/04/2020  0200    33.5   26.2     2.3     0.000   0   74.44  260.9    0.9      --
 52  04/04/2020  0300    32.5   26.3     1.7     0.000   0   77.70  101.4    1.4      --
 53  04/04/2020  0400    31.8   26.4     1.2     0.000   5   80.44   96.2    3.6     641
 54  04/04/2020  0500    31.3   26.3     1.4     0.000  10   81.40   91.9    3.8      --
 55  04/04/2020  0600    30.9   26.4     1.7     0.000  10   83.03   88.2    4.0      --
 56  04/04/2020  0700    31.7   27.0     2.0     0.000  10   82.48   84.8    4.3      --
 57  04/04/2020  0800    34.1   28.0     2.1     0.000   5   78.06   81.9    4.6      --
 58  04/04/2020  0900    38.1   29.1     2.2     0.000   0   69.71   79.3    4.8      --
 59  04/04/2020  1000    43.2   30.1     2.3     0.000   0   59.62   76.9    5.1  no_inv
 60  04/04/2020  1100    48.1   30.8     2.6     0.000   0   50.81   67.4    5.5      --
 61  04/04/2020  1200    51.3   31.0     2.9     0.000   0   45.62   59.3    6.0      --
 62  04/04/2020  1300    53.8   31.0     3.2     0.000   0   41.53   52.7    6.7      --
 63  04/04/2020  1400    55.3   30.5     3.5     0.000   0   38.54   47.2    7.3      --
 64  04/04/2020  1500    56.2   29.1     3.8     0.000   0   35.16   42.7    8.1      --
 65  04/04/2020  1600    56.9   27.3     4.1     0.000   0   31.93   39.0    8.9  no_inv
 66  04/04/2020  1700    57.3   25.9     4.4     0.000   0   29.66   34.6    9.0      --
 67  04/04/2020  1800    57.0   25.4     4.8     0.000   0   29.32   30.4    9.1      --
 68  04/04/2020  1900    56.4   28.4     5.2     0.000   0   33.98   26.2    9.3      --
 69  04/04/2020  2000    56.1   28.2     5.6     0.000   0   34.17   22.3    9.5      --
 70  04/04/2020  2100    53.7   28.4     6.0     0.000   0   37.51   18.5    9.7      --
 71  04/04/2020  2200    51.4   29.0     6.4     0.000   0   41.88   15.0   10.0  no_inv
 72  04/04/2020  2300    49.5   29.7     6.4     0.000   0   46.22   18.8   10.1      --
 73  04/05/2020  0000    48.3   30.4     6.5     0.000   0   49.80   22.5   10.2      --
 74  04/05/2020  0100    47.3   31.1     6.6     0.000   0   53.21   26.2   10.3      --
 75  04/05/2020  0200    46.4   31.7     6.6     0.000   0   56.22   29.8   10.4      --
 76  04/05/2020  0300    45.8   32.1     6.7     0.000   0   58.62   33.3   10.6      --
 77  04/05/2020  0400    45.3   32.3     6.7     0.000   0   60.21   36.6   10.9  no_inv
 78  04/05/2020  0500    45.0   31.5     6.3     0.000   0   58.72   37.7   10.6      --
 79  04/05/2020  0600    44.9   30.6     5.9     0.000   0   57.04   38.8   10.3      --
 80  04/05/2020  0700    45.0   29.8     5.5     0.000   0   54.81   40.0   10.0      --
 81  04/05/2020  0800    45.8   32.8     5.2     0.000   0   60.21   41.2    9.7      --
 82  04/05/2020  0900    47.1   32.6     4.8     0.000   0   56.93   42.6    9.5      --
 83  04/05/2020  1000    49.0   32.5     4.4     0.000   0   52.66   44.0    9.2  no_inv
 84  04/05/2020  1100    51.8   32.3     4.2     0.000   0   47.05   43.7    9.0      --
 85  04/05/2020  1200    55.4   32.1     4.1     0.000   0   41.00   43.3    8.8      --
 86  04/05/2020  1300    58.5   32.0     4.0     0.000   0   36.58   43.0    8.6      --
 87  04/05/2020  1400    60.3   31.9     3.9     0.000   0   34.12   42.7    8.4      --
 88  04/05/2020  1500    61.5   31.8     3.8     0.000   0   32.55   42.3    8.2      --
 89  04/05/2020  1600    58.8   35.5     3.6     0.000   0   41.54   41.9    8.1  no_inv
 90  04/05/2020  1700    55.3   39.3     4.1     0.010   0   54.64   32.9    4.5      --
 91  04/05/2020  1800    55.1   38.0     4.6     0.000   0   52.58  343.6    1.7      --
 92  04/05/2020  1900    54.5   37.1     5.0     0.000   0   51.73  259.9    3.4      --
 93  04/05/2020  2000    54.2   37.4     5.3     0.000   0   52.84  246.1    6.9      --
 94  04/05/2020  2100    51.9   36.4     5.2     0.000   0   55.36  241.6   10.5      --
 95  04/05/2020  2200    49.6   40.9     4.9     0.010   0   72.09  239.4   14.1  no_inv
 96  04/05/2020  2300    48.2   40.2     5.3     0.000   0   73.76  245.8   12.7      --
 97  04/06/2020  0000    48.0   40.2     5.6     0.000   0   74.28  253.7   11.5      --
 98  04/06/2020  0100    47.6   39.8     5.4     0.000   0   74.19  263.2   10.6      --
 99  04/06/2020  0200    47.0   39.1     5.1     0.000   0   73.67  274.2   10.0      --
100  04/06/2020  0300    46.5   38.5     4.8     0.000   0   73.60  286.1    9.8      --
101  04/06/2020  0400    46.0   38.1     4.5     0.000   0   73.92  297.9   10.0     477
102  04/06/2020  0500    44.0   35.2     4.1     0.000   0   71.11  296.8    9.0      --
103  04/06/2020  0600    43.8   35.0     3.7     0.000   0   71.19  295.3    8.1      --
104  04/06/2020  0700    43.7   34.5     3.2     0.000   0   69.81  293.4    7.1      --
105  04/06/2020  0800    45.1   37.2     2.8     0.000   0   73.62  291.0    6.2      --
106  04/06/2020  0900    46.5   37.2     2.4     0.000   0   69.83  287.7    5.3      --
107  04/06/2020  1000    50.4   34.8     2.0     0.000   0   54.77  283.1    4.4    4179
108  04/06/2020  1100    53.5   34.5     2.7     0.000   0   48.22  270.1    5.1      --
109  04/06/2020  1200    57.0   34.2     3.4     0.000   0   41.98  260.6    5.9      --
110  04/06/2020  1300    59.9   33.9     4.1     0.000   0   37.51  253.6    6.9      --
111  04/06/2020  1400    61.5   33.7     4.8     0.000   0   35.08  248.5    8.0      --
112  04/06/2020  1500    62.7   33.5     5.5     0.000   0   33.53  244.6    9.1      --
113  04/06/2020  1600    63.4   33.5     6.2     0.000   0   32.67  241.6   10.3  no_inv
114  04/06/2020  1700    63.4   33.5     5.8     0.000   0   32.60  248.2    9.4      --
115  04/06/2020  1800    60.8   33.4     5.3     0.000   0   35.54  256.0    8.7      --
116  04/06/2020  1900    55.6   33.7     4.9     0.000   0   43.33  265.0    8.2      --
117  04/06/2020  2000    52.7   33.7     4.4     0.000   0   48.18  275.0    7.9      --
118  04/06/2020  2100    50.4   33.8     3.6     0.000   0   52.78  285.5    7.8      --
119  04/06/2020  2200    48.0   33.9     2.9     0.000   0   57.86  295.8    8.0     603
120  04/06/2020  2300    45.1   34.0     2.6     0.000   0   64.80  290.3    7.1      --
121  04/07/2020  0000    42.7   34.0     2.3     0.000   0   70.97  283.2    6.2      --
122  04/07/2020  0100    40.7   34.0     2.1     0.000   0   76.96  274.0    5.5      --
123  04/07/2020  0200    39.1   34.0     1.9     0.000   0   81.86  262.3    4.9      --
124  04/07/2020  0300    37.8   34.1     1.6     0.000   0   86.20  248.4    4.6      --
125  04/07/2020  0400    36.8   34.1     1.4     0.000   5   89.82  233.5    4.6     766
126  04/07/2020  0500    36.2   34.0     1.6     0.000  10   91.63  228.5    4.3      --
127  04/07/2020  0600    35.7   34.0     1.7     0.000  10   93.55  222.9    4.0      --
128  04/07/2020  0700    36.4   34.6     1.8     0.000  10   93.10  216.4    3.8      --
129  04/07/2020  0800    38.5   35.6     1.7     0.000  10   89.06  209.3    3.6      --
130  04/07/2020  0900    42.2   36.7     1.6     0.000   5   80.83  201.5    3.5      --
131  04/07/2020  1000    47.0   37.7     1.5     0.000   0   69.88  193.4    3.4    2983
132  04/07/2020  1100    52.5   38.4     1.6     0.000   0   58.54  205.2    3.3      --
133  04/07/2020  1200    58.2   38.7     1.7     0.000   0   48.05  217.8    3.2      --
134  04/07/2020  1300    62.8   38.7     1.8     0.000   0   40.85  229.9    3.4      --
135  04/07/2020  1400    65.3   38.0     1.9     0.000   0   36.44  240.8    3.6      --
136  04/07/2020  1500    66.6   36.2     1.9     0.000   0   32.50  249.9    4.0      --
137  04/07/2020  1600    67.4   34.1     2.0     0.000   0   29.07  257.2    4.5    8701
138  04/07/2020  1700    67.6   32.3     3.5     0.000   0   26.86  293.4    2.5      --
139  04/07/2020  1800    65.6   31.6     4.9     0.000   0   28.04  355.0    3.0      --
140  04/07/2020  1900    61.5   33.4     6.4     0.000   0   34.77   19.8    5.3      --
141  04/07/2020  2000    59.2   31.2     7.9     0.000   0   34.52   28.9    7.9      --
142  04/07/2020  2100    56.8   31.2     9.3     0.000   0   37.55   33.3   10.7      --
143  04/07/2020  2200    54.5   31.2    10.8     0.000   0   40.84   36.0   13.5    4628
144  04/07/2020  2300    51.0   31.7     9.4     0.000   0   47.29   32.6   10.4      --
145  04/08/2020  0000    48.8   31.9     8.1     0.000   0   51.84   26.6    7.4      --
146  04/08/2020  0100    46.8   33.5     6.8     0.000   0   59.69   12.9    4.6      --
147  04/08/2020  0200    44.8   34.7     5.2     0.000   0   67.29  332.1    2.7      --
148  04/08/2020  0300    43.2   35.6     3.5     0.000   0   74.35  274.0    3.6      --
149  04/08/2020  0400    42.0   36.5     2.1     0.000   0   80.53  252.1    6.2    1001
150  04/08/2020  0500    41.5   36.2     2.0     0.000   0   81.15  250.9    5.2      --
151  04/08/2020  0600    41.1   36.1     1.9     0.000   0   81.94  249.2    4.2      --
152  04/08/2020  0700    41.9   36.6     1.5     0.000   0   81.39  246.3    3.2      --
153  04/08/2020  0800    44.0   37.6     1.1     0.000   0   78.07  240.8    2.2      --
154  04/08/2020  0900    47.5   38.7     0.7     0.000   0   71.30  226.6    1.2      --
155  04/08/2020  1000    52.2   39.7     0.3     0.000   0   62.28  172.0    0.6    6245
156  04/08/2020  1100    57.5   40.4     0.5     0.000   0   52.93  196.8    1.1      --
157  04/08/2020  1200    62.7   40.7     0.8     0.000   0   44.30  206.5    1.6      --
158  04/08/2020  1300    66.9   40.7     1.0     0.000   0   38.35  211.3    2.2      --
159  04/08/2020  1400    69.1   39.8     1.3     0.000   0   34.39  214.2    2.7      --
160  04/08/2020  1500    70.2   37.7     1.5     0.000   0   30.37  216.1    3.3      --
161  04/08/2020  1600    70.8   34.9     1.8     0.000   0   26.73  217.5    3.9    7049
162  04/08/2020  1700    71.0   32.8     2.2     0.000   0   24.36  219.6    4.7      --
163  04/08/2020  1800    68.1   31.9     2.6     0.000   0   25.98  221.0    5.6      --
164  04/08/2020  1900    62.2   36.9     3.0     0.000   0   38.91  222.1    6.5      --
165  04/08/2020  2000    59.0   37.3     3.2     0.000   0   44.23  222.9    7.3      --
166  04/08/2020  2100    56.7   37.7     3.2     0.000   0   48.98  223.6    8.2      --
167  04/08/2020  2200    54.3   38.2     3.0     0.000   0   54.30  224.1    9.1     772
