  Generated by FoxLW on Thursday April 2, 2020 at 02:32 PDT
-------------------------------------------------------------------------------
  FishHook
  46.2900:-118.7400  (46 17' 24.00"N  118 44' 24.00"W)  elev 836.6 feet    file: 100069
-------------------------------------------------------------------------------

Line#   Date     Hour   TempF  DewPtF WS(mph)  Rain(in) LW    RH%  WDir_50m WS_50m Inv(ft)
  5  04/02/2020  0400    33.2   23.5     3.6     0.000   0   67.17  318.5    8.0     420
  6  04/02/2020  0500    32.7   23.5     3.4     0.000   0   68.46  312.0    7.2      --
  7  04/02/2020  0600    32.3   23.3     3.2     0.000   0   69.05  304.0    6.5      --
  8  04/02/2020  0700    32.6   22.9     3.1     0.000   0   67.26  294.4    5.9      --
  9  04/02/2020  0800    33.8   22.5     2.9     0.000   0   62.92  283.2    5.6      --
 10  04/02/2020  0900    36.0   20.0     2.7     0.000   0   51.89  271.1    5.5      --
 11  04/02/2020  1000    39.0   19.5     2.5     0.000   0   45.00  259.1    5.6  no_inv
 12  04/02/2020  1100    42.6   19.0     2.5     0.000   0   38.26  257.4    5.4      --
 13  04/02/2020  1200    47.0   18.5     2.4     0.000   0   31.67  255.6    5.2      --
 14  04/02/2020  1300    50.6   18.0     2.3     0.000   0   27.21  253.6    5.0      --
 15  04/02/2020  1400    52.5   17.7     2.2     0.000   0   24.99  251.5    4.8      --
 16  04/02/2020  1500    53.5   17.5     2.1     0.000   0   23.93  249.2    4.6      --
 17  04/02/2020  1600    53.9   17.4     2.0     0.000   0   23.45  246.7    4.4  no_inv
 18  04/02/2020  1700    53.3   17.6     3.7     0.000   0   24.10  225.3    5.5      --
 19  04/02/2020  1800    52.2   18.3     5.3     0.000   0   25.92  212.2    7.1      --
 20  04/02/2020  1900    51.6   19.8     6.9     0.000   0   28.34  204.1    8.9      --
 21  04/02/2020  2000    49.2   21.7     8.6     0.000   0   33.46  198.8   10.9      --
 22  04/02/2020  2100    46.9   22.7    10.3     0.000   0   38.12  195.2   12.9      --
 23  04/02/2020  2200    44.6   23.3    11.9     0.000   0   42.77  192.5   14.9     358
 24  04/02/2020  2300    42.4   24.8    11.1     0.000   0   49.41  200.1   14.2      --
 25  04/03/2020  0000    40.9   26.1    10.3     0.000   0   55.30  208.2   13.8      --
 26  04/03/2020  0100    39.6   27.2     9.5     0.000   0   60.74  216.7   13.6      --
 27  04/03/2020  0200    38.5   27.9     8.7     0.000   0   65.43  225.1   13.8      --
 28  04/03/2020  0300    37.5   28.0     7.9     0.000   0   68.15  233.2   14.3      --
 29  04/03/2020  0400    36.7   25.3     7.1     0.000   0   62.98  240.6   15.0     400
 30  04/03/2020  0500    36.2   27.4     7.7     0.000   0   70.09  239.5   14.8      --
 31  04/03/2020  0600    35.8   27.9     8.3     0.000   0   72.65  238.3   14.5      --
 32  04/03/2020  0700    36.1   27.2     9.0     0.000   0   69.95  237.1   14.2      --
 33  04/03/2020  0800    37.0   24.3     9.6     0.000   0   59.75  235.9   14.0      --
 34  04/03/2020  0900    38.6   23.2    10.2     0.000   0   53.50  234.6   13.8      --
 35  04/03/2020  1000    41.0   22.1    10.9     0.000   0   46.47  233.2   13.6  no_inv
 36  04/03/2020  1100    44.0   20.9    10.8     0.000   0   39.45  239.1   13.1      --
 37  04/03/2020  1200    48.3   19.9    10.7     0.000   0   32.01  245.4   12.8      --
 38  04/03/2020  1300    51.9   19.5    10.7     0.000   0   27.64  251.9   12.6      --
 39  04/03/2020  1400    53.8   19.8    10.6     0.000   0   26.04  258.5   12.6      --
 40  04/03/2020  1500    54.8   20.5    10.5     0.000   0   25.88  265.1   12.8      --
 41  04/03/2020  1600    55.2   21.4    10.5     0.000   0   26.48  271.3   13.1  no_inv
 42  04/03/2020  1700    54.0   21.2    10.7     0.000   0   27.53  278.6   12.9      --
 43  04/03/2020  1800    51.5   20.7    10.9     0.000   0   29.47  286.1   12.9      --
 44  04/03/2020  1900    50.1   20.5    11.2     0.000   0   30.77  293.4   13.1      --
 45  04/03/2020  2000    47.8   20.8    11.4     0.000   0   33.97  300.4   13.5      --
 46  04/03/2020  2100    45.4   21.4    11.6     0.000   0   38.21  306.9   14.1      --
 47  04/03/2020  2200    43.1   22.2    11.9     0.000   0   43.11  312.8   14.8   12626
 48  04/03/2020  2300    40.9   23.2    10.0     0.000   0   48.99  311.7   12.5      --
 49  04/04/2020  0000    39.7   24.4     8.1     0.000   0   53.87  310.1   10.2      --
 50  04/04/2020  0100    38.6   23.3     6.3     0.000   0   53.84  307.6    7.9      --
 51  04/04/2020  0200    37.5   22.4     4.4     0.000   0   54.12  303.1    5.6      --
 52  04/04/2020  0300    36.5   21.8     2.6     0.000   0   54.68  292.4    3.4      --
 53  04/04/2020  0400    35.8   20.7     0.7     0.000   0   53.81  252.9    1.6     909
 54  04/04/2020  0500    35.1   20.7     0.8     0.000   0   55.20  266.0    1.2      --
 55  04/04/2020  0600    34.7   20.7     0.8     0.000   0   56.09  292.2    0.8      --
 56  04/04/2020  0700    35.2   20.7     0.8     0.000   0   55.12  332.4    0.8      --
 57  04/04/2020  0800    36.6   25.3     0.9     0.000   0   63.19    1.2    1.1      --
 58  04/04/2020  0900    39.2   25.3     0.9     0.000   0   57.13   15.6    1.6      --
 59  04/04/2020  1000    42.6   25.3     0.9     0.000   0   49.97   23.2    2.1  no_inv
 60  04/04/2020  1100    46.4   25.3     1.5     0.000   0   43.25   29.5    3.2      --
 61  04/04/2020  1200    49.7   25.3     2.1     0.000   0   38.21   32.4    4.4      --
 62  04/04/2020  1300    52.5   25.3     2.7     0.000   0   34.46   34.1    5.6      --
 63  04/04/2020  1400    54.1   25.3     3.2     0.000   0   32.49   35.2    6.8      --
 64  04/04/2020  1500    55.2   25.3     3.8     0.000   0   31.25   35.9    8.0      --
 65  04/04/2020  1600    56.0   25.3     4.4     0.000   0   30.41   36.5    9.2  no_inv
 66  04/04/2020  1700    56.5   25.5     4.4     0.000   0   30.15   33.3    9.0      --
 67  04/04/2020  1800    56.3   25.8     4.4     0.000   0   30.60   30.0    8.9      --
 68  04/04/2020  1900    54.6   25.8     4.4     0.000   0   32.60   26.7    8.8      --
 69  04/04/2020  2000    52.6   25.8     4.5     0.000   0   35.03   23.3    8.8      --
 70  04/04/2020  2100    50.6   25.8     4.5     0.000   0   37.66   19.9    8.8      --
 71  04/04/2020  2200    49.6   25.8     4.5     0.000   0   39.17   16.4    8.8     608
 72  04/04/2020  2300    46.8   25.8     4.8     0.000   0   43.46    9.6    4.9      --
 73  04/05/2020  0000    45.6   26.6     5.2     0.000   0   47.04  328.9    1.6      --
 74  04/05/2020  0100    44.5   28.3     5.6     0.000   0   52.58  229.2    3.3      --
 75  04/05/2020  0200    43.6   30.3     5.9     0.000   0   59.04  216.2    7.0      --
 76  04/05/2020  0300    42.8   32.3     6.3     0.000   0   66.08  212.3   10.8      --
 77  04/05/2020  0400    43.1   34.3     6.7     0.000   0   70.71  210.4   14.7     632
 78  04/05/2020  0500    41.8   30.9     5.9     0.000   0   64.84  213.9   12.2      --
 79  04/05/2020  0600    41.5   28.8     5.1     0.000   0   60.20  219.1    9.9      --
 80  04/05/2020  0700    41.8   25.8     4.3     0.000   0   52.57  227.6    7.6      --
 81  04/05/2020  0800    42.8   31.2     3.6     0.000   0   63.17  242.3    5.7      --
 82  04/05/2020  0900    44.5   36.6     2.8     0.000   0   73.35  268.4    4.4      --
 83  04/05/2020  1000    47.0   37.9     2.0     0.000   0   70.66  302.0    4.5  no_inv
 84  04/05/2020  1100    49.9   37.6     2.4     0.000   0   62.47  320.4    2.6      --
 85  04/05/2020  1200    53.0   37.2     2.8     0.000   0   55.00   16.6    1.7      --
 86  04/05/2020  1300    55.6   37.0     3.2     0.000   0   49.41   64.6    2.9      --
 87  04/05/2020  1400    57.0   36.8     3.6     0.000   0   46.54   79.6    4.9      --
 88  04/05/2020  1500    58.0   36.6     4.0     0.000   0   44.67   85.9    6.9      --
 89  04/05/2020  1600    58.7   36.6     4.4     0.000   0   43.61   89.2    9.1  no_inv
 90  04/05/2020  1700    58.9   36.6     4.2     0.000   0   43.23   84.2    8.4      --
 91  04/05/2020  1800    57.8   36.7     3.9     0.000   0   45.24   78.4    7.8      --
 92  04/05/2020  1900    55.4   36.8     3.7     0.000   0   49.41   71.6    7.2      --
 93  04/05/2020  2000    54.1   36.8     3.4     0.000   0   51.80   63.9    6.8      --
 94  04/05/2020  2100    51.8   36.8     3.2     0.000   0   56.44   55.3    6.6      --
 95  04/05/2020  2200    49.4   36.8     2.9     0.000   0   61.56   46.3    6.4     670
 96  04/05/2020  2300    47.8   36.8     3.0     0.000   0   65.33   38.0    4.3      --
 97  04/06/2020  0000    46.8   36.8     3.1     0.000   0   68.06   16.0    2.5      --
 98  04/06/2020  0100    45.7   36.8     3.2     0.000   0   70.77  315.2    1.9      --
 99  04/06/2020  0200    44.8   36.8     3.2     0.000   0   73.36  274.8    3.3      --
100  04/06/2020  0300    43.9   36.8     3.3     0.000   0   75.73  261.8    5.3      --
101  04/06/2020  0400    43.2   36.8     3.4     0.000   0   77.78  256.1    7.5     551
102  04/06/2020  0500    42.7   36.8     3.4     0.000   0   79.43  262.1    7.4      --
103  04/06/2020  0600    42.4   36.8     3.5     0.000   0   80.48  268.2    7.4      --
104  04/06/2020  0700    42.6   36.8     3.6     0.000   0   79.86  274.2    7.5      --
105  04/06/2020  0800    43.4   35.2     3.6     0.000   0   72.77  280.0    7.7      --
106  04/06/2020  0900    45.0   33.7     3.7     0.000   0   64.35  285.5    7.9      --
107  04/06/2020  1000    47.2   31.9     3.7     0.000   0   55.18  290.6    8.2  no_inv
108  04/06/2020  1100    50.5   30.2     5.4     0.000   0   45.53  280.9    9.4      --
109  04/06/2020  1200    55.8   28.6     7.1     0.000   0   35.16  273.5   10.9      --
110  04/06/2020  1300    60.3   27.9     8.8     0.000   0   28.90  267.9   12.4      --
111  04/06/2020  1400    62.7   27.8    10.5     0.000   0   26.51  263.5   14.1      --
112  04/06/2020  1500    64.0   27.5    12.2     0.000   0   25.03  260.1   15.8      --
113  04/06/2020  1600    64.5   26.8    13.9     0.000   0   23.87  257.4   17.5  no_inv
114  04/06/2020  1700    64.3   27.2    13.5     0.000   0   24.41  263.7   16.3      --
115  04/06/2020  1800    61.9   27.2    13.1     0.000   0   26.60  270.9   15.3      --
116  04/06/2020  1900    57.0   27.4    12.8     0.000   0   31.88  278.9   14.6      --
117  04/06/2020  2000    54.3   27.7    12.4     0.000   0   35.68  287.6   14.2      --
118  04/06/2020  2100    52.0   29.7    12.0     0.000   0   42.16  296.5   14.2      --
119  04/06/2020  2200    49.6   30.9    11.6     0.000   0   48.25  305.3   14.5    6803
120  04/06/2020  2300    47.8   32.2    10.7     0.000   0   54.48  294.8   12.3      --
121  04/07/2020  0000    46.9   33.4     9.8     0.000   0   59.28  280.6   10.7      --
122  04/07/2020  0100    45.9   34.3     8.9     0.000   0   63.54  262.9    9.9      --
123  04/07/2020  0200    45.0   34.9     8.0     0.000   0   67.40  244.4   10.2      --
124  04/07/2020  0300    44.2   33.3     7.1     0.000   0   65.29  228.4   11.5      --
125  04/07/2020  0400    43.5   31.5     6.2     0.000   0   62.44  216.2   13.4     161
126  04/07/2020  0500    42.9   30.4     5.7     0.000   0   60.98  216.6   12.4      --
127  04/07/2020  0600    42.5   29.2     5.2     0.000   0   58.80  217.0   11.3      --
128  04/07/2020  0700    42.9   28.7     4.7     0.000   0   56.96  217.6   10.3      --
129  04/07/2020  0800    44.0   32.0     4.2     0.000   0   62.32  218.2    9.3      --
130  04/07/2020  0900    46.0   31.2     3.7     0.000   0   56.21  219.0    8.2      --
131  04/07/2020  1000    48.6   30.5     3.2     0.000   0   49.23  220.0    7.2    5642
132  04/07/2020  1100    51.8   29.7     2.8     0.000   0   42.34  220.0    6.1      --
133  04/07/2020  1200    56.2   29.0     2.2     0.000   0   35.11  219.9    5.0      --
134  04/07/2020  1300    59.7   28.3     1.8     0.000   0   30.18  219.7    3.9      --
135  04/07/2020  1400    61.5   27.9     1.2     0.000   0   27.70  219.4    2.8      --
136  04/07/2020  1500    62.4   27.5     0.8     0.000   0   26.51  218.8    1.7      --
137  04/07/2020  1600    62.8   27.5     0.2     0.000   0   26.01  215.6    0.6    7351
138  04/07/2020  1700    62.9   27.5     1.0     0.000   0   26.03  177.7    1.9      --
139  04/07/2020  1800    61.7   27.6     1.7     0.000   0   27.28  172.0    3.4      --
140  04/07/2020  1900    59.3   27.9     2.4     0.000   0   30.02  169.8    4.9      --
141  04/07/2020  2000    58.0   27.9     3.2     0.000   0   31.48  168.6    6.4      --
142  04/07/2020  2100    55.6   27.9     3.9     0.000   0   34.25  167.8    7.9      --
143  04/07/2020  2200    53.3   27.9     4.6     0.000   0   37.30  167.3    9.4  no_inv
144  04/07/2020  2300    50.8   27.9     4.2     0.000   0   40.97  173.2    7.8      --
145  04/08/2020  0000    49.0   27.9     3.8     0.000   0   43.72  181.8    6.3      --
146  04/08/2020  0100    47.4   27.9     3.4     0.000   0   46.40  195.1    5.1      --
147  04/08/2020  0200    46.0   27.9     3.0     0.000   0   48.89  214.7    4.3      --
148  04/08/2020  0300    44.9   27.9     2.6     0.000   0   51.10  238.9    4.2      --
149  04/08/2020  0400    43.9   27.9     2.2     0.000   0   52.94  260.7    4.8     485
150  04/08/2020  0500    43.3   27.9     2.3     0.000   0   54.31  259.8    5.1      --
151  04/08/2020  0600    42.9   27.9     2.5     0.000   0   55.08  259.0    5.5      --
152  04/08/2020  0700    43.4   27.9     2.7     0.000   0   54.08  258.4    5.8      --
153  04/08/2020  0800    44.8   29.6     2.8     0.000   0   54.92  257.8    6.2      --
154  04/08/2020  0900    47.3   29.4     3.0     0.000   0   49.39  257.2    6.6      --
155  04/08/2020  1000    50.8   29.1     3.1     0.000   0   42.95  256.8    6.9    3246
156  04/08/2020  1100    54.8   28.8     2.9     0.000   0   36.60  255.4    6.3      --
157  04/08/2020  1200    59.8   28.5     2.6     0.000   0   30.21  253.8    5.7      --
158  04/08/2020  1300    63.9   28.3     2.3     0.000   0   25.89  251.7    5.2      --
159  04/08/2020  1400    66.2   28.1     2.1     0.000   0   23.78  249.2    4.6      --
160  04/08/2020  1500    67.3   28.0     1.8     0.000   0   22.77  246.0    4.0      --
161  04/08/2020  1600    67.9   27.9     1.6     0.000   0   22.27  241.7    3.5    6610
162  04/08/2020  1700    68.0   27.9     3.0     0.000   0   22.16  220.4    4.5      --
163  04/08/2020  1800    66.8   27.9     4.4     0.000   0   23.07  208.2    6.0      --
164  04/08/2020  1900    64.5   28.6     5.9     0.000   0   25.79  200.9    7.6      --
165  04/08/2020  2000    63.2   29.5     7.3     0.000   0   28.00  196.3    9.3      --
166  04/08/2020  2100    60.8   29.9     8.8     0.000   0   30.93  193.0   11.0      --
167  04/08/2020  2200    58.5   29.9    10.2     0.000   0   33.52  190.7   12.8     342
