  Generated by FoxLW on Thursday April 2, 2020 at 02:32 PDT
-------------------------------------------------------------------------------
  Carlson
  46.1400:-119.4600  (46 8' 24.00"N  119 27' 36.00"W)  elev 1499.3 feet    file: 100059
-------------------------------------------------------------------------------

Line#   Date     Hour   TempF  DewPtF WS(mph)  Rain(in) LW    RH%  WDir_50m WS_50m Inv(ft)
  5  04/02/2020  0400    33.5   17.3    12.4     0.000   0   50.91    4.2   15.5     440
  6  04/02/2020  0500    33.1   19.0    10.6     0.000   0   55.67    3.0   12.4      --
  7  04/02/2020  0600    32.7   19.9     8.8     0.000   0   58.65    1.2    9.2      --
  8  04/02/2020  0700    33.0   20.5     7.0     0.000   0   59.65  357.4    6.1      --
  9  04/02/2020  0800    34.0   25.5     5.2     0.000   0   70.64  346.1    3.1      --
 10  04/02/2020  0900    35.9   25.5     3.4     0.000   0   65.59  264.7    1.2      --
 11  04/02/2020  1000    38.5   25.5     1.6     0.000   0   59.27  207.4    3.6  no_inv
 12  04/02/2020  1100    41.5   25.5     1.5     0.000   0   52.69  212.3    3.2      --
 13  04/02/2020  1200    45.2   25.5     1.4     0.000   0   45.77  218.5    2.8      --
 14  04/02/2020  1300    48.0   25.5     1.3     0.000   0   41.06  226.6    2.5      --
 15  04/02/2020  1400    49.5   25.5     1.1     0.000   0   38.89  236.9    2.2      --
 16  04/02/2020  1500    50.2   25.5     1.0     0.000   0   37.94  249.6    2.0      --
 17  04/02/2020  1600    50.4   25.5     0.9     0.000   0   37.57  263.9    2.0  no_inv
 18  04/02/2020  1700    49.9   25.5     2.4     0.000   0   38.32  300.3    3.4      --
 19  04/02/2020  1800    48.8   25.8     4.0     0.000   0   40.37  313.0    5.3      --
 20  04/02/2020  1900    48.2   26.0     5.5     0.000   0   41.73  318.9    7.3      --
 21  04/02/2020  2000    45.9   26.7     7.1     0.000   0   46.84  322.1    9.4      --
 22  04/02/2020  2100    43.5   26.9     8.6     0.000   0   51.68  324.2   11.5      --
 23  04/02/2020  2200    41.2   26.7    10.1     0.000   0   55.97  325.6   13.7     401
 24  04/02/2020  2300    39.1   26.5     9.1     0.000   0   60.28  318.3   11.3      --
 25  04/03/2020  0000    37.8   26.3     8.1     0.000   0   63.08  307.4    9.3      --
 26  04/03/2020  0100    36.5   26.0     7.1     0.000   0   65.50  291.5    7.8      --
 27  04/03/2020  0200    35.4   25.9     6.0     0.000   0   68.01  270.2    7.0      --
 28  04/03/2020  0300    34.4   25.8     5.0     0.000   0   70.47  247.9    7.4      --
 29  04/03/2020  0400    33.7   25.8     4.0     0.000   0   72.58  230.1    8.7     411
 30  04/03/2020  0500    33.0   25.8     5.4     0.000   0   74.37  228.0    9.9      --
 31  04/03/2020  0600    32.7   25.8     6.9     0.000   0   75.28  226.3   11.2      --
 32  04/03/2020  0700    33.0   25.5     8.4     0.000   0   73.69  224.9   12.4      --
 33  04/03/2020  0800    34.1   25.3     9.9     0.000   0   69.81  223.8   13.6      --
 34  04/03/2020  0900    35.9   22.9    11.4     0.000   0   58.80  222.9   14.9      --
 35  04/03/2020  1000    38.5   22.6    12.9     0.000   0   52.40  222.1   16.1  no_inv
 36  04/03/2020  1100    41.3   22.2    12.4     0.000   0   46.18  226.0   15.3      --
 37  04/03/2020  1200    44.0   21.9    12.0     0.000   0   41.13  230.4   14.6      --
 38  04/03/2020  1300    46.3   22.1    11.5     0.000   0   38.08  235.2   13.9      --
 39  04/03/2020  1400    47.6   22.6    11.0     0.000   0   36.97  240.4   13.3      --
 40  04/03/2020  1500    48.4   23.3    10.6     0.000   0   36.90  246.1   12.9      --
 41  04/03/2020  1600    49.0   24.2    10.1     0.000   0   37.51  252.1   12.6   10022
 42  04/03/2020  1700    49.4   24.2    10.1     0.000   0   36.99  261.2   11.7      --
 43  04/03/2020  1800    48.2   23.4    10.1     0.000   0   37.38  271.6   11.1      --
 44  04/03/2020  1900    45.9   23.6    10.1     0.000   0   41.12  282.6   11.0      --
 45  04/03/2020  2000    44.7   23.3    10.2     0.000   0   42.59  293.6   11.2      --
 46  04/03/2020  2100    42.3   23.0    10.2     0.000   0   45.91  303.7   11.9      --
 47  04/03/2020  2200    40.0   22.9    10.2     0.000   0   50.11  312.6   12.8  no_inv
 48  04/03/2020  2300    38.5   22.9     8.9     0.000   0   53.04  316.6   11.2      --
 49  04/04/2020  0000    37.8   22.9     7.7     0.000   0   54.50  321.9    9.7      --
 50  04/04/2020  0100    37.1   23.0     6.4     0.000   0   56.27  329.1    8.2      --
 51  04/04/2020  0200    36.5   23.1     5.1     0.000   0   57.94  339.2    7.0      --
 52  04/04/2020  0300    35.8   23.1     3.8     0.000   0   59.47  352.9    6.0      --
 53  04/04/2020  0400    35.3   23.2     2.5     0.000   0   60.96   10.4    5.5    1041
 54  04/04/2020  0500    34.9   23.2     2.7     0.000   0   62.03   17.1    5.8      --
 55  04/04/2020  0600    34.6   23.2     2.9     0.000   0   62.75   23.1    6.2      --
 56  04/04/2020  0700    34.8   23.2     3.1     0.000   0   62.12   28.4    6.6      --
 57  04/04/2020  0800    35.8   23.2     3.3     0.000   0   59.89   33.0    7.1      --
 58  04/04/2020  0900    37.4   20.5     3.5     0.000   0   50.14   37.1    7.6      --
 59  04/04/2020  1000    39.7   20.5     3.7     0.000   0   45.77   40.6    8.1  no_inv
 60  04/04/2020  1100    42.3   20.4     3.9     0.000   0   41.19   37.4    8.3      --
 61  04/04/2020  1200    45.0   20.3     4.2     0.000   0   36.99   34.3    8.6      --
 62  04/04/2020  1300    47.4   20.3     4.5     0.000   0   33.70   31.5    8.9      --
 63  04/04/2020  1400    48.9   20.2     4.7     0.000   0   31.88   28.8    9.1      --
 64  04/04/2020  1500    49.8   20.2     5.0     0.000   0   30.77   26.3    9.5      --
 65  04/04/2020  1600    50.4   20.2     5.2     0.000   0   30.01   24.0    9.8  no_inv
 66  04/04/2020  1700    50.8   20.3     5.8     0.000   0   29.76   27.8   10.0      --
 67  04/04/2020  1800    50.7   20.8     6.4     0.000   0   30.44   31.4   10.2      --
 68  04/04/2020  1900    50.4   22.3     7.0     0.000   0   32.89   34.8   10.5      --
 69  04/04/2020  2000    50.3   23.6     7.5     0.000   0   34.93   38.1   10.9      --
 70  04/04/2020  2100    47.9   25.2     8.1     0.000   0   40.78   41.1   11.2      --
 71  04/04/2020  2200    45.6   26.3     8.7     0.000   0   46.56   44.0   11.6  no_inv
 72  04/04/2020  2300    44.0   27.4     8.4     0.000   0   51.64   37.2   11.3      --
 73  04/05/2020  0000    43.0   28.4     8.1     0.000   0   55.95   30.1   11.2      --
 74  04/05/2020  0100    42.1   28.6     7.8     0.000   0   58.41   23.1   11.3      --
 75  04/05/2020  0200    41.3   28.2     7.5     0.000   0   59.41   16.3   11.6      --
 76  04/05/2020  0300    40.6   27.6     7.2     0.000   0   59.35    9.8   12.0      --
 77  04/05/2020  0400    40.1   26.7     6.9     0.000   0   58.34    3.8   12.5     676
 78  04/05/2020  0500    39.8   28.9     7.5     0.000   0   64.67    7.7   12.5      --
 79  04/05/2020  0600    39.6   30.6     8.2     0.000   0   69.86   11.5   12.6      --
 80  04/05/2020  0700    39.7   30.7     8.8     0.000   0   70.04   15.2   12.7      --
 81  04/05/2020  0800    40.2   28.9     9.4     0.000   0   63.82   18.9   12.9      --
 82  04/05/2020  0900    41.1   29.1    10.1     0.000   0   62.10   22.4   13.2      --
 83  04/05/2020  1000    42.5   29.4    10.7     0.000   0   59.42   25.8   13.4  no_inv
 84  04/05/2020  1100    44.8   29.6    10.0     0.000   0   54.95   27.6   12.9      --
 85  04/05/2020  1200    48.3   29.9     9.3     0.000   0   48.70   29.6   12.4      --
 86  04/05/2020  1300    51.5   30.6     8.6     0.000   0   44.44   31.7   11.9      --
 87  04/05/2020  1400    53.4   31.1     7.9     0.000   0   42.37   34.0   11.4      --
 88  04/05/2020  1500    54.8   31.6     7.2     0.000   0   41.12   36.5   10.9      --
 89  04/05/2020  1600    55.6   32.0     6.5     0.000   0   40.57   39.2   10.4  no_inv
 90  04/05/2020  1700    56.0   32.0     6.3     0.000   0   40.05   33.5    7.0      --
 91  04/05/2020  1800    55.0   31.6     6.0     0.000   0   40.84   17.8    3.8      --
 92  04/05/2020  1900    53.0   31.5     5.8     0.000   0   43.79  310.1    2.1      --
 93  04/05/2020  2000    51.9   31.5     5.6     0.000   0   45.54  257.8    4.4      --
 94  04/05/2020  2100    49.5   31.4     5.3     0.000   0   49.53  245.6    7.7      --
 95  04/05/2020  2200    47.2   31.3     5.1     0.000   0   53.80  240.8   11.2  no_inv
 96  04/05/2020  2300    45.3   31.5     5.3     0.000   0   58.26  255.0    9.6      --
 97  04/06/2020  0000    44.7   31.7     5.6     0.000   0   60.08  273.3    8.7      --
 98  04/06/2020  0100    44.1   31.9     5.8     0.000   0   62.02  293.1    8.9      --
 99  04/06/2020  0200    43.5   32.1     6.1     0.000   0   63.99  310.2   10.0      --
100  04/06/2020  0300    43.0   32.4     6.4     0.000   0   65.91  323.0   11.8      --
101  04/06/2020  0400    42.5   32.6     6.6     0.000   0   67.70  332.1   14.0     727
102  04/06/2020  0500    42.1   32.2     6.1     0.000   0   67.57  333.4   12.9      --
103  04/06/2020  0600    41.8   31.8     5.6     0.000   0   67.30  334.9   11.8      --
104  04/06/2020  0700    42.0   31.3     5.0     0.000   0   65.47  336.7   10.7      --
105  04/06/2020  0800    42.7   32.9     4.5     0.000   0   67.96  338.9    9.6      --
106  04/06/2020  0900    43.9   32.9     3.9     0.000   0   64.80  341.6    8.6      --
107  04/06/2020  1000    45.7   32.9     3.4     0.000   0   60.55  345.1    7.5  no_inv
108  04/06/2020  1100    48.4   32.9     4.4     0.000   0   54.71  326.5    6.1      --
109  04/06/2020  1200    51.8   32.9     5.4     0.000   0   48.21  301.1    5.6      --
110  04/06/2020  1300    54.7   33.3     6.4     0.000   0   44.30  276.4    6.3      --
111  04/06/2020  1400    56.4   33.8     7.5     0.000   0   42.36  259.0    7.8      --
112  04/06/2020  1500    57.5   34.3     8.5     0.000   0   41.47  248.0    9.8      --
113  04/06/2020  1600    58.3   34.8     9.5     0.000   0   41.22  240.9   12.1  no_inv
114  04/06/2020  1700    58.2   34.7    10.2     0.000   0   41.23  255.2   11.2      --
115  04/06/2020  1800    56.7   34.0    11.0     0.000   0   42.36  270.7   11.2      --
116  04/06/2020  1900    53.6   34.2    11.7     0.000   0   47.54  285.3   11.9      --
117  04/06/2020  2000    51.9   32.9    12.4     0.000   0   48.05  297.5   13.3      --
118  04/06/2020  2100    49.6   32.4    13.2     0.000   0   51.35  307.0   15.2      --
119  04/06/2020  2200    47.2   32.2    13.9     0.000   0   55.66  314.3   17.4     308
120  04/06/2020  2300    46.0   33.2    11.9     0.000   0   60.78  311.8   14.3      --
121  04/07/2020  0000    45.2   33.4     9.9     0.000   0   63.13  307.8   11.2      --
122  04/07/2020  0100    44.3   33.7     7.9     0.000   0   66.09  300.8    8.2      --
123  04/07/2020  0200    43.5   33.8     5.9     0.000   0   68.33  286.6    5.5      --
124  04/07/2020  0300    42.8   33.9     3.9     0.000   0   70.50  252.9    3.6      --
125  04/07/2020  0400    42.1   33.9     1.9     0.000   0   72.48  204.5    4.1     254
126  04/07/2020  0500    41.6   34.0     1.8     0.000   0   74.35  202.6    3.9      --
127  04/07/2020  0600    41.2   34.0     1.7     0.000   0   75.33  200.5    3.7      --
128  04/07/2020  0700    41.5   34.0     1.6     0.000   0   74.57  198.2    3.6      --
129  04/07/2020  0800    42.4   30.2     1.5     0.000   0   61.68  195.7    3.4      --
130  04/07/2020  0900    44.1   29.6     1.5     0.000   0   56.43  192.9    3.2      --
131  04/07/2020  1000    46.4   28.9     1.4     0.000   0   50.23  189.9    3.1    4418
132  04/07/2020  1100    49.4   28.2     1.8     0.000   0   43.73  221.7    2.2      --
133  04/07/2020  1200    54.2   27.6     2.2     0.000   0   35.72  263.4    2.5      --
134  04/07/2020  1300    58.3   27.1     2.5     0.000   0   30.04  288.0    3.6      --
135  04/07/2020  1400    60.7   26.6     2.9     0.000   0   27.16  299.8    5.0      --
136  04/07/2020  1500    61.9   26.4     3.3     0.000   0   25.76  306.1    6.6      --
137  04/07/2020  1600    62.5   26.3     3.7     0.000   0   25.10  310.0    8.2    7599
138  04/07/2020  1700    62.7   26.3     4.7     0.000   0   24.96  317.7    8.6      --
139  04/07/2020  1800    61.2   26.3     5.7     0.000   0   26.31  324.6    9.2      --
140  04/07/2020  1900    58.1   27.6     6.8     0.000   0   30.96  330.5    9.9      --
141  04/07/2020  2000    56.4   28.1     7.8     0.000   0   33.61  335.7   10.6      --
142  04/07/2020  2100    54.1   28.2     8.8     0.000   0   36.72  340.1   11.5      --
143  04/07/2020  2200    51.7   28.2     9.8     0.000   0   39.95  343.9   12.4    7653
144  04/07/2020  2300    49.8   28.1     8.3     0.000   0   42.78  343.8   10.6      --
145  04/08/2020  0000    48.8   27.5     6.8     0.000   0   43.38  343.8    8.9      --
146  04/08/2020  0100    47.8   27.2     5.3     0.000   0   44.31  343.7    7.2      --
147  04/08/2020  0200    47.0   27.0     3.9     0.000   0   45.37  343.5    5.4      --
148  04/08/2020  0300    46.2   26.7     2.4     0.000   0   46.08  343.2    3.7      --
149  04/08/2020  0400    45.6   26.7     0.9     0.000   0   47.17  342.5    2.0  no_inv
150  04/08/2020  0500    45.2   26.7     0.9     0.000   0   48.03  340.7    1.4      --
151  04/08/2020  0600    44.9   26.7     0.9     0.000   0   48.56  336.3    0.8      --
152  04/08/2020  0700    45.2   26.7     0.8     0.000   0   47.92  303.6    0.2      --
153  04/08/2020  0800    46.3   27.5     0.8     0.000   0   47.48  182.4    0.5      --
154  04/08/2020  0900    48.2   27.5     0.8     0.000   0   44.17  173.5    1.1      --
155  04/08/2020  1000    50.9   27.5     0.8     0.000   0   40.01  170.9    1.7    4319
156  04/08/2020  1100    54.1   27.5     1.0     0.000   0   35.52  190.8    2.0      --
157  04/08/2020  1200    58.8   27.5     1.3     0.000   0   30.03  203.7    2.6      --
158  04/08/2020  1300    62.7   27.5     1.6     0.000   0   26.16  211.9    3.2      --
159  04/08/2020  1400    64.8   27.5     1.8     0.000   0   24.30  217.4    3.8      --
160  04/08/2020  1500    65.8   27.5     2.1     0.000   0   23.43  221.2    4.5      --
161  04/08/2020  1600    66.4   27.5     2.4     0.000   0   23.00  224.0    5.2    5945
162  04/08/2020  1700    66.5   27.5     4.0     0.000   0   22.92  220.1    6.8      --
163  04/08/2020  1800    65.7   27.5     5.5     0.000   0   23.52  217.6    8.4      --
164  04/08/2020  1900    64.2   28.9     7.1     0.000   0   26.27  216.0   10.0      --
165  04/08/2020  2000    63.4   29.5     8.7     0.000   0   27.70  214.8   11.6      --
166  04/08/2020  2100    61.0   29.3    10.3     0.000   0   29.96  213.9   13.2      --
167  04/08/2020  2200    58.7   28.8    11.9     0.000   0   31.86  213.2   14.9     377
