  Generated by FoxLW on Thursday April 2, 2020 at 02:32 PDT
-------------------------------------------------------------------------------
  Station 4
  46.0500:-119.4100  (46 2' 60.00"N  119 24' 36.00"W)  elev 1227.0 feet    file: 100064
-------------------------------------------------------------------------------

Line#   Date     Hour   TempF  DewPtF WS(mph)  Rain(in) LW    RH%  WDir_50m WS_50m Inv(ft)
  5  04/02/2020  0400    34.1   22.0     5.5     0.000   0   60.70  355.9   10.5     632
  6  04/02/2020  0500    33.6   22.0     4.9     0.000   0   62.09  353.0    8.0      --
  7  04/02/2020  0600    33.2   23.8     4.4     0.000   0   67.95  347.6    5.6      --
  8  04/02/2020  0700    33.5   23.8     3.9     0.000   0   67.16  334.4    3.3      --
  9  04/02/2020  0800    34.6   23.8     3.3     0.000   0   64.20  285.3    1.7      --
 10  04/02/2020  0900    36.7   23.8     2.8     0.000   0   59.24  222.0    2.8      --
 11  04/02/2020  1000    39.5   23.8     2.3     0.000   0   53.06  204.4    5.0  no_inv
 12  04/02/2020  1100    42.8   23.8     2.2     0.000   0   46.56  211.0    4.7      --
 13  04/02/2020  1200    46.9   23.8     2.2     0.000   0   39.86  218.5    4.4      --
 14  04/02/2020  1300    50.2   23.8     2.1     0.000   0   35.34  226.7    4.3      --
 15  04/02/2020  1400    51.8   23.8     2.1     0.000   0   33.29  235.4    4.2      --
 16  04/02/2020  1500    52.5   23.8     2.0     0.000   0   32.35  244.1    4.2      --
 17  04/02/2020  1600    52.9   23.8     2.0     0.000   0   31.97  252.6    4.3  no_inv
 18  04/02/2020  1700    52.1   23.8     3.6     0.000   0   32.93  281.2    4.9      --
 19  04/02/2020  1800    50.5   24.2     5.2     0.000   0   35.52  300.0    6.4      --
 20  04/02/2020  1900    49.6   25.2     6.8     0.000   0   38.26  311.1    8.3      --
 21  04/02/2020  2000    47.2   26.0     8.4     0.000   0   43.23  317.9   10.4      --
 22  04/02/2020  2100    44.9   26.1    10.0     0.000   0   47.44  322.4   12.6      --
 23  04/02/2020  2200    42.6   25.7    11.6     0.000   0   50.98  325.5   14.9     640
 24  04/02/2020  2300    40.1   26.2    10.4     0.000   0   57.30  318.4   12.4      --
 25  04/03/2020  0000    38.4   26.5     9.1     0.000   0   61.78  307.9   10.2      --
 26  04/03/2020  0100    36.9   26.5     7.9     0.000   0   65.69  292.7    8.6      --
 27  04/03/2020  0200    35.5   25.6     6.7     0.000   0   66.79  272.3    7.7      --
 28  04/03/2020  0300    34.3   25.0     5.4     0.000   0   68.34  250.5    8.0      --
 29  04/03/2020  0400    33.4   24.6     4.2     0.000   0   69.97  232.5    9.3     626
 30  04/03/2020  0500    32.6   24.8     5.8     0.000   0   72.47  231.1   10.6      --
 31  04/03/2020  0600    32.2   26.1     7.4     0.000   0   77.90  230.0   11.9      --
 32  04/03/2020  0700    32.6   26.6     9.0     0.000   0   78.30  229.1   13.3      --
 33  04/03/2020  0800    33.8   26.3    10.6     0.000   0   73.75  228.4   14.6      --
 34  04/03/2020  0900    35.9   24.5    12.2     0.000   0   62.63  227.9   16.0      --
 35  04/03/2020  1000    38.8   24.4    13.8     0.000   0   55.70  227.4   17.3  no_inv
 36  04/03/2020  1100    42.0   24.3    13.9     0.000   0   49.03  232.1   17.2      --
 37  04/03/2020  1200    44.8   24.2    14.1     0.000   0   43.97  236.9   17.2      --
 38  04/03/2020  1300    47.1   24.3    14.3     0.000   0   40.43  241.7   17.4      --
 39  04/03/2020  1400    48.5   24.4    14.5     0.000   0   38.52  246.3   17.6      --
 40  04/03/2020  1500    49.4   24.5    14.6     0.000   0   37.40  250.8   18.0      --
 41  04/03/2020  1600    50.0   24.5    14.8     0.000   0   36.66  255.1   18.5    5232
 42  04/03/2020  1700    49.7   24.9    13.9     0.000   0   37.68  260.3   16.8      --
 43  04/03/2020  1800    49.0   24.8    12.9     0.000   0   38.46  266.5   15.4      --
 44  04/03/2020  1900    48.7   25.3    12.0     0.000   0   39.79  274.0   14.1      --
 45  04/03/2020  2000    46.3   25.3    11.1     0.000   0   43.35  282.8   13.1      --
 46  04/03/2020  2100    44.0   25.4    10.1     0.000   0   47.73  292.7   12.5      --
 47  04/03/2020  2200    41.7   25.3     9.2     0.000   0   51.88  303.4   12.3  no_inv
 48  04/03/2020  2300    39.7   25.1     8.0     0.000   0   55.45  308.0   10.3      --
 49  04/04/2020  0000    38.6   25.1     6.9     0.000   0   58.10  314.8    8.4      --
 50  04/04/2020  0100    37.5   25.2     5.7     0.000   0   60.84  325.3    6.6      --
 51  04/04/2020  0200    36.6   25.3     4.6     0.000   0   63.44  342.1    5.3      --
 52  04/04/2020  0300    35.7   25.5     3.4     0.000   0   66.16    6.5    4.6      --
 53  04/04/2020  0400    35.0   25.5     2.2     0.000   0   68.02   32.6    5.0     515
 54  04/04/2020  0500    34.5   25.5     2.4     0.000   0   69.51   36.0    5.2      --
 55  04/04/2020  0600    34.2   25.5     2.5     0.000   0   70.44   39.2    5.4      --
 56  04/04/2020  0700    34.6   25.5     2.6     0.000   0   69.23   42.1    5.6      --
 57  04/04/2020  0800    36.0   25.5     2.7     0.000   0   65.46   44.7    5.9      --
 58  04/04/2020  0900    38.4   21.8     2.8     0.000   0   50.79   47.2    6.2      --
 59  04/04/2020  1000    41.6   21.5     2.9     0.000   0   44.38   49.4    6.4  no_inv
 60  04/04/2020  1100    45.0   21.3     3.5     0.000   0   38.58   44.8    7.0      --
 61  04/04/2020  1200    47.6   21.0     4.2     0.000   0   34.52   41.0    7.7      --
 62  04/04/2020  1300    49.8   21.5     4.8     0.000   0   32.43   37.8    8.4      --
 63  04/04/2020  1400    51.1   22.1     5.4     0.000   0   31.75   35.1    9.1      --
 64  04/04/2020  1500    51.9   22.8     6.1     0.000   0   31.73   32.8    9.8      --
 65  04/04/2020  1600    52.4   23.5     6.7     0.000   0   32.10   30.9   10.6  no_inv
 66  04/04/2020  1700    52.8   23.5     7.1     0.000   0   31.70   28.3   10.8      --
 67  04/04/2020  1800    52.6   22.9     7.5     0.000   0   31.07   25.8   11.0      --
 68  04/04/2020  1900    52.3   23.6     7.9     0.000   0   32.34   23.4   11.3      --
 69  04/04/2020  2000    52.1   24.4     8.3     0.000   0   33.62   21.2   11.5      --
 70  04/04/2020  2100    49.8   25.7     8.7     0.000   0   38.71   19.0   11.8      --
 71  04/04/2020  2200    47.5   26.8     9.1     0.000   0   44.23   17.0   12.1  no_inv
 72  04/04/2020  2300    46.0   27.9     8.2     0.000   0   48.89   16.1   11.5      --
 73  04/05/2020  0000    45.1   27.6     7.4     0.000   0   50.05   15.2   10.9      --
 74  04/05/2020  0100    44.2   26.2     6.6     0.000   0   48.85   14.2   10.3      --
 75  04/05/2020  0200    43.6   25.0     5.7     0.000   0   47.52   13.1    9.7      --
 76  04/05/2020  0300    43.0   24.0     4.9     0.000   0   46.73   11.8    9.1      --
 77  04/05/2020  0400    42.6   22.5     4.0     0.000   0   44.46   10.3    8.5     712
 78  04/05/2020  0500    42.3   22.5     4.7     0.000   0   44.92   13.7    8.9      --
 79  04/05/2020  0600    42.2   23.6     5.4     0.000   0   47.35   16.7    9.3      --
 80  04/05/2020  0700    42.2   25.6     6.1     0.000   0   51.31   19.5    9.8      --
 81  04/05/2020  0800    42.7   29.5     6.7     0.000   0   59.24   22.0   10.2      --
 82  04/05/2020  0900    43.5   29.7     7.4     0.000   0   57.83   24.2   10.7      --
 83  04/05/2020  1000    44.8   29.9     8.1     0.000   0   55.60   26.3   11.2  no_inv
 84  04/05/2020  1100    47.0   30.1     7.7     0.000   0   51.59   28.1   11.0      --
 85  04/05/2020  1200    50.4   30.3     7.3     0.000   0   45.84   29.9   10.8      --
 86  04/05/2020  1300    53.5   30.9     6.9     0.000   0   41.82   31.8   10.6      --
 87  04/05/2020  1400    55.4   31.4     6.5     0.000   0   39.83   33.8   10.4      --
 88  04/05/2020  1500    56.8   31.8     6.1     0.000   0   38.45   35.8   10.2      --
 89  04/05/2020  1600    57.7   32.1     5.8     0.000   0   37.81   37.9   10.1  no_inv
 90  04/05/2020  1700    55.2   35.0     5.9     0.000   0   46.28   26.2    6.3      --
 91  04/05/2020  1800    54.3   37.2     6.1     0.010   0   52.29  350.7    3.5      --
 92  04/05/2020  1900    52.4   36.5     6.3     0.000   0   54.40  287.5    4.1      --
 93  04/05/2020  2000    51.4   36.6     6.5     0.000   0   56.77  262.3    7.4      --
 94  04/05/2020  2100    49.1   36.1     6.6     0.000   0   60.80  253.3   11.2      --
 95  04/05/2020  2200    46.7   39.3     6.8     0.010   0   75.26  248.8   15.1    1009
 96  04/05/2020  2300    45.1   38.5     7.1     0.000   0   77.49  261.2   12.9      --
 97  04/06/2020  0000    44.8   38.3     7.3     0.000   0   77.96  277.6   11.4      --
 98  04/06/2020  0100    44.3   38.1     7.5     0.000   0   78.56  296.6   11.1      --
 99  04/06/2020  0200    43.9   37.9     7.8     0.000   0   79.23  314.5   12.1      --
100  04/06/2020  0300    43.5   37.7     8.0     0.000   0   79.86  328.8   14.0      --
101  04/06/2020  0400    43.0   37.3     8.3     0.000   0   80.01  339.1   16.5     372
102  04/06/2020  0500    42.1   35.2     7.5     0.000   0   76.61  339.0   15.1      --
103  04/06/2020  0600    41.8   34.5     6.7     0.000   0   75.12  338.8   13.6      --
104  04/06/2020  0700    41.9   33.7     5.9     0.000   0   72.43  338.5   12.1      --
105  04/06/2020  0800    42.8   34.5     5.1     0.000   0   72.15  338.2   10.7      --
106  04/06/2020  0900    44.3   34.5     4.3     0.000   0   68.28  337.9    9.2      --
107  04/06/2020  1000    47.3   33.5     3.5     0.000   0   58.51  337.3    7.8    5910
108  04/06/2020  1100    50.2   33.5     4.6     0.000   0   52.42  319.0    6.3      --
109  04/06/2020  1200    53.5   33.5     5.6     0.000   0   46.50  294.2    5.8      --
110  04/06/2020  1300    56.1   34.0     6.6     0.000   0   43.26  269.9    6.4      --
111  04/06/2020  1400    57.6   34.5     7.7     0.000   0   41.78  252.4    7.9      --
112  04/06/2020  1500    58.6   35.1     8.7     0.000   0   41.23  241.2    9.9      --
113  04/06/2020  1600    59.2   35.7     9.8     0.000   0   41.24  233.9   12.2  no_inv
114  04/06/2020  1700    59.1   35.7    10.0     0.000   0   41.44  247.7   10.7      --
115  04/06/2020  1800    57.6   35.0    10.2     0.000   0   42.54  264.7    9.9      --
116  04/06/2020  1900    54.6   35.2    10.4     0.000   0   47.76  282.6   10.2      --
117  04/06/2020  2000    53.0   34.8    10.6     0.000   0   49.85  298.4   11.3      --
118  04/06/2020  2100    50.7   34.2    10.9     0.000   0   53.08  310.5   13.1      --
119  04/06/2020  2200    48.3   33.8    11.1     0.000   0   56.95  319.4   15.3     701
120  04/06/2020  2300    46.5   33.8     9.5     0.000   0   61.12  317.4   12.3      --
121  04/07/2020  0000    45.0   33.5     8.0     0.000   0   63.73  313.9    9.3      --
122  04/07/2020  0100    43.7   33.8     6.4     0.000   0   68.14  307.4    6.4      --
123  04/07/2020  0200    42.4   34.2     4.9     0.000   0   72.41  290.8    3.7      --
124  04/07/2020  0300    41.3   34.4     3.3     0.000   0   76.32  236.1    2.2      --
125  04/07/2020  0400    40.3   34.8     1.7     0.000   0   80.50  183.8    3.8     256
126  04/07/2020  0500    39.5   34.8     1.8     0.000   0   82.91  181.7    3.9      --
127  04/07/2020  0600    39.1   34.8     1.8     0.000   0   84.29  179.8    4.0      --
128  04/07/2020  0700    39.5   34.8     1.9     0.000   0   83.18  177.9    4.1      --
129  04/07/2020  0800    40.6   29.6     1.9     0.000   0   64.50  176.1    4.2      --
130  04/07/2020  0900    42.7   29.0     2.0     0.000   0   58.18  174.4    4.3      --
131  04/07/2020  1000    45.6   28.4     2.0     0.000   0   50.78  172.8    4.4    4855
132  04/07/2020  1100    49.2   27.8     2.2     0.000   0   43.23  191.9    3.1      --
133  04/07/2020  1200    54.6   27.2     2.5     0.000   0   34.62  226.0    2.6      --
134  04/07/2020  1300    59.2   26.7     2.7     0.000   0   28.66  260.9    3.1      --
135  04/07/2020  1400    61.9   26.3     2.9     0.000   0   25.67  280.7    4.3      --
136  04/07/2020  1500    63.3   26.1     3.1     0.000   0   24.20  291.1    5.8      --
137  04/07/2020  1600    64.1   26.0     3.4     0.000   0   23.48  297.0    7.4    7898
138  04/07/2020  1700    64.3   26.0     4.7     0.000   0   23.28  315.6    7.3      --
139  04/07/2020  1800    63.1   26.0     6.0     0.000   0   24.29  333.0    7.9      --
140  04/07/2020  1900    60.7   27.7     7.3     0.000   0   28.27  346.9    9.1      --
141  04/07/2020  2000    59.4   28.2     8.6     0.000   0   30.25  357.1   10.7      --
142  04/07/2020  2100    57.1   28.3     9.9     0.000   0   33.01    4.4   12.6      --
143  04/07/2020  2200    54.7   28.0    11.2     0.000   0   35.48    9.9   14.6    7084
144  04/07/2020  2300    52.3   28.4    10.2     0.000   0   39.51    6.5   13.7      --
145  04/08/2020  0000    50.7   28.5     9.1     0.000   0   42.20    2.6   12.9      --
146  04/08/2020  0100    49.2   28.6     8.1     0.000   0   44.69  358.3   12.1      --
147  04/08/2020  0200    47.9   28.0     7.1     0.000   0   45.62  353.4   11.4      --
148  04/08/2020  0300    46.9   27.3     6.1     0.000   0   46.22  347.9   10.8      --
149  04/08/2020  0400    46.1   26.9     5.0     0.000   0   46.89  341.8   10.3      87
150  04/08/2020  0500    45.5   26.3     4.3     0.000   0   46.73  340.7    8.6      --
151  04/08/2020  0600    45.2   26.3     3.5     0.000   0   47.28  338.9    6.8      --
152  04/08/2020  0700    45.6   26.3     2.8     0.000   0   46.57  336.0    5.1      --
153  04/08/2020  0800    46.8   28.0     2.0     0.000   0   47.66  330.1    3.4      --
154  04/08/2020  0900    49.0   28.0     1.2     0.000   0   44.01  313.5    1.8      --
155  04/08/2020  1000    51.9   28.0     0.5     0.000   0   39.51  244.9    1.0    5301
156  04/08/2020  1100    55.4   28.0     0.8     0.000   0   34.79  228.8    1.7      --
157  04/08/2020  1200    60.0   28.0     1.1     0.000   0   29.45  221.9    2.5      --
158  04/08/2020  1300    63.8   28.0     1.5     0.000   0   25.76  218.3    3.2      --
159  04/08/2020  1400    65.8   28.0     1.8     0.000   0   23.99  216.0    4.0      --
160  04/08/2020  1500    66.8   28.0     2.2     0.000   0   23.17  214.5    4.8      --
161  04/08/2020  1600    67.3   28.0     2.5     0.000   0   22.78  213.4    5.5    6250
162  04/08/2020  1700    67.4   28.0     3.1     0.000   0   22.71  213.8    6.2      --
163  04/08/2020  1800    66.6   28.0     3.7     0.000   0   23.39  214.1    6.8      --
164  04/08/2020  1900    64.8   28.0     4.3     0.000   0   24.85  214.4    7.4      --
165  04/08/2020  2000    63.8   28.0     4.9     0.000   0   25.70  214.6    8.1      --
166  04/08/2020  2100    61.5   28.3     5.5     0.000   0   28.27  214.8    8.7      --
167  04/08/2020  2200    59.2   28.7     6.1     0.000   0   31.22  215.0    9.3     490
