  Generated by FoxLW on Thursday April 2, 2020 at 02:32 PDT
-------------------------------------------------------------------------------
  K2H
  46.2900:-118.6400  (46 17' 24.00"N  118 38' 24.00"W)  elev 1069.6 feet    file: 100071
-------------------------------------------------------------------------------

Line#   Date     Hour   TempF  DewPtF WS(mph)  Rain(in) LW    RH%  WDir_50m WS_50m Inv(ft)
  5  04/02/2020  0400    33.5   24.2     2.9     0.000   0   68.28  285.2    6.4     175
  6  04/02/2020  0500    33.0   24.1     2.9     0.000   0   69.41  281.2    6.4      --
  7  04/02/2020  0600    32.6   23.8     3.0     0.000   0   69.63  277.3    6.4      --
  8  04/02/2020  0700    32.9   23.3     3.0     0.000   0   67.48  273.4    6.5      --
  9  04/02/2020  0800    33.9   22.7     3.0     0.000   0   62.92  269.6    6.6      --
 10  04/02/2020  0900    35.9   19.9     3.1     0.000   0   51.83  266.0    6.7      --
 11  04/02/2020  1000    38.6   19.1     3.1     0.000   0   44.97  262.5    6.9  no_inv
 12  04/02/2020  1100    41.9   18.3     2.9     0.000   0   38.24  263.4    6.5      --
 13  04/02/2020  1200    46.2   17.6     2.7     0.000   0   31.46  264.5    6.0      --
 14  04/02/2020  1300    49.7   17.0     2.5     0.000   0   26.83  265.8    5.6      --
 15  04/02/2020  1400    51.6   16.5     2.3     0.000   0   24.49  267.2    5.2      --
 16  04/02/2020  1500    52.5   16.1     2.2     0.000   0   23.36  269.0    4.8      --
 17  04/02/2020  1600    53.0   16.0     2.0     0.000   0   22.87  271.0    4.3  no_inv
 18  04/02/2020  1700    52.1   16.2     3.6     0.000   0   23.79  235.1    4.2      --
 19  04/02/2020  1800    50.3   17.0     5.3     0.000   0   26.35  208.2    5.6      --
 20  04/02/2020  1900    49.3   18.5     6.9     0.000   0   29.18  193.6    7.7      --
 21  04/02/2020  2000    47.0   20.5     8.6     0.000   0   34.64  185.6   10.0      --
 22  04/02/2020  2100    44.6   21.6    10.2     0.000   0   39.67  180.6   12.5      --
 23  04/02/2020  2200    42.3   22.3    11.9     0.000   0   44.74  177.3   15.0     120
 24  04/02/2020  2300    39.8   23.9    11.1     0.000   0   52.60  186.4   14.1      --
 25  04/03/2020  0000    37.6   24.9     9.5     0.000   0   59.62  196.4   13.7      --
 26  04/03/2020  0100    35.1   21.5     6.5     0.000   0   57.12  206.8   13.6      --
 27  04/03/2020  0200    33.4   19.8     4.0     0.000   0   56.82  216.9   14.1      --
 28  04/03/2020  0300    32.4   19.1     1.8     0.000   0   57.62  226.1   14.9      --
 29  04/03/2020  0400    32.0   19.1     0.4     0.000   0   58.45  234.2   16.0     162
 30  04/03/2020  0500    32.1   18.7     1.8     0.000   0   57.28  233.6   15.7      --
 31  04/03/2020  0600    32.0   18.2     3.9     0.000   0   56.14  232.9   15.4      --
 32  04/03/2020  0700    32.3   20.5     6.3     0.000   0   61.49  232.1   15.0      --
 33  04/03/2020  0800    33.6   23.7     9.1     0.000   0   66.62  231.4   14.7      --
 34  04/03/2020  0900    36.1   23.2    10.6     0.000   0   59.19  230.6   14.4      --
 35  04/03/2020  1000    39.4   22.3    11.2     0.000   0   50.07  229.8   14.1  no_inv
 36  04/03/2020  1100    43.2   21.4    11.1     0.000   0   41.43  235.3   13.6      --
 37  04/03/2020  1200    47.8   20.5    10.9     0.000   0   33.67  241.2   13.3      --
 38  04/03/2020  1300    51.3   20.3    10.8     0.000   0   29.20  247.4   13.1      --
 39  04/03/2020  1400    53.1   20.5    10.6     0.000   0   27.57  253.6   13.1      --
 40  04/03/2020  1500    54.0   21.1    10.5     0.000   0   27.34  259.8   13.2      --
 41  04/03/2020  1600    54.4   21.9    10.4     0.000   0   27.89  265.8   13.5  no_inv
 42  04/03/2020  1700    52.8   22.1     9.6     0.000   0   29.81  272.0   12.9      --
 43  04/03/2020  1800    49.6   21.8     8.8     0.000   0   33.20  278.6   12.5      --
 44  04/03/2020  1900    47.8   21.9     8.0     0.000   0   35.60  285.5   12.3      --
 45  04/03/2020  2000    45.4   22.2     7.3     0.000   0   39.38  292.6   12.2      --
 46  04/03/2020  2100    43.1   22.3     6.5     0.000   0   43.25  299.7   12.4      --
 47  04/03/2020  2200    40.8   22.1     5.7     0.000   0   47.06  306.5   12.7    2764
 48  04/03/2020  2300    37.8   21.9     5.2     0.000   0   52.29  301.8   10.7      --
 49  04/04/2020  0000    35.6   21.3     4.4     0.000   0   55.57  295.0    8.8      --
 50  04/04/2020  0100    32.7   21.5     3.1     0.000   0   63.20  284.8    7.2      --
 51  04/04/2020  0200    30.6   21.8     2.0     0.000   0   69.36  269.2    5.8      --
 52  04/04/2020  0300    29.3   22.0     1.1     0.000   0   73.80  247.2    5.1      --
 53  04/04/2020  0400    28.7   22.3     0.6     0.000   0   76.52  223.0    5.3     663
 54  04/04/2020  0500    28.8   22.0     0.9     0.000   0   75.57  221.3    4.1      --
 55  04/04/2020  0600    28.6   21.9     1.2     0.000   0   75.70  218.2    2.8      --
 56  04/04/2020  0700    29.2   22.2     1.4     0.000   0   74.89  210.1    1.6      --
 57  04/04/2020  0800    31.7   25.5     1.5     0.000   5   77.45  166.9    0.6      --
 58  04/04/2020  0900    36.0   25.7     1.3     0.000   5   65.68   75.9    1.1      --
 59  04/04/2020  1000    41.2   25.7     1.0     0.000   0   53.58   61.3    2.3  no_inv
 60  04/04/2020  1100    46.2   26.0     1.9     0.000   0   45.04   53.5    3.6      --
 61  04/04/2020  1200    49.3   26.3     2.8     0.000   0   40.41   49.9    4.9      --
 62  04/04/2020  1300    51.8   26.3     3.7     0.000   0   36.80   47.8    6.3      --
 63  04/04/2020  1400    53.2   26.4     4.6     0.000   0   35.13   46.4    7.6      --
 64  04/04/2020  1500    54.2   26.7     5.4     0.000   0   34.37   45.5    9.0      --
 65  04/04/2020  1600    54.8   27.1     6.3     0.000   0   34.10   44.8   10.4  no_inv
 66  04/04/2020  1700    55.2   27.4     7.3     0.000   0   33.99   35.8   10.7      --
 67  04/04/2020  1800    54.9   28.5     8.3     0.000   0   36.07   27.6   11.2      --
 68  04/04/2020  1900    53.5   29.6     9.2     0.000   0   39.71   20.3   12.0      --
 69  04/04/2020  2000    51.9   30.9    10.2     0.000   0   44.27   13.9   13.0      --
 70  04/04/2020  2100    50.4   32.1    11.2     0.000   0   49.30    8.5   14.0      --
 71  04/04/2020  2200    48.8   32.2    12.2     0.000   0   52.42    3.9   15.2     353
 72  04/04/2020  2300    46.6   35.5    11.2     0.000   0   64.88    3.5   10.4      --
 73  04/05/2020  0000    44.8   36.9     9.7     0.000   0   73.66    2.6    5.5      --
 74  04/05/2020  0100    42.8   32.5     6.7     0.000   0   66.69  347.7    0.6      --
 75  04/05/2020  0200    41.5   30.0     4.2     0.000   0   63.45  187.0    4.3      --
 76  04/05/2020  0300    40.8   28.9     2.2     0.000   0   62.30  185.7    9.1      --
 77  04/05/2020  0400    41.3   28.5     0.6     0.000   0   59.97  185.3   14.0     398
 78  04/05/2020  0500    40.5   28.1     1.8     0.000   0   61.07  188.9   11.5      --
 79  04/05/2020  0600    40.4   28.1     2.6     0.000   0   61.25  194.6    9.0      --
 80  04/05/2020  0700    40.6   29.5     3.1     0.000   0   64.25  204.4    6.7      --
 81  04/05/2020  0800    41.5   34.9     3.3     0.000   0   77.00  223.1    4.8      --
 82  04/05/2020  0900    43.3   37.9     2.8     0.000   0   81.13  257.2    3.8      --
 83  04/05/2020  1000    45.7   39.5     2.1     0.000   0   78.83  292.7    4.6  no_inv
 84  04/05/2020  1100    49.1   41.7     2.7     0.000   0   75.50  310.2    2.4      --
 85  04/05/2020  1200    53.6   42.5     3.4     0.000   0   65.98   23.2    1.4      --
 86  04/05/2020  1300    57.0   42.5     4.0     0.000   0   58.21   69.6    3.2      --
 87  04/05/2020  1400    58.6   42.1     4.7     0.000   0   54.33   80.7    5.4      --
 88  04/05/2020  1500    59.3   41.2     5.3     0.000   0   51.05   85.2    7.8      --
 89  04/05/2020  1600    59.5   40.1     6.0     0.000   0   48.54   87.6   10.2  no_inv
 90  04/05/2020  1700    58.1   39.2     5.5     0.000   0   49.24   83.6    9.4      --
 91  04/05/2020  1800    55.3   40.9     5.0     0.000   0   58.36   78.9    8.6      --
 92  04/05/2020  1900    53.7   40.9     4.5     0.000   0   61.78   73.4    8.0      --
 93  04/05/2020  2000    51.4   41.0     3.7     0.000   0   67.68   67.0    7.4      --
 94  04/05/2020  2100    49.0   41.2     2.9     0.000   0   74.36   59.6    6.9      --
 95  04/05/2020  2200    46.7   41.4     2.2     0.000   0   81.79   51.3    6.6  no_inv
 96  04/05/2020  2300    45.9   41.2     2.5     0.000   0   83.72   45.8    4.5      --
 97  04/06/2020  0000    45.5   41.0     2.8     0.000   0   84.45   31.6    2.6      --
 98  04/06/2020  0100    44.9   40.9     3.0     0.000   0   85.86  335.1    1.3      --
 99  04/06/2020  0200    44.1   40.9     3.0     0.000   5   88.47  275.6    2.5      --
100  04/06/2020  0300    43.4   40.9     3.0     0.000  10   90.87  260.6    4.4      --
101  04/06/2020  0400    42.8   40.9     3.0     0.000  10   92.97  254.9    6.5     305
102  04/06/2020  0500    42.3   40.9     3.0     0.000  10   94.69  260.9    6.6      --
103  04/06/2020  0600    42.0   40.9     3.1     0.000  10   95.85  266.8    6.7      --
104  04/06/2020  0700    42.2   40.9     3.2     0.000  10   95.17  272.4    6.9      --
105  04/06/2020  0800    43.0   35.5     3.3     0.000   5   74.72  277.7    7.1      --
106  04/06/2020  0900    44.4   33.2     3.4     0.000   0   64.33  282.5    7.4      --
107  04/06/2020  1000    46.5   31.5     3.5     0.000   0   55.70  287.0    7.8  no_inv
108  04/06/2020  1100    49.5   29.9     5.5     0.000   0   46.58  278.0    9.5      --
109  04/06/2020  1200    54.6   28.5     7.6     0.000   0   36.37  271.9   11.4      --
110  04/06/2020  1300    59.1   28.0     9.6     0.000   0   30.41  267.5   13.3      --
111  04/06/2020  1400    61.4   27.8    11.6     0.000   0   27.75  264.3   15.4      --
112  04/06/2020  1500    62.6   27.0    13.6     0.000   0   25.75  261.9   17.4      --
113  04/06/2020  1600    63.2   25.7    15.6     0.000   0   23.84  259.9   19.5  no_inv
114  04/06/2020  1700    63.2   27.2    14.0     0.000   0   25.42  264.2   17.7      --
115  04/06/2020  1800    60.5   27.9    12.3     0.000   0   28.76  269.5   16.0      --
116  04/06/2020  1900    55.1   28.6    10.6     0.000   0   35.96  276.0   14.4      --
117  04/06/2020  2000    52.2   29.3     9.0     0.000   0   41.22  283.8   13.1      --
118  04/06/2020  2100    49.8   29.6     7.3     0.000   0   45.44  293.3   12.1      --
119  04/06/2020  2200    47.5   29.8     5.6     0.000   0   50.03  304.1   11.4     732
120  04/06/2020  2300    43.9   29.8     5.7     0.000   0   57.30  291.1   10.0      --
121  04/07/2020  0000    39.4   29.7     4.6     0.000   0   68.04  274.9    9.2      --
122  04/07/2020  0100    35.5   30.3     3.3     0.000   0   81.20  257.4    9.2      --
123  04/07/2020  0200    33.1   30.9     1.9     0.000   5   91.57  241.5   10.1      --
124  04/07/2020  0300    31.8   30.9     0.5     0.000  10   96.34  228.9   11.6      --
125  04/07/2020  0400    31.7   30.8     0.4     0.000  10   96.42  219.5   13.5      95
126  04/07/2020  0500    31.8   30.8     0.6     0.000  10   96.20  219.8   12.6      --
127  04/07/2020  0600    31.7   30.4     1.9     0.000  10   94.74  220.1   11.7      --
128  04/07/2020  0700    32.3   30.7     3.0     0.000   5   93.58  220.4   10.8      --
129  04/07/2020  0800    34.9   31.2     3.9     0.000   0   86.27  220.9    9.9      --
130  04/07/2020  0900    39.8   32.2     4.1     0.000   0   74.12  221.4    9.0      --
131  04/07/2020  1000    45.4   33.2     3.7     0.000   0   62.33  222.0    8.1    5407
132  04/07/2020  1100    51.1   33.9     3.2     0.000   0   51.73  225.5    6.7      --
133  04/07/2020  1200    55.6   34.2     2.8     0.000   0   44.25  230.9    5.3      --
134  04/07/2020  1300    59.0   34.2     2.4     0.000   0   39.22  239.6    4.1      --
135  04/07/2020  1400    60.7   33.7     2.0     0.000   0   36.21  255.5    3.0      --
136  04/07/2020  1500    61.5   32.5     1.5     0.000   0   33.51  284.3    2.3      --
137  04/07/2020  1600    62.0   31.1     1.1     0.000   0   31.14  319.5    2.5    7131
138  04/07/2020  1700    62.0   29.9     1.9     0.000   0   29.63  278.9    0.5      --
139  04/07/2020  1800    58.9   29.4     2.7     0.000   0   32.47  162.6    1.8      --
140  04/07/2020  1900    52.6   32.2     3.5     0.000   0   45.59  155.4    3.9      --
141  04/07/2020  2000    49.1   32.2     4.3     0.000   0   51.87  153.2    5.9      --
142  04/07/2020  2100    46.7   32.1     5.1     0.000   0   56.50  152.2    8.0      --
143  04/07/2020  2200    44.4   31.7     5.9     0.000   0   60.69  151.6   10.1     189
144  04/07/2020  2300    41.5   32.1     5.2     0.000   0   69.02  155.4    8.7      --
145  04/08/2020  0000    39.5   32.4     4.1     0.000   0   75.25  160.9    7.3      --
146  04/08/2020  0100    37.1   32.9     2.6     0.000   0   84.51  168.7    6.0      --
147  04/08/2020  0200    35.4   33.4     1.5     0.000   5   92.11  180.6    4.8      --
148  04/08/2020  0300    34.4   33.3     0.8     0.000  10   95.65  198.5    4.0      --
149  04/08/2020  0400    34.1   33.2     0.4     0.000  10   96.46  221.7    3.7     234
150  04/08/2020  0500    34.2   33.1     0.7     0.000  10   95.81  229.6    4.1      --
151  04/08/2020  0600    34.1   32.9     1.1     0.000  10   95.26  236.1    4.5      --
152  04/08/2020  0700    34.8   33.4     1.7     0.000  10   94.60  241.5    5.0      --
153  04/08/2020  0800    37.5   34.1     2.3     0.000   5   87.29  245.9    5.5      --
154  04/08/2020  0900    42.5   35.2     2.8     0.000   0   75.19  249.5    6.0      --
155  04/08/2020  1000    48.4   36.2     3.0     0.000   0   62.67  252.5    6.6    5570
156  04/08/2020  1100    54.5   36.9     2.8     0.000   0   51.37  254.0    6.2      --
157  04/08/2020  1200    59.6   37.2     2.7     0.000   0   43.19  255.7    5.9      --
158  04/08/2020  1300    63.4   37.2     2.5     0.000   0   37.70  257.6    5.6      --
159  04/08/2020  1400    65.5   36.6     2.4     0.000   0   34.40  259.8    5.2      --
160  04/08/2020  1500    66.5   35.3     2.2     0.000   0   31.44  262.2    4.9      --
161  04/08/2020  1600    67.0   33.6     2.1     0.000   0   28.84  265.0    4.6    6378
162  04/08/2020  1700    67.1   32.2     3.2     0.000   0   27.18  238.0    4.3      --
163  04/08/2020  1800    64.5   31.7     4.3     0.000   0   29.12  213.5    5.0      --
164  04/08/2020  1900    59.2   34.2     5.4     0.000   0   38.94  197.0    6.3      --
165  04/08/2020  2000    56.3   32.8     6.6     0.000   0   40.86  186.8    8.0      --
166  04/08/2020  2100    54.0   31.4     7.7     0.000   0   42.01  180.3    9.8      --
167  04/08/2020  2200    51.6   31.0     8.8     0.000   0   45.11  175.9   11.7      98
