  Generated by FoxLW on Thursday April 2, 2020 at 02:32 PDT
-------------------------------------------------------------------------------
  Benton City West
  46.3000:-119.5700  (46 17' 60.00"N  119 34' 12.00"W)  elev 951.4 feet    file: 100161
-------------------------------------------------------------------------------

Line#   Date     Hour   TempF  DewPtF WS(mph)  Rain(in) LW    RH%  WDir_50m WS_50m Inv(ft)
  5  04/02/2020  0400    34.3   18.4    11.2     0.000   0   51.75  346.2   14.3     342
  6  04/02/2020  0500    33.8   19.0     9.6     0.000   0   54.05  346.8   11.4      --
  7  04/02/2020  0600    33.5   19.5     7.9     0.000   0   56.12  347.8    8.4      --
  8  04/02/2020  0700    33.8   20.4     6.3     0.000   0   57.36  349.9    5.6      --
  9  04/02/2020  0800    35.1   21.5     4.7     0.000   0   57.13  356.5    2.7      --
 10  04/02/2020  0900    37.3   26.9     3.1     0.000   0   65.58  101.8    0.7      --
 11  04/02/2020  1000    40.3   27.4     1.5     0.000   0   59.67  153.6    3.3  no_inv
 12  04/02/2020  1100    43.7   27.4     1.8     0.000   0   52.37  163.7    3.9      --
 13  04/02/2020  1200    47.3   27.4     2.2     0.000   0   45.73  170.8    4.7      --
 14  04/02/2020  1300    50.0   27.4     2.5     0.000   0   41.33  175.8    5.4      --
 15  04/02/2020  1400    51.4   27.4     2.9     0.000   0   39.31  179.6    6.3      --
 16  04/02/2020  1500    52.0   27.4     3.2     0.000   0   38.44  182.5    7.1      --
 17  04/02/2020  1600    52.2   27.4     3.6     0.000   0   38.11  184.8    8.0  no_inv
 18  04/02/2020  1700    51.8   27.3     4.9     0.000   0   38.57  202.7    5.1      --
 19  04/02/2020  1800    50.8   28.2     6.2     0.000   0   41.33  245.8    3.6      --
 20  04/02/2020  1900    50.3   28.3     7.5     0.000   0   42.38  291.1    4.9      --
 21  04/02/2020  2000    48.0   27.8     8.8     0.000   0   45.24  310.4    7.7      --
 22  04/02/2020  2100    45.6   27.0    10.1     0.000   0   47.79  319.0   10.9      --
 23  04/02/2020  2200    43.3   25.7    11.4     0.000   0   49.55  323.5   14.3  no_inv
 24  04/02/2020  2300    41.2   25.1    10.6     0.000   0   52.44  317.6   13.1      --
 25  04/03/2020  0000    39.8   24.5     9.9     0.000   0   54.10  310.6   12.2      --
 26  04/03/2020  0100    38.5   23.9     9.2     0.000   0   55.33  302.6   11.4      --
 27  04/03/2020  0200    37.3   23.3     8.5     0.000   0   56.63  293.6   10.9      --
 28  04/03/2020  0300    36.3   23.4     7.7     0.000   0   59.06  283.9   10.7      --
 29  04/03/2020  0400    35.5   24.5     7.0     0.000   0   63.67  274.2   10.7     570
 30  04/03/2020  0500    35.0   25.2     6.5     0.000   0   67.28  268.3   10.1      --
 31  04/03/2020  0600    34.6   26.0     6.0     0.000   0   70.39  261.7    9.5      --
 32  04/03/2020  0700    34.9   26.6     5.5     0.000   0   71.43  254.3    9.1      --
 33  04/03/2020  0800    35.9   27.6     5.0     0.000   0   71.54  246.3    8.8      --
 34  04/03/2020  0900    37.8   22.2     4.5     0.000   0   53.03  238.1    8.7      --
 35  04/03/2020  1000    40.4   19.2     4.0     0.000   0   42.11  229.8    8.8  no_inv
 36  04/03/2020  1100    43.6   18.8     5.1     0.000   0   36.54  235.2    9.4      --
 37  04/03/2020  1200    48.0   18.4     6.1     0.000   0   30.42  239.9   10.1      --
 38  04/03/2020  1300    51.7   18.8     7.2     0.000   0   27.05  244.0   10.9      --
 39  04/03/2020  1400    53.6   19.5     8.2     0.000   0   25.84  247.6   11.6      --
 40  04/03/2020  1500    54.6   20.2     9.3     0.000   0   25.79  250.6   12.5      --
 41  04/03/2020  1600    55.1   20.9    10.4     0.000   0   26.07  253.3   13.3  no_inv
 42  04/03/2020  1700    55.2   20.7    10.8     0.000   0   25.73  264.3   12.6      --
 43  04/03/2020  1800    53.1   19.8    11.2     0.000   0   26.75  276.1   12.4      --
 44  04/03/2020  1900    48.8   19.9    11.6     0.000   0   31.48  287.9   12.6      --
 45  04/03/2020  2000    46.4   18.7    12.1     0.000   0   32.80  298.7   13.4      --
 46  04/03/2020  2100    44.1   18.6    12.5     0.000   0   35.63  308.1   14.7      --
 47  04/03/2020  2200    41.7   19.0    12.9     0.000   0   39.58  315.8   16.2    2445
 48  04/03/2020  2300    40.0   20.7    11.0     0.000   0   45.63  318.0   13.7      --
 49  04/04/2020  0000    39.3   21.6     9.1     0.000   0   48.69  321.2   11.3      --
 50  04/04/2020  0100    38.6   21.4     7.2     0.000   0   49.54  326.1    8.9      --
 51  04/04/2020  0200    38.0   20.9     5.3     0.000   0   49.79  334.5    6.7      --
 52  04/04/2020  0300    37.3   20.5     3.5     0.000   0   50.26  350.6    4.7      --
 53  04/04/2020  0400    36.8   19.9     1.6     0.000   0   50.03   22.8    3.5    7721
 54  04/04/2020  0500    36.3   19.9     1.8     0.000   0   51.02   30.0    3.9      --
 55  04/04/2020  0600    36.0   19.9     2.1     0.000   0   51.69   35.6    4.4      --
 56  04/04/2020  0700    36.3   19.9     2.3     0.000   0   51.06   40.0    5.0      --
 57  04/04/2020  0800    37.3   19.9     2.6     0.000   0   48.96   43.5    5.6      --
 58  04/04/2020  0900    39.2   19.9     2.8     0.000   0   45.56   46.3    6.2      --
 59  04/04/2020  1000    41.7   19.8     3.1     0.000   0   41.05   48.7    6.8  no_inv
 60  04/04/2020  1100    44.6   19.7     3.2     0.000   0   36.53   45.6    7.1      --
 61  04/04/2020  1200    47.4   19.6     3.4     0.000   0   32.76   42.8    7.4      --
 62  04/04/2020  1300    49.7   19.5     3.5     0.000   0   29.85   40.2    7.7      --
 63  04/04/2020  1400    51.2   19.4     3.7     0.000   0   28.21   37.8    8.1      --
 64  04/04/2020  1500    52.1   19.3     3.8     0.000   0   27.23   35.6    8.5      --
 65  04/04/2020  1600    52.7   19.3     4.0     0.000   0   26.60   33.7    8.8  no_inv
 66  04/04/2020  1700    53.1   19.5     4.9     0.000   0   26.40   28.6    9.2      --
 67  04/04/2020  1800    53.0   19.9     5.8     0.000   0   26.97   23.9    9.7      --
 68  04/04/2020  1900    53.0   21.4     6.8     0.000   0   28.73   19.7   10.2      --
 69  04/04/2020  2000    52.9   23.2     7.7     0.000   0   31.10   16.0   10.8      --
 70  04/04/2020  2100    50.6   24.8     8.6     0.000   0   36.24   12.6   11.4      --
 71  04/04/2020  2200    48.3   26.0     9.5     0.000   0   41.60    9.6   12.1  no_inv
 72  04/04/2020  2300    46.6   27.2     9.8     0.000   0   46.60    5.0   12.5      --
 73  04/05/2020  0000    45.5   28.3    10.2     0.000   0   50.85    0.8   13.0      --
 74  04/05/2020  0100    44.5   29.2    10.5     0.000   0   54.72  357.0   13.6      --
 75  04/05/2020  0200    43.6   29.8    10.8     0.000   0   58.02  353.4   14.2      --
 76  04/05/2020  0300    42.9   30.2    11.2     0.000   0   60.47  350.2   14.9      --
 77  04/05/2020  0400    42.4   30.2    11.5     0.000   0   61.83  347.2   15.6    1192
 78  04/05/2020  0500    42.0   30.6    10.5     0.000   0   63.56  349.8   14.6      --
 79  04/05/2020  0600    41.8   30.8     9.6     0.000   0   64.76  352.7   13.6      --
 80  04/05/2020  0700    41.9   31.0     8.6     0.000   0   64.87  356.0   12.6      --
 81  04/05/2020  0800    42.4   29.1     7.7     0.000   0   59.06  360.0   11.7      --
 82  04/05/2020  0900    43.3   30.2     6.7     0.000   0   59.68    4.5   10.8      --
 83  04/05/2020  1000    44.7   30.2     5.8     0.000   0   56.59    9.8   10.0  no_inv
 84  04/05/2020  1100    47.3   30.2     5.5     0.000   0   51.24   15.6    9.5      --
 85  04/05/2020  1200    52.2   30.2     5.2     0.000   0   42.66   21.9    9.1      --
 86  04/05/2020  1300    56.7   30.0     4.9     0.000   0   35.92   28.7    8.9      --
 87  04/05/2020  1400    58.9   30.1     4.6     0.000   0   33.40   35.8    8.7      --
 88  04/05/2020  1500    60.1   30.2     4.3     0.000   0   32.08   43.0    8.7      --
 89  04/05/2020  1600    60.5   30.2     4.0     0.000   0   31.63   50.1    8.8  no_inv
 90  04/05/2020  1700    59.7   30.2     6.0     0.000   0   32.60   33.1    9.6      --
 91  04/05/2020  1800    58.8   30.3     7.9     0.000   0   33.76   19.5   11.0      --
 92  04/05/2020  1900    57.0   32.4     9.9     0.000   0   39.28    9.4   12.8      --
 93  04/05/2020  2000    55.9   31.9    11.9     0.000   0   39.94    2.0   15.0      --
 94  04/05/2020  2100    53.6   30.7    13.9     0.000   0   41.43  356.6   17.4      --
 95  04/05/2020  2200    51.2   30.9    15.9     0.000   0   45.46  352.5   19.8  no_inv
 96  04/05/2020  2300    49.9   31.1    15.5     0.000   0   48.06  350.9   19.3      --
 97  04/06/2020  0000    49.0   31.2    15.1     0.000   0   50.01  349.1   18.8      --
 98  04/06/2020  0100    48.2   31.4    14.7     0.000   0   51.87  347.3   18.2      --
 99  04/06/2020  0200    47.5   31.5    14.3     0.000   0   53.55  345.4   17.8      --
100  04/06/2020  0300    46.8   31.5    13.9     0.000   0   54.98  343.3   17.3      --
101  04/06/2020  0400    46.3   31.6    13.5     0.000   0   56.11  341.2   16.8     588
102  04/06/2020  0500    46.0   32.8    11.8     0.000   0   59.96  340.5   15.2      --
103  04/06/2020  0600    45.7   33.0    10.1     0.000   0   60.93  339.6   13.6      --
104  04/06/2020  0700    45.8   33.3     8.4     0.000   0   61.30  338.5   12.1      --
105  04/06/2020  0800    46.4   31.1     6.7     0.000   0   54.99  337.0   10.5      --
106  04/06/2020  0900    47.4   30.9     5.0     0.000   0   52.50  335.1    8.9      --
107  04/06/2020  1000    48.8   30.6     3.3     0.000   0   49.27  332.3    7.3  no_inv
108  04/06/2020  1100    51.0   30.4     4.6     0.000   0   44.91  315.8    7.4      --
109  04/06/2020  1200    54.2   30.2     6.0     0.000   0   39.68  301.0    8.1      --
110  04/06/2020  1300    57.0   30.6     7.3     0.000   0   36.49  289.2    9.2      --
111  04/06/2020  1400    58.6   31.2     8.6     0.000   0   35.18  280.2   10.7      --
112  04/06/2020  1500    59.8   31.8     9.9     0.000   0   34.62  273.4   12.3      --
113  04/06/2020  1600    60.5   31.9    11.2     0.000   0   33.93  268.3   14.1  no_inv
114  04/06/2020  1700    60.7   31.8    11.5     0.000   0   33.50  274.0   14.1      --
115  04/06/2020  1800    58.4   31.2    11.7     0.000   0   35.46  279.5   14.4      --
116  04/06/2020  1900    53.7   31.2    11.9     0.000   0   42.15  284.8   14.7      --
117  04/06/2020  2000    51.1   30.0    12.2     0.000   0   44.03  289.8   15.2      --
118  04/06/2020  2100    48.8   29.4    12.4     0.000   0   46.91  294.5   15.8      --
119  04/06/2020  2200    46.4   29.3    12.6     0.000   0   50.99  298.8   16.5     834
120  04/06/2020  2300    44.7   30.6    11.2     0.000   0   57.48  295.5   14.8      --
121  04/07/2020  0000    43.6   31.1     9.7     0.000   0   61.09  291.2   13.2      --
122  04/07/2020  0100    42.4   31.0     8.2     0.000   0   63.71  285.9   11.7      --
123  04/07/2020  0200    41.2   31.1     6.7     0.000   0   67.08  279.1   10.3      --
124  04/07/2020  0300    40.1   31.3     5.2     0.000   0   70.35  270.3    9.1      --
125  04/07/2020  0400    39.1   31.4     3.7     0.000   0   73.38  259.2    8.2     460
126  04/07/2020  0500    38.3   31.5     3.7     0.000   0   76.33  255.3    8.0      --
127  04/07/2020  0600    37.8   31.5     3.6     0.000   0   77.82  251.3    7.9      --
128  04/07/2020  0700    38.5   31.5     3.6     0.000   0   75.73  247.1    7.8      --
129  04/07/2020  0800    40.5   28.4     3.6     0.000   0   61.75  242.9    7.7      --
130  04/07/2020  0900    43.9   28.2     3.5     0.000   0   53.72  238.6    7.7      --
131  04/07/2020  1000    48.4   28.0     3.5     0.000   0   44.95  234.3    7.8    5495
132  04/07/2020  1100    53.3   27.8     3.0     0.000   0   37.12  232.2    6.5      --
133  04/07/2020  1200    58.1   27.6     2.5     0.000   0   30.89  229.0    5.2      --
134  04/07/2020  1300    61.9   27.4     2.1     0.000   0   26.87  223.7    3.9      --
135  04/07/2020  1400    63.8   27.3     1.6     0.000   0   24.96  213.7    2.7      --
136  04/07/2020  1500    64.8   27.2     1.1     0.000   0   24.05  190.8    1.8      --
137  04/07/2020  1600    65.2   27.2     0.6     0.000   0   23.64  143.4    1.5    8255
138  04/07/2020  1700    65.3   27.2     2.7     0.000   0   23.59  352.1    1.6      --
139  04/07/2020  1800    63.3   27.2     4.7     0.000   0   25.28  343.2    4.5      --
140  04/07/2020  1900    59.3   28.2     6.7     0.000   0   30.46  341.3    7.4      --
141  04/07/2020  2000    57.0   28.8     8.7     0.000   0   33.82  340.4   10.3      --
142  04/07/2020  2100    54.7   28.4    10.7     0.000   0   36.22  340.0   13.3      --
143  04/07/2020  2200    52.3   26.5    12.7     0.000   0   36.41  339.7   16.2    1006
144  04/07/2020  2300    50.2   27.8    11.2     0.000   0   41.64  338.9   14.8      --
145  04/08/2020  0000    49.0   28.1     9.7     0.000   0   44.12  337.9   13.5      --
146  04/08/2020  0100    48.0   28.0     8.2     0.000   0   45.64  336.7   12.1      --
147  04/08/2020  0200    47.0   27.6     6.7     0.000   0   46.63  335.2   10.7      --
148  04/08/2020  0300    46.2   27.5     5.2     0.000   0   47.76  333.3    9.4      --
149  04/08/2020  0400    45.5   27.4     3.7     0.000   0   48.82  330.8    8.1     345
150  04/08/2020  0500    45.0   27.3     3.1     0.000   0   49.55  329.7    6.8      --
151  04/08/2020  0600    44.7   27.3     2.5     0.000   0   50.14  328.1    5.4      --
152  04/08/2020  0700    45.2   27.3     2.0     0.000   0   49.24  325.5    4.1      --
153  04/08/2020  0800    46.6   26.0     1.5     0.000   0   44.21  320.4    2.8      --
154  04/08/2020  0900    49.1   26.0     0.9     0.000   0   40.33  307.2    1.6      --
155  04/08/2020  1000    52.4   26.0     0.3     0.000   0   35.65  251.2    0.8    5656
156  04/08/2020  1100    56.3   26.0     1.1     0.000   0   30.94  249.5    2.2      --
157  04/08/2020  1200    61.0   26.0     1.8     0.000   0   26.08  249.1    3.7      --
158  04/08/2020  1300    64.9   26.0     2.6     0.000   0   22.78  249.0    5.1      --
159  04/08/2020  1400    67.0   26.0     3.3     0.000   0   21.20  248.9    6.6      --
160  04/08/2020  1500    68.0   26.0     4.1     0.000   0   20.46  248.8    8.0      --
161  04/08/2020  1600    68.5   26.0     4.8     0.000   0   20.10  248.8    9.5    7354
162  04/08/2020  1700    68.6   26.0     5.2     0.000   0   20.03  243.5    9.5      --
163  04/08/2020  1800    66.9   26.0     5.5     0.000   0   21.28  238.3    9.7      --
164  04/08/2020  1900    63.3   26.6     5.9     0.000   0   24.73  233.3    9.9      --
165  04/08/2020  2000    61.3   26.9     6.3     0.000   0   26.78  228.6   10.2      --
166  04/08/2020  2100    59.0   27.1     6.7     0.000   0   29.41  224.1   10.6      --
167  04/08/2020  2200    56.6   27.4     7.0     0.000   0   32.32  220.0   11.0    1853
