  Generated by FoxLW on Thursday April 2, 2020 at 02:32 PDT
-------------------------------------------------------------------------------
  Gramling
  46.1200:-119.2200  (46 7' 12.00"N  119 13' 12.00"W)  elev 1351.7 feet    file: 100139
-------------------------------------------------------------------------------

Line#   Date     Hour   TempF  DewPtF WS(mph)  Rain(in) LW    RH%  WDir_50m WS_50m Inv(ft)
  5  04/02/2020  0400    32.3   19.9    10.6     0.000   0   59.83  342.8   13.2     616
  6  04/02/2020  0500    31.8   20.2     8.9     0.000   0   61.67  341.8   11.1      --
  7  04/02/2020  0600    31.5   20.5     7.2     0.000   0   63.29  340.2    9.0      --
  8  04/02/2020  0700    31.9   23.5     5.6     0.000   0   70.64  337.8    6.9      --
  9  04/02/2020  0800    33.3   23.5     3.9     0.000   0   66.74  333.3    4.8      --
 10  04/02/2020  0900    35.7   23.5     2.2     0.000   0   60.54  322.0    2.8      --
 11  04/02/2020  1000    39.0   23.5     0.6     0.000   0   53.33  276.3    1.3  no_inv
 12  04/02/2020  1100    42.3   23.5     1.2     0.000   0   46.81  289.6    2.5      --
 13  04/02/2020  1200    44.8   23.5     1.7     0.000   0   42.53  294.2    3.7      --
 14  04/02/2020  1300    46.9   23.5     2.3     0.000   0   39.34  296.5    5.0      --
 15  04/02/2020  1400    48.1   23.5     2.9     0.000   0   37.64  297.8    6.2      --
 16  04/02/2020  1500    48.8   23.5     3.5     0.000   0   36.60  298.8    7.5      --
 17  04/02/2020  1600    49.3   23.5     4.1     0.000   0   35.90  299.4    8.8  no_inv
 18  04/02/2020  1700    49.6   23.5     5.2     0.000   0   35.57  308.1    9.3      --
 19  04/02/2020  1800    49.5   24.6     6.4     0.000   0   37.43  315.7   10.0      --
 20  04/02/2020  1900    48.0   25.5     7.5     0.000   0   41.06  322.1   10.9      --
 21  04/02/2020  2000    46.2   26.1     8.7     0.000   0   45.01  327.6   11.9      --
 22  04/02/2020  2100    44.4   26.4     9.8     0.000   0   48.79  332.1   13.0      --
 23  04/02/2020  2200    42.6   26.4    11.0     0.000   0   52.25  336.0   14.1  no_inv
 24  04/02/2020  2300    40.2   27.0    10.1     0.000   0   58.94  326.5   11.2      --
 25  04/03/2020  0000    38.4   27.3     9.1     0.000   0   63.92  311.0    8.8      --
 26  04/03/2020  0100    36.8   27.5     8.2     0.000   0   68.79  287.1    7.4      --
 27  04/03/2020  0200    35.4   26.8     7.3     0.000   0   70.42  259.3    7.6      --
 28  04/03/2020  0300    34.2   25.6     6.3     0.000   0   70.41  237.8    9.4      --
 29  04/03/2020  0400    33.3   24.9     5.4     0.000   0   70.94  224.3   12.0     485
 30  04/03/2020  0500    32.6   26.5     7.1     0.000   0   78.16  225.3   13.1      --
 31  04/03/2020  0600    32.2   27.7     8.7     0.000   0   83.11  226.1   14.3      --
 32  04/03/2020  0700    32.7   27.3    10.3     0.000   0   80.11  226.8   15.5      --
 33  04/03/2020  0800    34.3   26.4    12.0     0.000   0   72.25  227.4   16.7      --
 34  04/03/2020  0900    37.1   24.6    13.6     0.000   0   60.19  227.9   17.9      --
 35  04/03/2020  1000    40.6   24.1    15.3     0.000   0   51.49  228.4   19.1  no_inv
 36  04/03/2020  1100    44.1   23.7    15.1     0.000   0   44.19  232.0   18.7      --
 37  04/03/2020  1200    46.3   23.2    15.0     0.000   0   39.82  235.7   18.4      --
 38  04/03/2020  1300    48.2   23.0    14.8     0.000   0   36.81  239.5   18.2      --
 39  04/03/2020  1400    49.2   22.9    14.7     0.000   0   35.27  243.4   18.0      --
 40  04/03/2020  1500    49.8   23.0    14.5     0.000   0   34.53  247.4   17.9      --
 41  04/03/2020  1600    50.2   23.2    14.4     0.000   0   34.29  251.3   18.0  no_inv
 42  04/03/2020  1700    49.8   23.8    13.1     0.000   0   35.86  257.6   15.5      --
 43  04/03/2020  1800    48.8   24.2    11.8     0.000   0   37.77  266.2   13.2      --
 44  04/03/2020  1900    48.2   24.1    10.5     0.000   0   38.49  277.9   11.4      --
 45  04/03/2020  2000    45.9   24.0     9.2     0.000   0   41.88  293.1   10.2      --
 46  04/03/2020  2100    43.5   23.9     7.9     0.000   0   45.52  310.6    9.9      --
 47  04/03/2020  2200    41.2   24.0     6.6     0.000   0   50.07  327.7   10.5    6839
 48  04/03/2020  2300    38.3   24.1     6.0     0.000   0   56.29  330.8    9.8      --
 49  04/04/2020  0000    36.3   24.2     5.4     0.000   0   61.22  334.4    9.1      --
 50  04/04/2020  0100    34.4   24.5     4.8     0.000   0   66.60  338.6    8.4      --
 51  04/04/2020  0200    32.7   24.5     4.3     0.000   0   71.29  343.5    7.8      --
 52  04/04/2020  0300    31.2   24.5     3.7     0.000   0   75.64  349.2    7.2      --
 53  04/04/2020  0400    30.0   24.5     3.1     0.000   5   79.43  355.8    6.8    6511
 54  04/04/2020  0500    29.1   24.5     3.1     0.000  10   82.46    1.0    6.7      --
 55  04/04/2020  0600    28.6   24.5     3.1     0.000  10   84.15    6.4    6.6      --
 56  04/04/2020  0700    29.2   24.5     3.1     0.000  10   82.13   11.9    6.6      --
 57  04/04/2020  0800    31.1   22.3     3.1     0.000   5   69.53   17.3    6.7      --
 58  04/04/2020  0900    34.3   22.3     3.1     0.000   0   61.16   22.5    6.8      --
 59  04/04/2020  1000    38.4   22.3     3.1     0.000   0   51.90   27.6    6.9  no_inv
 60  04/04/2020  1100    42.7   22.3     3.4     0.000   0   43.95   26.2    7.3      --
 61  04/04/2020  1200    45.8   22.3     3.6     0.000   0   39.10   25.0    7.7      --
 62  04/04/2020  1300    48.3   22.3     3.9     0.000   0   35.56   23.9    8.1      --
 63  04/04/2020  1400    49.8   22.2     4.1     0.000   0   33.54   23.0    8.5      --
 64  04/04/2020  1500    50.7   22.3     4.4     0.000   0   32.47   22.0    8.9      --
 65  04/04/2020  1600    51.4   22.3     4.6     0.000   0   31.71   21.2    9.3  no_inv
 66  04/04/2020  1700    51.8   22.4     4.5     0.000   0   31.40   11.7    7.2      --
 67  04/04/2020  1800    51.4   22.8     4.3     0.000   0   32.30  355.4    5.5      --
 68  04/04/2020  1900    50.7   22.4     4.1     0.000   0   32.67  328.7    4.5      --
 69  04/04/2020  2000    50.2   22.4     4.0     0.000   0   33.17  297.9    4.8      --
 70  04/04/2020  2100    47.9   22.4     3.8     0.000   0   36.20  275.9    6.2      --
 71  04/04/2020  2200    45.6   22.4     3.7     0.000   0   39.54  263.1    8.1  no_inv
 72  04/04/2020  2300    44.0   22.4     3.8     0.000   0   41.95  271.9    7.8      --
 73  04/05/2020  0000    43.1   22.4     3.9     0.000   0   43.40  280.9    7.8      --
 74  04/05/2020  0100    42.4   22.4     4.0     0.000   0   44.69  289.9    7.9      --
 75  04/05/2020  0200    41.7   22.4     4.2     0.000   0   45.79  298.3    8.3      --
 76  04/05/2020  0300    41.2   22.4     4.3     0.000   0   46.68  306.0    8.8      --
 77  04/05/2020  0400    40.9   22.4     4.4     0.000   0   47.32  312.7    9.4    1560
 78  04/05/2020  0500    40.7   22.4     4.8     0.000   0   47.71  305.1    9.2      --
 79  04/05/2020  0600    40.5   23.0     5.2     0.000   0   49.36  297.3    9.1      --
 80  04/05/2020  0700    40.6   24.2     5.6     0.000   0   51.81  289.6    9.3      --
 81  04/05/2020  0800    41.0   29.6     6.0     0.000   0   63.75  282.2    9.6      --
 82  04/05/2020  0900    41.8   30.0     6.4     0.000   0   62.73  275.4   10.1      --
 83  04/05/2020  1000    43.0   30.3     6.8     0.000   0   60.57  269.3   10.6  no_inv
 84  04/05/2020  1100    45.1   30.6     6.2     0.000   0   56.49  276.0    8.2      --
 85  04/05/2020  1200    48.6   30.8     5.6     0.000   0   50.00  287.9    6.0      --
 86  04/05/2020  1300    52.0   31.0     5.0     0.000   0   44.41  311.3    4.3      --
 87  04/05/2020  1400    54.2   31.2     4.4     0.000   0   41.41  349.0    3.9      --
 88  04/05/2020  1500    55.7   31.4     3.8     0.000   0   39.36   19.9    5.1      --
 89  04/05/2020  1600    56.7   31.4     3.2     0.000   0   38.01   36.1    7.1  no_inv
 90  04/05/2020  1700    57.2   31.4     4.2     0.000   0   37.37    8.9    3.4      --
 91  04/05/2020  1800    55.8   31.4     5.1     0.000   0   39.40  287.0    3.3      --
 92  04/05/2020  1900    52.9   32.1     6.1     0.000   0   44.85  258.1    7.0      --
 93  04/05/2020  2000    51.3   32.9     7.0     0.000   0   49.11  250.0   11.2      --
 94  04/05/2020  2100    49.0   36.3     8.0     0.000   0   61.27  246.3   15.5      --
 95  04/05/2020  2200    46.7   41.3     9.0     0.020   0   81.42  244.2   19.9     894
 96  04/05/2020  2300    45.7   40.4     8.9     0.000   0   81.59  254.6   17.3      --
 97  04/06/2020  0000    45.2   39.8     8.9     0.000   0   81.30  267.9   15.4      --
 98  04/06/2020  0100    44.6   39.2     8.9     0.000   0   81.07  283.7   14.6      --
 99  04/06/2020  0200    44.1   38.6     8.9     0.000   0   80.87  300.0   15.0      --
100  04/06/2020  0300    43.6   38.0     8.9     0.000   0   80.62  314.5   16.5      --
101  04/06/2020  0400    43.1   37.5     8.9     0.000   0   80.29  325.9   18.8     969
102  04/06/2020  0500    42.2   35.7     8.2     0.000   0   77.55  326.9   17.2      --
103  04/06/2020  0600    42.0   35.0     7.4     0.000   0   75.95  328.1   15.6      --
104  04/06/2020  0700    42.0   34.0     6.6     0.000   0   72.95  329.6   13.9      --
105  04/06/2020  0800    42.5   33.4     5.8     0.000   0   70.15  331.5   12.3      --
106  04/06/2020  0900    43.4   33.3     5.1     0.000   0   67.38  333.9   10.8      --
107  04/06/2020  1000    45.3   32.5     4.3     0.000   0   60.48  337.1    9.2  no_inv
108  04/06/2020  1100    47.7   32.4     5.5     0.000   0   55.13  319.2    7.8      --
109  04/06/2020  1200    51.3   32.4     6.7     0.000   0   48.18  296.6    7.4      --
110  04/06/2020  1300    54.6   33.0     7.9     0.000   0   43.76  275.2    8.2      --
111  04/06/2020  1400    56.6   33.6     9.2     0.000   0   41.64  259.3    9.9      --
112  04/06/2020  1500    58.0   34.1    10.4     0.000   0   40.35  248.6   12.0      --
113  04/06/2020  1600    58.9   34.1    11.6     0.000   0   39.20  241.3   14.5    8461
114  04/06/2020  1700    59.0   34.0    11.8     0.000   0   38.99  253.5   12.7      --
115  04/06/2020  1800    56.6   33.5    12.1     0.000   0   41.56  268.9   11.6      --
116  04/06/2020  1900    51.9   33.1    12.3     0.000   0   48.54  285.8   11.5      --
117  04/06/2020  2000    49.2   32.7    12.5     0.000   0   52.59  301.7   12.4      --
118  04/06/2020  2100    46.9   32.2    12.8     0.000   0   56.50  314.8   14.0      --
119  04/06/2020  2200    44.6   32.2    13.0     0.000   0   61.66  324.6   16.2    7393
120  04/06/2020  2300    43.5   33.6    11.1     0.000   0   67.80  322.3   13.5      --
121  04/07/2020  0000    42.9   34.2     9.1     0.000   0   71.03  318.8   10.7      --
122  04/07/2020  0100    42.2   34.1     7.2     0.000   0   72.70  313.0    8.1      --
123  04/07/2020  0200    41.5   34.0     5.3     0.000   0   74.51  301.8    5.6      --
124  04/07/2020  0300    40.7   33.9     3.4     0.000   0   76.49  275.7    3.6      --
125  04/07/2020  0400    40.0   33.8     1.5     0.000   0   78.37  227.4    3.3      36
126  04/07/2020  0500    39.4   33.8     1.7     0.000   0   80.35  219.1    3.6      --
127  04/07/2020  0600    39.0   33.8     1.9     0.000   0   81.62  212.2    3.9      --
128  04/07/2020  0700    39.4   33.8     2.0     0.000   0   80.20  206.6    4.3      --
129  04/07/2020  0800    40.8   30.9     2.2     0.000   0   67.46  201.9    4.8      --
130  04/07/2020  0900    43.3   30.3     2.4     0.000   0   60.05  198.0    5.3      --
131  04/07/2020  1000    46.6   29.7     2.6     0.000   0   51.66  194.8    5.7    5181
132  04/07/2020  1100    50.4   29.1     2.5     0.000   0   43.59  192.7    4.0      --
133  04/07/2020  1200    55.2   28.5     2.5     0.000   0   35.77  187.2    2.2      --
134  04/07/2020  1300    59.0   28.1     2.4     0.000   0   30.53  145.6    0.6      --
135  04/07/2020  1400    61.1   27.7     2.4     0.000   0   27.93   37.2    1.5      --
136  04/07/2020  1500    62.1   27.5     2.3     0.000   0   26.68   27.6    3.3      --
137  04/07/2020  1600    62.6   27.4     2.3     0.000   0   26.11   24.7    5.1    7784
138  04/07/2020  1700    62.7   27.4     4.2     0.000   0   26.02    3.2    6.3      --
139  04/07/2020  1800    60.9   27.4     6.0     0.000   0   27.74  350.1    8.1      --
140  04/07/2020  1900    57.2   29.2     7.9     0.000   0   34.10  342.0   10.2      --
141  04/07/2020  2000    55.2   29.1     9.7     0.000   0   36.68  336.7   12.5      --
142  04/07/2020  2100    52.8   28.5    11.6     0.000   0   38.93  333.0   14.8      --
143  04/07/2020  2200    50.5   26.9    13.4     0.000   0   39.76  330.4   17.1    7185
144  04/07/2020  2300    47.5   28.1    11.7     0.000   0   46.74  330.8   15.1      --
145  04/08/2020  0000    45.5   28.3     9.9     0.000   0   50.66  331.4   13.1      --
146  04/08/2020  0100    43.7   28.6     8.2     0.000   0   54.95  332.2   11.2      --
147  04/08/2020  0200    42.1   28.2     6.4     0.000   0   57.44  333.4    9.2      --
148  04/08/2020  0300    40.8   28.0     4.7     0.000   0   59.99  335.2    7.2      --
149  04/08/2020  0400    39.7   27.9     2.9     0.000   0   62.30  338.3    5.2     689
150  04/08/2020  0500    38.9   27.7     2.8     0.000   0   63.88  336.6    5.2      --
151  04/08/2020  0600    38.4   27.7     2.7     0.000   0   64.98  334.9    5.2      --
152  04/08/2020  0700    39.1   27.7     2.7     0.000   0   63.29  333.2    5.2      --
153  04/08/2020  0800    41.0   29.5     2.5     0.000   0   63.32  331.5    5.2      --
154  04/08/2020  0900    44.3   29.5     2.5     0.000   0   55.82  329.8    5.2      --
155  04/08/2020  1000    48.7   29.5     2.4     0.000   0   47.33  328.1    5.2    5338
156  04/08/2020  1100    53.6   29.5     2.0     0.000   0   39.45  327.6    4.2      --
157  04/08/2020  1200    58.8   29.5     1.7     0.000   0   32.66  327.0    3.2      --
158  04/08/2020  1300    63.0   29.5     1.4     0.000   0   28.22  325.6    2.2      --
159  04/08/2020  1400    65.2   29.5     1.0     0.000   0   26.10  322.2    1.2      --
160  04/08/2020  1500    66.3   29.5     0.7     0.000   0   25.10  293.2    0.3      --
161  04/08/2020  1600    66.9   29.5     0.4     0.000   0   24.59  161.8    0.8    5361
162  04/08/2020  1700    67.1   29.5     2.4     0.000   0   24.45  209.4    3.0      --
163  04/08/2020  1800    65.5   29.5     4.5     0.000   0   25.86  215.5    5.6      --
164  04/08/2020  1900    62.2   30.6     6.5     0.000   0   30.22  217.8    8.1      --
165  04/08/2020  2000    60.4   31.5     8.6     0.000   0   33.55  218.9   10.7      --
166  04/08/2020  2100    58.0   31.4    10.6     0.000   0   36.17  219.7   13.2      --
167  04/08/2020  2200    55.7   29.5    12.6     0.000   0   36.58  220.1   15.8     549
