  Generated by FoxLW on Thursday April 2, 2020 at 02:32 PDT
-------------------------------------------------------------------------------
  Eby
  46.0700:-119.0800  (46 4' 12.00"N  119 4' 48.00"W)  elev 1591.2 feet    file: 100134
-------------------------------------------------------------------------------

Line#   Date     Hour   TempF  DewPtF WS(mph)  Rain(in) LW    RH%  WDir_50m WS_50m Inv(ft)
  5  04/02/2020  0400    33.9   19.2     5.2     0.000   0   54.35  340.6   10.1     333
  6  04/02/2020  0500    33.5   19.2     4.4     0.000   0   55.25  339.5    8.3      --
  7  04/02/2020  0600    33.2   19.2     3.7     0.000   0   56.07  337.6    6.5      --
  8  04/02/2020  0700    33.4   19.3     2.9     0.000   0   55.75  334.4    4.7      --
  9  04/02/2020  0800    34.3   19.5     2.1     0.000   0   54.04  327.3    3.0      --
 10  04/02/2020  0900    36.0   18.3     1.3     0.000   0   48.23  303.3    1.4      --
 11  04/02/2020  1000    38.2   18.3     0.6     0.000   0   44.13  218.6    1.2  no_inv
 12  04/02/2020  1100    40.8   18.3     1.0     0.000   0   39.88  240.1    2.1      --
 13  04/02/2020  1200    43.3   18.3     1.5     0.000   0   36.22  248.3    3.1      --
 14  04/02/2020  1300    45.5   18.3     2.0     0.000   0   33.35  252.4    4.2      --
 15  04/02/2020  1400    46.8   18.3     2.4     0.000   0   31.74  254.9    5.2      --
 16  04/02/2020  1500    47.6   18.3     2.9     0.000   0   30.79  256.5    6.3      --
 17  04/02/2020  1600    48.2   18.3     3.4     0.000   0   30.13  257.7    7.4  no_inv
 18  04/02/2020  1700    48.5   18.4     4.6     0.000   0   29.90  273.5    7.4      --
 19  04/02/2020  1800    48.5   19.2     5.8     0.000   0   30.89  288.0    8.0      --
 20  04/02/2020  1900    47.4   20.4     7.0     0.000   0   33.93  300.1    8.9      --
 21  04/02/2020  2000    46.0   22.0     8.2     0.000   0   38.31  309.4   10.2      --
 22  04/02/2020  2100    44.7   22.9     9.4     0.000   0   41.81  316.5   11.8      --
 23  04/02/2020  2200    44.2   23.6    10.6     0.000   0   43.86  321.9   13.4  no_inv
 24  04/02/2020  2300    40.8   24.7     9.9     0.000   0   52.19  310.0   11.5      --
 25  04/03/2020  0000    39.0   25.5     9.2     0.000   0   58.08  294.3   10.3      --
 26  04/03/2020  0100    37.3   26.2     8.5     0.000   0   63.91  276.2   10.0      --
 27  04/03/2020  0200    35.9   26.3     7.8     0.000   0   67.96  258.8   10.7      --
 28  04/03/2020  0300    34.6   24.7     7.2     0.000   0   66.77  244.6   12.2      --
 29  04/03/2020  0400    33.7   22.9     6.5     0.000   0   64.18  234.1   14.3     308
 30  04/03/2020  0500    33.0   27.2     8.4     0.000   0   79.07  234.1   15.6      --
 31  04/03/2020  0600    32.6   27.0    10.2     0.000   0   79.42  234.1   17.0      --
 32  04/03/2020  0700    32.8   24.8    12.1     0.000   0   71.95  234.1   18.3      --
 33  04/03/2020  0800    33.6   24.4    14.0     0.000   0   68.67  234.1   19.6      --
 34  04/03/2020  0900    35.0   24.0    15.9     0.000   0   63.66  234.1   20.9      --
 35  04/03/2020  1000    37.2   23.5    17.8     0.000   0   57.50  234.1   22.2  no_inv
 36  04/03/2020  1100    39.8   23.1    17.9     0.000   0   50.86  236.1   22.3      --
 37  04/03/2020  1200    44.0   22.7    17.9     0.000   0   42.49  238.1   22.4      --
 38  04/03/2020  1300    47.6   22.3    18.0     0.000   0   36.48  240.1   22.5      --
 39  04/03/2020  1400    49.6   22.1    18.1     0.000   0   33.46  242.0   22.6      --
 40  04/03/2020  1500    50.6   21.9    18.2     0.000   0   32.03  243.9   22.8      --
 41  04/03/2020  1600    51.1   21.8    18.3     0.000   0   31.39  245.8   22.9  no_inv
 42  04/03/2020  1700    50.3   21.8    16.5     0.000   0   32.33  251.3   19.5      --
 43  04/03/2020  1800    48.7   22.3    14.7     0.000   0   34.98  259.1   16.2      --
 44  04/03/2020  1900    47.8   22.4    12.9     0.000   0   36.33  270.5   13.4      --
 45  04/03/2020  2000    45.5   23.3    11.2     0.000   0   41.28  286.7   11.4      --
 46  04/03/2020  2100    43.1   24.0     9.4     0.000   0   46.35  307.3   10.6      --
 47  04/03/2020  2200    40.8   24.0     7.6     0.000   0   50.78  328.2   11.3    8092
 48  04/03/2020  2300    38.9   24.0     6.7     0.000   0   54.65  329.6   10.2      --
 49  04/04/2020  0000    37.8   23.9     5.8     0.000   0   57.01  331.5    9.1      --
 50  04/04/2020  0100    36.7   23.9     4.9     0.000   0   59.32  333.8    8.1      --
 51  04/04/2020  0200    35.8   23.9     4.0     0.000   0   61.41  336.8    7.0      --
 52  04/04/2020  0300    35.0   23.9     3.1     0.000   0   63.44  340.9    6.0      --
 53  04/04/2020  0400    34.3   23.9     2.2     0.000   0   65.20  346.7    5.0    1815
 54  04/04/2020  0500    33.8   23.9     2.4     0.000   0   66.61  356.0    5.0      --
 55  04/04/2020  0600    33.5   23.9     2.5     0.000   0   67.48    4.8    5.2      --
 56  04/04/2020  0700    33.7   23.9     2.7     0.000   0   66.74   12.9    5.5      --
 57  04/04/2020  0800    34.7   23.3     2.8     0.000   0   62.75   20.1    5.9      --
 58  04/04/2020  0900    36.5   23.3     3.0     0.000   0   58.53   26.2    6.3      --
 59  04/04/2020  1000    38.9   23.3     3.1     0.000   0   53.22   31.5    6.9  no_inv
 60  04/04/2020  1100    41.7   23.3     3.8     0.000   0   47.69   25.7    7.4      --
 61  04/04/2020  1200    44.6   23.0     4.4     0.000   0   42.21   20.6    8.0      --
 62  04/04/2020  1300    47.1   23.7     5.0     0.000   0   39.53   16.3    8.6      --
 63  04/04/2020  1400    48.6   24.4     5.7     0.000   0   38.37   12.6    9.3      --
 64  04/04/2020  1500    49.5   24.9     6.3     0.000   0   37.90    9.4   10.0      --
 65  04/04/2020  1600    50.2   25.5     7.0     0.000   0   37.79    6.6   10.7  no_inv
 66  04/04/2020  1700    50.6   25.5     6.2     0.000   0   37.23    8.1    9.7      --
 67  04/04/2020  1800    50.6   24.8     5.4     0.000   0   36.23   10.0    8.7      --
 68  04/04/2020  1900    49.4   24.6     4.6     0.000   0   37.64   12.4    7.7      --
 69  04/04/2020  2000    48.1   24.6     3.8     0.000   0   39.47   15.4    6.7      --
 70  04/04/2020  2100    46.9   24.6     3.0     0.000   0   41.41   19.5    5.8      --
 71  04/04/2020  2200    45.6   24.6     2.2     0.000   0   43.45   25.1    4.9  no_inv
 72  04/04/2020  2300    44.2   24.6     2.3     0.000   0   45.86   10.8    3.9      --
 73  04/05/2020  0000    43.3   24.6     2.4     0.000   0   47.47  350.0    3.4      --
 74  04/05/2020  0100    42.5   24.6     2.5     0.000   0   48.95  325.6    3.4      --
 75  04/05/2020  0200    41.8   24.6     2.5     0.000   0   50.25  304.9    3.9      --
 76  04/05/2020  0300    41.2   24.6     2.6     0.000   0   51.33  290.7    4.9      --
 77  04/05/2020  0400    40.8   24.6     2.7     0.000   0   52.16  281.4    6.0    1319
 78  04/05/2020  0500    40.5   24.6     3.2     0.000   0   52.71  298.6    5.5      --
 79  04/05/2020  0600    40.4   24.6     3.7     0.000   0   53.06  317.2    5.6      --
 80  04/05/2020  0700    40.4   24.6     4.2     0.000   0   52.99  333.5    6.2      --
 81  04/05/2020  0800    40.7   30.0     4.7     0.000   0   65.39  346.0    7.3      --
 82  04/05/2020  0900    41.4   32.0     5.2     0.000   0   69.04  355.1    8.5      --
 83  04/05/2020  1000    42.3   32.0     5.7     0.000   0   66.45    1.8   10.0  no_inv
 84  04/05/2020  1100    44.2   32.0     5.3     0.000   0   61.93    8.2    9.3      --
 85  04/05/2020  1200    47.4   32.0     5.0     0.000   0   54.77   15.5    8.7      --
 86  04/05/2020  1300    50.7   31.9     4.7     0.000   0   48.47   23.6    8.3      --
 87  04/05/2020  1400    52.7   31.9     4.4     0.000   0   45.01   32.4    8.1      --
 88  04/05/2020  1500    54.1   31.9     4.1     0.000   0   42.67   41.5    8.1      --
 89  04/05/2020  1600    55.0   31.9     3.7     0.000   0   41.26   50.4    8.3  no_inv
 90  04/05/2020  1700    55.5   32.0     4.7     0.000   0   40.63   30.1    3.9      --
 91  04/05/2020  1800    54.0   32.0     5.7     0.000   0   43.02  300.2    2.9      --
 92  04/05/2020  1900    51.0   33.2     6.6     0.000   0   50.29  266.1    6.9      --
 93  04/05/2020  2000    49.3   34.1     7.6     0.000   0   55.42  258.1   11.6      --
 94  04/05/2020  2100    47.0   36.9     8.6     0.000   0   67.78  254.7   16.3      --
 95  04/05/2020  2200    44.7   41.5     9.5     0.040   7   88.52  252.9   21.1     604
 96  04/05/2020  2300    43.8   40.6     8.9     0.000   0   88.28  259.1   18.5      --
 97  04/06/2020  0000    43.4   40.2     8.3     0.000   0   88.27  267.1   16.3      --
 98  04/06/2020  0100    42.9   39.7     7.7     0.010   0   88.16  277.5   14.4      --
 99  04/06/2020  0200    42.5   39.1     7.1     0.000   0   87.61  290.4   13.2      --
100  04/06/2020  0300    42.0   38.4     6.5     0.000   0   86.99  305.0   12.7      --
101  04/06/2020  0400    41.6   37.8     5.9     0.000   0   86.29  319.8   13.1     509
102  04/06/2020  0500    40.4   35.2     5.7     0.000   0   81.69  321.4   12.6      --
103  04/06/2020  0600    40.1   34.9     5.6     0.000   0   81.52  323.2   12.1      --
104  04/06/2020  0700    40.0   34.3     5.4     0.000   0   79.96  325.1   11.6      --
105  04/06/2020  0800    40.6   34.9     5.2     0.000   0   80.02  327.1   11.2      --
106  04/06/2020  0900    41.4   35.0     5.1     0.000   0   77.92  329.3   10.7      --
107  04/06/2020  1000    44.2   32.6     4.9     0.000   0   63.42  331.7   10.3  no_inv
108  04/06/2020  1100    46.6   32.2     6.0     0.000   0   57.05  315.9    9.1      --
109  04/06/2020  1200    50.1   32.0     7.2     0.000   0   49.55  297.0    8.7      --
110  04/06/2020  1300    53.2   32.3     8.3     0.000   0   44.89  278.5    9.2      --
111  04/06/2020  1400    55.0   32.8     9.5     0.000   0   42.83  263.5   10.6      --
112  04/06/2020  1500    56.3   33.2    10.6     0.000   0   41.50  252.5   12.5      --
113  04/06/2020  1600    57.1   33.3    11.8     0.000   0   40.42  244.6   14.8  no_inv
114  04/06/2020  1700    57.3   32.7    13.0     0.000   0   39.27  261.8   13.5      --
115  04/06/2020  1800    55.9   32.0    14.2     0.000   0   40.08  280.5   13.6      --
116  04/06/2020  1900    53.0   31.5    15.4     0.000   0   43.70  297.3   15.0      --
117  04/06/2020  2000    51.3   31.3    16.7     0.000   0   46.09  310.3   17.5      --
118  04/06/2020  2100    49.0   31.3    17.9     0.000   0   50.22  319.7   20.6      --
119  04/06/2020  2200    46.7   31.2    19.1     0.000   0   54.76  326.5   24.1    1666
120  04/06/2020  2300    45.3   31.2    16.3     0.000   0   57.54  323.9   20.1      --
121  04/07/2020  0000    44.4   31.2    13.6     0.000   0   59.52  319.9   16.1      --
122  04/07/2020  0100    43.5   32.5    10.8     0.000   0   64.82  313.5   12.3      --
123  04/07/2020  0200    42.6   32.7     8.0     0.000   0   67.72  301.5    8.8      --
124  04/07/2020  0300    41.9   33.2     5.3     0.000   0   71.01  276.5    6.0      --
125  04/07/2020  0400    41.2   33.2     2.5     0.000   0   72.91  234.8    5.6  no_inv
126  04/07/2020  0500    40.6   33.2     2.6     0.000   0   74.50  228.2    5.5      --
127  04/07/2020  0600    40.3   33.2     2.7     0.000   0   75.51  221.7    5.6      --
128  04/07/2020  0700    40.5   33.2     2.7     0.000   0   74.85  215.4    5.7      --
129  04/07/2020  0800    41.4   30.6     2.8     0.000   0   65.24  209.4    5.9      --
130  04/07/2020  0900    42.8   30.3     2.8     0.000   0   60.97  203.9    6.2      --
131  04/07/2020  1000    44.9   30.0     2.9     0.000   0   55.59  198.8    6.5    4869
132  04/07/2020  1100    47.6   29.7     2.7     0.000   0   49.65  193.4    5.3      --
133  04/07/2020  1200    52.2   29.5     2.4     0.000   0   41.48  185.1    4.2      --
134  04/07/2020  1300    56.2   29.2     2.2     0.000   0   35.53  171.2    3.2      --
135  04/07/2020  1400    58.4   29.1     1.9     0.000   0   32.56  148.1    2.5      --
136  04/07/2020  1500    59.5   29.0     1.6     0.000   0   31.15  118.1    2.5      --
137  04/07/2020  1600    60.1   28.9     1.4     0.000   0   30.47   93.5    3.1    6721
138  04/07/2020  1700    60.2   28.9     3.1     0.000   0   30.34   35.4    2.4      --
139  04/07/2020  1800    59.3   28.9     4.8     0.000   0   31.32  356.8    4.2      --
140  04/07/2020  1900    57.5   29.8     6.5     0.000   0   34.71  343.5    6.6      --
141  04/07/2020  2000    56.4   30.4     8.2     0.000   0   36.81  337.5    9.2      --
142  04/07/2020  2100    54.1   30.1     9.9     0.000   0   39.64  334.2   11.9      --
143  04/07/2020  2200    51.8   29.3    11.6     0.000   0   41.79  332.1   14.6    7059
144  04/07/2020  2300    50.1   29.5    10.1     0.000   0   44.78  331.9   12.9      --
145  04/08/2020  0000    49.2   29.3     8.5     0.000   0   45.98  331.6   11.1      --
146  04/08/2020  0100    48.3   29.0     7.0     0.000   0   47.12  331.3    9.4      --
147  04/08/2020  0200    47.5   29.0     5.5     0.000   0   48.38  330.8    7.7      --
148  04/08/2020  0300    46.8   29.0     4.0     0.000   0   49.59  329.9    6.0      --
149  04/08/2020  0400    46.3   29.1     2.5     0.000   0   50.72  328.4    4.2     397
150  04/08/2020  0500    46.0   29.1     2.4     0.000   0   51.42  327.1    4.3      --
151  04/08/2020  0600    45.7   29.1     2.3     0.000   0   51.88  325.8    4.3      --
152  04/08/2020  0700    46.0   29.1     2.2     0.000   0   51.40  324.5    4.3      --
153  04/08/2020  0800    46.8   29.8     2.2     0.000   0   51.29  323.3    4.3      --
154  04/08/2020  0900    48.3   29.8     2.1     0.000   0   48.50  322.1    4.4      --
155  04/08/2020  1000    50.4   29.8     2.0     0.000   0   44.84  320.9    4.4    5015
156  04/08/2020  1100    53.1   29.8     1.7     0.000   0   40.68  323.2    3.6      --
157  04/08/2020  1200    57.4   29.8     1.5     0.000   0   34.76  326.9    2.8      --
158  04/08/2020  1300    61.1   29.8     1.2     0.000   0   30.44  333.5    2.0      --
159  04/08/2020  1400    63.1   29.8     1.0     0.000   0   28.34  347.6    1.3      --
160  04/08/2020  1500    64.1   29.8     0.7     0.000   0   27.38   24.4    0.8      --
161  04/08/2020  1600    64.6   29.8     0.4     0.000   0   26.92   77.0    1.0    5025
162  04/08/2020  1700    64.7   29.8     2.3     0.000   0   26.86  214.8    1.7      --
163  04/08/2020  1800    64.4   29.8     4.1     0.000   0   27.06  224.0    4.2      --
164  04/08/2020  1900    64.0   30.4     5.9     0.000   0   28.15  226.3    6.7      --
165  04/08/2020  2000    63.8   31.6     7.7     0.000   0   29.82  227.4    9.2      --
166  04/08/2020  2100    61.4   31.8     9.5     0.000   0   32.65  228.0   11.7      --
167  04/08/2020  2200    59.1   31.4    11.3     0.000   0   34.86  228.4   14.2     278
