  Generated by FoxLW on Thursday April 2, 2020 at 02:32 PDT
-------------------------------------------------------------------------------
  PK_McClenny
  46.3600:-118.8000  (46 21' 36.00"N  118 47' 60.00"W)  elev 836.6 feet    file: 100172
-------------------------------------------------------------------------------

Line#   Date     Hour   TempF  DewPtF WS(mph)  Rain(in) LW    RH%  WDir_50m WS_50m Inv(ft)
  5  04/02/2020  0400    32.8   20.9     3.9     0.000   0   61.17  332.8    8.7     361
  6  04/02/2020  0500    32.2   20.9     3.7     0.000   0   62.47  326.2    7.3      --
  7  04/02/2020  0600    31.8   20.8     3.4     0.000   0   63.31  316.7    6.1      --
  8  04/02/2020  0700    32.1   20.6     3.1     0.000   0   62.14  303.2    5.1      --
  9  04/02/2020  0800    33.3   20.4     2.8     0.000   0   58.71  284.8    4.6      --
 10  04/02/2020  0900    35.5   18.2     2.6     0.000   0   48.92  264.0    4.5      --
 11  04/02/2020  1000    38.5   18.0     2.3     0.000   0   42.95  245.4    5.1  no_inv
 12  04/02/2020  1100    42.1   17.7     2.3     0.000   0   36.93  239.7    4.8      --
 13  04/02/2020  1200    46.6   17.5     2.2     0.000   0   30.85  233.5    4.7      --
 14  04/02/2020  1300    50.2   17.3     2.2     0.000   0   26.70  226.8    4.6      --
 15  04/02/2020  1400    52.2   17.1     2.1     0.000   0   24.66  219.9    4.5      --
 16  04/02/2020  1500    53.2   17.1     2.1     0.000   0   23.70  212.9    4.5      --
 17  04/02/2020  1600    53.7   17.0     2.1     0.000   0   23.25  206.1    4.6  no_inv
 18  04/02/2020  1700    53.0   17.2     2.1     0.000   0   23.96  216.1    4.3      --
 19  04/02/2020  1800    51.7   17.5     2.1     0.000   0   25.54  227.3    4.1      --
 20  04/02/2020  1900    51.0   17.5     2.2     0.000   0   26.23  238.8    4.1      --
 21  04/02/2020  2000    48.7   17.5     2.2     0.000   0   28.62  249.9    4.3      --
 22  04/02/2020  2100    46.3   17.5     2.2     0.000   0   31.25  259.8    4.6      --
 23  04/02/2020  2200    44.0   17.5     2.3     0.000   0   34.15  268.2    5.1     563
 24  04/02/2020  2300    41.4   17.5     3.1     0.000   0   37.69  254.8    6.5      --
 25  04/03/2020  0000    39.7   17.5     3.9     0.000   0   40.32  246.6    8.1      --
 26  04/03/2020  0100    38.1   17.5     4.7     0.000   0   42.89  241.2    9.9      --
 27  04/03/2020  0200    36.7   19.1     5.5     0.000   0   48.51  237.4   11.7      --
 28  04/03/2020  0300    35.5   22.0     6.3     0.000   0   57.44  234.7   13.6      --
 29  04/03/2020  0400    34.6   24.9     7.1     0.000   0   67.38  232.7   15.5     374
 30  04/03/2020  0500    33.9   25.4     7.2     0.000   0   70.47  232.7   14.8      --
 31  04/03/2020  0600    33.5   25.5     7.4     0.000   0   71.89  232.8   14.1      --
 32  04/03/2020  0700    33.8   25.2     7.5     0.000   0   70.28  232.9   13.4      --
 33  04/03/2020  0800    35.0   23.4     7.7     0.000   0   62.20  232.9   12.7      --
 34  04/03/2020  0900    37.1   22.0     7.9     0.000   0   54.04  233.0   12.0      --
 35  04/03/2020  1000    40.0   20.6     8.0     0.000   0   45.28  233.1   11.3  no_inv
 36  04/03/2020  1100    43.5   19.1     9.0     0.000   0   37.18  240.6   11.9      --
 37  04/03/2020  1200    47.9   17.7     9.9     0.000   0   29.65  247.1   12.7      --
 38  04/03/2020  1300    51.5   17.1    10.9     0.000   0   25.21  252.9   13.7      --
 39  04/03/2020  1400    53.5   16.8    11.8     0.000   0   23.21  257.8   14.8      --
 40  04/03/2020  1500    54.4   16.7    12.8     0.000   0   22.27  262.0   15.9      --
 41  04/03/2020  1600    54.9   16.5    13.7     0.000   0   21.70  265.6   17.2  no_inv
 42  04/03/2020  1700    53.4   16.6    13.6     0.000   0   23.06  272.7   16.4      --
 43  04/03/2020  1800    50.4   16.5    13.5     0.000   0   25.59  280.4   15.9      --
 44  04/03/2020  1900    48.7   16.6    13.4     0.000   0   27.39  288.5   15.7      --
 45  04/03/2020  2000    46.4   17.1    13.3     0.000   0   30.56  296.7   15.8      --
 46  04/03/2020  2100    44.0   18.1    13.2     0.000   0   34.95  304.5   16.2      --
 47  04/03/2020  2200    41.7   19.2    13.1     0.000   0   40.13  311.9   16.9     590
 48  04/03/2020  2300    39.7   21.7    11.0     0.000   0   48.24  311.7   14.2      --
 49  04/04/2020  0000    38.7   23.0     8.9     0.000   0   52.89  311.4   11.5      --
 50  04/04/2020  0100    37.8   21.8     6.8     0.000   0   52.03  310.9    8.8      --
 51  04/04/2020  0200    36.9   20.5     4.6     0.000   0   51.02  310.0    6.2      --
 52  04/04/2020  0300    36.2   19.6     2.5     0.000   0   50.62  307.8    3.5      --
 53  04/04/2020  0400    35.5   18.0     0.4     0.000   0   48.54  290.9    0.8     330
 54  04/04/2020  0500    34.9   18.0     0.5     0.000   0   49.66  299.1    0.3      --
 55  04/04/2020  0600    34.5   18.0     0.6     0.000   0   50.42   75.5    0.2      --
 56  04/04/2020  0700    34.9   18.0     0.7     0.000   0   49.58   97.4    0.6      --
 57  04/04/2020  0800    36.4   23.4     0.8     0.000   0   58.96  100.7    1.1      --
 58  04/04/2020  0900    38.8   24.1     0.9     0.000   0   54.99  102.0    1.6      --
 59  04/04/2020  1000    42.2   24.1     1.0     0.000   0   48.25  102.7    2.1  no_inv
 60  04/04/2020  1100    46.0   24.1     1.4     0.000   0   41.84   77.5    2.8      --
 61  04/04/2020  1200    49.3   24.1     1.9     0.000   0   36.94   63.4    3.7      --
 62  04/04/2020  1300    52.1   24.1     2.3     0.000   0   33.26   55.4    4.8      --
 63  04/04/2020  1400    53.8   24.1     2.8     0.000   0   31.29   50.3    5.9      --
 64  04/04/2020  1500    54.8   24.1     3.3     0.000   0   30.08   46.9    7.1      --
 65  04/04/2020  1600    55.6   24.1     3.7     0.000   0   29.26   44.5    8.3  no_inv
 66  04/04/2020  1700    56.1   24.3     3.6     0.000   0   29.00   42.7    7.9      --
 67  04/04/2020  1800    56.0   24.5     3.4     0.000   0   29.38   40.7    7.5      --
 68  04/04/2020  1900    54.3   24.5     3.3     0.000   0   31.22   38.4    7.2      --
 69  04/04/2020  2000    52.4   24.5     3.1     0.000   0   33.47   36.0    6.9      --
 70  04/04/2020  2100    50.5   24.5     3.0     0.000   0   35.90   33.3    6.5      --
 71  04/04/2020  2200    48.6   24.5     2.8     0.000   0   38.53   30.4    6.2     526
 72  04/04/2020  2300    46.7   24.5     3.3     0.000   0   41.50   31.1    3.0      --
 73  04/05/2020  0000    45.4   24.5     3.9     0.000   0   43.57  195.2    0.3      --
 74  04/05/2020  0100    44.2   24.5     4.4     0.000   0   45.54  208.6    3.5      --
 75  04/05/2020  0200    43.2   24.5     4.9     0.000   0   47.32  209.2    6.8      --
 76  04/05/2020  0300    42.4   26.8     5.5     0.000   0   53.63  209.4   10.0      --
 77  04/05/2020  0400    41.7   29.3     6.0     0.000   0   61.16  209.4   13.3     561
 78  04/05/2020  0500    41.3   27.4     5.3     0.000   0   57.48  212.8   11.0      --
 79  04/05/2020  0600    41.0   24.5     4.6     0.000   0   51.56  217.8    8.8      --
 80  04/05/2020  0700    41.3   24.5     3.9     0.000   0   50.96  226.1    6.7      --
 81  04/05/2020  0800    42.4   29.9     3.2     0.000   0   61.07  241.2    4.9      --
 82  04/05/2020  0900    44.3   35.3     2.5     0.000   0   70.37  269.3    3.7      --
 83  04/05/2020  1000    47.0   34.7     1.8     0.000   0   62.13  305.7    3.9  no_inv
 84  04/05/2020  1100    50.2   34.1     1.9     0.000   0   53.77  309.8    2.3      --
 85  04/05/2020  1200    53.6   33.6     2.0     0.000   0   46.44  328.8    0.9      --
 86  04/05/2020  1300    56.4   33.1     2.1     0.000   0   41.21   92.4    0.9      --
 87  04/05/2020  1400    58.0   32.8     2.2     0.000   0   38.40  109.6    2.4      --
 88  04/05/2020  1500    59.0   32.5     2.3     0.000   0   36.61  113.5    3.9      --
 89  04/05/2020  1600    59.7   32.5     2.5     0.000   0   35.68  115.2    5.5  no_inv
 90  04/05/2020  1700    59.8   32.6     2.5     0.000   0   35.69  105.6    5.2      --
 91  04/05/2020  1800    58.7   32.9     2.6     0.000   0   37.65   95.4    5.1      --
 92  04/05/2020  1900    56.5   32.8     2.7     0.000   0   40.68   85.2    5.2      --
 93  04/05/2020  2000    55.2   32.8     2.7     0.000   0   42.54   75.5    5.4      --
 94  04/05/2020  2100    52.9   32.8     2.8     0.000   0   46.33   66.8    5.8      --
 95  04/05/2020  2200    50.5   32.8     2.8     0.000   0   50.51   59.4    6.3     605
 96  04/05/2020  2300    48.8   32.8     2.6     0.000   0   53.80   54.7    5.2      --
 97  04/06/2020  0000    47.6   32.8     2.3     0.000   0   56.38   47.6    4.2      --
 98  04/06/2020  0100    46.4   32.8     2.0     0.000   0   58.92   36.1    3.2      --
 99  04/06/2020  0200    45.4   32.8     1.7     0.000   0   61.31   16.6    2.5      --
100  04/06/2020  0300    44.5   32.8     1.5     0.000   0   63.47  348.0    2.2      --
101  04/06/2020  0400    43.7   32.8     1.2     0.000   0   65.30  320.4    2.6     673
102  04/06/2020  0500    43.1   32.8     1.7     0.000   0   66.73  312.6    3.6      --
103  04/06/2020  0600    42.8   32.8     2.2     0.000   0   67.60  308.2    4.7      --
104  04/06/2020  0700    43.0   32.8     2.7     0.000   0   67.12  305.5    5.8      --
105  04/06/2020  0800    43.8   36.1     3.2     0.000   0   74.09  303.7    6.8      --
106  04/06/2020  0900    45.3   34.5     3.7     0.000   0   65.58  302.3    7.9      --
107  04/06/2020  1000    47.5   32.7     4.2     0.000   0   56.30  301.3    9.0  no_inv
108  04/06/2020  1100    51.0   31.0     5.6     0.000   0   45.94  291.6    9.7      --
109  04/06/2020  1200    56.4   29.3     6.9     0.000   0   35.32  283.4   10.7      --
110  04/06/2020  1300    60.9   28.3     8.3     0.000   0   28.87  276.7   11.8      --
111  04/06/2020  1400    63.0   28.1     9.7     0.000   0   26.59  271.2   13.1      --
112  04/06/2020  1500    64.2   28.1    11.1     0.000   0   25.53  266.6   14.4      --
113  04/06/2020  1600    64.5   27.9    12.5     0.000   0   25.01  262.9   15.8     688
114  04/06/2020  1700    63.5   27.9    12.7     0.000   0   25.81  270.9   15.3      --
115  04/06/2020  1800    61.0   27.6    12.9     0.000   0   27.84  279.3   15.1      --
116  04/06/2020  1900    56.0   27.6    13.1     0.000   0   33.46  287.7   15.3      --
117  04/06/2020  2000    53.2   28.0    13.4     0.000   0   37.71  295.8   15.8      --
118  04/06/2020  2100    50.8   28.8    13.6     0.000   0   42.42  303.3   16.5      --
119  04/06/2020  2200    48.5   29.8    13.8     0.000   0   48.21  310.0   17.5    6654
120  04/06/2020  2300    46.9   30.8    12.4     0.000   0   53.21  302.2   14.7      --
121  04/07/2020  0000    46.1   33.3    11.0     0.000   0   60.74  291.0   12.3      --
122  04/07/2020  0100    45.2   34.5     9.6     0.000   0   66.13  275.2   10.5      --
123  04/07/2020  0200    44.3   35.2     8.2     0.000   0   70.04  255.4    9.8      --
124  04/07/2020  0300    43.5   32.9     6.8     0.000   0   66.00  235.2   10.4      --
125  04/07/2020  0400    42.7   31.3     5.4     0.000   0   63.67  218.9   12.0     291
126  04/07/2020  0500    42.1   30.3     5.1     0.000   0   62.59  219.8   11.3      --
127  04/07/2020  0600    41.7   28.8     4.8     0.000   0   59.78  220.8   10.6      --
128  04/07/2020  0700    42.1   28.8     4.5     0.000   0   58.88  221.9    9.9      --
129  04/07/2020  0800    43.4   32.2     4.2     0.000   0   64.44  223.2    9.2      --
130  04/07/2020  0900    45.5   31.5     3.9     0.000   0   57.71  224.7    8.6      --
131  04/07/2020  1000    48.4   30.7     3.6     0.000   0   50.10  226.4    7.9    5574
132  04/07/2020  1100    51.9   29.9     3.1     0.000   0   42.69  227.0    6.8      --
133  04/07/2020  1200    56.3   29.2     2.6     0.000   0   35.24  227.9    5.7      --
134  04/07/2020  1300    59.9   28.6     2.1     0.000   0   30.21  229.1    4.6      --
135  04/07/2020  1400    61.8   28.1     1.6     0.000   0   27.68  231.2    3.5      --
136  04/07/2020  1500    62.8   27.8     1.1     0.000   0   26.46  235.2    2.3      --
137  04/07/2020  1600    63.2   27.7     0.6     0.000   0   25.93  245.9    1.3    7320
138  04/07/2020  1700    63.3   27.8     1.9     0.000   0   25.93  200.1    2.5      --
139  04/07/2020  1800    61.5   27.9     3.2     0.000   0   27.73  187.4    4.2      --
140  04/07/2020  1900    57.9   28.1     4.5     0.000   0   31.86  182.2    6.0      --
141  04/07/2020  2000    56.0   28.8     5.8     0.000   0   35.07  179.4    7.8      --
142  04/07/2020  2100    53.6   29.9     7.1     0.000   0   40.07  177.6    9.6      --
143  04/07/2020  2200    51.3   31.0     8.4     0.000   0   45.57  176.4   11.5  no_inv
144  04/07/2020  2300    48.5   30.5     7.3     0.000   0   49.72  173.3    9.6      --
145  04/08/2020  0000    46.7   29.7     6.1     0.000   0   51.47  168.8    7.8      --
146  04/08/2020  0100    45.0   29.2     4.9     0.000   0   53.60  161.7    6.1      --
147  04/08/2020  0200    43.5   28.1     3.8     0.000   0   54.42  149.3    4.5      --
148  04/08/2020  0300    42.2   28.1     2.6     0.000   0   57.15  126.6    3.4      --
149  04/08/2020  0400    41.2   28.1     1.4     0.000   0   59.50   92.4    3.1  no_inv
150  04/08/2020  0500    40.4   28.1     1.6     0.000   0   61.35  105.1    1.8      --
151  04/08/2020  0600    40.0   28.1     1.8     0.000   0   62.37  158.1    0.9      --
152  04/08/2020  0700    40.6   28.1     2.0     0.000   0   60.82  224.1    1.5      --
153  04/08/2020  0800    42.5   29.6     2.2     0.000   0   59.99  239.8    2.9      --
154  04/08/2020  0900    45.7   29.3     2.4     0.000   0   52.44  245.4    4.3      --
155  04/08/2020  1000    50.0   29.0     2.6     0.000   0   44.08  248.3    5.7    2243
156  04/08/2020  1100    54.8   28.6     2.5     0.000   0   36.41  245.6    5.5      --
157  04/08/2020  1200    60.0   28.3     2.5     0.000   0   29.79  242.8    5.4      --
158  04/08/2020  1300    64.1   28.0     2.4     0.000   0   25.45  239.9    5.2      --
159  04/08/2020  1400    66.4   27.8     2.3     0.000   0   23.34  236.7    5.1      --
160  04/08/2020  1500    67.5   27.7     2.3     0.000   0   22.33  233.5    5.0      --
161  04/08/2020  1600    68.1   27.6     2.2     0.000   0   21.83  230.1    4.9    5739
162  04/08/2020  1700    68.3   27.6     3.5     0.000   0   21.70  220.5    6.0      --
163  04/08/2020  1800    66.8   27.6     4.8     0.000   0   22.84  213.9    7.2      --
164  04/08/2020  1900    63.8   28.5     6.0     0.000   0   26.21  209.3    8.4      --
165  04/08/2020  2000    62.1   29.2     7.3     0.000   0   28.68  205.9    9.7      --
166  04/08/2020  2100    59.8   29.6     8.6     0.000   0   31.70  203.3   11.0      --
167  04/08/2020  2200    57.5   29.6     9.9     0.000   0   34.46  201.2   12.4     284
