  Generated by FoxLW on Thursday April 2, 2020 at 02:32 PDT
-------------------------------------------------------------------------------
  WSU Hamilton
  46.2500:-119.7400  (46 15' 0.00"N  119 44' 24.00"W)  elev 826.8 feet    file: 110029
-------------------------------------------------------------------------------

Line#   Date     Hour   TempF  DewPtF WS(mph)  Rain(in) LW    RH%  WDir_50m WS_50m Inv(ft)
  5  04/02/2020  0400    32.9   22.0     6.2     0.000   0   63.88  337.0   10.3     408
  6  04/02/2020  0500    32.4   22.2     5.5     0.000   0   65.68  335.8    7.9      --
  7  04/02/2020  0600    31.9   22.6     4.8     0.000   0   67.98  333.5    5.5      --
  8  04/02/2020  0700    32.4   23.2     4.1     0.000   0   68.53  327.8    3.1      --
  9  04/02/2020  0800    34.1   28.3     3.4     0.000   0   79.05  292.7    1.0      --
 10  04/02/2020  0900    37.0   28.3     2.6     0.000   0   70.55  182.8    1.9      --
 11  04/02/2020  1000    40.7   28.3     1.9     0.000   0   60.87  170.6    4.2  no_inv
 12  04/02/2020  1100    44.8   28.3     2.0     0.000   0   52.08  175.9    4.2      --
 13  04/02/2020  1200    48.5   28.3     2.0     0.000   0   45.34  181.2    4.3      --
 14  04/02/2020  1300    51.2   28.3     2.0     0.000   0   40.99  186.4    4.3      --
 15  04/02/2020  1400    52.5   28.3     2.0     0.000   0   38.99  191.4    4.4      --
 16  04/02/2020  1500    50.0   32.2     2.1     0.000   0   50.05  196.2    4.5      --
 17  04/02/2020  1600    47.1   36.1     2.1     0.030   0   65.43  200.7    4.7  no_inv
 18  04/02/2020  1700    47.8   35.2     3.2     0.000   0   61.29  228.2    4.1      --
 19  04/02/2020  1800    47.5   34.2     4.3     0.000   0   59.82  256.0    4.7      --
 20  04/02/2020  1900    45.8   33.6     5.3     0.000   0   62.12  274.8    6.0      --
 21  04/02/2020  2000    44.7   33.5     6.4     0.000   0   64.64  286.1    7.7      --
 22  04/02/2020  2100    42.8   32.2     7.5     0.000   0   65.89  293.2    9.6      --
 23  04/02/2020  2200    42.5   33.2     8.5     0.000   0   69.38  297.8   11.6     957
 24  04/02/2020  2300    40.2   31.3     7.7     0.000   0   70.48  294.6   10.7      --
 25  04/03/2020  0000    38.7   30.6     6.8     0.000   0   72.51  290.9    9.9      --
 26  04/03/2020  0100    37.4   30.3     5.9     0.000   0   75.44  286.5    9.1      --
 27  04/03/2020  0200    36.2   30.1     5.0     0.000   0   78.36  281.3    8.4      --
 28  04/03/2020  0300    35.2   30.4     4.2     0.000   0   82.53  275.2    7.8      --
 29  04/03/2020  0400    34.3   30.0     3.3     0.000   0   84.17  268.2    7.2     294
 30  04/03/2020  0500    33.7   29.1     3.1     0.000   0   83.16  266.0    6.9      --
 31  04/03/2020  0600    33.3   29.0     3.0     0.000   0   83.96  263.5    6.6      --
 32  04/03/2020  0700    33.7   28.9     2.9     0.000   0   82.53  260.9    6.3      --
 33  04/03/2020  0800    34.8   29.1     2.7     0.000   0   79.26  257.9    6.0      --
 34  04/03/2020  0900    36.3   23.7     2.6     0.000   0   59.68  254.6    5.7      --
 35  04/03/2020  1000    40.2   19.8     2.5     0.000   0   43.45  251.1    5.4  no_inv
 36  04/03/2020  1100    43.7   19.5     2.9     0.000   0   37.58  256.4    6.1      --
 37  04/03/2020  1200    46.6   19.2     3.4     0.000   0   33.17  260.7    6.7      --
 38  04/03/2020  1300    49.1   18.9     3.9     0.000   0   29.85  264.2    7.4      --
 39  04/03/2020  1400    50.7   18.7     4.3     0.000   0   27.96  267.1    8.1      --
 40  04/03/2020  1500    51.6   18.6     4.8     0.000   0   26.85  269.6    8.9      --
 41  04/03/2020  1600    52.3   18.6     5.3     0.000   0   26.12  271.6    9.6   10690
 42  04/03/2020  1700    52.8   18.6     6.3     0.000   0   25.76  280.5   10.0      --
 43  04/03/2020  1800    51.1   18.8     7.3     0.000   0   27.58  288.5   10.6      --
 44  04/03/2020  1900    47.6   21.0     8.4     0.000   0   34.49  295.5   11.4      --
 45  04/03/2020  2000    45.7   21.3     9.4     0.000   0   37.51  301.6   12.4      --
 46  04/03/2020  2100    43.4   21.5    10.5     0.000   0   41.31  306.7   13.4      --
 47  04/03/2020  2200    41.0   21.5    11.5     0.000   0   45.23  311.1   14.6     921
 48  04/03/2020  2300    39.2   22.3     9.8     0.000   0   50.43  310.5   12.6      --
 49  04/04/2020  0000    38.4   22.7     8.1     0.000   0   52.70  309.7   10.6      --
 50  04/04/2020  0100    37.7   21.3     6.4     0.000   0   51.25  308.6    8.6      --
 51  04/04/2020  0200    36.9   20.4     4.6     0.000   0   50.76  306.8    6.6      --
 52  04/04/2020  0300    36.2   19.8     2.9     0.000   0   50.86  303.4    4.6      --
 53  04/04/2020  0400    35.6   18.8     1.2     0.000   0   49.99  294.8    2.6    7257
 54  04/04/2020  0500    35.0   18.8     1.4     0.000   0   51.07  316.8    1.7      --
 55  04/04/2020  0600    34.7   18.8     1.6     0.000   0   51.80    4.0    1.3      --
 56  04/04/2020  0700    35.1   18.8     1.8     0.000   0   50.89   42.4    2.0      --
 57  04/04/2020  0800    36.6   18.8     2.0     0.000   0   48.06   58.4    3.0      --
 58  04/04/2020  0900    39.0   20.7     2.2     0.000   0   47.41   65.9    4.2      --
 59  04/04/2020  1000    42.3   20.5     2.4     0.000   0   41.36   70.2    5.4    7235
 60  04/04/2020  1100    45.8   20.3     2.6     0.000   0   35.87   65.1    5.6      --
 61  04/04/2020  1200    48.6   20.1     2.7     0.000   0   32.03   60.4    5.9      --
 62  04/04/2020  1300    50.8   19.9     2.9     0.000   0   29.18   56.2    6.2      --
 63  04/04/2020  1400    52.2   19.8     3.0     0.000   0   27.63   52.5    6.5      --
 64  04/04/2020  1500    53.0   19.7     3.2     0.000   0   26.68   49.1    6.9      --
 65  04/04/2020  1600    53.6   19.6     3.3     0.000   0   26.09   46.0    7.3    1209
 66  04/04/2020  1700    54.0   19.8     4.6     0.000   0   25.91   35.7    8.1      --
 67  04/04/2020  1800    53.8   20.2     6.0     0.000   0   26.49   27.4    9.1      --
 68  04/04/2020  1900    52.8   22.2     7.3     0.000   0   29.98   20.9   10.2      --
 69  04/04/2020  2000    51.6   23.8     8.6     0.000   0   33.44   15.7   11.4      --
 70  04/04/2020  2100    50.5   24.8    10.0     0.000   0   36.43   11.5   12.8      --
 71  04/04/2020  2200    49.3   25.5    11.3     0.000   0   39.10    8.2   14.1     612
 72  04/04/2020  2300    47.6   27.0     9.5     0.000   0   44.43    8.1   11.9      --
 73  04/05/2020  0000    46.4   27.2     7.7     0.000   0   46.86    8.1    9.8      --
 74  04/05/2020  0100    45.3   24.7     5.9     0.000   0   44.02    8.1    7.6      --
 75  04/05/2020  0200    44.5   23.0     4.1     0.000   0   42.33    8.0    5.4      --
 76  04/05/2020  0300    43.8   21.8     2.3     0.000   0   41.37    7.8    3.3      --
 77  04/05/2020  0400    43.2   19.9     0.5     0.000   0   38.81    6.8    1.1     658
 78  04/05/2020  0500    42.9   19.9     0.8     0.000   0   39.30   18.1    1.7      --
 79  04/05/2020  0600    42.7   19.9     1.1     0.000   0   39.60   23.3    2.3      --
 80  04/05/2020  0700    42.8   19.9     1.4     0.000   0   39.41   26.2    3.0      --
 81  04/05/2020  0800    43.5   25.3     1.7     0.000   0   48.35   28.1    3.7      --
 82  04/05/2020  0900    44.6   30.7     2.0     0.000   0   57.78   29.5    4.3      --
 83  04/05/2020  1000    46.3   30.8     2.2     0.000   0   54.45   30.4    5.0  no_inv
 84  04/05/2020  1100    49.3   30.8     2.6     0.000   0   48.56   37.9    5.6      --
 85  04/05/2020  1200    54.3   30.8     3.0     0.000   0   40.48   43.9    6.2      --
 86  04/05/2020  1300    58.4   30.8     3.3     0.000   0   34.91   48.7    6.9      --
 87  04/05/2020  1400    60.3   30.8     3.7     0.000   0   32.56   52.6    7.7      --
 88  04/05/2020  1500    61.4   30.7     4.1     0.000   0   31.31   55.8    8.4      --
 89  04/05/2020  1600    61.7   30.8     4.4     0.000   0   31.09   58.5    9.2  no_inv
 90  04/05/2020  1700    60.5   30.8     5.0     0.000   0   32.41   45.0    8.1      --
 91  04/05/2020  1800    59.3   30.8     5.6     0.000   0   33.86   28.3    7.5      --
 92  04/05/2020  1900    56.8   31.6     6.2     0.000   0   38.18   10.4    7.6      --
 93  04/05/2020  2000    55.5   32.0     6.8     0.000   0   40.77  354.5    8.3      --
 94  04/05/2020  2100    53.1   32.4     7.3     0.000   0   45.18  342.1    9.6      --
 95  04/05/2020  2200    50.8   32.9     7.9     0.000   0   50.14  332.9   11.3  no_inv
 96  04/05/2020  2300    49.1   33.0     8.4     0.000   0   53.49  335.5   11.8      --
 97  04/06/2020  0000    48.0   33.0     8.8     0.000   0   55.98  338.0   12.3      --
 98  04/06/2020  0100    46.9   33.0     9.2     0.000   0   58.41  340.2   12.8      --
 99  04/06/2020  0200    45.9   33.1     9.7     0.000   0   60.69  342.3   13.4      --
100  04/06/2020  0300    45.0   33.0    10.1     0.000   0   62.64  344.2   13.9      --
101  04/06/2020  0400    44.3   32.9    10.6     0.000   0   64.00  345.9   14.5     734
102  04/06/2020  0500    43.8   33.1     9.4     0.000   0   65.86  341.1   12.8      --
103  04/06/2020  0600    43.5   33.1     8.1     0.000   0   66.62  334.9   11.1      --
104  04/06/2020  0700    43.7   32.2     6.9     0.000   0   63.71  326.6    9.6      --
105  04/06/2020  0800    44.7   31.0     5.7     0.000   0   58.41  315.6    8.4      --
106  04/06/2020  0900    46.5   31.0     4.5     0.000   0   54.56  301.6    7.6      --
107  04/06/2020  1000    49.0   31.0     3.3     0.000   0   49.70  285.5    7.3  no_inv
108  04/06/2020  1100    52.0   31.0     3.7     0.000   0   44.35  286.2    7.8      --
109  04/06/2020  1200    55.3   31.0     4.2     0.000   0   39.30  286.9    8.2      --
110  04/06/2020  1300    58.0   31.5     4.6     0.000   0   36.53  287.4    8.7      --
111  04/06/2020  1400    59.5   32.1     5.0     0.000   0   35.45  287.9    9.2      --
112  04/06/2020  1500    60.5   32.7     5.5     0.000   0   34.99  288.4    9.6      --
113  04/06/2020  1600    61.2   33.3     5.9     0.000   0   35.08  288.8   10.1  no_inv
114  04/06/2020  1700    61.3   33.3     6.7     0.000   0   34.93  282.7   10.4      --
115  04/06/2020  1800    59.1   32.7     7.5     0.000   0   36.75  277.1   10.8      --
116  04/06/2020  1900    54.8   33.0     8.3     0.000   0   43.57  271.9   11.4      --
117  04/06/2020  2000    52.3   32.7     9.1     0.000   0   47.04  267.1   11.9      --
118  04/06/2020  2100    50.0   32.3     9.9     0.000   0   50.46  262.9   12.6      --
119  04/06/2020  2200    47.7   31.9    10.7     0.000   0   54.10  259.1   13.4     963
120  04/06/2020  2300    46.1   31.9     9.3     0.000   0   57.31  260.5   11.9      --
121  04/07/2020  0000    45.2   31.7     7.9     0.000   0   59.05  262.3   10.5      --
122  04/07/2020  0100    44.2   31.9     6.5     0.000   0   61.80  264.7    9.1      --
123  04/07/2020  0200    43.2   32.0     5.1     0.000   0   64.58  267.9    7.8      --
124  04/07/2020  0300    42.2   32.2     3.7     0.000   0   67.23  272.4    6.4      --
125  04/07/2020  0400    41.4   32.4     2.3     0.000   0   70.04  279.2    5.2    1033
126  04/07/2020  0500    40.7   32.4     2.3     0.000   0   71.99  276.1    5.2      --
127  04/07/2020  0600    40.3   32.4     2.3     0.000   0   73.24  273.0    5.1      --
128  04/07/2020  0700    40.8   32.4     2.3     0.000   0   71.78  269.9    5.1      --
129  04/07/2020  0800    42.4   28.6     2.4     0.000   0   57.82  266.7    5.2      --
130  04/07/2020  0900    45.2   28.3     2.4     0.000   0   51.29  263.6    5.2      --
131  04/07/2020  1000    49.0   28.0     2.4     0.000   0   43.80  260.6    5.2    5657
132  04/07/2020  1100    53.5   27.6     3.1     0.000   0   36.59  268.4    6.0      --
133  04/07/2020  1200    58.9   27.3     3.8     0.000   0   29.68  274.4    6.8      --
134  04/07/2020  1300    63.4   27.7     4.5     0.000   0   25.79  279.1    7.7      --
135  04/07/2020  1400    65.9   28.3     5.2     0.000   0   24.24  282.8    8.6      --
136  04/07/2020  1500    67.1   29.0     5.9     0.000   0   23.88  285.8    9.5      --
137  04/07/2020  1600    67.8   29.8     6.6     0.000   0   24.06  288.2   10.5    8268
138  04/07/2020  1700    68.1   29.8     6.5     0.000   0   23.88  287.6   10.5      --
139  04/07/2020  1800    65.1   29.0     6.5     0.000   0   25.63  286.9   10.4      --
140  04/07/2020  1900    59.0   28.9     6.4     0.000   0   31.64  286.2   10.4      --
141  04/07/2020  2000    55.6   28.7     6.4     0.000   0   35.40  285.6   10.4      --
142  04/07/2020  2100    53.3   28.5     6.3     0.000   0   38.22  284.9   10.4      --
143  04/07/2020  2200    51.0   28.5     6.3     0.000   0   41.58  284.2   10.4    1152
144  04/07/2020  2300    48.8   28.4     6.2     0.000   0   44.97  291.5    9.8      --
145  04/08/2020  0000    48.0   28.4     6.2     0.000   0   46.21  299.4    9.5      --
146  04/08/2020  0100    47.3   28.4     6.1     0.000   0   47.54  307.6    9.4      --
147  04/08/2020  0200    46.5   28.3     6.1     0.000   0   48.92  316.0    9.4      --
148  04/08/2020  0300    45.8   28.3     6.0     0.000   0   50.28  324.1    9.7      --
149  04/08/2020  0400    45.1   28.4     6.0     0.000   0   51.59  331.7   10.1     450
150  04/08/2020  0500    44.5   28.5     5.4     0.000   0   53.04  327.2    8.9      --
151  04/08/2020  0600    44.2   28.7     4.8     0.000   0   54.21  321.4    7.9      --
152  04/08/2020  0700    44.7   28.7     4.2     0.000   0   53.05  314.0    6.9      --
153  04/08/2020  0800    46.4   28.5     3.5     0.000   0   49.34  304.3    6.1      --
154  04/08/2020  0900    49.2   28.5     2.9     0.000   0   44.44  292.0    5.5      --
155  04/08/2020  1000    52.9   28.5     2.3     0.000   0   38.71  277.6    5.2    5806
156  04/08/2020  1100    57.2   28.5     2.4     0.000   0   33.18  276.9    5.3      --
157  04/08/2020  1200    61.9   28.5     2.5     0.000   0   28.03  276.3    5.4      --
158  04/08/2020  1300    65.6   28.5     2.5     0.000   0   24.60  275.7    5.6      --
159  04/08/2020  1400    67.6   28.5     2.6     0.000   0   22.97  275.2    5.7      --
160  04/08/2020  1500    68.6   28.5     2.7     0.000   0   22.21  274.6    5.9      --
161  04/08/2020  1600    69.1   28.5     2.7     0.000   0   21.85  274.1    6.0    7342
162  04/08/2020  1700    69.2   28.5     3.3     0.000   0   21.78  262.8    6.3      --
163  04/08/2020  1800    67.7   28.5     4.0     0.000   0   22.88  252.8    6.8      --
164  04/08/2020  1900    64.8   28.5     4.6     0.000   0   25.31  244.5    7.5      --
165  04/08/2020  2000    63.2   28.6     5.3     0.000   0   26.97  237.7    8.4      --
166  04/08/2020  2100    60.9   29.1     5.9     0.000   0   29.81  232.2    9.3      --
167  04/08/2020  2200    58.5   29.5     6.6     0.000   0   32.97  227.7   10.3    1026
