  Generated by FoxLW on Thursday April 2, 2020 at 02:32 PDT
-------------------------------------------------------------------------------
  St. Andrews
  47.6500:-119.4200  (47 38' 60.00"N  119 25' 12.00"W)  elev 2378.6 feet    file: 131034
-------------------------------------------------------------------------------

Line#   Date     Hour   TempF  DewPtF WS(mph)  Rain(in) LW    RH%  WDir_50m WS_50m Inv(ft)
  5  04/02/2020  0400    26.6   10.2    12.3     0.000   0   49.23  349.1   15.3     883
  6  04/02/2020  0500    26.2   11.8    10.5     0.000   0   54.06  347.8   13.3      --
  7  04/02/2020  0600    25.8   12.7     8.7     0.000   0   56.87  345.9   11.2      --
  8  04/02/2020  0700    25.9   13.3     6.9     0.000   0   58.13  343.3    9.2      --
  9  04/02/2020  0800    26.6   14.1     5.1     0.000   0   58.62  339.2    7.2      --
 10  04/02/2020  0900    27.8   17.7     3.3     0.000   0   65.48  331.9    5.2      --
 11  04/02/2020  1000    29.5   17.7     1.6     0.000   0   60.91  316.7    3.5  no_inv
 12  04/02/2020  1100    32.3   17.7     2.3     0.000   0   54.43  282.5    3.0      --
 13  04/02/2020  1200    36.0   17.7     3.1     0.000   0   47.05  250.1    3.6      --
 14  04/02/2020  1300    39.1   17.7     3.9     0.000   0   41.52  231.6    5.0      --
 15  04/02/2020  1400    41.1   17.7     4.6     0.000   0   38.47  221.6    6.7      --
 16  04/02/2020  1500    42.5   17.7     5.4     0.000   0   36.52  215.8    8.4      --
 17  04/02/2020  1600    43.3   17.7     6.2     0.000   0   35.32  212.0   10.3  no_inv
 18  04/02/2020  1700    42.9   17.7     7.2     0.000   0   35.88  231.1   10.0      --
 19  04/02/2020  1800    42.1   19.8     8.1     0.000   0   40.40  249.3   10.8      --
 20  04/02/2020  1900    41.6   19.8     9.1     0.000   0   41.18  263.8   12.5      --
 21  04/02/2020  2000    39.3   19.8    10.1     0.000   0   45.15  274.3   14.7      --
 22  04/02/2020  2100    37.0   19.6    11.0     0.000   0   48.94  281.9   17.4      --
 23  04/02/2020  2200    34.6   18.0    12.0     0.000   0   50.16  287.4   20.2  no_inv
 24  04/02/2020  2300    33.8   18.0    12.4     0.000   0   51.97  287.9   20.0      --
 25  04/03/2020  0000    33.3   18.1    12.8     0.000   0   53.17  288.4   19.7      --
 26  04/03/2020  0100    32.8   18.2    13.1     0.000   0   54.35  289.0   19.4      --
 27  04/03/2020  0200    32.3   18.2    13.5     0.000   0   55.47  289.5   19.2      --
 28  04/03/2020  0300    31.9   18.2    13.9     0.000   0   56.46  290.1   18.9      --
 29  04/03/2020  0400    31.6   18.2    14.3     0.000   0   57.30  290.7   18.6  no_inv
 30  04/03/2020  0500    31.3   18.2    14.9     0.000   0   57.84  286.9   19.1      --
 31  04/03/2020  0600    31.1   18.0    15.5     0.000   0   57.91  283.3   19.6      --
 32  04/03/2020  0700    31.3   17.8    16.1     0.000   0   56.76  279.9   20.2      --
 33  04/03/2020  0800    32.0   17.4    16.7     0.000   0   54.24  276.7   20.9      --
 34  04/03/2020  0900    33.4   17.0    17.3     0.000   0   50.51  273.7   21.6      --
 35  04/03/2020  1000    35.2   16.6    17.9     0.000   0   46.06  270.9   22.4  no_inv
 36  04/03/2020  1100    37.4   16.1    18.1     0.000   0   41.47  273.8   22.6      --
 37  04/03/2020  1200    40.3   15.7    18.4     0.000   0   36.40  276.7   22.9      --
 38  04/03/2020  1300    42.5   15.4    18.6     0.000   0   32.93  279.6   23.2      --
 39  04/03/2020  1400    43.5   15.1    18.9     0.000   0   31.28  282.3   23.6      --
 40  04/03/2020  1500    44.0   15.0    19.1     0.000   0   30.56  285.0   24.0      --
 41  04/03/2020  1600    44.0   14.9    19.3     0.000   0   30.37  287.5   24.5  no_inv
 42  04/03/2020  1700    43.9   14.9    18.3     0.000   0   30.58  290.5   22.9      --
 43  04/03/2020  1800    42.3   14.9    17.3     0.000   0   32.48  293.9   21.4      --
 44  04/03/2020  1900    39.2   15.0    16.3     0.000   0   36.76  297.8   20.0      --
 45  04/03/2020  2000    37.5   15.1    15.3     0.000   0   39.57  302.2   18.7      --
 46  04/03/2020  2100    35.1   15.1    14.2     0.000   0   43.37  307.3   17.5      --
 47  04/03/2020  2200    32.8   15.2    13.2     0.000   0   47.76  313.1   16.5  no_inv
 48  04/03/2020  2300    31.4   15.2    12.2     0.000   0   50.70  307.0   12.6      --
 49  04/04/2020  0000    30.8   16.8    11.2     0.000   0   55.72  295.7    9.0      --
 50  04/04/2020  0100    30.2   17.3    10.2     0.000   0   58.19  272.0    6.1      --
 51  04/04/2020  0200    29.6   17.4     9.2     0.000   0   59.93  230.2    5.4      --
 52  04/04/2020  0300    29.0   17.4     8.2     0.000   0   61.41  197.1    7.5      --
 53  04/04/2020  0400    28.5   17.2     7.2     0.000   0   62.28  181.2   10.8     737
 54  04/04/2020  0500    28.0   17.1     6.6     0.000   0   63.10  173.0    9.3      --
 55  04/04/2020  0600    27.7   16.9     6.0     0.000   0   63.57  161.7    8.0      --
 56  04/04/2020  0700    28.0   16.8     5.4     0.000   0   62.41  146.9    7.1      --
 57  04/04/2020  0800    29.2   15.2     4.8     0.000   0   55.50  129.4    6.8      --
 58  04/04/2020  0900    31.2   15.1     4.2     0.000   0   50.91  111.9    7.1      --
 59  04/04/2020  1000    34.0   15.1     3.7     0.000   0   45.32   97.3    8.1    6252
 60  04/04/2020  1100    37.2   15.0     3.7     0.000   0   39.63   99.5    8.1      --
 61  04/04/2020  1200    41.3   14.9     3.7     0.000   0   33.68  101.7    8.2      --
 62  04/04/2020  1300    44.6   14.8     3.8     0.000   0   29.63  103.8    8.2      --
 63  04/04/2020  1400    46.3   14.7     3.8     0.000   0   27.69  105.9    8.3      --
 64  04/04/2020  1500    47.1   14.7     3.8     0.000   0   26.80  107.9    8.4      --
 65  04/04/2020  1600    47.5   14.7     3.9     0.000   0   26.40  109.9    8.5    7084
 66  04/04/2020  1700    47.5   14.9     4.9     0.000   0   26.57   93.4    9.9      --
 67  04/04/2020  1800    46.3   15.3     5.9     0.000   0   28.37   81.6   11.9      --
 68  04/04/2020  1900    43.8   16.9     6.9     0.000   0   33.39   73.4   14.2      --
 69  04/04/2020  2000    42.5   18.9     8.0     0.000   0   38.39   67.7   16.7      --
 70  04/04/2020  2100    40.2   20.1     9.0     0.000   0   44.17   63.4   19.4      --
 71  04/04/2020  2200    37.8   21.3    10.0     0.000   0   50.90   60.2   22.1    7037
 72  04/04/2020  2300    36.3   22.5     9.6     0.000   0   56.92   56.0   20.8      --
 73  04/05/2020  0000    35.5   23.6     9.2     0.000   0   61.61   51.3   19.6      --
 74  04/05/2020  0100    34.7   24.5     8.8     0.000   0   66.09   45.9   18.5      --
 75  04/05/2020  0200    34.0   25.3     8.3     0.000   0   70.03   40.0   17.7      --
 76  04/05/2020  0300    33.4   25.4     7.9     0.000   0   72.12   33.6   17.0      --
 77  04/05/2020  0400    32.9   24.0     7.5     0.000   0   69.40   26.7   16.5    2033
 78  04/05/2020  0500    32.5   22.0     6.9     0.000   0   64.87   29.3   15.2      --
 79  04/05/2020  0600    32.3   20.9     6.4     0.000   0   62.31   32.4   13.8      --
 80  04/05/2020  0700    32.4   18.5     5.8     0.000   0   56.04   36.1   12.5      --
 81  04/05/2020  0800    33.0   23.9     5.3     0.000   0   68.73   40.7   11.3      --
 82  04/05/2020  0900    34.2   27.8     4.8     0.000   0   76.92   46.3   10.1      --
 83  04/05/2020  1000    35.9   27.8     4.2     0.000   0   71.87   53.3    9.1    4464
 84  04/05/2020  1100    38.6   27.8     3.8     0.000   0   64.77   56.5    7.9      --
 85  04/05/2020  1200    42.2   27.8     3.3     0.000   0   56.30   60.8    6.8      --
 86  04/05/2020  1300    45.4   27.8     2.8     0.000   0   49.79   66.9    5.7      --
 87  04/05/2020  1400    47.3   27.8     2.4     0.000   0   46.27   75.7    4.6      --
 88  04/05/2020  1500    48.7   27.8     1.9     0.000   0   43.90   89.0    3.8      --
 89  04/05/2020  1600    49.6   27.8     1.5     0.000   0   42.53  108.2    3.2  no_inv
 90  04/05/2020  1700    49.8   27.8     2.8     0.000   0   42.26   47.7    1.9      --
 91  04/05/2020  1800    49.5   28.0     4.2     0.000   0   43.18  356.8    3.6      --
 92  04/05/2020  1900    48.7   28.3     5.6     0.000   0   44.86  342.8    6.2      --
 93  04/05/2020  2000    48.3   29.7     6.9     0.000   0   48.27  337.2    8.9      --
 94  04/05/2020  2100    46.0   31.2     8.3     0.000   0   56.08  334.2   11.7      --
 95  04/05/2020  2200    43.7   31.7     9.7     0.000   0   62.59  332.4   14.5  no_inv
 96  04/05/2020  2300    41.6   32.2     9.4     0.000   0   69.01  337.0   14.8      --
 97  04/06/2020  0000    40.0   32.7     9.1     0.000   0   74.89  341.4   15.2      --
 98  04/06/2020  0100    38.6   33.1     8.8     0.000   0   80.57  345.5   15.7      --
 99  04/06/2020  0200    37.3   33.5     8.5     0.000   0   85.74  349.4   16.2      --
100  04/06/2020  0300    36.3   33.6     8.2     0.000   0   90.08  353.1   16.8      --
101  04/06/2020  0400    35.5   33.5     7.9     0.000   0   92.72  356.4   17.5     646
102  04/06/2020  0500    34.9   33.2     7.8     0.000   0   93.67  354.0   16.3      --
103  04/06/2020  0600    34.6   32.7     7.7     0.000   0   92.80  351.2   15.2      --
104  04/06/2020  0700    34.9   32.0     7.6     0.000   0   89.04  348.0   14.0      --
105  04/06/2020  0800    36.0   29.8     7.5     0.000   0   78.15  344.2   13.0      --
106  04/06/2020  0900    37.8   28.9     7.4     0.000   0   70.02  339.8   12.0      --
107  04/06/2020  1000    40.3   27.9     7.3     0.000   0   60.92  334.6   11.1  no_inv
108  04/06/2020  1100    43.4   27.0     8.9     0.000   0   52.05  321.9   11.9      --
109  04/06/2020  1200    47.5   26.0    10.4     0.000   0   42.91  311.2   13.2      --
110  04/06/2020  1300    50.8   25.7    11.9     0.000   0   37.42  302.6   14.9      --
111  04/06/2020  1400    52.5   25.4    13.5     0.000   0   34.55  296.0   16.8      --
112  04/06/2020  1500    53.4   24.8    15.0     0.000   0   32.64  290.7   18.9      --
113  04/06/2020  1600    53.8   24.2    16.5     0.000   0   31.38  286.6   21.2    5551
114  04/06/2020  1700    53.8   24.2    16.4     0.000   0   31.36  289.2   21.0      --
115  04/06/2020  1800    51.8   24.1    16.3     0.000   0   33.73  292.0   20.9      --
116  04/06/2020  1900    47.8   24.1    16.2     0.000   0   39.20  294.7   20.8      --
117  04/06/2020  2000    45.5   24.1    16.1     0.000   0   42.62  297.5   20.7      --
118  04/06/2020  2100    43.2   24.1    16.0     0.000   0   46.57  300.3   20.7      --
119  04/06/2020  2200    40.8   24.1    15.9     0.000   0   50.93  303.0   20.7    2233
120  04/06/2020  2300    39.6   24.1    15.9     0.000   0   53.33  304.5   20.7      --
121  04/07/2020  0000    39.4   24.1    15.9     0.000   0   53.83  306.0   20.6      --
122  04/07/2020  0100    39.1   24.0    15.9     0.000   0   54.45  307.5   20.6      --
123  04/07/2020  0200    38.7   24.0    16.0     0.000   0   55.15  309.0   20.5      --
124  04/07/2020  0300    38.4   24.0    16.0     0.000   0   55.90  310.5   20.5      --
125  04/07/2020  0400    38.0   24.0    16.0     0.000   0   56.68  312.0   20.5     608
126  04/07/2020  0500    37.7   24.0    14.3     0.000   0   57.26  315.7   18.3      --
127  04/07/2020  0600    37.4   23.7    12.6     0.000   0   57.35  320.4   16.2      --
128  04/07/2020  0700    37.8   24.9    10.8     0.000   0   59.21  326.4   14.2      --
129  04/07/2020  0800    39.0   22.9     9.1     0.000   0   52.06  334.2   12.4      --
130  04/07/2020  0900    41.1   22.4     7.4     0.000   0   46.99  344.3   11.0      --
131  04/07/2020  1000    43.9   21.8     5.6     0.000   0   41.18  357.0   10.0    6458
132  04/07/2020  1100    47.2   21.3     5.0     0.000   0   35.49    1.6    8.2      --
133  04/07/2020  1200    51.3   20.8     4.4     0.000   0   29.71    8.7    6.5      --
134  04/07/2020  1300    54.7   20.3     3.7     0.000   0   25.79   20.6    4.9      --
135  04/07/2020  1400    56.4   20.0     3.1     0.000   0   23.85   41.3    3.8      --
136  04/07/2020  1500    57.3   19.7     2.5     0.000   0   22.92   72.2    3.4      --
137  04/07/2020  1600    57.7   19.6     1.8     0.000   0   22.53  100.7    4.0    8506
138  04/07/2020  1700    57.7   19.7     4.1     0.000   0   22.54   64.9    5.2      --
139  04/07/2020  1800    56.0   19.7     6.3     0.000   0   24.04   46.6    7.5      --
140  04/07/2020  1900    52.4   21.8     8.5     0.000   0   29.87   37.4   10.2      --
141  04/07/2020  2000    50.5   21.7    10.8     0.000   0   31.90   32.1   13.1      --
142  04/07/2020  2100    48.2   20.1    13.0     0.000   0   32.50   28.7   16.0      --
143  04/07/2020  2200    45.8   20.2    15.2     0.000   0   35.71   26.4   19.0     855
144  04/07/2020  2300    43.8   20.4    13.3     0.000   0   38.80   27.9   17.2      --
145  04/08/2020  0000    42.7   21.8    11.4     0.000   0   43.05   29.8   15.4      --
146  04/08/2020  0100    41.7   22.2     9.5     0.000   0   45.50   32.2   13.6      --
147  04/08/2020  0200    40.8   22.4     7.6     0.000   0   47.46   35.4   11.8      --
148  04/08/2020  0300    40.0   21.4     5.7     0.000   0   47.12   39.6   10.1      --
149  04/08/2020  0400    39.3   20.9     3.8     0.000   0   47.24   45.5    8.5     355
150  04/08/2020  0500    38.7   20.5     3.6     0.000   0   47.59   52.7    7.3      --
151  04/08/2020  0600    38.4   20.0     3.4     0.000   0   47.07   62.3    6.3      --
152  04/08/2020  0700    38.7   20.0     3.2     0.000   0   46.53   74.9    5.6      --
153  04/08/2020  0800    39.7   25.4     3.0     0.000   0   56.24   90.4    5.2      --
154  04/08/2020  0900    41.4   26.7     2.8     0.000   0   55.61  107.1    5.2      --
155  04/08/2020  1000    43.8   26.7     2.6     0.000   0   50.67  122.3    5.7    3121
156  04/08/2020  1100    46.8   26.7     3.4     0.000   0   45.13  142.1    5.3      --
157  04/08/2020  1200    51.8   26.7     4.2     0.000   0   37.48  162.0    5.7      --
158  04/08/2020  1300    56.2   27.0     5.0     0.000   0   32.31  177.9    6.6      --
159  04/08/2020  1400    58.7   27.3     5.8     0.000   0   29.88  189.4    7.8      --
160  04/08/2020  1500    60.0   27.6     6.6     0.000   0   28.88  197.4    9.3      --
161  04/08/2020  1600    60.7   27.9     7.5     0.000   0   28.51  203.2   11.0    5008
162  04/08/2020  1700    61.0   27.9     9.4     0.000   0   28.29  224.4   10.7      --
163  04/08/2020  1800    59.8   27.4    11.3     0.000   0   28.91  243.7   11.9      --
164  04/08/2020  1900    57.4   27.0    13.3     0.000   0   30.98  258.3   14.2      --
165  04/08/2020  2000    56.0   26.7    15.2     0.000   0   32.19  268.4   17.1      --
166  04/08/2020  2100    53.7   26.7    17.1     0.000   0   35.00  275.4   20.4      --
167  04/08/2020  2200    51.3   26.7    19.1     0.000   0   38.14  280.4   23.9     925
