  Generated by FoxLW on Thursday April 2, 2020 at 02:32 PDT
-------------------------------------------------------------------------------
  Ritzville
  47.1400:-118.4700  (47 8' 24.00"N  118 28' 12.00"W)  elev 1889.8 feet    file: 300030
-------------------------------------------------------------------------------

Line#   Date     Hour   TempF  DewPtF WS(mph)  Rain(in) LW    RH%  WDir_50m WS_50m Inv(ft)
  5  04/02/2020  0400    30.6   17.3     8.6     0.000   0   57.28   17.5   12.5     738
  6  04/02/2020  0500    30.1   17.3     7.8     0.000   0   58.42   10.4    9.9      --
  7  04/02/2020  0600    29.8   17.4     7.0     0.000   0   59.40  358.8    7.6      --
  8  04/02/2020  0700    30.0   17.5     6.1     0.000   0   59.16  339.0    5.9      --
  9  04/02/2020  0800    30.8   15.6     5.3     0.000   0   52.67  309.5    5.3      --
 10  04/02/2020  0900    32.3   15.7     4.5     0.000   0   49.76  281.3    6.2      --
 11  04/02/2020  1000    34.5   16.3     3.6     0.000   0   46.79  263.3    8.0  no_inv
 12  04/02/2020  1100    37.5   16.3     3.6     0.000   0   41.65  262.4    8.0      --
 13  04/02/2020  1200    41.7   16.3     3.6     0.000   0   35.28  261.4    8.0      --
 14  04/02/2020  1300    45.2   16.3     3.6     0.000   0   30.84  260.5    8.0      --
 15  04/02/2020  1400    47.0   16.3     3.6     0.000   0   28.87  259.5    8.0      --
 16  04/02/2020  1500    47.9   16.3     3.6     0.000   0   27.91  258.6    8.0      --
 17  04/02/2020  1600    48.2   16.3     3.6     0.000   0   27.54  257.6    8.0  no_inv
 18  04/02/2020  1700    47.3   16.4     4.0     0.000   0   28.66  252.1    8.8      --
 19  04/02/2020  1800    45.5   16.7     4.4     0.000   0   30.99  247.5    9.6      --
 20  04/02/2020  1900    44.6   16.7     4.8     0.000   0   32.18  243.7   10.4      --
 21  04/02/2020  2000    42.2   16.9     5.2     0.000   0   35.59  240.4   11.4      --
 22  04/02/2020  2100    39.9   21.4     5.6     0.000   0   47.13  237.6   12.3      --
 23  04/02/2020  2200    37.5   26.8     6.0     0.010   0   64.76  235.3   13.2  no_inv
 24  04/02/2020  2300    36.2   27.6     6.1     0.000   0   70.57  239.8   13.2      --
 25  04/03/2020  0000    35.5   27.4     6.2     0.000   0   71.79  244.3   13.3      --
 26  04/03/2020  0100    34.9   27.2     6.2     0.000   0   73.08  248.8   13.4      --
 27  04/03/2020  0200    34.3   27.0     6.3     0.000   0   74.34  253.1   13.7      --
 28  04/03/2020  0300    33.7   26.8     6.4     0.000   0   75.46  257.2   14.0      --
 29  04/03/2020  0400    33.2   28.8     6.5     0.030   0   83.50  261.2   14.4     689
 30  04/03/2020  0500    32.6   28.1     7.7     0.000   0   83.42  257.0   14.6      --
 31  04/03/2020  0600    32.5   28.4     8.8     0.000   0   84.61  253.0   14.9      --
 32  04/03/2020  0700    32.6   27.8    10.0     0.000   0   82.25  249.1   15.3      --
 33  04/03/2020  0800    33.4   24.9    11.1     0.000   0   70.66  245.5   15.7      --
 34  04/03/2020  0900    34.9   22.6    12.3     0.000   0   60.33  242.1   16.2      --
 35  04/03/2020  1000    36.8   21.7    13.4     0.000   0   53.78  238.9   16.8  no_inv
 36  04/03/2020  1100    39.1   20.7    14.1     0.000   0   47.30  242.9   17.5      --
 37  04/03/2020  1200    41.5   19.9    14.8     0.000   0   41.56  246.7   18.3      --
 38  04/03/2020  1300    43.5   19.1    15.5     0.000   0   37.28  250.1   19.1      --
 39  04/03/2020  1400    44.7   18.5    16.2     0.000   0   34.69  253.2   20.0      --
 40  04/03/2020  1500    45.5   18.2    16.9     0.000   0   33.18  256.0   21.0      --
 41  04/03/2020  1600    46.0   18.0    17.6     0.000   0   32.37  258.6   22.0  no_inv
 42  04/03/2020  1700    45.7   18.1    16.8     0.000   0   32.75  263.5   20.4      --
 43  04/03/2020  1800    45.1   18.2    16.0     0.000   0   33.61  269.1   19.0      --
 44  04/03/2020  1900    44.8   18.5    15.2     0.000   0   34.44  275.5   17.8      --
 45  04/03/2020  2000    42.5   18.5    14.4     0.000   0   37.75  282.7   16.9      --
 46  04/03/2020  2100    40.2   18.8    13.6     0.000   0   41.75  290.7   16.2      --
 47  04/03/2020  2200    37.8   19.0    12.8     0.000   0   46.25  299.1   15.9  no_inv
 48  04/03/2020  2300    35.5   20.7    10.8     0.000   0   54.41  300.6   13.4      --
 49  04/04/2020  0000    33.9   21.5     8.8     0.000   0   60.00  302.7   10.9      --
 50  04/04/2020  0100    32.4   21.3     6.9     0.000   0   63.18  306.1    8.4      --
 51  04/04/2020  0200    31.0   21.1     4.9     0.000   0   66.16  312.4    6.0      --
 52  04/04/2020  0300    29.8   20.9     3.0     0.000   0   68.97  326.6    3.7      --
 53  04/04/2020  0400    28.8   20.6     1.0     0.000   0   70.89    8.3    2.2     538
 54  04/04/2020  0500    28.0   20.6     1.1     0.000   0   73.19   15.8    1.3      --
 55  04/04/2020  0600    27.6   20.6     1.2     0.000   0   74.57   51.2    0.5      --
 56  04/04/2020  0700    28.1   20.6     1.3     0.000   0   72.94  145.8    0.8      --
 57  04/04/2020  0800    29.9   19.8     1.4     0.000   0   65.56  163.6    1.6      --
 58  04/04/2020  0900    32.8   19.6     1.5     0.000   0   57.85  168.8    2.5      --
 59  04/04/2020  1000    36.7   19.5     1.6     0.000   0   49.18  171.2    3.5    6781
 60  04/04/2020  1100    41.1   19.3     1.8     0.000   0   41.24  150.7    3.2      --
 61  04/04/2020  1200    45.4   19.2     2.1     0.000   0   34.77  130.0    3.5      --
 62  04/04/2020  1300    48.7   19.1     2.3     0.000   0   30.54  113.6    4.1      --
 63  04/04/2020  1400    50.5   19.0     2.6     0.000   0   28.52  102.0    4.9      --
 64  04/04/2020  1500    51.3   19.0     2.9     0.000   0   27.58   94.0    5.8      --
 65  04/04/2020  1600    51.7   18.9     3.1     0.000   0   27.16   88.3    6.9  no_inv
 66  04/04/2020  1700    51.5   19.1     3.6     0.000   0   27.59   86.0    8.0      --
 67  04/04/2020  1800    51.1   19.4     4.1     0.000   0   28.36   84.2    9.1      --
 68  04/04/2020  1900    50.9   19.4     4.6     0.000   0   28.60   82.8   10.1      --
 69  04/04/2020  2000    48.5   19.6     5.1     0.000   0   31.39   81.6   11.2      --
 70  04/04/2020  2100    46.2   20.6     5.6     0.000   0   35.78   80.7   12.4      --
 71  04/04/2020  2200    43.8   22.1     6.1     0.000   0   41.68   79.9   13.5  no_inv
 72  04/04/2020  2300    41.8   23.5     6.4     0.000   0   47.83   75.8   14.0      --
 73  04/05/2020  0000    40.4   25.1     6.7     0.000   0   54.06   71.9   14.5      --
 74  04/05/2020  0100    39.2   26.9     7.0     0.000   0   61.05   68.4   15.1      --
 75  04/05/2020  0200    38.1   28.7     7.2     0.000   0   68.48   65.1   15.8      --
 76  04/05/2020  0300    37.2   31.7     7.5     0.000   0   80.18   62.2   16.5      --
 77  04/05/2020  0400    36.6   33.6     7.8     0.010   0   88.63   59.4   17.3    1020
 78  04/05/2020  0500    35.7   29.2     6.8     0.000   0   77.17   58.8   15.0      --
 79  04/05/2020  0600    35.1   26.9     5.7     0.000   0   71.55   57.9   12.7      --
 80  04/05/2020  0700    34.8   25.1     4.7     0.000   0   67.16   56.7   10.3      --
 81  04/05/2020  0800    36.3   30.5     3.7     0.000   0   78.97   54.7    8.0      --
 82  04/05/2020  0900    37.2   31.4     2.6     0.000   0   79.38   51.0    5.7      --
 83  04/05/2020  1000    38.9   30.5     1.6     0.000   0   71.63   42.7    3.5  no_inv
 84  04/05/2020  1100    41.3   30.5     1.5     0.000   0   65.07   42.0    3.3      --
 85  04/05/2020  1200    45.1   30.5     1.4     0.000   0   56.40   41.3    3.2      --
 86  04/05/2020  1300    48.5   30.5     1.4     0.000   0   49.51   40.5    3.0      --
 87  04/05/2020  1400    50.7   30.5     1.3     0.000   0   45.68   39.5    2.8      --
 88  04/05/2020  1500    52.2   30.5     1.2     0.000   0   43.16   38.5    2.7      --
 89  04/05/2020  1600    53.2   30.5     1.1     0.000   0   41.59   37.3    2.5  no_inv
 90  04/05/2020  1700    52.3   30.5     2.0     0.000   0   43.06   85.1    3.2      --
 91  04/05/2020  1800    50.5   30.8     2.9     0.000   0   46.52  106.7    5.1      --
 92  04/05/2020  1900    49.6   30.8     3.8     0.000   0   48.26  116.0    7.3      --
 93  04/05/2020  2000    47.2   30.8     4.7     0.000   0   52.67  120.9    9.7      --
 94  04/05/2020  2100    44.9   31.4     5.6     0.000   0   59.01  123.9   12.0      --
 95  04/05/2020  2200    42.5   32.6     6.5     0.000   0   67.51  126.0   14.4    1066
 96  04/05/2020  2300    41.2   32.4     6.2     0.000   0   70.63  118.4   12.4      --
 97  04/06/2020  0000    40.2   32.0     5.9     0.000   0   72.38  108.3   10.8      --
 98  04/06/2020  0100    39.3   31.6     5.5     0.000   0   73.82   95.2    9.6      --
 99  04/06/2020  0200    38.4   31.1     5.2     0.000   0   74.88   79.4    9.0      --
100  04/06/2020  0300    37.6   30.8     4.9     0.000   0   76.26   62.8    9.2      --
101  04/06/2020  0400    36.9   30.8     4.5     0.000   0   78.35   47.9   10.0     403
102  04/06/2020  0500    36.4   30.8     4.1     0.000   0   80.10   43.1    8.2      --
103  04/06/2020  0600    36.0   30.8     3.7     0.000   0   81.22   35.7    6.5      --
104  04/06/2020  0700    36.3   30.8     3.2     0.000   0   80.23   23.5    5.0      --
105  04/06/2020  0800    37.4   31.5     2.8     0.000   0   78.83    2.9    3.9      --
106  04/06/2020  0900    39.3   30.2     2.3     0.000   0   69.52  333.3    3.6      --
107  04/06/2020  1000    42.0   28.9     1.9     0.000   0   59.33  306.2    4.2  no_inv
108  04/06/2020  1100    45.5   27.5     4.4     0.000   0   49.27  285.2    6.5      --
109  04/06/2020  1200    50.2   26.3     6.8     0.000   0   39.22  275.6    9.2      --
110  04/06/2020  1300    54.0   25.8     9.2     0.000   0   33.29  270.5   12.0      --
111  04/06/2020  1400    56.0   25.5    11.7     0.000   0   30.63  267.3   14.9      --
112  04/06/2020  1500    57.0   24.7    14.1     0.000   0   28.58  265.2   17.8      --
113  04/06/2020  1600    57.5   23.7    16.6     0.000   0   26.96  263.6   20.7    8788
114  04/06/2020  1700    57.5   23.8    16.5     0.000   0   27.09  268.9   20.1      --
115  04/06/2020  1800    54.9   24.1    16.3     0.000   0   30.08  274.5   19.6      --
116  04/06/2020  1900    49.6   24.5    16.2     0.000   0   37.20  280.3   19.3      --
117  04/06/2020  2000    46.7   25.0    16.1     0.000   0   42.45  286.2   19.3      --
118  04/06/2020  2100    44.3   25.7    15.9     0.000   0   47.63  292.1   19.4      --
119  04/06/2020  2200    42.0   26.4    15.8     0.000   0   53.58  297.8   19.7     599
120  04/06/2020  2300    40.1   27.0    14.6     0.000   0   59.29  295.9   19.5      --
121  04/07/2020  0000    39.2   27.7    13.3     0.000   0   62.95  293.9   19.3      --
122  04/07/2020  0100    38.3   28.2    12.1     0.000   0   66.63  291.9   19.1      --
123  04/07/2020  0200    37.5   30.2    10.9     0.000   0   74.78  289.9   18.9      --
124  04/07/2020  0300    36.7   30.9     9.6     0.000   0   79.36  287.8   18.7      --
125  04/07/2020  0400    35.9   31.0     8.4     0.000   0   81.96  285.7   18.6  no_inv
126  04/07/2020  0500    35.3   30.9     8.2     0.000   0   83.81  281.8   16.9      --
127  04/07/2020  0600    34.9   30.6     7.9     0.000   0   83.93  277.2   15.4      --
128  04/07/2020  0700    35.5   30.0     7.6     0.000   0   79.85  271.5   13.9      --
129  04/07/2020  0800    37.3   28.0     7.4     0.000   0   68.90  264.7   12.6      --
130  04/07/2020  0900    40.2   27.6     7.1     0.000   0   60.29  256.4   11.6      --
131  04/07/2020  1000    44.1   27.1     6.8     0.000   0   50.94  246.6   10.8    8981
132  04/07/2020  1100    48.3   26.6     6.1     0.000   0   42.52  247.0    9.8      --
133  04/07/2020  1200    52.6   26.2     5.3     0.000   0   35.61  247.4    8.8      --
134  04/07/2020  1300    55.9   25.8     4.5     0.000   0   31.11  247.9    7.8      --
135  04/07/2020  1400    57.6   25.5     3.7     0.000   0   28.91  248.6    6.8      --
136  04/07/2020  1500    58.4   25.3     3.0     0.000   0   27.87  249.5    5.8      --
137  04/07/2020  1600    58.8   25.2     2.2     0.000   0   27.43  250.8    4.8    7177
138  04/07/2020  1700    58.8   25.2     2.2     0.000   0   27.42  237.9    3.9      --
139  04/07/2020  1800    57.1   25.2     2.3     0.000   0   29.09  218.6    3.3      --
140  04/07/2020  1900    53.7   25.5     2.3     0.000   0   33.23  194.3    3.1      --
141  04/07/2020  2000    51.9   25.5     2.3     0.000   0   35.58  172.0    3.5      --
142  04/07/2020  2100    49.5   25.5     2.4     0.000   0   38.80  156.3    4.3      --
143  04/07/2020  2200    47.2   25.5     2.4     0.000   0   42.35  146.0    5.4     820
144  04/07/2020  2300    44.6   25.5     4.5     0.000   0   46.75  110.8    5.3      --
145  04/08/2020  0000    43.0   25.0     6.5     0.000   0   48.67   84.3    6.9      --
146  04/08/2020  0100    41.5   24.0     8.5     0.000   0   49.57   69.7    9.4      --
147  04/08/2020  0200    40.2   23.6    10.5     0.000   0   51.14   61.5   12.2      --
148  04/08/2020  0300    39.0   21.5    12.5     0.000   0   49.06   56.5   15.2      --
149  04/08/2020  0400    38.1   21.5    14.6     0.000   0   50.68   53.1   18.3     138
150  04/08/2020  0500    37.5   21.6    12.6     0.000   0   52.36   56.8   15.8      --
151  04/08/2020  0600    37.1   23.5    10.8     0.000   0   57.60   61.8   13.4      --
152  04/08/2020  0700    37.8   24.8     8.8     0.000   0   59.00   68.9   11.2      --
153  04/08/2020  0800    39.9   23.8     6.9     0.000   0   52.06   79.3    9.2      --
154  04/08/2020  0900    43.3   24.9     5.0     0.000   0   47.77   94.6    7.7      --
155  04/08/2020  1000    47.8   30.3     3.1     0.000   0   50.40  115.1    6.9    5588
156  04/08/2020  1100    52.7   30.6     3.2     0.000   0   42.74  128.9    5.5      --
157  04/08/2020  1200    57.3   30.6     3.3     0.000   0   36.11  149.8    4.6      --
158  04/08/2020  1300    60.8   30.6     3.4     0.000   0   31.81  175.6    4.5      --
159  04/08/2020  1400    62.7   30.6     3.5     0.000   0   29.79  197.9    5.3      --
160  04/08/2020  1500    63.6   30.6     3.6     0.000   0   28.85  212.9    6.6      --
161  04/08/2020  1600    64.1   30.6     3.7     0.000   0   28.40  222.4    8.2    5544
162  04/08/2020  1700    64.1   30.6     6.0     0.000   0   28.34  222.5   10.4      --
163  04/08/2020  1800    62.6   30.6     8.2     0.000   0   29.89  222.5   12.7      --
164  04/08/2020  1900    59.5   32.5    10.5     0.000   0   35.91  222.5   14.9      --
165  04/08/2020  2000    57.8   30.6    12.8     0.000   0   35.44  222.5   17.1      --
166  04/08/2020  2100    55.5   30.6    15.0     0.000   0   38.56  222.5   19.4      --
167  04/08/2020  2200    53.1   30.6    17.3     0.000   0   42.00  222.5   21.6     718
