  Generated by FoxLW on Thursday April 2, 2020 at 02:32 PDT
-------------------------------------------------------------------------------
  Juniper
  46.3800:-119.0100  (46 22' 48.00"N  119 0' 36.00"W)  elev 721.8 feet    file: 300079
-------------------------------------------------------------------------------

Line#   Date     Hour   TempF  DewPtF WS(mph)  Rain(in) LW    RH%  WDir_50m WS_50m Inv(ft)
  5  04/02/2020  0400    32.0   20.8    10.7     0.000   0   62.82  353.5   13.3     528
  6  04/02/2020  0500    31.4   21.0     9.2     0.000   0   64.98  350.5   10.8      --
  7  04/02/2020  0600    30.9   21.0     7.7     0.000   0   66.17  345.8    8.4      --
  8  04/02/2020  0700    31.3   20.9     6.2     0.000   0   64.98  337.2    6.0      --
  9  04/02/2020  0800    32.8   20.9     4.7     0.000   0   61.03  318.7    3.9      --
 10  04/02/2020  0900    35.5   18.8     3.2     0.000   0   50.24  277.2    2.9      --
 11  04/02/2020  1000    39.1   18.8     1.7     0.000   0   43.40  234.5    3.8  no_inv
 12  04/02/2020  1100    43.3   18.7     1.9     0.000   0   36.83  224.5    4.0      --
 13  04/02/2020  1200    47.8   18.7     2.1     0.000   0   30.96  215.6    4.3      --
 14  04/02/2020  1300    51.4   18.6     2.2     0.000   0   27.05  208.0    4.7      --
 15  04/02/2020  1400    53.3   18.6     2.4     0.000   0   25.18  201.6    5.1      --
 16  04/02/2020  1500    54.3   18.6     2.6     0.000   0   24.30  196.3    5.6      --
 17  04/02/2020  1600    54.8   18.5     2.8     0.000   0   23.88  191.9    6.1  no_inv
 18  04/02/2020  1700    54.0   18.7     3.2     0.000   0   24.70  210.2    5.2      --
 19  04/02/2020  1800    52.3   19.0     3.7     0.000   0   26.54  233.2    4.9      --
 20  04/02/2020  1900    51.4   19.0     4.1     0.000   0   27.43  254.8    5.5      --
 21  04/02/2020  2000    49.1   19.0     4.5     0.000   0   29.92  270.7    6.6      --
 22  04/02/2020  2100    46.7   19.0     5.0     0.000   0   32.67  281.4    8.1      --
 23  04/02/2020  2200    44.4   19.1     5.1     0.000   0   35.95  288.5    9.8  no_inv
 24  04/02/2020  2300    41.8   20.9     6.0     0.000   0   42.75  283.9   10.6      --
 25  04/03/2020  0000    39.6   22.4     6.6     0.000   0   49.82  279.9   11.4      --
 26  04/03/2020  0100    37.6   24.2     7.2     0.000   0   58.16  276.5   12.3      --
 27  04/03/2020  0200    35.8   26.2     7.9     0.000   0   67.57  273.5   13.2      --
 28  04/03/2020  0300    34.4   26.8     8.5     0.000   0   73.63  270.9   14.1      --
 29  04/03/2020  0400    33.2   27.0     9.1     0.000   0   77.51  268.6   15.0     515
 30  04/03/2020  0500    32.4   26.8     8.4     0.000   0   79.70  264.6   13.8      --
 31  04/03/2020  0600    31.9   25.7     7.7     0.000   0   77.54  259.8   12.7      --
 32  04/03/2020  0700    32.3   23.5     7.0     0.000   0   69.65  254.1   11.7      --
 33  04/03/2020  0800    33.8   21.6     6.3     0.000   0   60.42  247.4   10.8      --
 34  04/03/2020  0900    36.5   21.8     5.7     0.000   0   54.82  239.7   10.1      --
 35  04/03/2020  1000    40.0   20.7     5.0     0.000   0   45.41  230.9    9.6  no_inv
 36  04/03/2020  1100    44.2   19.5     6.5     0.000   0   36.93  236.9   10.7      --
 37  04/03/2020  1200    48.7   18.5     8.0     0.000   0   29.75  241.6   12.0      --
 38  04/03/2020  1300    52.3   18.3     9.5     0.000   0   25.83  245.4   13.3      --
 39  04/03/2020  1400    54.3   18.4    11.0     0.000   0   24.15  248.6   14.7      --
 40  04/03/2020  1500    55.2   18.2    12.5     0.000   0   23.16  251.2   16.1      --
 41  04/03/2020  1600    55.7   17.7    14.0     0.000   0   22.27  253.3   17.5  no_inv
 42  04/03/2020  1700    54.1   17.1    15.1     0.000   0   22.98  266.1   17.0      --
 43  04/03/2020  1800    50.8   16.8    16.1     0.000   0   25.62  279.1   17.3      --
 44  04/03/2020  1900    48.9   17.3    17.2     0.000   0   28.02  290.9   18.5      --
 45  04/03/2020  2000    46.6   17.9    18.2     0.000   0   31.45  301.0   20.3      --
 46  04/03/2020  2100    44.2   18.7    19.3     0.000   0   35.50  309.2   22.7      --
 47  04/03/2020  2200    41.9   19.5    20.4     0.000   0   40.19  315.7   25.5     357
 48  04/03/2020  2300    39.0   20.3    17.3     0.000   0   46.50  316.3   22.0      --
 49  04/04/2020  0000    37.3   21.0    14.3     0.000   0   51.32  317.0   18.5      --
 50  04/04/2020  0100    35.7   22.8    11.3     0.000   0   58.94  318.0   15.1      --
 51  04/04/2020  0200    34.3   23.6     8.2     0.000   0   64.67  319.7   11.6      --
 52  04/04/2020  0300    33.0   22.4     5.2     0.000   0   64.60  322.7    8.2      --
 53  04/04/2020  0400    32.0   21.2     2.2     0.000   0   64.09  330.1    4.8     329
 54  04/04/2020  0500    31.1   20.5     2.0     0.000   0   64.19  334.1    4.2      --
 55  04/04/2020  0600    30.6   19.3     1.8     0.000   0   62.40  339.7    3.5      --
 56  04/04/2020  0700    31.2   19.3     1.5     0.000   0   60.86  347.6    3.0      --
 57  04/04/2020  0800    33.2   22.5     1.3     0.000   0   64.30  359.0    2.5      --
 58  04/04/2020  0900    36.6   22.5     1.1     0.000   0   56.10   15.3    2.1      --
 59  04/04/2020  1000    41.1   22.4     0.9     0.000   0   47.05   36.0    1.9  no_inv
 60  04/04/2020  1100    45.7   22.4     1.1     0.000   0   39.28   23.1    2.3      --
 61  04/04/2020  1200    49.3   22.3     1.3     0.000   0   34.31   14.0    2.7      --
 62  04/04/2020  1300    52.2   22.3     1.5     0.000   0   30.70    7.4    3.2      --
 63  04/04/2020  1400    54.0   22.3     1.7     0.000   0   28.78    2.6    3.7      --
 64  04/04/2020  1500    55.1   22.3     2.0     0.000   0   27.59  359.0    4.2      --
 65  04/04/2020  1600    55.9   22.2     2.2     0.000   0   26.82  356.1    4.8  no_inv
 66  04/04/2020  1700    55.9   22.4     3.0     0.000   0   27.07    7.4    5.6      --
 67  04/04/2020  1800    55.8   22.7     3.8     0.000   0   27.44   15.6    6.5      --
 68  04/04/2020  1900    55.7   22.7     4.6     0.000   0   27.48   21.6    7.6      --
 69  04/04/2020  2000    53.4   23.3     5.4     0.000   0   30.74   26.2    8.7      --
 70  04/04/2020  2100    51.1   25.1     6.3     0.000   0   36.03   29.7    9.8      --
 71  04/04/2020  2200    48.7   27.6     7.1     0.000   0   43.64   32.4   11.0     718
 72  04/04/2020  2300    46.9   26.9     6.5     0.000   0   45.38   24.5    9.3      --
 73  04/05/2020  0000    45.8   25.6     5.9     0.000   0   44.81   13.3    7.8      --
 74  04/05/2020  0100    44.9   23.7     5.3     0.000   0   42.92  357.7    6.7      --
 75  04/05/2020  0200    44.1   22.7     4.7     0.000   0   42.39  338.4    6.3      --
 76  04/05/2020  0300    43.4   22.7     4.1     0.000   0   43.44  318.8    6.7      --
 77  04/05/2020  0400    42.9   22.7     3.2     0.000   0   44.31  302.9    7.7     745
 78  04/05/2020  0500    42.7   22.7     3.4     0.000   0   44.77  306.7    7.3      --
 79  04/05/2020  0600    42.4   22.7     3.3     0.000   0   45.15  310.9    7.1      --
 80  04/05/2020  0700    42.7   22.7     3.2     0.000   0   44.75  315.4    6.8      --
 81  04/05/2020  0800    43.6   28.1     3.1     0.000   0   54.15  320.1    6.6      --
 82  04/05/2020  0900    45.2   32.6     3.0     0.000   0   61.20  325.2    6.5      --
 83  04/05/2020  1000    47.5   32.4     2.9     0.000   0   55.67  330.4    6.4  no_inv
 84  04/05/2020  1100    50.5   32.2     2.7     0.000   0   49.35  334.4    5.9      --
 85  04/05/2020  1200    54.0   32.0     2.6     0.000   0   43.05  339.0    5.5      --
 86  04/05/2020  1300    57.0   31.9     2.4     0.000   0   38.35  344.5    5.1      --
 87  04/05/2020  1400    58.7   31.7     2.2     0.000   0   35.89  350.9    4.7      --
 88  04/05/2020  1500    59.9   31.6     2.1     0.000   0   34.28  358.1    4.4      --
 89  04/05/2020  1600    60.6   31.6     1.9     0.000   0   33.36    6.3    4.2  no_inv
 90  04/05/2020  1700    60.9   31.7     1.7     0.000   0   33.06   10.0    3.2      --
 91  04/05/2020  1800    60.4   31.8     1.6     0.000   0   33.78   17.0    2.3      --
 92  04/05/2020  1900    59.4   31.8     1.4     0.000   0   35.03   32.9    1.4      --
 93  04/05/2020  2000    58.8   31.8     1.3     0.000   0   35.74   77.0    0.9      --
 94  04/05/2020  2100    56.5   31.8     1.1     0.000   0   38.87  128.7    1.3      --
 95  04/05/2020  2200    54.2   31.8     0.9     0.000   0   42.32  148.5    2.1  no_inv
 96  04/05/2020  2300    50.9   31.8     1.8     0.000   0   47.68  315.8    0.4      --
 97  04/06/2020  0000    49.0   31.8     2.6     0.000   0   51.11  324.7    3.0      --
 98  04/06/2020  0100    47.3   31.8     3.4     0.000   0   54.49  325.4    5.5      --
 99  04/06/2020  0200    45.8   31.8     4.3     0.000   0   57.67  325.7    8.0      --
100  04/06/2020  0300    44.6   31.9     5.1     0.000   0   60.79  325.8   10.6      --
101  04/06/2020  0400    43.6   32.9     5.9     0.000   0   65.93  325.9   13.1     682
102  04/06/2020  0500    42.8   32.5     5.6     0.000   0   66.57  324.7   12.3      --
103  04/06/2020  0600    42.5   32.0     5.2     0.000   0   66.34  323.3   11.5      --
104  04/06/2020  0700    42.7   31.8     4.9     0.000   0   65.06  321.7   10.8      --
105  04/06/2020  0800    43.6   31.8     4.6     0.000   0   62.89  319.9   10.0      --
106  04/06/2020  0900    45.2   30.9     4.2     0.000   0   56.96  317.8    9.3      --
107  04/06/2020  1000    47.7   30.0     3.9     0.000   0   50.07  315.3    8.6  no_inv
108  04/06/2020  1100    51.4   29.0     5.3     0.000   0   41.93  308.0    9.5      --
109  04/06/2020  1200    56.9   28.2     6.7     0.000   0   33.11  302.1   10.6      --
110  04/06/2020  1300    61.5   28.0     8.2     0.000   0   27.89  297.3   11.8      --
111  04/06/2020  1400    63.6   28.3     9.6     0.000   0   26.16  293.4   13.0      --
112  04/06/2020  1500    64.8   28.5    11.0     0.000   0   25.31  290.2   14.2      --
113  04/06/2020  1600    65.2   28.3    12.4     0.000   0   24.79  287.5   15.6   10084
114  04/06/2020  1700    64.4   27.9    13.3     0.000   0   25.11  293.7   16.2      --
115  04/06/2020  1800    61.9   27.5    14.1     0.000   0   26.94  299.3   17.1      --
116  04/06/2020  1900    56.7   27.5    14.9     0.000   0   32.48  304.4   18.1      --
117  04/06/2020  2000    53.8   28.0    15.8     0.000   0   36.73  308.9   19.2      --
118  04/06/2020  2100    51.5   28.7    16.6     0.000   0   41.27  312.9   20.4      --
119  04/06/2020  2200    49.1   29.5    17.4     0.000   0   46.55  316.4   21.8     377
120  04/06/2020  2300    46.1   30.4    15.3     0.000   0   53.87  311.5   18.7      --
121  04/07/2020  0000    44.0   31.1    13.2     0.000   0   60.37  304.8   15.8      --
122  04/07/2020  0100    41.9   33.1    11.1     0.000   0   70.87  295.3   13.3      --
123  04/07/2020  0200    40.0   33.9     9.0     0.000   0   78.54  281.8   11.2      --
124  04/07/2020  0300    38.4   32.4     6.9     0.000   0   78.83  263.9   10.1      --
125  04/07/2020  0400    37.0   31.0     4.8     0.000   0   78.63  243.8   10.0  no_inv
126  04/07/2020  0500    35.8   30.1     3.7     0.000   0   79.37  242.4    9.5      --
127  04/07/2020  0600    35.4   30.5     3.9     0.000   0   82.18  240.8    9.0      --
128  04/07/2020  0700    36.3   31.8     4.0     0.000   0   83.76  239.1    8.4      --
129  04/07/2020  0800    38.7   33.7     3.7     0.000   0   81.89  237.1    7.9      --
130  04/07/2020  0900    42.8   35.7     3.4     0.000   0   75.94  234.9    7.4      --
131  04/07/2020  1000    48.0   37.6     3.2     0.000   0   67.04  232.3    7.0    5762
132  04/07/2020  1100    53.5   38.8     2.8     0.000   0   57.49  233.6    6.1      --
133  04/07/2020  1200    58.2   39.3     2.4     0.000   0   49.33  235.2    5.2      --
134  04/07/2020  1300    61.8   39.3     2.0     0.000   0   43.47  237.5    4.3      --
135  04/07/2020  1400    63.6   38.5     1.6     0.000   0   39.49  241.0    3.5      --
136  04/07/2020  1500    64.5   36.5     1.2     0.000   0   35.29  246.8    2.6      --
137  04/07/2020  1600    65.0   33.9     0.8     0.000   0   31.41  257.8    1.8    8368
138  04/07/2020  1700    65.1   31.9     1.1     0.000   0   28.86  287.8    1.8      --
139  04/07/2020  1800    61.9   31.1     1.4     0.000   0   31.19  311.4    2.3      --
140  04/07/2020  1900    55.5   35.8     1.7     0.000   0   47.28  325.8    3.0      --
141  04/07/2020  2000    52.0   36.2     1.8     0.000   0   54.69  334.5    3.8      --
142  04/07/2020  2100    49.7   36.7     1.8     0.000   0   60.74  340.0    4.6      --
143  04/07/2020  2200    47.3   37.1     1.7     0.000   0   67.51  343.8    5.5     548
144  04/07/2020  2300    45.2   36.9     1.7     0.000   0   72.60  347.2    5.0      --
145  04/08/2020  0000    44.0   36.7     1.7     0.000   0   75.29  351.4    4.5      --
146  04/08/2020  0100    42.9   36.5     1.6     0.000   0   77.85  356.7    4.0      --
147  04/08/2020  0200    41.9   36.2     1.5     0.000   0   80.18    3.3    3.5      --
148  04/08/2020  0300    40.9   36.0     1.4     0.000   0   82.57   11.6    3.2      --
149  04/08/2020  0400    39.9   35.8     1.3     0.000   5   84.94   21.9    2.9  no_inv
150  04/08/2020  0500    39.2   35.8     1.5     0.000  10   87.63  358.3    2.4      --
151  04/08/2020  0600    38.7   36.0     1.8     0.000  10   90.03  330.7    2.5      --
152  04/08/2020  0700    39.5   36.7     2.0     0.000  10   89.86  309.0    3.0      --
153  04/08/2020  0800    41.6   37.7     2.2     0.000   5   86.00  295.2    3.9      --
154  04/08/2020  0900    45.2   38.8     2.5     0.000   0   78.27  286.7    4.8      --
155  04/08/2020  1000    50.0   39.9     2.7     0.000   0   68.08  281.1    5.9    2054
156  04/08/2020  1100    55.2   40.5     2.5     0.000   0   57.60  276.4    5.3      --
157  04/08/2020  1200    60.6   40.8     2.3     0.000   0   48.04  270.3    4.7      --
158  04/08/2020  1300    64.8   40.8     2.1     0.000   0   41.46  262.7    4.2      --
159  04/08/2020  1400    67.0   39.9     1.9     0.000   0   37.00  253.0    3.7      --
160  04/08/2020  1500    68.2   37.5     1.7     0.000   0   32.38  241.3    3.4      --
161  04/08/2020  1600    68.8   34.5     1.5     0.000   0   28.20  228.0    3.3    5883
162  04/08/2020  1700    69.0   32.2     2.5     0.000   0   25.47  232.1    4.6      --
163  04/08/2020  1800    67.4   31.2     3.5     0.000   0   25.91  234.5    5.8      --
164  04/08/2020  1900    64.2   36.6     4.5     0.000   0   35.94  236.0    7.1      --
165  04/08/2020  2000    62.4   35.5     5.5     0.000   0   36.56  237.0    8.4      --
166  04/08/2020  2100    60.1   33.1     6.5     0.000   0   36.11  237.7    9.7      --
167  04/08/2020  2200    57.7   30.7     7.5     0.000   0   35.67  238.3   11.0     448
