  Generated by FoxLW on Thursday April 2, 2020 at 02:32 PDT
-------------------------------------------------------------------------------
  Grandview NE
  46.2700:-119.8500  (46 16' 12.00"N  119 50' 60.00"W)  elev 984.3 feet    file: 300093
-------------------------------------------------------------------------------

Line#   Date     Hour   TempF  DewPtF WS(mph)  Rain(in) LW    RH%  WDir_50m WS_50m Inv(ft)
  5  04/02/2020  0400    35.8   21.8     6.6     0.000   0   56.34  343.1   10.7     250
  6  04/02/2020  0500    35.4   22.0     5.8     0.000   0   57.70  343.8    8.3      --
  7  04/02/2020  0600    35.0   22.4     4.9     0.000   0   59.61  344.9    6.0      --
  8  04/02/2020  0700    35.3   23.1     4.1     0.000   0   60.71  347.4    3.6      --
  9  04/02/2020  0800    36.4   28.5     3.3     0.000   0   72.82  360.0    1.2      --
 10  04/02/2020  0900    38.3   28.7     2.5     0.000   0   68.14  142.8    1.3      --
 11  04/02/2020  1000    40.9   28.7     1.6     0.000   0   61.54  154.6    3.6  no_inv
 12  04/02/2020  1100    43.9   28.7     1.6     0.000   0   54.77  159.4    3.5      --
 13  04/02/2020  1200    47.5   28.7     1.6     0.000   0   47.87  164.5    3.5      --
 14  04/02/2020  1300    50.2   28.7     1.6     0.000   0   43.20  169.7    3.4      --
 15  04/02/2020  1400    51.6   28.7     1.6     0.000   0   41.04  175.0    3.4      --
 16  04/02/2020  1500    50.1   31.4     1.6     0.000   0   48.43  180.4    3.4      --
 17  04/02/2020  1600    48.2   34.1     1.6     0.010   0   58.17  185.6    3.5  no_inv
 18  04/02/2020  1700    49.1   32.8     3.1     0.000   0   53.14  236.5    2.0      --
 19  04/02/2020  1800    48.5   31.6     4.6     0.000   0   51.76  291.0    3.3      --
 20  04/02/2020  1900    47.4   31.4     6.2     0.000   0   53.58  308.1    5.7      --
 21  04/02/2020  2000    46.7   30.8     7.7     0.000   0   53.65  314.9    8.2      --
 22  04/02/2020  2100    44.4   29.3     9.2     0.000   0   55.10  318.4   10.8      --
 23  04/02/2020  2200    42.0   27.3    10.8     0.000   0   55.52  320.5   13.5     911
 24  04/02/2020  2300    40.2   25.4     9.5     0.000   0   55.23  316.8   12.1      --
 25  04/03/2020  0000    39.1   24.4     8.2     0.000   0   55.18  312.0   10.7      --
 26  04/03/2020  0100    38.1   25.4     6.9     0.000   0   59.75  305.9    9.5      --
 27  04/03/2020  0200    37.2   26.4     5.7     0.000   0   64.77  298.1    8.4      --
 28  04/03/2020  0300    36.4   27.2     4.4     0.000   0   69.14  288.2    7.5      --
 29  04/03/2020  0400    35.7   28.7     3.1     0.000   0   75.41  276.1    6.8     509
 30  04/03/2020  0500    35.2   28.7     2.8     0.000   0   77.06  272.4    6.2      --
 31  04/03/2020  0600    34.8   28.7     2.6     0.000   0   78.11  267.8    5.5      --
 32  04/03/2020  0700    35.1   28.7     2.4     0.000   0   77.37  262.1    4.9      --
 33  04/03/2020  0800    36.0   28.7     2.1     0.000   0   74.60  254.9    4.4      --
 34  04/03/2020  0900    37.6   23.3     1.9     0.000   0   55.87  246.1    4.0      --
 35  04/03/2020  1000    39.9   19.5     1.7     0.000   0   43.42  235.3    3.7  no_inv
 36  04/03/2020  1100    42.7   19.3     3.5     0.000   0   38.68  260.4    5.1      --
 37  04/03/2020  1200    45.7   19.1     5.3     0.000   0   34.25  273.2    7.0      --
 38  04/03/2020  1300    48.3   19.9     7.1     0.000   0   32.02  280.3    9.1      --
 39  04/03/2020  1400    50.0   20.8     8.9     0.000   0   31.22  284.6   11.3      --
 40  04/03/2020  1500    51.1   21.4    10.7     0.000   0   30.84  287.6   13.6      --
 41  04/03/2020  1600    51.8   21.1    12.5     0.000   0   29.60  289.7   15.8    6737
 42  04/03/2020  1700    52.3   21.2    12.2     0.000   0   29.29  293.6   15.4      --
 43  04/03/2020  1800    50.8   20.8    12.0     0.000   0   30.37  297.8   15.1      --
 44  04/03/2020  1900    47.8   21.1    11.8     0.000   0   34.41  302.1   14.8      --
 45  04/03/2020  2000    46.1   21.1    11.5     0.000   0   36.72  306.6   14.7      --
 46  04/03/2020  2100    43.8   21.3    11.3     0.000   0   40.45  311.1   14.6      --
 47  04/03/2020  2200    41.5   21.8    11.1     0.000   0   45.10  315.6   14.6  no_inv
 48  04/03/2020  2300    39.8   22.5     9.5     0.000   0   49.68  315.0   12.7      --
 49  04/04/2020  0000    39.0   22.8     7.9     0.000   0   51.68  314.2   10.8      --
 50  04/04/2020  0100    38.3   22.3     6.3     0.000   0   52.17  313.0    8.9      --
 51  04/04/2020  0200    37.6   22.0     4.7     0.000   0   52.81  311.1    7.0      --
 52  04/04/2020  0300    37.0   21.7     3.1     0.000   0   53.59  307.9    5.1      --
 53  04/04/2020  0400    36.4   21.2     1.5     0.000   0   53.77  301.1    3.3    6025
 54  04/04/2020  0500    35.9   21.2     1.5     0.000   0   54.86  302.8    2.2      --
 55  04/04/2020  0600    35.5   21.2     1.5     0.000   0   55.60  307.8    1.1      --
 56  04/04/2020  0700    35.9   21.2     1.5     0.000   0   54.82   21.8    0.2      --
 57  04/04/2020  0800    37.1   21.2     1.5     0.000   0   52.29  107.0    1.1      --
 58  04/04/2020  0900    39.2   20.9     1.5     0.000   0   47.43  112.3    2.2      --
 59  04/04/2020  1000    42.0   20.6     1.5     0.000   0   42.12  114.1    3.2    7235
 60  04/04/2020  1100    45.0   20.4     1.8     0.000   0   37.05   91.7    3.2      --
 61  04/04/2020  1200    47.8   20.1     2.1     0.000   0   33.08   72.4    3.7      --
 62  04/04/2020  1300    50.1   19.9     2.5     0.000   0   30.10   58.5    4.5      --
 63  04/04/2020  1400    51.4   19.8     2.8     0.000   0   28.48   49.2    5.5      --
 64  04/04/2020  1500    52.2   19.7     3.1     0.000   0   27.48   42.7    6.5      --
 65  04/04/2020  1600    52.8   19.6     3.5     0.000   0   26.88   38.1    7.7  no_inv
 66  04/04/2020  1700    53.2   19.8     3.8     0.000   0   26.67   32.4    7.9      --
 67  04/04/2020  1800    52.9   20.2     4.2     0.000   0   27.44   27.1    8.2      --
 68  04/04/2020  1900    52.0   19.9     4.6     0.000   0   28.00   22.2    8.6      --
 69  04/04/2020  2000    51.0   19.9     5.0     0.000   0   28.99   17.8    9.0      --
 70  04/04/2020  2100    50.1   20.5     5.4     0.000   0   30.82   13.8    9.5      --
 71  04/04/2020  2200    49.2   21.5     5.8     0.000   0   33.16   10.2   10.0     451
 72  04/04/2020  2300    47.5   19.9     5.0     0.000   0   33.04   10.5    8.7      --
 73  04/05/2020  0000    46.3   19.9     4.2     0.000   0   34.63   10.9    7.5      --
 74  04/05/2020  0100    45.2   19.9     3.4     0.000   0   36.09   11.5    6.2      --
 75  04/05/2020  0200    44.3   19.9     2.6     0.000   0   37.37   12.4    4.9      --
 76  04/05/2020  0300    43.5   19.9     1.9     0.000   0   38.43   14.0    3.6      --
 77  04/05/2020  0400    43.0   19.9     1.1     0.000   0   39.23   17.4    2.3     464
 78  04/05/2020  0500    42.7   19.9     1.3     0.000   0   39.75   20.4    2.9      --
 79  04/05/2020  0600    42.5   19.9     1.5     0.000   0   40.05   22.5    3.4      --
 80  04/05/2020  0700    42.5   19.9     1.8     0.000   0   39.91   24.1    3.9      --
 81  04/05/2020  0800    43.1   19.9     2.0     0.000   0   39.12   25.3    4.4      --
 82  04/05/2020  0900    44.0   25.3     2.2     0.000   0   47.30   26.2    4.9      --
 83  04/05/2020  1000    45.5   30.7     2.5     0.000   0   55.85   27.0    5.5  no_inv
 84  04/05/2020  1100    48.4   30.8     2.5     0.000   0   50.41   31.8    5.5      --
 85  04/05/2020  1200    53.4   30.8     2.6     0.000   0   41.97   36.4    5.7      --
 86  04/05/2020  1300    57.6   30.8     2.7     0.000   0   36.02   40.8    5.8      --
 87  04/05/2020  1400    59.6   30.8     2.8     0.000   0   33.47   45.0    6.0      --
 88  04/05/2020  1500    60.7   30.8     2.8     0.000   0   32.23   48.9    6.2      --
 89  04/05/2020  1600    61.0   30.8     2.9     0.000   0   31.93   52.5    6.4  no_inv
 90  04/05/2020  1700    59.7   30.8     3.8     0.000   0   33.43   35.0    6.1      --
 91  04/05/2020  1800    58.6   30.8     4.6     0.000   0   34.72   16.9    6.3      --
 92  04/05/2020  1900    56.5   31.1     5.5     0.000   0   37.97    1.6    7.1      --
 93  04/05/2020  2000    55.3   31.7     6.3     0.000   0   40.57  349.9    8.2      --
 94  04/05/2020  2100    52.9   32.3     7.2     0.000   0   45.25  341.4    9.7      --
 95  04/05/2020  2200    50.6   32.9     8.0     0.000   0   50.52  335.2   11.2  no_inv
 96  04/05/2020  2300    49.0   32.9     8.5     0.000   0   53.63  338.1   11.8      --
 97  04/06/2020  0000    47.8   33.0     8.9     0.000   0   56.07  340.8   12.3      --
 98  04/06/2020  0100    46.8   33.0     9.3     0.000   0   58.45  343.3   12.8      --
 99  04/06/2020  0200    45.8   33.0     9.8     0.000   0   60.68  345.6   13.4      --
100  04/06/2020  0300    44.9   32.9    10.2     0.000   0   62.49  347.6   14.0      --
101  04/06/2020  0400    44.2   32.8    10.7     0.000   0   63.80  349.5   14.6     588
102  04/06/2020  0500    43.7   33.0     9.4     0.000   0   65.70  344.3   12.5      --
103  04/06/2020  0600    43.4   33.0     8.2     0.000   0   66.43  337.0   10.5      --
104  04/06/2020  0700    43.7   32.2     6.9     0.000   0   63.73  326.7    8.8      --
105  04/06/2020  0800    44.6   30.9     5.7     0.000   0   58.46  312.1    7.5      --
106  04/06/2020  0900    46.2   30.9     4.4     0.000   0   54.87  293.1    6.8      --
107  04/06/2020  1000    48.5   30.9     3.2     0.000   0   50.30  272.9    7.0  no_inv
108  04/06/2020  1100    51.4   30.9     3.3     0.000   0   45.18  275.5    7.2      --
109  04/06/2020  1200    54.6   30.9     3.4     0.000   0   40.16  278.1    7.3      --
110  04/06/2020  1300    57.3   30.8     3.5     0.000   0   36.37  280.5    7.5      --
111  04/06/2020  1400    58.8   30.8     3.6     0.000   0   34.46  282.9    7.7      --
112  04/06/2020  1500    59.8   30.8     3.7     0.000   0   33.21  285.1    7.9      --
113  04/06/2020  1600    60.5   30.8     3.8     0.000   0   32.46  287.2    8.1  no_inv
114  04/06/2020  1700    60.7   30.8     4.9     0.000   0   32.11  280.7    8.8      --
115  04/06/2020  1800    58.8   30.7     6.1     0.000   0   34.24  275.2    9.6      --
116  04/06/2020  1900    54.8   32.1     7.3     0.000   0   41.78  270.6   10.4      --
117  04/06/2020  2000    52.7   32.2     8.4     0.000   0   45.57  266.7   11.3      --
118  04/06/2020  2100    50.3   32.0     9.6     0.000   0   49.16  263.4   12.3      --
119  04/06/2020  2200    48.0   31.4    10.8     0.000   0   52.48  260.5   13.3     808
120  04/06/2020  2300    47.0   31.4     9.5     0.000   0   54.52  263.7   11.9      --
121  04/07/2020  0000    46.5   31.1     8.1     0.000   0   54.94  267.6   10.6      --
122  04/07/2020  0100    45.9   30.9     6.8     0.000   0   55.46  272.7    9.4      --
123  04/07/2020  0200    45.3   30.8     5.5     0.000   0   56.46  279.2    8.2      --
124  04/07/2020  0300    44.8   30.8     4.2     0.000   0   57.64  287.7    7.2      --
125  04/07/2020  0400    44.2   30.8     2.9     0.000   0   58.90  298.7    6.4     871
126  04/07/2020  0500    43.8   30.8     2.7     0.000   0   60.02  294.4    5.8      --
127  04/07/2020  0600    43.4   30.8     2.5     0.000   0   60.80  289.2    5.3      --
128  04/07/2020  0700    43.7   30.8     2.3     0.000   0   60.08  283.0    4.9      --
129  04/07/2020  0800    44.8   28.0     2.2     0.000   0   51.51  275.6    4.5      --
130  04/07/2020  0900    46.6   27.7     2.0     0.000   0   47.45  267.0    4.2      --
131  04/07/2020  1000    49.2   27.4     1.8     0.000   0   42.48  257.3    4.0    5495
132  04/07/2020  1100    52.5   27.1     3.3     0.000   0   37.19  276.5    5.1      --
133  04/07/2020  1200    57.5   26.8     4.8     0.000   0   30.68  288.0    6.5      --
134  04/07/2020  1300    61.8   27.2     6.2     0.000   0   26.78  295.2    8.1      --
135  04/07/2020  1400    64.2   27.8     7.7     0.000   0   25.18  300.0    9.8      --
136  04/07/2020  1500    65.4   28.5     9.2     0.000   0   24.81  303.3   11.6      --
137  04/07/2020  1600    66.1   28.9    10.6     0.000   0   24.66  305.8   13.3    8108
138  04/07/2020  1700    66.2   29.2     9.6     0.000   0   24.83  302.9   12.5      --
139  04/07/2020  1800    63.7   28.4     8.5     0.000   0   26.27  299.6   11.7      --
140  04/07/2020  1900    58.6   28.6     7.5     0.000   0   31.66  295.9   11.0      --
141  04/07/2020  2000    55.8   28.2     6.4     0.000   0   34.58  291.7   10.3      --
142  04/07/2020  2100    53.4   28.1     5.3     0.000   0   37.44  286.9    9.7      --
143  04/07/2020  2200    51.1   28.2     4.3     0.000   0   40.92  281.4    9.1     279
144  04/07/2020  2300    49.4   28.2     5.0     0.000   0   43.54  292.3    8.8      --
145  04/08/2020  0000    48.9   28.0     5.7     0.000   0   44.12  303.7    8.7      --
146  04/08/2020  0100    48.4   27.9     6.4     0.000   0   44.71  314.7    9.0      --
147  04/08/2020  0200    47.8   27.7     7.1     0.000   0   45.29  324.7    9.6      --
148  04/08/2020  0300    47.3   27.5     7.8     0.000   0   45.84  333.2   10.5      --
149  04/08/2020  0400    46.8   27.4     8.5     0.000   0   46.61  340.4   11.6     305
150  04/08/2020  0500    46.3   27.6     7.5     0.000   0   47.79  336.0   10.2      --
151  04/08/2020  0600    46.0   27.9     6.5     0.000   0   49.00  330.5    8.9      --
152  04/08/2020  0700    46.4   28.1     5.5     0.000   0   48.65  323.1    7.8      --
153  04/08/2020  0800    47.6   26.4     4.5     0.000   0   43.28  313.4    6.8      --
154  04/08/2020  0900    49.7   29.2     3.5     0.000   0   45.04  300.8    6.0      --
155  04/08/2020  1000    52.5   29.2     2.5     0.000   0   40.50  285.6    5.6    5643
156  04/08/2020  1100    56.0   29.2     2.5     0.000   0   35.73  283.3    5.5      --
157  04/08/2020  1200    60.7   29.2     2.5     0.000   0   30.21  280.9    5.4      --
158  04/08/2020  1300    64.5   29.2     2.4     0.000   0   26.37  278.4    5.3      --
159  04/08/2020  1400    66.6   29.2     2.3     0.000   0   24.53  275.7    5.2      --
160  04/08/2020  1500    67.7   29.2     2.3     0.000   0   23.67  273.0    5.1      --
161  04/08/2020  1600    68.2   29.2     2.3     0.000   0   23.25  270.2    5.0    7326
162  04/08/2020  1700    68.3   29.2     2.2     0.000   0   23.17  275.3    4.7      --
163  04/08/2020  1800    67.1   29.2     2.1     0.000   0   24.13  281.1    4.4      --
164  04/08/2020  1900    64.7   29.2     2.0     0.000   0   26.25  287.4    4.2      --
165  04/08/2020  2000    63.3   29.2     2.0     0.000   0   27.51  294.3    4.1      --
166  04/08/2020  2100    61.0   29.2     1.9     0.000   0   29.87  301.6    4.0      --
167  04/08/2020  2200    58.7   29.2     1.8     0.000   0   32.47  309.0    4.0     873
