  Generated by FoxLW on Thursday April 2, 2020 at 02:32 PDT
-------------------------------------------------------------------------------
  St. John
  47.0800:-117.5900  (47 4' 48.00"N  117 35' 24.00"W)  elev 2129.3 feet    file: 300043
-------------------------------------------------------------------------------

Line#   Date     Hour   TempF  DewPtF WS(mph)  Rain(in) LW    RH%  WDir_50m WS_50m Inv(ft)
  5  04/02/2020  0400    30.4   25.2     1.0     0.000  10   80.72  175.1    2.2     540
  6  04/02/2020  0500    29.9   25.1     2.0     0.000  10   81.86  214.9    2.8      --
  7  04/02/2020  0600    29.6   24.8     3.1     0.000  10   81.94  234.1    4.2      --
  8  04/02/2020  0700    29.8   24.3     4.1     0.000  10   79.58  243.3    5.8      --
  9  04/02/2020  0800    30.7   21.6     5.2     0.000   5   68.61  248.5    7.4      --
 10  04/02/2020  0900    32.4   20.9     6.3     0.000   0   62.15  251.7    9.2      --
 11  04/02/2020  1000    34.7   20.1     7.3     0.000   0   54.67  253.9   10.9  no_inv
 12  04/02/2020  1100    37.8   19.3     7.5     0.000   0   46.83  257.0   10.9      --
 13  04/02/2020  1200    41.8   18.5     7.7     0.000   0   38.83  260.1   11.0      --
 14  04/02/2020  1300    44.9   18.6     7.9     0.000   0   34.50  263.2   11.1      --
 15  04/02/2020  1400    46.3   19.0     8.1     0.000   0   33.25  266.2   11.2      --
 16  04/02/2020  1500    47.1   19.7     8.4     0.000   0   33.36  269.1   11.3      --
 17  04/02/2020  1600    47.3   20.6     8.6     0.000   0   34.34  271.9   11.5  no_inv
 18  04/02/2020  1700    46.4   20.6     9.1     0.000   0   35.53  260.0   10.9      --
 19  04/02/2020  1800    44.6   20.2     9.7     0.000   0   37.50  247.1   10.7      --
 20  04/02/2020  1900    43.5   20.2    10.2     0.000   0   38.87  234.6   11.1      --
 21  04/02/2020  2000    41.2   20.6    10.8     0.000   0   43.29  223.4   12.0      --
 22  04/02/2020  2100    38.9   21.3    11.3     0.000   0   48.89  214.0   13.3      --
 23  04/02/2020  2200    36.5   22.1    11.9     0.000   0   55.41  206.4   14.9  no_inv
 24  04/02/2020  2300    35.2   23.3    10.6     0.000   0   61.56  208.6   13.8      --
 25  04/03/2020  0000    34.4   24.6     9.3     0.000   0   66.92  211.2   12.8      --
 26  04/03/2020  0100    33.7   25.4     8.0     0.000   0   71.15  214.2   11.8      --
 27  04/03/2020  0200    33.0   23.4     6.7     0.000   0   67.40  217.7   10.9      --
 28  04/03/2020  0300    32.4   22.0     5.4     0.000   0   65.14  221.9   10.0      --
 29  04/03/2020  0400    31.9   21.1     4.1     0.000   0   63.93  226.8    9.2     471
 30  04/03/2020  0500    31.5   23.0     6.5     0.000   0   70.59  228.6   11.5      --
 31  04/03/2020  0600    31.2   26.0     8.9     0.000   0   80.84  229.7   13.8      --
 32  04/03/2020  0700    31.3   25.1    11.3     0.000   0   77.31  230.6   16.1      --
 33  04/03/2020  0800    32.0   22.8    13.6     0.000   0   68.63  231.2   18.4      --
 34  04/03/2020  0900    33.1   22.0    16.0     0.000   0   63.41  231.7   20.7      --
 35  04/03/2020  1000    34.7   21.2    18.4     0.000   0   57.33  232.1   23.0  no_inv
 36  04/03/2020  1100    36.9   20.4    18.3     0.000   0   50.73  235.7   22.6      --
 37  04/03/2020  1200    39.5   19.6    18.2     0.000   0   44.31  239.4   22.4      --
 38  04/03/2020  1300    41.7   18.9    18.1     0.000   0   39.50  243.2   22.2      --
 39  04/03/2020  1400    43.0   18.4    18.0     0.000   0   36.85  247.0   22.1      --
 40  04/03/2020  1500    43.8   18.1    17.9     0.000   0   35.14  250.9   22.1      --
 41  04/03/2020  1600    44.3   18.0    17.8     0.000   0   34.31  254.7   22.2  no_inv
 42  04/03/2020  1700    44.0   18.1    17.4     0.000   0   34.84  263.2   20.0      --
 43  04/03/2020  1800    43.5   18.4    17.0     0.000   0   36.09  273.5   18.4      --
 44  04/03/2020  1900    43.1   18.8    16.7     0.000   0   37.28  285.3   17.5      --
 45  04/03/2020  2000    40.8   19.4    16.3     0.000   0   41.88  297.9   17.4      --
 46  04/03/2020  2100    38.4   20.1    15.9     0.000   0   47.28  310.0   18.0      --
 47  04/03/2020  2200    36.1   20.9    15.6     0.000   0   53.55  320.8   19.5     386
 48  04/03/2020  2300    34.8   21.6    14.0     0.000   0   58.26  313.5   15.4      --
 49  04/04/2020  0000    33.9   22.4    12.4     0.000   0   62.25  301.2   11.7      --
 50  04/04/2020  0100    33.0   24.5    10.8     0.000   0   70.52  280.0    9.0      --
 51  04/04/2020  0200    32.2   25.4     9.1     0.000   0   75.80  249.2    8.3      --
 52  04/04/2020  0300    31.5   24.9     7.5     0.000   0   76.34  221.6    9.9      --
 53  04/04/2020  0400    30.8   23.1     5.9     0.000   0   72.79  204.6   13.1     332
 54  04/04/2020  0500    30.3   22.0     5.4     0.000   0   70.87  201.8   11.8      --
 55  04/04/2020  0600    30.0   21.4     4.9     0.000   0   69.87  198.3   10.6      --
 56  04/04/2020  0700    30.2   20.4     4.4     0.000   0   66.52  194.0    9.4      --
 57  04/04/2020  0800    31.2   22.8     3.9     0.000   0   70.52  188.4    8.2      --
 58  04/04/2020  0900    33.0   22.2     3.3     0.000   0   64.08  181.1    7.2      --
 59  04/04/2020  1000    35.7   21.7     2.8     0.000   0   56.35  171.6    6.3    5759
 60  04/04/2020  1100    39.2   21.2     2.8     0.000   0   47.99  160.2    5.4      --
 61  04/04/2020  1200    44.3   20.6     2.9     0.000   0   38.50  145.3    4.8      --
 62  04/04/2020  1300    48.8   20.2     2.9     0.000   0   31.98  127.7    4.6      --
 63  04/04/2020  1400    51.1   19.9     2.9     0.000   0   28.91  110.3    4.9      --
 64  04/04/2020  1500    52.4   19.7     2.9     0.000   0   27.32   95.8    5.5      --
 65  04/04/2020  1600    53.0   19.6     2.9     0.000   0   26.59   84.8    6.4  no_inv
 66  04/04/2020  1700    52.3   19.8     4.3     0.000   0   27.59   87.8    7.9      --
 67  04/04/2020  1800    50.8   20.9     5.7     0.000   0   30.45   89.9    9.4      --
 68  04/04/2020  1900    50.0   22.7     7.1     0.000   0   33.89   91.3   10.9      --
 69  04/04/2020  2000    47.7   25.1     8.5     0.000   0   40.97   92.5   12.4      --
 70  04/04/2020  2100    45.3   29.2     9.9     0.000   0   53.05   93.4   13.9      --
 71  04/04/2020  2200    43.0   34.6    11.3     0.010   0   72.14   94.1   15.4  no_inv
 72  04/04/2020  2300    41.5   32.2    10.2     0.000   0   69.26   96.1   14.5      --
 73  04/05/2020  0000    40.7   34.0     9.1     0.000   0   76.99   98.4   13.5      --
 74  04/05/2020  0100    39.9   36.1     7.9     0.010   0   86.18  101.1   12.6      --
 75  04/05/2020  0200    39.3   33.5     6.8     0.000   0   79.47  104.2   11.7      --
 76  04/05/2020  0300    38.7   31.4     5.7     0.000   0   74.63  107.7   10.9      --
 77  04/05/2020  0400    38.2   31.3     4.5     0.020   0   75.69  111.9   10.1    2344
 78  04/05/2020  0500    35.9   26.3     4.3     0.000   0   67.59  119.8    8.8      --
 79  04/05/2020  0600    36.1   27.7     4.2     0.030   0   71.39  130.1    7.8      --
 80  04/05/2020  0700    35.6   26.8     4.0     0.020   0   70.03  143.1    7.0      --
 81  04/05/2020  0800    38.6   32.2     3.8     0.040   7   77.62  158.1    6.7      --
 82  04/05/2020  0900    38.5   34.3     3.6     0.000   0   84.66  173.5    6.9      --
 83  04/05/2020  1000    38.9   35.3     3.4     0.080  10   86.77  187.1    7.5  no_inv
 84  04/05/2020  1100    40.8   36.6     2.9     0.000   5   84.60  187.5    6.4      --
 85  04/05/2020  1200    46.5   35.5     2.3     0.000   0   65.37  188.1    5.2      --
 86  04/05/2020  1300    53.5   31.6     1.8     0.000   0   43.05  189.1    4.1      --
 87  04/05/2020  1400    55.8   31.5     1.3     0.000   0   39.43  190.8    2.9      --
 88  04/05/2020  1500    56.7   31.3     0.8     0.000   0   37.95  194.9    1.7      --
 89  04/05/2020  1600    56.5   31.3     0.3     0.000   0   38.19  213.6    0.6  no_inv
 90  04/05/2020  1700    54.2   31.4     1.6     0.000   0   41.49  137.2    3.0      --
 91  04/05/2020  1800    49.7   31.8     2.9     0.000   0   49.89  131.3    6.0      --
 92  04/05/2020  1900    47.2   31.8     4.2     0.000   0   54.78  129.3    8.9      --
 93  04/05/2020  2000    44.9   32.1     5.4     0.000   0   60.68  128.2   11.9      --
 94  04/05/2020  2100    42.5   33.4     6.7     0.000   0   69.76  127.6   14.8      --
 95  04/05/2020  2200    40.2   35.0     8.0     0.000   0   81.42  127.2   17.8     888
 96  04/05/2020  2300    38.9   34.8     7.5     0.000   0   84.94  127.8   16.6      --
 97  04/06/2020  0000    38.8   34.3     6.9     0.000   0   83.76  128.4   15.4      --
 98  04/06/2020  0100    38.7   33.8     6.4     0.000   0   82.43  129.1   14.1      --
 99  04/06/2020  0200    38.4   33.0     5.8     0.000   0   80.95  129.9   12.9      --
100  04/06/2020  0300    38.0   32.2     5.3     0.000   0   79.37  131.0   11.7      --
101  04/06/2020  0400    37.6   31.8     4.7     0.000   0   79.20  132.2   10.5     771
102  04/06/2020  0500    37.2   31.8     4.2     0.000   0   80.57  135.8    9.1      --
103  04/06/2020  0600    36.9   31.8     3.7     0.000   0   81.51  140.7    7.7      --
104  04/06/2020  0700    37.1   31.8     3.2     0.000   0   81.00  147.6    6.4      --
105  04/06/2020  0800    37.8   32.7     2.7     0.000   0   81.65  157.7    5.3      --
106  04/06/2020  0900    39.0   31.7     2.2     0.000   0   74.75  172.7    4.4      --
107  04/06/2020  1000    40.8   30.7     1.8     0.000   0   66.78  193.2    3.9    3376
108  04/06/2020  1100    43.5   29.6     4.1     0.000   0   57.86  231.1    5.2      --
109  04/06/2020  1200    46.9   28.7     6.5     0.000   0   48.93  249.2    7.7      --
110  04/06/2020  1300    49.8   28.5     8.8     0.000   0   43.39  257.9   10.6      --
111  04/06/2020  1400    51.6   28.4    11.2     0.000   0   40.66  262.9   13.7      --
112  04/06/2020  1500    52.8   27.9    13.6     0.000   0   37.99  266.0   16.8      --
113  04/06/2020  1600    53.5   26.8    15.9     0.000   0   35.30  268.1   19.9    7982
114  04/06/2020  1700    52.4   26.7    16.0     0.000   0   36.78  271.2   19.9      --
115  04/06/2020  1800    50.1   26.8    16.1     0.000   0   40.18  274.4   19.9      --
116  04/06/2020  1900    48.8   26.9    16.1     0.000   0   42.32  277.5   19.9      --
117  04/06/2020  2000    46.4   27.0    16.2     0.000   0   46.48  280.5   20.0      --
118  04/06/2020  2100    44.1   27.2    16.3     0.000   0   51.13  283.6   20.2      --
119  04/06/2020  2200    41.8   27.4    16.4     0.000   0   56.34  286.6   20.5     374
120  04/06/2020  2300    40.0   27.5    15.1     0.000   0   60.84  278.2   18.8      --
121  04/07/2020  0000    38.7   27.7    13.8     0.000   0   64.42  268.4   17.7      --
122  04/07/2020  0100    37.4   27.9    12.5     0.000   0   68.10  257.7   17.1      --
123  04/07/2020  0200    36.2   29.5    11.2     0.000   0   76.25  246.6   17.1      --
124  04/07/2020  0300    35.1   30.0     9.9     0.000   0   81.40  236.0   17.8      --
125  04/07/2020  0400    34.2   30.0     8.6     0.000   0   84.51  226.5   19.0     450
126  04/07/2020  0500    33.5   30.1     8.9     0.000   0   87.15  226.5   18.0      --
127  04/07/2020  0600    33.1   30.1     9.2     0.000   0   88.79  226.6   17.1      --
128  04/07/2020  0700    33.7   30.2     9.5     0.000   0   87.05  226.7   16.1      --
129  04/07/2020  0800    35.4   28.3     9.9     0.000   0   75.20  226.8   15.1      --
130  04/07/2020  0900    38.3   28.5    10.2     0.000   0   67.36  226.9   14.1      --
131  04/07/2020  1000    42.2   28.6    10.5     0.000   0   58.30  227.0   13.1    3561
132  04/07/2020  1100    46.6   28.8     9.1     0.000   0   49.65  226.3   11.7      --
133  04/07/2020  1200    51.1   28.9     7.7     0.000   0   42.23  225.5   10.3      --
134  04/07/2020  1300    54.4   29.2     6.3     0.000   0   37.78  224.4    8.8      --
135  04/07/2020  1400    56.0   29.2     4.9     0.000   0   35.65  222.9    7.4      --
136  04/07/2020  1500    56.8   29.2     3.5     0.000   0   34.63  220.7    6.0      --
137  04/07/2020  1600    57.1   29.2     2.1     0.000   0   34.24  217.2    4.6    7002
138  04/07/2020  1700    56.4   29.2     1.9     0.000   0   35.17  219.3    4.2      --
139  04/07/2020  1800    54.9   29.4     1.8     0.000   0   37.48  221.8    3.9      --
140  04/07/2020  1900    54.1   29.4     1.6     0.000   0   38.63  224.8    3.6      --
141  04/07/2020  2000    51.7   29.4     1.5     0.000   0   42.09  228.4    3.2      --
142  04/07/2020  2100    49.4   29.4     1.3     0.000   0   45.91  232.7    2.9      --
143  04/07/2020  2200    47.0   29.4     1.2     0.000   0   50.11  238.0    2.7     631
144  04/07/2020  2300    44.8   29.4     1.6     0.000   0   54.50  201.4    1.7      --
145  04/08/2020  0000    43.3   29.4     2.0     0.000   0   57.77  148.3    2.0      --
146  04/08/2020  0100    41.9   29.4     2.4     0.000   0   60.90  124.1    3.2      --
147  04/08/2020  0200    40.7   29.4     2.8     0.000   0   63.76  114.3    4.8      --
148  04/08/2020  0300    39.8   29.4     3.2     0.000   0   66.25  109.3    6.3      --
149  04/08/2020  0400    39.0   29.4     3.6     0.000   0   68.27  106.3    7.9  no_inv
150  04/08/2020  0500    38.5   29.4     3.3     0.000   0   69.71  110.9    7.2      --
151  04/08/2020  0600    38.1   29.4     3.1     0.000   0   70.63  116.4    6.4      --
152  04/08/2020  0700    38.8   29.4     2.8     0.000   0   68.67  123.4    5.8      --
153  04/08/2020  0800    40.8   29.9     2.6     0.000   0   64.92  132.0    5.2      --
154  04/08/2020  0900    44.0   29.9     2.3     0.000   0   57.32  142.3    4.8      --
155  04/08/2020  1000    48.2   29.9     2.1     0.000   0   48.94  154.0    4.6    6235
156  04/08/2020  1100    52.7   29.9     2.2     0.000   0   41.42  169.7    4.2      --
157  04/08/2020  1200    56.9   29.9     2.4     0.000   0   35.53  187.2    4.1      --
158  04/08/2020  1300    60.1   29.9     2.6     0.000   0   31.73  203.6    4.4      --
159  04/08/2020  1400    61.7   29.9     2.7     0.000   0   29.96  216.9    5.0      --
160  04/08/2020  1500    62.5   29.9     2.9     0.000   0   29.16  226.9    5.9      --
161  04/08/2020  1600    62.8   29.9     3.1     0.000   0   28.81  234.3    6.8    6231
162  04/08/2020  1700    62.8   29.9     5.0     0.000   0   28.81  234.9    8.7      --
163  04/08/2020  1800    61.4   29.9     6.9     0.000   0   30.33  235.3   10.6      --
164  04/08/2020  1900    58.4   31.9     8.8     0.000   0   36.56  235.6   12.6      --
165  04/08/2020  2000    56.8   31.7    10.8     0.000   0   38.37  235.8   14.5      --
166  04/08/2020  2100    54.4   29.9    12.7     0.000   0   38.92  235.9   16.4      --
167  04/08/2020  2200    52.1   29.9    14.6     0.000   0   42.40  236.0   18.3  no_inv
