  Generated by FoxLW on Thursday April 2, 2020 at 02:32 PDT
-------------------------------------------------------------------------------
  WSU Prosser
  46.2600:-119.7400  (46 15' 36.00"N  119 44' 24.00"W)  elev 928.5 feet    file: 300033
-------------------------------------------------------------------------------

Line#   Date     Hour   TempF  DewPtF WS(mph)  Rain(in) LW    RH%  WDir_50m WS_50m Inv(ft)
  5  04/02/2020  0400    36.1   21.0     6.2     0.000   0   53.84  349.5   10.3     305
  6  04/02/2020  0500    35.6   21.1     5.5     0.000   0   55.16  349.5    7.9      --
  7  04/02/2020  0600    35.3   21.6     4.7     0.000   0   57.04  349.5    5.6      --
  8  04/02/2020  0700    35.6   27.0     4.0     0.000   0   70.69  349.5    3.2      --
  9  04/02/2020  0800    36.6   28.3     3.2     0.000   0   71.54  349.6    0.8      --
 10  04/02/2020  0900    38.5   28.3     2.5     0.000   0   66.38  169.5    1.5      --
 11  04/02/2020  1000    41.2   28.3     1.8     0.000   0   59.96  169.5    3.9  no_inv
 12  04/02/2020  1100    44.2   28.3     1.8     0.000   0   53.36  175.0    4.0      --
 13  04/02/2020  1200    47.8   28.3     1.9     0.000   0   46.60  180.3    4.1      --
 14  04/02/2020  1300    50.5   28.3     1.9     0.000   0   42.04  185.4    4.2      --
 15  04/02/2020  1400    51.9   28.3     2.0     0.000   0   39.92  190.2    4.3      --
 16  04/02/2020  1500    50.0   31.6     2.1     0.000   0   48.94  194.6    4.5      --
 17  04/02/2020  1600    47.6   34.9     2.1     0.020   0   61.11  198.8    4.7  no_inv
 18  04/02/2020  1700    48.5   33.7     3.0     0.000   0   56.42  226.4    3.8      --
 19  04/02/2020  1800    48.2   32.7     3.9     0.000   0   54.85  259.0    4.0      --
 20  04/02/2020  1900    46.4   32.1     4.8     0.000   0   57.39  281.5    5.3      --
 21  04/02/2020  2000    45.0   32.0     5.7     0.000   0   60.07  294.3    7.0      --
 22  04/02/2020  2100    43.2   31.0     6.6     0.000   0   61.96  301.7    8.9      --
 23  04/02/2020  2200    42.3   31.3     7.4     0.000   0   64.74  306.5   11.0     972
 24  04/02/2020  2300    40.4   30.3     6.8     0.000   0   66.87  302.1   10.1      --
 25  04/03/2020  0000    39.4   30.0     6.1     0.000   0   68.88  296.9    9.4      --
 26  04/03/2020  0100    38.4   29.9     5.4     0.000   0   71.19  290.8    8.7      --
 27  04/03/2020  0200    37.4   30.3     4.7     0.000   0   75.03  283.8    8.1      --
 28  04/03/2020  0300    36.6   30.0     4.0     0.000   0   76.57  275.8    7.7      --
 29  04/03/2020  0400    35.9   29.7     3.3     0.000   0   77.91  267.1    7.4     744
 30  04/03/2020  0500    35.3   29.1     3.2     0.000   0   77.78  264.2    6.9      --
 31  04/03/2020  0600    35.0   29.0     3.0     0.000   0   78.44  260.9    6.5      --
 32  04/03/2020  0700    35.2   28.9     2.8     0.000   0   77.34  257.1    6.1      --
 33  04/03/2020  0800    36.2   28.8     2.6     0.000   0   74.45  252.8    5.7      --
 34  04/03/2020  0900    37.7   23.4     2.5     0.000   0   56.01  247.9    5.4      --
 35  04/03/2020  1000    40.3   19.5     2.3     0.000   0   42.84  242.4    5.1  no_inv
 36  04/03/2020  1100    43.2   19.2     3.1     0.000   0   37.89  252.4    5.8      --
 37  04/03/2020  1200    46.0   18.9     3.8     0.000   0   33.48  260.0    6.7      --
 38  04/03/2020  1300    48.6   19.5     4.6     0.000   0   31.25  265.7    7.7      --
 39  04/03/2020  1400    50.2   20.4     5.4     0.000   0   30.45  270.1    8.7      --
 40  04/03/2020  1500    51.2   21.3     6.2     0.000   0   30.54  273.5    9.8      --
 41  04/03/2020  1600    51.9   22.3     7.0     0.000   0   31.04  276.2   10.9   10586
 42  04/03/2020  1700    52.4   22.3     7.8     0.000   0   30.52  284.1   11.3      --
 43  04/03/2020  1800    51.0   21.3     8.6     0.000   0   30.89  291.3   11.8      --
 44  04/03/2020  1900    48.0   21.5     9.5     0.000   0   34.67  297.8   12.6      --
 45  04/03/2020  2000    46.4   21.2    10.3     0.000   0   36.36  303.5   13.4      --
 46  04/03/2020  2100    44.1   20.9    11.2     0.000   0   39.32  308.5   14.4      --
 47  04/03/2020  2200    41.7   21.0    12.0     0.000   0   43.19  312.8   15.5     822
 48  04/03/2020  2300    40.1   21.6    10.2     0.000   0   47.27  312.5   13.2      --
 49  04/04/2020  0000    39.5   22.4     8.3     0.000   0   50.01  312.1   11.0      --
 50  04/04/2020  0100    38.8   22.0     6.5     0.000   0   50.35  311.5    8.8      --
 51  04/04/2020  0200    38.2   21.6     4.7     0.000   0   50.85  310.5    6.6      --
 52  04/04/2020  0300    37.6   21.3     2.8     0.000   0   51.47  308.5    4.3      --
 53  04/04/2020  0400    37.0   20.9     1.0     0.000   0   51.52  302.3    2.2    7749
 54  04/04/2020  0500    36.6   20.9     1.2     0.000   0   52.49  327.3    1.3      --
 55  04/04/2020  0600    36.2   20.9     1.4     0.000   0   53.16   25.5    1.1      --
 56  04/04/2020  0700    36.6   20.9     1.6     0.000   0   52.45   61.4    1.8      --
 57  04/04/2020  0800    37.7   20.9     1.9     0.000   0   50.14   74.1    2.8      --
 58  04/04/2020  0900    39.7   20.5     2.1     0.000   0   45.72   79.9    3.9      --
 59  04/04/2020  1000    42.4   20.3     2.3     0.000   0   40.84   83.2    5.1    6990
 60  04/04/2020  1100    45.4   20.1     2.5     0.000   0   36.12   75.1    5.3      --
 61  04/04/2020  1200    48.0   19.9     2.7     0.000   0   32.38   67.7    5.6      --
 62  04/04/2020  1300    50.3   19.7     2.9     0.000   0   29.55   61.3    6.0      --
 63  04/04/2020  1400    51.6   19.6     3.0     0.000   0   28.01   55.7    6.5      --
 64  04/04/2020  1500    52.4   19.5     3.2     0.000   0   27.06   51.0    7.0      --
 65  04/04/2020  1600    53.0   19.5     3.4     0.000   0   26.45   46.9    7.6  no_inv
 66  04/04/2020  1700    53.4   19.6     4.8     0.000   0   26.27   36.3    8.3      --
 67  04/04/2020  1800    53.2   20.0     6.1     0.000   0   26.90   27.7    9.3      --
 68  04/04/2020  1900    52.3   22.2     7.5     0.000   0   30.54   20.8   10.4      --
 69  04/04/2020  2000    51.3   23.6     8.8     0.000   0   33.63   15.4   11.7      --
 70  04/04/2020  2100    50.3   24.6    10.2     0.000   0   36.34   11.0   13.0      --
 71  04/04/2020  2200    49.3   25.3    11.5     0.000   0   38.76    7.4   14.4     508
 72  04/04/2020  2300    47.6   26.9     9.7     0.000   0   44.21    7.4   12.1      --
 73  04/05/2020  0000    46.3   27.4     7.8     0.000   0   47.45    7.3    9.9      --
 74  04/05/2020  0100    45.2   24.8     6.0     0.000   0   44.42    7.3    7.7      --
 75  04/05/2020  0200    44.3   23.0     4.1     0.000   0   42.62    7.2    5.5      --
 76  04/05/2020  0300    43.5   21.8     2.3     0.000   0   41.62    6.9    3.2      --
 77  04/05/2020  0400    43.0   19.7     0.4     0.000   0   38.91    5.3    1.0     554
 78  04/05/2020  0500    42.6   19.7     0.8     0.000   0   39.46   17.0    1.7      --
 79  04/05/2020  0600    42.4   19.7     1.1     0.000   0   39.78   21.8    2.4      --
 80  04/05/2020  0700    42.5   19.7     1.4     0.000   0   39.61   24.4    3.2      --
 81  04/05/2020  0800    43.1   25.1     1.8     0.000   0   48.67   26.0    3.9      --
 82  04/05/2020  0900    44.2   30.5     2.1     0.000   0   58.31   27.1    4.6      --
 83  04/05/2020  1000    45.8   30.7     2.4     0.000   0   55.37   27.9    5.4  no_inv
 84  04/05/2020  1100    48.8   30.7     2.8     0.000   0   49.52   35.5    5.8      --
 85  04/05/2020  1200    53.7   30.7     3.1     0.000   0   41.27   41.9    6.4      --
 86  04/05/2020  1300    57.8   30.7     3.5     0.000   0   35.54   47.1    7.1      --
 87  04/05/2020  1400    59.8   30.7     3.8     0.000   0   33.11   51.5    7.8      --
 88  04/05/2020  1500    60.9   30.7     4.1     0.000   0   31.87   55.1    8.5      --
 89  04/05/2020  1600    61.1   30.7     4.5     0.000   0   31.58   58.2    9.2  no_inv
 90  04/05/2020  1700    60.0   30.7     5.3     0.000   0   32.92   45.1    8.6      --
 91  04/05/2020  1800    58.9   30.7     6.1     0.000   0   34.23   30.7    8.4      --
 92  04/05/2020  1900    56.7   32.1     7.0     0.000   0   39.06   16.6    8.8      --
 93  04/05/2020  2000    55.5   32.7     7.8     0.000   0   41.80    4.3    9.6      --
 94  04/05/2020  2100    53.2   32.8     8.6     0.000   0   45.87  354.4   10.8      --
 95  04/05/2020  2200    50.8   32.9     9.5     0.000   0   50.10  346.6   12.3     538
 96  04/05/2020  2300    49.3   33.0     9.8     0.000   0   52.99  347.4   12.6      --
 97  04/06/2020  0000    48.3   33.0    10.0     0.000   0   55.14  348.2   12.9      --
 98  04/06/2020  0100    47.4   32.9    10.3     0.000   0   57.04  348.9   13.2      --
 99  04/06/2020  0200    46.5   32.8    10.6     0.000   0   58.77  349.6   13.6      --
100  04/06/2020  0300    45.7   32.8    10.9     0.000   0   60.27  350.3   13.9      --
101  04/06/2020  0400    45.1   32.7    11.2     0.000   0   61.49  350.9   14.2     623
102  04/06/2020  0500    44.6   33.1     9.9     0.000   0   63.64  346.3   12.4      --
103  04/06/2020  0600    44.4   33.1     8.5     0.000   0   64.27  340.2   10.8      --
104  04/06/2020  0700    44.6   32.4     7.2     0.000   0   62.00  332.1    9.4      --
105  04/06/2020  0800    45.5   31.0     5.8     0.000   0   56.67  321.4    8.1      --
106  04/06/2020  0900    47.0   31.0     4.5     0.000   0   53.35  307.5    7.3      --
107  04/06/2020  1000    49.2   30.9     3.2     0.000   0   49.10  291.4    7.0  no_inv
108  04/06/2020  1100    52.0   30.9     3.7     0.000   0   44.24  289.4    7.5      --
109  04/06/2020  1200    55.1   30.8     4.2     0.000   0   39.45  287.8    8.1      --
110  04/06/2020  1300    57.7   31.4     4.8     0.000   0   36.78  286.4    8.7      --
111  04/06/2020  1400    59.1   32.0     5.3     0.000   0   35.78  285.1    9.2      --
112  04/06/2020  1500    60.1   32.6     5.8     0.000   0   35.38  284.0    9.8      --
113  04/06/2020  1600    60.7   33.2     6.4     0.000   0   35.53  283.0   10.4  no_inv
114  04/06/2020  1700    60.8   33.2     7.0     0.000   0   35.35  278.6   10.7      --
115  04/06/2020  1800    59.0   32.6     7.7     0.000   0   36.69  274.4   11.1      --
116  04/06/2020  1900    55.4   32.8     8.4     0.000   0   42.26  270.5   11.5      --
117  04/06/2020  2000    53.4   32.5     9.1     0.000   0   44.78  266.9   12.0      --
118  04/06/2020  2100    51.0   31.9     9.8     0.000   0   47.78  263.6   12.5      --
119  04/06/2020  2200    48.7   31.5    10.4     0.000   0   51.23  260.6   13.0     859
120  04/06/2020  2300    47.7   31.4     9.1     0.000   0   52.94  263.4   11.7      --
121  04/07/2020  0000    47.1   31.1     7.8     0.000   0   53.63  267.0   10.4      --
122  04/07/2020  0100    46.5   31.5     6.6     0.000   0   55.60  271.5    9.1      --
123  04/07/2020  0200    45.8   31.7     5.3     0.000   0   57.54  277.5    7.9      --
124  04/07/2020  0300    45.2   31.9     4.0     0.000   0   59.34  285.5    6.9      --
125  04/07/2020  0400    44.7   32.3     2.7     0.000   0   61.48  296.0    6.0     927
126  04/07/2020  0500    44.2   32.3     2.7     0.000   0   62.67  289.8    5.8      --
127  04/07/2020  0600    43.8   32.3     2.7     0.000   0   63.51  283.1    5.6      --
128  04/07/2020  0700    44.1   32.3     2.7     0.000   0   62.78  276.1    5.5      --
129  04/07/2020  0800    45.2   28.0     2.6     0.000   0   50.77  269.0    5.5      --
130  04/07/2020  0900    47.1   27.8     2.6     0.000   0   46.84  262.1    5.6      --
131  04/07/2020  1000    49.7   27.6     2.6     0.000   0   41.97  255.4    5.8    5551
132  04/07/2020  1100    53.1   27.3     3.4     0.000   0   36.72  264.7    6.4      --
133  04/07/2020  1200    58.3   27.1     4.2     0.000   0   30.04  272.2    7.1      --
134  04/07/2020  1300    63.0   27.6     4.9     0.000   0   26.02  278.2    8.0      --
135  04/07/2020  1400    65.7   28.2     5.7     0.000   0   24.34  283.0    8.9      --
136  04/07/2020  1500    67.1   29.0     6.4     0.000   0   23.90  286.9    9.8      --
137  04/07/2020  1600    67.8   29.7     7.2     0.000   0   24.02  290.0   10.8    8163
138  04/07/2020  1700    68.1   29.7     7.1     0.000   0   23.81  291.0   10.7      --
139  04/07/2020  1800    65.4   28.9     6.9     0.000   0   25.29  291.9   10.6      --
140  04/07/2020  1900    59.9   28.9     6.7     0.000   0   30.55  292.9   10.5      --
141  04/07/2020  2000    56.9   28.6     6.5     0.000   0   33.70  293.9   10.4      --
142  04/07/2020  2100    54.6   28.4     6.3     0.000   0   36.36  294.9   10.4      --
143  04/07/2020  2200    52.2   28.4     6.2     0.000   0   39.56  295.9   10.3    1054
144  04/07/2020  2300    50.4   28.4     5.9     0.000   0   42.42  302.4    9.7      --
145  04/08/2020  0000    49.7   28.4     5.6     0.000   0   43.48  309.6    9.2      --
146  04/08/2020  0100    49.1   28.5     5.4     0.000   0   44.68  317.4    8.9      --
147  04/08/2020  0200    48.4   28.6     5.1     0.000   0   45.94  325.6    8.8      --
148  04/08/2020  0300    47.8   28.6     4.9     0.000   0   47.13  333.8    8.9      --
149  04/08/2020  0400    47.2   28.6     4.6     0.000   0   48.19  341.7    9.2     351
150  04/08/2020  0500    46.7   28.6     4.2     0.000   0   49.15  336.1    7.9      --
151  04/08/2020  0600    46.3   28.6     3.8     0.000   0   49.77  328.5    6.8      --
152  04/08/2020  0700    46.8   28.6     3.4     0.000   0   48.99  318.3    5.8      --
153  04/08/2020  0800    48.0   28.5     3.0     0.000   0   46.41  304.6    5.1      --
154  04/08/2020  0900    50.2   28.5     2.6     0.000   0   42.77  288.0    4.8      --
155  04/08/2020  1000    53.2   28.5     2.2     0.000   0   38.31  270.4    4.9    5701
156  04/08/2020  1100    56.8   28.5     2.3     0.000   0   33.67  269.5    5.2      --
157  04/08/2020  1200    61.3   28.5     2.4     0.000   0   28.58  268.7    5.4      --
158  04/08/2020  1300    65.1   28.5     2.5     0.000   0   25.07  267.9    5.6      --
159  04/08/2020  1400    67.1   28.5     2.7     0.000   0   23.39  267.2    5.9      --
160  04/08/2020  1500    68.1   28.5     2.8     0.000   0   22.62  266.6    6.1      --
161  04/08/2020  1600    68.6   28.5     2.9     0.000   0   22.25  266.0    6.4    7375
162  04/08/2020  1700    68.6   28.5     3.1     0.000   0   22.19  257.3    6.2      --
163  04/08/2020  1800    67.5   28.5     3.3     0.000   0   23.09  248.4    6.2      --
164  04/08/2020  1900    65.1   28.5     3.4     0.000   0   25.07  239.8    6.4      --
165  04/08/2020  2000    63.8   28.5     3.6     0.000   0   26.25  231.7    6.7      --
166  04/08/2020  2100    61.4   28.5     3.8     0.000   0   28.50  224.5    7.1      --
167  04/08/2020  2200    59.1   28.5     4.0     0.000   0   30.97  218.1    7.6     936
