  Generated by FoxLW on Thursday April 2, 2020 at 02:32 PDT
-------------------------------------------------------------------------------
  Mesa SE
  46.5300:-119.0000  (46 31' 48.00"N  119 0' 0.00"W)  elev 826.8 feet    file: 300047
-------------------------------------------------------------------------------

Line#   Date     Hour   TempF  DewPtF WS(mph)  Rain(in) LW    RH%  WDir_50m WS_50m Inv(ft)
  5  04/02/2020  0400    31.2   17.0    13.4     0.000   0   55.13  356.0   16.7     421
  6  04/02/2020  0500    30.6   18.4    11.4     0.000   0   59.83  353.2   13.8      --
  7  04/02/2020  0600    30.2   18.6     9.5     0.000   0   61.73  349.0   11.0      --
  8  04/02/2020  0700    30.6   19.1     7.6     0.000   0   61.70  342.0    8.3      --
  9  04/02/2020  0800    32.3   19.1     5.7     0.000   0   57.77  328.4    5.8      --
 10  04/02/2020  0900    35.2   17.3     3.8     0.000   0   47.59  299.5    4.0      --
 11  04/02/2020  1000    39.1   17.3     1.8     0.000   0   40.79  256.3    4.1  no_inv
 12  04/02/2020  1100    43.5   17.3     2.0     0.000   0   34.41  245.0    4.0      --
 13  04/02/2020  1200    47.9   17.3     2.1     0.000   0   29.15  233.6    4.1      --
 14  04/02/2020  1300    51.2   17.3     2.2     0.000   0   25.77  223.1    4.3      --
 15  04/02/2020  1400    52.8   17.3     2.3     0.000   0   24.28  213.8    4.6      --
 16  04/02/2020  1500    53.6   17.3     2.4     0.000   0   23.57  206.0    5.1      --
 17  04/02/2020  1600    54.0   17.3     2.5     0.000   0   23.30  199.6    5.6  no_inv
 18  04/02/2020  1700    53.1   17.4     2.6     0.000   0   24.15  212.2    5.1      --
 19  04/02/2020  1800    51.3   17.6     2.7     0.000   0   26.09  226.5    4.9      --
 20  04/02/2020  1900    50.3   17.6     2.8     0.000   0   27.06  241.0    5.1      --
 21  04/02/2020  2000    48.0   17.6     3.0     0.000   0   29.53  254.0    5.5      --
 22  04/02/2020  2100    45.6   17.6     3.0     0.000   0   32.25  264.7    6.2      --
 23  04/02/2020  2200    43.3   17.6     3.2     0.000   0   35.26  273.0    7.0     394
 24  04/02/2020  2300    40.8   17.9     5.1     0.000   0   39.17  271.3    9.1      --
 25  04/03/2020  0000    39.1   21.4     7.1     0.000   0   48.64  270.2   11.3      --
 26  04/03/2020  0100    37.5   23.4     9.1     0.000   0   56.35  269.5   13.4      --
 27  04/03/2020  0200    36.1   23.4    11.1     0.000   0   59.54  269.0   15.6      --
 28  04/03/2020  0300    35.0   22.0    13.1     0.000   0   58.80  268.6   17.8      --
 29  04/03/2020  0400    34.0   22.1    15.1     0.000   0   61.25  268.3   19.9     414
 30  04/03/2020  0500    33.3   22.0    13.6     0.000   0   62.72  264.2   17.8      --
 31  04/03/2020  0600    32.9   21.7    12.1     0.000   0   62.95  259.0   15.8      --
 32  04/03/2020  0700    33.3   22.8    10.6     0.000   0   65.10  252.3   13.9      --
 33  04/03/2020  0800    34.5   22.7     9.1     0.000   0   61.58  243.7   12.3      --
 34  04/03/2020  0900    36.7   20.0     7.6     0.000   0   50.45  232.9   11.0      --
 35  04/03/2020  1000    39.6   19.3     6.1     0.000   0   43.57  219.8   10.2  no_inv
 36  04/03/2020  1100    42.9   18.5     7.2     0.000   0   37.12  230.1   10.6      --
 37  04/03/2020  1200    45.9   17.9     8.3     0.000   0   32.20  239.5   11.2      --
 38  04/03/2020  1300    48.5   17.9     9.4     0.000   0   29.33  247.7   12.2      --
 39  04/03/2020  1400    50.1   18.2    10.5     0.000   0   27.96  254.5   13.3      --
 40  04/03/2020  1500    51.1   18.4    11.7     0.000   0   27.13  260.3   14.6      --
 41  04/03/2020  1600    51.8   18.3    12.8     0.000   0   26.36  265.0   16.0  no_inv
 42  04/03/2020  1700    51.0   18.3    12.8     0.000   0   27.20  271.1   15.6      --
 43  04/03/2020  1800    49.3   17.9    12.9     0.000   0   28.42  277.5   15.4      --
 44  04/03/2020  1900    48.4   17.8    12.9     0.000   0   29.21  283.9   15.3      --
 45  04/03/2020  2000    46.0   17.9    12.9     0.000   0   32.11  290.3   15.5      --
 46  04/03/2020  2100    43.7   18.6    13.0     0.000   0   36.17  296.5   15.8      --
 47  04/03/2020  2200    41.3   19.4    13.0     0.000   0   40.87  302.4   16.4     933
 48  04/03/2020  2300    38.9   21.5    11.2     0.000   0   49.22  303.5   14.4      --
 49  04/04/2020  0000    37.6   22.5     9.5     0.000   0   53.95  305.0   12.6      --
 50  04/04/2020  0100    36.3   22.9     7.7     0.000   0   57.88  307.0   10.7      --
 51  04/04/2020  0200    35.1   21.5     5.9     0.000   0   57.21  309.8    8.8      --
 52  04/04/2020  0300    34.1   20.6     4.1     0.000   0   57.22  314.1    7.0      --
 53  04/04/2020  0400    33.2   19.9     2.3     0.000   0   57.65  321.4    5.2     211
 54  04/04/2020  0500    32.5   18.9     2.0     0.000   0   56.74  322.0    4.5      --
 55  04/04/2020  0600    32.0   18.9     1.7     0.000   0   57.76  322.8    3.8      --
 56  04/04/2020  0700    32.6   18.9     1.4     0.000   0   56.41  324.0    3.0      --
 57  04/04/2020  0800    34.5   22.0     1.1     0.000   0   60.03  325.9    2.3      --
 58  04/04/2020  0900    37.6   21.9     0.7     0.000   0   52.82  329.5    1.6      --
 59  04/04/2020  1000    41.7   21.8     0.4     0.000   0   44.85  338.4    0.9  no_inv
 60  04/04/2020  1100    45.9   21.7     0.8     0.000   0   37.91    2.3    1.6      --
 61  04/04/2020  1200    49.0   21.6     1.1     0.000   0   33.63   11.9    2.3      --
 62  04/04/2020  1300    51.5   21.5     1.4     0.000   0   30.48   16.9    3.1      --
 63  04/04/2020  1400    53.0   21.4     1.8     0.000   0   28.75   19.8    3.8      --
 64  04/04/2020  1500    54.0   21.4     2.1     0.000   0   27.72   21.8    4.6      --
 65  04/04/2020  1600    54.7   21.4     2.5     0.000   0   27.01   23.1    5.4  no_inv
 66  04/04/2020  1700    54.7   21.6     3.6     0.000   0   27.24   31.0    6.4      --
 67  04/04/2020  1800    54.6   21.9     4.8     0.000   0   27.62   36.7    7.5      --
 68  04/04/2020  1900    54.6   22.9     6.0     0.000   0   28.86   40.8    8.7      --
 69  04/04/2020  2000    52.3   24.9     7.2     0.000   0   34.24   44.1    9.8      --
 70  04/04/2020  2100    49.9   27.4     8.3     0.000   0   41.41   46.6   11.0      --
 71  04/04/2020  2200    47.6   28.8     9.5     0.000   0   47.88   48.6   12.2     596
 72  04/04/2020  2300    45.8   30.2     8.1     0.000   0   54.32   50.6   10.0      --
 73  04/05/2020  0000    44.8   27.7     6.7     0.000   0   50.85   53.7    7.7      --
 74  04/05/2020  0100    43.8   25.8     5.3     0.000   0   48.63   59.3    5.5      --
 75  04/05/2020  0200    43.0   24.4     3.9     0.000   0   47.33   72.0    3.5      --
 76  04/05/2020  0300    42.4   21.9     2.5     0.000   0   43.63  111.1    1.9      --
 77  04/05/2020  0400    41.9   21.9     1.1     0.000   0   44.47  172.5    2.5     629
 78  04/05/2020  0500    41.6   21.9     1.5     0.000   0   45.05  189.1    1.0      --
 79  04/05/2020  0600    41.3   21.9     1.8     0.000   0   45.46  308.0    0.8      --
 80  04/05/2020  0700    41.6   21.9     2.1     0.000   0   44.96  330.5    2.3      --
 81  04/05/2020  0800    42.7   27.3     2.4     0.000   0   54.14  335.1    3.8      --
 82  04/05/2020  0900    44.5   31.9     2.8     0.000   0   60.83  337.1    5.3      --
 83  04/05/2020  1000    47.1   31.7     3.1     0.000   0   54.89  338.2    6.9  no_inv
 84  04/05/2020  1100    50.2   31.6     3.0     0.000   0   48.53  343.5    6.5      --
 85  04/05/2020  1200    53.5   31.4     2.9     0.000   0   42.68  349.6    6.1      --
 86  04/05/2020  1300    56.3   31.3     2.8     0.000   0   38.42  356.4    5.8      --
 87  04/05/2020  1400    57.9   31.2     2.7     0.000   0   36.21    3.7    5.6      --
 88  04/05/2020  1500    58.9   31.2     2.6     0.000   0   34.78   11.6    5.4      --
 89  04/05/2020  1600    59.6   31.1     2.5     0.000   0   33.98   19.6    5.4  no_inv
 90  04/05/2020  1700    59.7   31.2     2.2     0.000   0   33.88   23.6    4.6      --
 91  04/05/2020  1800    58.6   31.5     1.9     0.000   0   35.59   29.2    3.9      --
 92  04/05/2020  1900    56.4   31.3     1.7     0.000   0   38.27   37.6    3.1      --
 93  04/05/2020  2000    55.2   31.3     1.4     0.000   0   40.02   50.5    2.5      --
 94  04/05/2020  2100    52.8   31.3     1.2     0.000   0   43.59   69.8    2.1      --
 95  04/05/2020  2200    50.5   31.3     0.9     0.000   0   47.52   94.2    2.0     652
 96  04/05/2020  2300    48.4   31.3     1.3     0.000   0   51.32   51.0    1.8      --
 97  04/06/2020  0000    46.8   31.3     1.8     0.000   0   54.45   16.7    2.5      --
 98  04/06/2020  0100    45.4   31.3     2.2     0.000   0   57.57    0.8    3.6      --
 99  04/06/2020  0200    44.0   31.3     2.6     0.000   0   60.53  352.9    4.9      --
100  04/06/2020  0300    42.9   31.3     3.0     0.000   0   63.23  348.3    6.2      --
101  04/06/2020  0400    42.0   31.3     3.4     0.000   0   65.53  345.4    7.6     658
102  04/06/2020  0500    41.3   31.3     3.4     0.000   0   67.33  339.2    7.3      --
103  04/06/2020  0600    40.9   31.3     3.4     0.000   0   68.36  332.6    7.0      --
104  04/06/2020  0700    41.2   31.3     3.3     0.000   0   67.53  325.6    6.9      --
105  04/06/2020  0800    42.3   33.8     3.3     0.000   0   71.51  318.4    6.8      --
106  04/06/2020  0900    44.3   32.7     3.2     0.000   0   63.42  311.3    6.9      --
107  04/06/2020  1000    47.2   31.6     3.2     0.000   0   54.41  304.4    7.1  no_inv
108  04/06/2020  1100    50.8   30.4     4.1     0.000   0   45.24  297.5    7.7      --
109  04/06/2020  1200    55.9   29.3     5.0     0.000   0   35.93  291.6    8.4      --
110  04/06/2020  1300    60.1   28.8     5.9     0.000   0   30.24  286.6    9.1      --
111  04/06/2020  1400    62.2   28.8     6.8     0.000   0   28.08  282.4    9.9      --
112  04/06/2020  1500    63.4   29.3     7.7     0.000   0   27.47  278.9   10.8      --
113  04/06/2020  1600    63.9   29.9     8.6     0.000   0   27.74  275.9   11.7  no_inv
114  04/06/2020  1700    63.8   29.9     9.1     0.000   0   27.84  281.2   11.9      --
115  04/06/2020  1800    61.2   29.3     9.6     0.000   0   29.72  286.3   12.3      --
116  04/06/2020  1900    55.9   29.7    10.1     0.000   0   36.64  291.0   12.8      --
117  04/06/2020  2000    52.9   29.8    10.6     0.000   0   40.88  295.4   13.3      --
118  04/06/2020  2100    50.6   30.1    11.2     0.000   0   45.15  299.4   13.9      --
119  04/06/2020  2200    48.2   30.5    11.7     0.000   0   49.92  303.1   14.6    4631
120  04/06/2020  2300    45.6   31.2    11.0     0.000   0   56.84  297.5   13.8      --
121  04/07/2020  0000    44.0   31.9    10.3     0.000   0   62.20  291.3   13.1      --
122  04/07/2020  0100    42.4   32.4     9.6     0.000   0   67.40  284.5   12.6      --
123  04/07/2020  0200    41.0   32.7     8.9     0.000   0   72.14  277.2   12.2      --
124  04/07/2020  0300    39.7   32.9     8.3     0.000   0   76.40  269.6   12.1      --
125  04/07/2020  0400    38.6   32.4     7.6     0.000   0   78.37  262.0   12.2     340
126  04/07/2020  0500    37.7   32.0     7.3     0.000   0   79.68  260.1   11.8      --
127  04/07/2020  0600    37.2   31.5     6.9     0.000   0   79.43  258.0   11.4      --
128  04/07/2020  0700    38.0   30.9     6.6     0.000   0   75.31  255.7   11.0      --
129  04/07/2020  0800    40.2   29.7     6.3     0.000   0   65.78  253.3   10.7      --
130  04/07/2020  0900    43.9   29.1     6.0     0.000   0   55.77  250.7   10.3      --
131  04/07/2020  1000    48.6   28.5     5.7     0.000   0   45.46  248.0   10.0    5646
132  04/07/2020  1100    53.6   27.8     5.1     0.000   0   36.76  251.4    9.0      --
133  04/07/2020  1200    58.1   27.2     4.5     0.000   0   30.48  255.6    8.0      --
134  04/07/2020  1300    61.5   26.7     4.0     0.000   0   26.46  261.0    7.1      --
135  04/07/2020  1400    63.2   26.3     3.4     0.000   0   24.47  267.9    6.3      --
136  04/07/2020  1500    64.1   26.1     2.8     0.000   0   23.51  276.6    5.6      --
137  04/07/2020  1600    64.5   26.0     2.3     0.000   0   23.10  287.7    5.0    8265
138  04/07/2020  1700    64.6   26.0     2.3     0.000   0   23.09  284.0    5.1      --
139  04/07/2020  1800    61.9   26.1     2.3     0.000   0   25.39  280.4    5.2      --
140  04/07/2020  1900    56.6   26.4     2.4     0.000   0   31.02  277.0    5.2      --
141  04/07/2020  2000    53.7   26.4     2.4     0.000   0   34.52  273.6    5.3      --
142  04/07/2020  2100    51.3   26.4     2.5     0.000   0   37.67  270.5    5.5      --
143  04/07/2020  2200    49.0   26.6     2.3     0.000   0   41.39  267.4    5.6    1026
144  04/07/2020  2300    47.4   26.4     2.9     0.000   0   43.61  266.0    3.2      --
145  04/08/2020  0000    46.7   26.4     3.3     0.000   0   44.68  255.3    0.8      --
146  04/08/2020  0100    46.0   26.4     3.7     0.000   0   45.94   96.1    1.7      --
147  04/08/2020  0200    45.3   26.4     4.1     0.000   0   47.18   92.1    4.1      --
148  04/08/2020  0300    44.7   26.4     4.5     0.000   0   48.35   91.1    6.5      --
149  04/08/2020  0400    44.1   26.4     4.9     0.000   0   49.40   90.7    8.9  no_inv
150  04/08/2020  0500    43.6   26.4     4.2     0.000   0   50.32   92.3    7.1      --
151  04/08/2020  0600    43.3   26.4     3.6     0.000   0   50.97   95.1    5.3      --
152  04/08/2020  0700    43.8   26.4     3.0     0.000   0   49.97  100.7    3.5      --
153  04/08/2020  0800    45.3   27.5     2.3     0.000   0   49.41  116.6    1.9      --
154  04/08/2020  0900    48.0   27.5     1.7     0.000   0   44.63  187.4    1.0      --
155  04/08/2020  1000    51.5   27.4     1.0     0.000   0   38.99  238.1    2.3    3476
156  04/08/2020  1100    55.7   27.3     1.2     0.000   0   33.43  235.0    2.7      --
157  04/08/2020  1200    60.6   27.3     1.4     0.000   0   27.96  232.6    3.1      --
158  04/08/2020  1300    64.5   27.2     1.6     0.000   0   24.28  230.8    3.5      --
159  04/08/2020  1400    66.7   27.2     1.8     0.000   0   22.51  229.4    3.9      --
160  04/08/2020  1500    67.7   27.2     2.0     0.000   0   21.68  228.2    4.3      --
161  04/08/2020  1600    68.3   27.1     2.2     0.000   0   21.26  227.3    4.8    5785
162  04/08/2020  1700    68.4   27.1     3.8     0.000   0   21.17  230.7    6.4      --
163  04/08/2020  1800    67.1   27.1     5.3     0.000   0   22.18  232.7    8.1      --
164  04/08/2020  1900    64.3   28.5     6.9     0.000   0   25.77  234.0    9.7      --
165  04/08/2020  2000    62.8   29.1     8.6     0.000   0   27.95  235.0   11.4      --
166  04/08/2020  2100    60.4   29.1    10.1     0.000   0   30.30  235.7   13.0      --
167  04/08/2020  2200    58.1   28.6    11.8     0.000   0   32.22  236.2   14.7     326
