  Generated by FoxLW on Thursday April 2, 2020 at 02:32 PDT
-------------------------------------------------------------------------------
  Welland
  46.2200:-118.7300  (46 13' 12.00"N  118 43' 48.00"W)  elev 977.7 feet    file: 300070
-------------------------------------------------------------------------------

Line#   Date     Hour   TempF  DewPtF WS(mph)  Rain(in) LW    RH%  WDir_50m WS_50m Inv(ft)
  5  04/02/2020  0400    32.3   23.4     4.2     0.000   0   69.27  307.7    9.2     253
  6  04/02/2020  0500    31.8   23.3     4.0     0.000   0   70.64  303.4    8.4      --
  7  04/02/2020  0600    31.3   23.1     3.7     0.000   0   71.27  298.3    7.7      --
  8  04/02/2020  0700    31.7   22.8     3.4     0.000   0   69.33  292.2    7.1      --
  9  04/02/2020  0800    33.0   22.4     3.2     0.000   0   64.63  285.1    6.6      --
 10  04/02/2020  0900    35.3   19.9     2.9     0.000   0   52.98  276.8    6.1      --
 11  04/02/2020  1000    38.5   19.3     2.7     0.000   0   45.63  267.5    5.9  no_inv
 12  04/02/2020  1100    42.2   18.8     2.5     0.000   0   38.54  267.7    5.4      --
 13  04/02/2020  1200    46.6   18.3     2.2     0.000   0   31.91  267.9    4.9      --
 14  04/02/2020  1300    50.2   17.9     2.0     0.000   0   27.45  268.2    4.5      --
 15  04/02/2020  1400    52.0   17.5     1.8     0.000   0   25.24  268.5    4.0      --
 16  04/02/2020  1500    53.0   17.3     1.6     0.000   0   24.18  268.9    3.6      --
 17  04/02/2020  1600    53.4   17.3     1.4     0.000   0   23.71  269.5    3.1  no_inv
 18  04/02/2020  1700    52.6   17.4     3.0     0.000   0   24.60  231.9    3.8      --
 19  04/02/2020  1800    51.0   18.0     4.6     0.000   0   26.72  211.4    5.4      --
 20  04/02/2020  1900    50.1   19.1     6.3     0.000   0   29.02  201.1    7.4      --
 21  04/02/2020  2000    47.7   21.5     7.9     0.000   0   35.14  195.2    9.5      --
 22  04/02/2020  2100    45.4   22.9     9.5     0.000   0   40.60  191.6   11.7      --
 23  04/02/2020  2200    43.1   23.7    11.1     0.000   0   46.07  189.1   13.9     209
 24  04/02/2020  2300    40.0   25.2    10.4     0.000   0   55.25  196.4   13.5      --
 25  04/03/2020  0000    37.5   26.2     9.3     0.000   0   63.39  204.0   13.3      --
 26  04/03/2020  0100    34.4   22.6     6.7     0.000   0   61.64  211.8   13.3      --
 27  04/03/2020  0200    32.2   20.6     4.5     0.000   0   61.71  219.3   13.6      --
 28  04/03/2020  0300    30.9   19.6     2.5     0.000   0   62.54  226.4   14.1      --
 29  04/03/2020  0400    30.2   19.2     0.9     0.000   0   63.11  233.0   14.8     256
 30  04/03/2020  0500    30.3   18.9     2.7     0.000   0   62.22  232.7   15.1      --
 31  04/03/2020  0600    30.1   18.6     4.8     0.000   0   61.79  232.5   15.4      --
 32  04/03/2020  0700    30.5   24.0     7.5     0.000   0   76.44  232.3   15.7      --
 33  04/03/2020  0800    32.4   25.3    10.6     0.000   0   74.94  232.1   16.0      --
 34  04/03/2020  0900    35.5   24.9    12.2     0.000   0   64.78  231.8   16.3      --
 35  04/03/2020  1000    39.5   24.1    13.3     0.000   0   53.68  231.6   16.6  no_inv
 36  04/03/2020  1100    43.6   23.4    13.1     0.000   0   44.45  234.2   16.4      --
 37  04/03/2020  1200    46.6   22.7    13.0     0.000   0   38.59  236.9   16.2      --
 38  04/03/2020  1300    49.0   22.4    12.8     0.000   0   34.80  239.6   16.0      --
 39  04/03/2020  1400    50.4   22.4    12.7     0.000   0   33.03  242.3   15.9      --
 40  04/03/2020  1500    51.3   22.7    12.5     0.000   0   32.30  245.1   15.8      --
 41  04/03/2020  1600    51.9   23.1    12.4     0.000   0   32.20  247.9   15.8  no_inv
 42  04/03/2020  1700    51.0   23.6    11.5     0.000   0   33.89  255.2   14.2      --
 43  04/03/2020  1800    49.3   23.8    10.6     0.000   0   36.50  264.1   13.0      --
 44  04/03/2020  1900    48.3   24.1     9.7     0.000   0   38.22  274.6   12.1      --
 45  04/03/2020  2000    46.0   24.4     8.9     0.000   0   42.34  286.2   11.7      --
 46  04/03/2020  2100    43.7   25.0     8.0     0.000   0   47.34  298.1   11.8      --
 47  04/03/2020  2200    41.3   25.0     7.1     0.000   0   51.79  309.4   12.4  no_inv
 48  04/03/2020  2300    38.3   24.8     6.5     0.000   0   57.96  303.1   10.8      --
 49  04/04/2020  0000    35.9   24.5     5.6     0.000   0   62.79  294.8    9.3      --
 50  04/04/2020  0100    32.7   23.7     4.0     0.000   0   69.32  283.7    8.1      --
 51  04/04/2020  0200    30.4   23.9     2.6     0.000   0   76.44  269.6    7.3      --
 52  04/04/2020  0300    29.0   24.1     1.5     0.000   5   81.47  253.4    7.1      --
 53  04/04/2020  0400    28.4   24.3     0.6     0.000  10   84.43  237.2    7.4     743
 54  04/04/2020  0500    28.4   24.1     1.2     0.000  10   83.64  240.4    5.7      --
 55  04/04/2020  0600    28.2   24.1     1.6     0.000  10   84.12  246.3    4.0      --
 56  04/04/2020  0700    28.8   24.6     1.9     0.000  10   83.76  260.2    2.4      --
 57  04/04/2020  0800    31.4   25.8     2.1     0.000  10   79.30  304.6    1.4      --
 58  04/04/2020  0900    35.8   27.2     1.9     0.000   5   70.60    4.0    2.0      --
 59  04/04/2020  1000    41.1   28.4     1.6     0.000   0   60.23   24.0    3.5  no_inv
 60  04/04/2020  1100    46.2   29.2     2.1     0.000   0   51.19   28.9    4.4      --
 61  04/04/2020  1200    49.5   29.5     2.7     0.000   0   45.80   32.1    5.4      --
 62  04/04/2020  1300    52.2   29.5     3.2     0.000   0   41.51   34.3    6.4      --
 63  04/04/2020  1400    53.6   29.4     3.8     0.000   0   39.11   35.9    7.5      --
 64  04/04/2020  1500    54.6   29.0     4.3     0.000   0   37.25   37.1    8.5      --
 65  04/04/2020  1600    55.3   28.7     4.9     0.000   0   35.75   38.1    9.5  no_inv
 66  04/04/2020  1700    55.8   28.4     4.6     0.000   0   34.72   34.9    9.0      --
 67  04/04/2020  1800    55.6   29.0     4.3     0.000   0   35.86   31.4    8.5      --
 68  04/04/2020  1900    54.3   29.0     4.0     0.000   0   37.67   27.5    8.0      --
 69  04/04/2020  2000    52.8   29.0     3.7     0.000   0   39.74   23.1    7.6      --
 70  04/04/2020  2100    51.4   29.0     3.4     0.000   0   41.93   18.2    7.3      --
 71  04/04/2020  2200    50.8   29.0     3.1     0.000   0   42.81   12.9    6.9  no_inv
 72  04/04/2020  2300    47.2   29.0     3.6     0.000   0   48.92    6.0    3.7      --
 73  04/05/2020  0000    44.9   29.0     3.9     0.000   0   53.39  303.1    0.9      --
 74  04/05/2020  0100    42.3   29.1     3.4     0.000   0   59.25  216.6    3.3      --
 75  04/05/2020  0200    40.7   29.2     2.7     0.000   0   63.44  208.4    6.5      --
 76  04/05/2020  0300    39.8   29.4     1.8     0.000   0   66.05  205.7    9.9      --
 77  04/05/2020  0400    40.3   29.5     0.6     0.000   0   65.04  204.4   13.2     483
 78  04/05/2020  0500    39.4   29.4     1.7     0.000   0   66.95  208.3   10.8      --
 79  04/05/2020  0600    39.3   29.4     2.5     0.000   0   67.21  214.4    8.5      --
 80  04/05/2020  0700    39.6   29.8     3.0     0.000   0   67.75  224.7    6.4      --
 81  04/05/2020  0800    40.8   35.2     3.2     0.000   0   80.29  243.9    4.7      --
 82  04/05/2020  0900    43.0   37.7     2.7     0.000   0   81.26  276.5    3.9      --
 83  04/05/2020  1000    45.9   37.4     2.1     0.000   0   71.99  309.6    4.6  no_inv
 84  04/05/2020  1100    49.2   37.1     2.8     0.000   0   62.99  335.0    3.0      --
 85  04/05/2020  1200    52.3   36.9     3.5     0.000   0   55.51   23.7    2.6      --
 86  04/05/2020  1300    54.8   36.6     4.2     0.000   0   50.14   57.3    4.0      --
 87  04/05/2020  1400    56.2   36.5     4.9     0.000   0   47.37   71.5    6.0      --
 88  04/05/2020  1500    57.2   36.4     5.6     0.000   0   45.52   78.4    8.1      --
 89  04/05/2020  1600    57.8   36.3     6.3     0.000   0   44.52   82.4   10.4  no_inv
 90  04/05/2020  1700    57.6   36.7     5.6     0.000   0   45.38   78.7    8.3      --
 91  04/05/2020  1800    57.3   36.8     4.8     0.000   0   46.19   72.7    6.3      --
 92  04/05/2020  1900    57.1   36.8     4.0     0.000   0   46.49   61.5    4.5      --
 93  04/05/2020  2000    54.8   36.8     3.2     0.000   0   50.60   37.2    3.0      --
 94  04/05/2020  2100    52.5   36.8     2.5     0.000   0   55.12  353.4    2.7      --
 95  04/05/2020  2200    50.1   36.8     1.7     0.000   0   60.10  320.0    3.8     496
 96  04/05/2020  2300    48.4   36.8     2.0     0.000   0   64.08  308.4    4.3      --
 97  04/06/2020  0000    47.1   36.8     2.4     0.000   0   67.20  299.6    4.9      --
 98  04/06/2020  0100    46.0   36.8     2.7     0.000   0   70.22  292.9    5.7      --
 99  04/06/2020  0200    44.9   36.8     3.0     0.000   0   73.00  287.9    6.5      --
100  04/06/2020  0300    44.1   36.8     3.4     0.000   0   75.46  283.9    7.3      --
101  04/06/2020  0400    44.3   36.8     3.7     0.000   0   74.86  280.8    8.2     579
102  04/06/2020  0500    42.9   36.8     3.7     0.000   0   79.01  283.6    8.1      --
103  04/06/2020  0600    42.6   36.8     3.7     0.000   0   79.94  286.3    8.1      --
104  04/06/2020  0700    42.7   36.8     3.7     0.000   0   79.44  289.1    8.0      --
105  04/06/2020  0800    43.5   35.1     3.7     0.000   0   72.22  291.9    8.0      --
106  04/06/2020  0900    44.8   33.8     3.7     0.000   0   65.00  294.7    8.1      --
107  04/06/2020  1000    46.9   32.4     3.7     0.000   0   56.89  297.5    8.1  no_inv
108  04/06/2020  1100    50.0   31.0     5.1     0.000   0   47.79  289.8    9.2      --
109  04/06/2020  1200    55.2   29.6     6.6     0.000   0   37.42  283.8   10.5      --
110  04/06/2020  1300    59.7   29.1     8.0     0.000   0   31.10  279.1   11.8      --
111  04/06/2020  1400    62.0   29.2     9.4     0.000   0   28.88  275.5   13.2      --
112  04/06/2020  1500    63.2   29.5    10.9     0.000   0   27.92  272.5   14.6      --
113  04/06/2020  1600    63.8   29.3    12.3     0.000   0   27.21  270.0   16.1  no_inv
114  04/06/2020  1700    63.4   29.7    11.8     0.000   0   28.00  274.1   15.2      --
115  04/06/2020  1800    60.8   29.4    11.3     0.000   0   30.27  278.5   14.5      --
116  04/06/2020  1900    55.5   29.9    10.8     0.000   0   37.38  283.5   13.8      --
117  04/06/2020  2000    52.6   30.3    10.3     0.000   0   42.14  288.9   13.2      --
118  04/06/2020  2100    50.3   30.8     9.8     0.000   0   46.99  294.8   12.7      --
119  04/06/2020  2200    47.9   31.5     9.2     0.000   0   52.70  301.0   12.4     814
120  04/06/2020  2300    44.5   32.2     8.3     0.000   0   61.70  294.3   10.5      --
121  04/07/2020  0000    41.2   31.7     6.7     0.000   0   68.68  284.8    8.8      --
122  04/07/2020  0100    37.2   31.6     4.4     0.000   0   79.77  271.3    7.5      --
123  04/07/2020  0200    34.6   31.7     2.5     0.000   0   89.11  253.4    6.7      --
124  04/07/2020  0300    33.0   31.7     1.1     0.000   5   94.96  233.2    6.7      --
125  04/07/2020  0400    32.4   31.5     0.4     0.000  10   96.43  215.2    7.4     183
126  04/07/2020  0500    32.5   31.3     1.0     0.000  10   95.28  215.5    7.4      --
127  04/07/2020  0600    32.4   31.0     1.7     0.000  10   94.44  215.8    7.4      --
128  04/07/2020  0700    33.0   31.5     2.4     0.000  10   94.13  216.1    7.3      --
129  04/07/2020  0800    35.6   32.5     3.1     0.000   5   88.58  216.4    7.3      --
130  04/07/2020  0900    40.1   34.1     3.3     0.000   0   78.79  216.7    7.3      --
131  04/07/2020  1000    45.5   35.4     3.3     0.000   0   67.63  217.0    7.2    5490
132  04/07/2020  1100    51.1   36.3     3.0     0.000   0   56.88  221.5    5.8      --
133  04/07/2020  1200    55.7   36.7     2.7     0.000   0   48.66  228.9    4.5      --
134  04/07/2020  1300    59.2   36.7     2.3     0.000   0   42.98  241.9    3.3      --
135  04/07/2020  1400    61.0   36.0     2.0     0.000   0   39.35  266.6    2.4      --
136  04/07/2020  1500    61.8   34.4     1.7     0.000   0   35.76  303.0    2.3      --
137  04/07/2020  1600    62.3   32.4     1.4     0.000   0   32.50  331.2    3.1    7219
138  04/07/2020  1700    62.3   30.8     1.8     0.000   0   30.37  327.7    1.2      --
139  04/07/2020  1800    56.6   30.2     2.1     0.000   0   36.28  165.4    0.6      --
140  04/07/2020  1900    45.0   33.9     2.5     0.000   0   64.90  156.5    2.4      --
141  04/07/2020  2000    38.5   35.5     1.5     0.000   5   88.63  155.2    4.3      --
142  04/07/2020  2100    36.2   36.2     0.9     0.000  10   99.84  154.7    6.1      --
143  04/07/2020  2200    33.9   33.0     0.4     0.000  10   96.46  154.4    7.9  no_inv
144  04/07/2020  2300    31.6   30.7     0.4     0.000  10   96.42  161.8    6.1      --
145  04/08/2020  0000    30.3   29.4     0.4     0.000  10   96.40  175.0    4.4      --
146  04/08/2020  0100    29.5   28.6     0.4     0.000  10   96.38  200.6    3.2      --
147  04/08/2020  0200    29.5   28.6     0.4     0.000  10   96.38  238.4    3.1      --
148  04/08/2020  0300    29.5   28.6     0.4     0.000  10   96.38  266.6    4.2      --
149  04/08/2020  0400    29.5   28.6     0.4     0.000  10   96.38  281.3    5.8     312
150  04/08/2020  0500    29.6   28.8     0.9     0.000  10   96.73  279.6    6.0      --
151  04/08/2020  0600    29.5   29.0     1.5     0.000  10   98.19  278.1    6.1      --
152  04/08/2020  0700    30.4   30.4     2.1     0.000  10  100.00  276.6    6.3      --
153  04/08/2020  0800    33.9   33.0     2.7     0.000  10   96.13  275.3    6.5      --
154  04/08/2020  0900    40.0   35.1     3.0     0.000   5   82.36  274.0    6.7      --
155  04/08/2020  1000    47.1   37.1     3.1     0.000   0   67.82  272.7    6.8    5654
156  04/08/2020  1100    54.3   38.4     2.8     0.000   0   54.86  273.4    6.3      --
157  04/08/2020  1200    59.5   38.9     2.6     0.000   0   46.28  274.3    5.7      --
158  04/08/2020  1300    63.5   38.9     2.3     0.000   0   40.31  275.4    5.1      --
159  04/08/2020  1400    65.5   38.2     2.1     0.000   0   36.44  276.7    4.6      --
160  04/08/2020  1500    66.6   36.2     1.8     0.000   0   32.58  278.4    4.0      --
161  04/08/2020  1600    67.1   33.9     1.6     0.000   0   29.09  280.6    3.5    6539
162  04/08/2020  1700    67.3   32.0     2.5     0.000   0   26.80  248.3    3.4      --
163  04/08/2020  1800    64.9   31.2     3.5     0.000   0   28.26  223.2    4.3      --
164  04/08/2020  1900    60.0   35.6     4.5     0.000   0   39.95  208.5    5.8      --
165  04/08/2020  2000    57.4   34.7     5.5     0.000   0   42.44  200.0    7.4      --
166  04/08/2020  2100    55.0   32.9     6.5     0.000   0   42.96  194.7    9.1      --
167  04/08/2020  2200    52.7   31.1     7.4     0.000   0   43.50  191.1   10.9     179
