  Generated by FoxLW on Thursday April 2, 2020 at 02:32 PDT
-------------------------------------------------------------------------------
  Huntsville
  46.3100:-118.1200  (46 18' 36.00"N  118 7' 12.00"W)  elev 1834.0 feet    file: 300034
-------------------------------------------------------------------------------

Line#   Date     Hour   TempF  DewPtF WS(mph)  Rain(in) LW    RH%  WDir_50m WS_50m Inv(ft)
  5  04/02/2020  0400    31.0   28.6     8.2     0.000  10   90.57  207.4   18.4     901
  6  04/02/2020  0500    30.6   28.5     8.4     0.000  10   91.74  210.0   17.1      --
  7  04/02/2020  0600    30.2   28.0     8.5     0.000  10   91.42  213.0   15.9      --
  8  04/02/2020  0700    30.5   27.3     8.6     0.000  10   87.94  216.4   14.8      --
  9  04/02/2020  0800    31.4   24.4     8.8     0.000   5   74.87  220.4   13.7      --
 10  04/02/2020  0900    33.2   23.3     8.9     0.000   0   66.65  225.1   12.7      --
 11  04/02/2020  1000    35.7   22.2     9.0     0.000   0   57.49  230.6   11.8  no_inv
 12  04/02/2020  1100    38.7   21.0     7.9     0.000   0   48.67  230.5   10.6      --
 13  04/02/2020  1200    42.6   20.0     6.7     0.000   0   39.93  230.5    9.4      --
 14  04/02/2020  1300    45.8   19.1     5.6     0.000   0   34.02  230.4    8.2      --
 15  04/02/2020  1400    47.5   18.4     4.4     0.000   0   30.98  230.3    7.1      --
 16  04/02/2020  1500    48.3   17.9     3.3     0.000   0   29.51  230.1    5.9      --
 17  04/02/2020  1600    48.6   17.8     2.1     0.000   0   28.94  229.9    4.7  no_inv
 18  04/02/2020  1700    48.4   18.0     3.7     0.000   0   29.38  213.6    5.9      --
 19  04/02/2020  1800    48.0   19.0     5.3     0.000   0   31.16  203.4    7.4      --
 20  04/02/2020  1900    47.8   20.3     6.9     0.000   0   33.36  196.7    9.1      --
 21  04/02/2020  2000    45.4   22.4     8.4     0.000   0   39.70  192.2   10.8      --
 22  04/02/2020  2100    43.1   23.6    10.0     0.000   0   45.74  188.9   12.6      --
 23  04/02/2020  2200    40.8   24.4    11.6     0.000   0   51.79  186.4   14.5     219
 24  04/02/2020  2300    38.6   26.0    11.0     0.000   0   59.97  191.7   14.7      --
 25  04/03/2020  0000    37.2   27.4    10.4     0.000   0   67.52  196.8   15.1      --
 26  04/03/2020  0100    35.8   28.6     9.7     0.000   0   74.77  201.6   15.6      --
 27  04/03/2020  0200    34.6   29.4     9.1     0.000   0   81.00  206.1   16.2      --
 28  04/03/2020  0300    33.7   29.9     8.5     0.000   0   86.03  210.2   16.9      --
 29  04/03/2020  0400    32.9   29.7     7.9     0.000   0   87.96  214.0   17.6     489
 30  04/03/2020  0500    32.3   30.0     9.8     0.000   0   90.82  216.9   18.6      --
 31  04/03/2020  0600    32.0   28.9    11.7     0.000   0   88.16  219.4   19.7      --
 32  04/03/2020  0700    32.3   26.7    13.6     0.000   0   79.70  221.7   20.9      --
 33  04/03/2020  0800    33.3   25.8    15.4     0.000   0   73.60  223.7   22.0      --
 34  04/03/2020  0900    35.0   24.6    17.3     0.000   0   65.54  225.6   23.2      --
 35  04/03/2020  1000    37.3   23.4    19.2     0.000   0   56.74  227.2   24.4  no_inv
 36  04/03/2020  1100    40.0   22.2    18.6     0.000   0   48.58  229.0   23.5      --
 37  04/03/2020  1200    42.5   21.0    17.9     0.000   0   41.99  230.9   22.6      --
 38  04/03/2020  1300    44.6   20.1    17.2     0.000   0   37.16  233.0   21.8      --
 39  04/03/2020  1400    45.8   19.3    16.6     0.000   0   34.45  235.3   21.0      --
 40  04/03/2020  1500    46.6   18.9    15.9     0.000   0   32.82  237.7   20.2      --
 41  04/03/2020  1600    47.1   19.2    15.3     0.000   0   32.66  240.3   19.5  no_inv
 42  04/03/2020  1700    46.5   20.0    14.2     0.000   0   34.53  239.3   18.0      --
 43  04/03/2020  1800    45.3   20.2    13.2     0.000   0   36.45  238.1   16.4      --
 44  04/03/2020  1900    44.7   20.1    12.1     0.000   0   37.20  236.7   14.9      --
 45  04/03/2020  2000    42.3   21.5    11.1     0.000   0   43.01  235.0   13.4      --
 46  04/03/2020  2100    40.0   22.4    10.0     0.000   0   49.09  232.8   11.9      --
 47  04/03/2020  2200    37.7   23.1     9.0     0.000   0   55.23  229.9   10.4     731
 48  04/03/2020  2300    36.3   23.7     8.3     0.000   0   59.70  224.8   10.2      --
 49  04/04/2020  0000    35.6   23.9     7.6     0.000   0   62.08  219.5   10.2      --
 50  04/04/2020  0100    34.9   23.7     6.9     0.000   0   63.22  214.2   10.2      --
 51  04/04/2020  0200    34.2   23.2     6.3     0.000   0   63.57  209.0   10.4      --
 52  04/04/2020  0300    33.6   22.7     5.6     0.000   0   63.82  204.0   10.6      --
 53  04/04/2020  0400    33.0   21.8     4.9     0.000   0   62.81  199.2   10.9     994
 54  04/04/2020  0500    32.6   21.8     4.3     0.000   0   63.99  198.3    8.6      --
 55  04/04/2020  0600    32.2   21.8     3.7     0.000   0   64.86  196.7    6.4      --
 56  04/04/2020  0700    32.7   21.8     3.0     0.000   0   63.58  193.5    4.2      --
 57  04/04/2020  0800    34.3   25.2     2.4     0.000   0   68.91  183.4    2.0      --
 58  04/04/2020  0900    37.0   25.2     1.8     0.000   0   61.96   87.7    0.7      --
 59  04/04/2020  1000    40.5   25.2     1.2     0.000   0   54.03   37.6    2.6  no_inv
 60  04/04/2020  1100    44.1   25.2     3.1     0.000   0   46.95   32.0    4.8      --
 61  04/04/2020  1200    46.8   24.8     5.0     0.000   0   41.61   29.9    7.1      --
 62  04/04/2020  1300    49.1   25.4     7.0     0.000   0   39.39   28.8    9.3      --
 63  04/04/2020  1400    50.4   26.0     8.9     0.000   0   38.43   28.2   11.5      --
 64  04/04/2020  1500    51.2   26.3    10.8     0.000   0   37.76   27.7   13.7      --
 65  04/04/2020  1600    51.7   26.1    12.8     0.000   0   36.73   27.4   15.9  no_inv
 66  04/04/2020  1700    52.1   26.5    11.0     0.000   0   36.84   29.2   12.6      --
 67  04/04/2020  1800    52.0   27.3     9.2     0.000   0   38.07   32.3    9.2      --
 68  04/04/2020  1900    50.6   27.8     7.5     0.000   0   41.10   38.8    5.9      --
 69  04/04/2020  2000    48.8   28.1     5.7     0.000   0   44.29   60.3    2.9      --
 70  04/04/2020  2100    47.1   27.7     4.0     0.000   0   46.66  143.3    2.2      --
 71  04/04/2020  2200    45.3   26.3     2.2     0.000   0   46.94  178.9    4.9     357
 72  04/04/2020  2300    43.7   26.3     2.6     0.000   0   50.01  182.5    5.8      --
 73  04/05/2020  0000    42.7   26.3     3.0     0.000   0   51.99  185.2    6.6      --
 74  04/05/2020  0100    41.7   26.3     3.4     0.000   0   53.83  187.2    7.5      --
 75  04/05/2020  0200    41.9   31.7     3.8     0.000   0   66.85  188.9    8.4      --
 76  04/05/2020  0300    41.2   37.1     4.2     0.050  10   85.04  190.2    9.3      --
 77  04/05/2020  0400    40.7   39.4     4.6     0.060  10   95.07  191.3   10.2    2643
 78  04/05/2020  0500    36.9   34.0     4.2     0.000   5   89.17  196.5    8.9      --
 79  04/05/2020  0600    36.8   33.3     3.9     0.000   0   87.21  203.3    7.8      --
 80  04/05/2020  0700    36.5   32.5     3.6     0.000   0   85.52  212.2    6.9      --
 81  04/05/2020  0800    43.7   37.9     3.2     0.000   0   79.90  223.6    6.1      --
 82  04/05/2020  0900    44.6   41.2     2.9     0.000   5   87.68  237.4    5.7      --
 83  04/05/2020  1000    45.3   42.5     2.5     0.000  10   89.70  252.7    5.6  no_inv
 84  04/05/2020  1100    46.5   43.5     3.0     0.000  10   89.18  269.3    2.9      --
 85  04/05/2020  1200    48.1   43.6     3.5     0.000   5   84.41  343.3    1.7      --
 86  04/05/2020  1300    48.4   43.2     4.0     0.010   0   81.99   31.2    3.8      --
 87  04/05/2020  1400    48.4   43.9     4.5     0.030   0   84.54   42.1    6.5      --
 88  04/05/2020  1500    48.1   44.5     5.0     0.100  10   87.28   46.4    9.4      --
 89  04/05/2020  1600    48.0   44.4     5.5     0.150  10   87.27   48.7   12.3  no_inv
 90  04/05/2020  1700    47.5   43.9     4.7     0.080  10   87.25   48.7   10.1      --
 91  04/05/2020  1800    46.7   43.1     3.8     0.020   5   87.21   48.7    8.0      --
 92  04/05/2020  1900    46.6   43.0     2.9     0.000   5   87.21   48.6    5.8      --
 93  04/05/2020  2000    46.3   43.2     2.0     0.000  10   88.80   48.5    3.7      --
 94  04/05/2020  2100    46.2   43.0     1.1     0.000  10   88.79   48.1    1.6      --
 95  04/05/2020  2200    45.2   44.3     0.2     0.000  10   96.62  230.8    0.6     461
 96  04/05/2020  2300    44.0   43.1     1.5     0.000  10   96.61  225.6    3.2      --
 97  04/06/2020  0000    43.0   42.1     2.7     0.000  10   96.60  225.1    5.9      --
 98  04/06/2020  0100    42.1   41.2     3.9     0.000  10   96.59  225.0    8.6      --
 99  04/06/2020  0200    41.3   40.4     5.1     0.000  10   96.57  224.9   11.2      --
100  04/06/2020  0300    40.7   39.8     6.3     0.000  10   96.58  224.8   13.9      --
101  04/06/2020  0400    40.2   39.3     7.5     0.000  10   96.60  224.8   16.5    1103
102  04/06/2020  0500    41.6   38.5     7.2     0.000   5   88.68  225.4   15.8      --
103  04/06/2020  0600    41.2   38.2     6.8     0.000   0   88.66  226.2   15.1      --
104  04/06/2020  0700    41.5   37.9     6.5     0.000   0   87.05  227.0   14.4      --
105  04/06/2020  0800    40.8   37.2     6.2     0.000   0   86.90  227.9   13.8      --
106  04/06/2020  0900    41.1   37.5     5.9     0.000   0   86.82  228.9   13.1      --
107  04/06/2020  1000    41.8   37.4     5.6     0.000   0   84.09  230.0   12.4    1088
108  04/06/2020  1100    45.4   34.6     6.7     0.000   0   65.65  235.7   12.6      --
109  04/06/2020  1200    48.7   33.7     7.8     0.000   0   56.00  241.1   13.0      --
110  04/06/2020  1300    51.7   33.8     8.9     0.000   0   50.14  246.2   13.4      --
111  04/06/2020  1400    53.5   34.2    10.0     0.000   0   47.90  250.9   14.0      --
112  04/06/2020  1500    54.8   34.5    11.1     0.000   0   46.24  255.3   14.6      --
113  04/06/2020  1600    55.5   34.6    12.1     0.000   0   45.07  259.2   15.3  no_inv
114  04/06/2020  1700    54.7   35.2    10.9     0.000   0   47.60  259.3   14.2      --
115  04/06/2020  1800    52.9   35.3     9.6     0.000   0   51.18  259.3   13.1      --
116  04/06/2020  1900    51.9   34.7     8.3     0.000   0   51.74  259.3   12.0      --
117  04/06/2020  2000    49.6   34.4     7.0     0.000   0   55.67  259.4   10.9      --
118  04/06/2020  2100    47.2   34.6     5.7     0.000   0   61.32  259.5    9.7      --
119  04/06/2020  2200    44.9   34.7     4.5     0.000   0   67.33  259.5    8.6     784
120  04/06/2020  2300    43.3   34.9     5.1     0.000   0   71.89  244.8    9.5      --
121  04/07/2020  0000    42.2   34.8     5.8     0.000   0   74.76  233.1   10.8      --
122  04/07/2020  0100    41.1   34.7     6.4     0.000   0   77.77  224.3   12.5      --
123  04/07/2020  0200    40.1   34.7     7.1     0.000   0   80.77  217.8   14.4      --
124  04/07/2020  0300    39.2   34.6     7.8     0.000   0   83.58  212.8   16.5      --
125  04/07/2020  0400    38.4   34.6     8.4     0.000   0   86.15  208.9   18.6     640
126  04/07/2020  0500    37.8   34.6     9.1     0.000   0   88.08  209.8   18.1      --
127  04/07/2020  0600    37.4   34.3     9.7     0.000   0   88.54  210.8   17.5      --
128  04/07/2020  0700    37.8   33.9    10.3     0.000   0   85.61  211.9   17.0      --
129  04/07/2020  0800    39.0   31.5    11.0     0.000   0   74.21  213.0   16.4      --
130  04/07/2020  0900    41.2   31.0    11.6     0.000   0   66.87  214.2   15.9      --
131  04/07/2020  1000    44.1   30.5    12.2     0.000   0   58.45  215.5   15.4    4726
132  04/07/2020  1100    47.5   29.9    10.5     0.000   0   50.24  217.1   13.3      --
133  04/07/2020  1200    51.7   29.4     8.7     0.000   0   42.09  219.4   11.3      --
134  04/07/2020  1300    55.0   29.6     7.0     0.000   0   37.61  222.6    9.3      --
135  04/07/2020  1400    56.7   30.1     5.2     0.000   0   36.05  227.6    7.3      --
136  04/07/2020  1500    57.5   30.8     3.5     0.000   0   36.01  236.0    5.4      --
137  04/07/2020  1600    57.9   31.6     1.7     0.000   0   36.71  252.5    3.8    7320
138  04/07/2020  1700    57.9   31.6     2.0     0.000   0   36.70  230.7    2.8      --
139  04/07/2020  1800    57.0   30.8     2.2     0.000   0   36.69  196.0    2.5      --
140  04/07/2020  1900    55.1   30.5     2.5     0.000   0   38.90  165.3    3.1      --
141  04/07/2020  2000    54.1   30.5     2.7     0.000   0   40.39  148.0    4.3      --
142  04/07/2020  2100    51.8   30.5     3.0     0.000   0   44.01  138.6    5.7      --
143  04/07/2020  2200    49.4   30.5     3.2     0.000   0   48.00  133.0    7.1     216
144  04/07/2020  2300    48.0   30.5     3.0     0.000   0   50.60  139.2    6.1      --
145  04/08/2020  0000    47.2   30.5     2.7     0.000   0   52.10  147.9    5.1      --
146  04/08/2020  0100    46.5   30.5     2.5     0.000   0   53.50  160.0    4.3      --
147  04/08/2020  0200    45.9   30.5     2.3     0.000   0   54.75  176.5    3.8      --
148  04/08/2020  0300    45.4   30.5     2.0     0.000   0   55.82  196.0    3.7      --
149  04/08/2020  0400    45.0   30.5     1.8     0.000   0   56.67  214.7    4.0     266
150  04/08/2020  0500    44.7   30.5     1.7     0.000   0   57.29  218.8    3.6      --
151  04/08/2020  0600    44.5   30.5     1.5     0.000   0   57.81  223.8    3.3      --
152  04/08/2020  0700    44.8   30.5     1.4     0.000   0   57.05  229.9    2.9      --
153  04/08/2020  0800    45.9   35.2     1.3     0.000   0   66.01  237.4    2.7      --
154  04/08/2020  0900    47.8   35.2     1.2     0.000   0   61.50  246.5    2.5      --
155  04/08/2020  1000    50.4   35.2     1.0     0.000   0   55.86  257.0    2.3    5722
156  04/08/2020  1100    53.4   35.2     1.3     0.000   0   49.88  254.4    2.9      --
157  04/08/2020  1200    57.6   35.2     1.5     0.000   0   42.94  252.7    3.4      --
158  04/08/2020  1300    60.9   35.2     1.8     0.000   0   38.14  251.5    4.0      --
159  04/08/2020  1400    62.6   35.2     2.1     0.000   0   35.87  250.6    4.6      --
160  04/08/2020  1500    63.4   35.2     2.3     0.000   0   34.86  249.8    5.2      --
161  04/08/2020  1600    63.8   35.2     2.6     0.000   0   34.41  249.3    5.8    5786
162  04/08/2020  1700    63.8   35.2     3.8     0.000   0   34.40  232.7    6.2      --
163  04/08/2020  1800    62.5   35.2     5.1     0.000   0   36.00  219.2    7.0      --
164  04/08/2020  1900    59.9   36.1     6.3     0.000   0   40.94  209.1    8.2      --
165  04/08/2020  2000    58.4   36.9     7.6     0.000   0   44.56  201.6    9.5      --
166  04/08/2020  2100    56.1   37.2     8.8     0.000   0   49.00  196.0   11.0      --
167  04/08/2020  2200    53.8   37.2    10.1     0.000   0   53.28  191.8   12.5     374
