  Generated by FoxLW on Thursday April 2, 2020 at 02:32 PDT
-------------------------------------------------------------------------------
  Chucker
  45.9700:-119.0800  (45 58' 12.00"N  119 4' 48.00"W)  elev 899.0 feet    file: 300068
-------------------------------------------------------------------------------

Line#   Date     Hour   TempF  DewPtF WS(mph)  Rain(in) LW    RH%  WDir_50m WS_50m Inv(ft)
  5  04/02/2020  0400    34.7   26.1     2.7     0.000   0   70.49  333.6    5.9     492
  6  04/02/2020  0500    34.2   26.1     2.5     0.000   0   71.79  327.9    4.8      --
  7  04/02/2020  0600    33.8   25.8     2.2     0.000   0   72.33  318.7    3.7      --
  8  04/02/2020  0700    34.1   25.5     2.0     0.000   0   70.42  303.0    2.8      --
  9  04/02/2020  0800    35.3   25.0     1.8     0.000   0   65.89  277.1    2.3      --
 10  04/02/2020  0900    37.4   22.5     1.6     0.000   0   54.42  246.1    2.4      --
 11  04/02/2020  1000    40.4   21.9     1.4     0.000   0   47.27  223.4    3.1  no_inv
 12  04/02/2020  1100    44.0   21.4     1.6     0.000   0   40.26  232.1    3.4      --
 13  04/02/2020  1200    48.3   20.9     1.8     0.000   0   33.44  239.1    3.7      --
 14  04/02/2020  1300    51.8   20.4     1.9     0.000   0   28.81  244.9    4.2      --
 15  04/02/2020  1400    53.6   20.0     2.1     0.000   0   26.51  249.6    4.6      --
 16  04/02/2020  1500    54.5   19.8     2.3     0.000   0   25.40  253.4    5.1      --
 17  04/02/2020  1600    55.0   19.8     2.5     0.000   0   24.92  256.6    5.6  no_inv
 18  04/02/2020  1700    54.5   19.9     4.0     0.000   0   25.53  256.8    7.0      --
 19  04/02/2020  1800    53.4   20.7     5.5     0.000   0   27.49  257.0    8.5      --
 20  04/02/2020  1900    52.9   22.0     7.0     0.000   0   29.68  257.1   10.0      --
 21  04/02/2020  2000    50.5   23.6     8.5     0.000   0   34.62  257.2   11.4      --
 22  04/02/2020  2100    48.2   24.6    10.0     0.000   0   39.25  257.3   12.9      --
 23  04/02/2020  2200    45.8   25.0    11.5     0.000   0   43.76  257.3   14.4  no_inv
 24  04/02/2020  2300    42.6   26.3    10.6     0.000   0   52.24  252.9   14.1      --
 25  04/03/2020  0000    40.2   27.4     9.7     0.000   0   60.08  248.3   13.8      --
 26  04/03/2020  0100    38.0   28.2     8.9     0.000   0   67.61  243.6   13.7      --
 27  04/03/2020  0200    36.0   28.8     8.0     0.000   0   74.60  238.9   13.7      --
 28  04/03/2020  0300    34.4   26.6     7.1     0.000   0   72.75  234.1   13.8      --
 29  04/03/2020  0400    33.2   24.2     6.2     0.000   0   69.22  229.5   13.9    1154
 30  04/03/2020  0500    32.2   29.2     8.2     0.000   0   88.41  232.3   15.3      --
 31  04/03/2020  0600    31.8   28.8    10.1     0.000   5   88.77  234.6   16.6      --
 32  04/03/2020  0700    32.2   26.3    12.1     0.000   5   78.75  236.6   18.1      --
 33  04/03/2020  0800    33.6   25.6    14.0     0.000   0   72.08  238.3   19.5      --
 34  04/03/2020  0900    36.2   24.8    16.0     0.000   0   62.83  239.8   20.9      --
 35  04/03/2020  1000    39.8   23.9    17.9     0.000   0   52.72  241.1   22.4  no_inv
 36  04/03/2020  1100    43.8   23.0    17.8     0.000   0   43.47  242.4   22.2      --
 37  04/03/2020  1200    48.2   22.2    17.7     0.000   0   35.52  243.8   22.1      --
 38  04/03/2020  1300    51.7   21.5    17.6     0.000   0   30.29  245.2   22.0      --
 39  04/03/2020  1400    53.5   21.0    17.5     0.000   0   27.67  246.6   21.9      --
 40  04/03/2020  1500    54.4   20.6    17.4     0.000   0   26.39  247.9   21.8      --
 41  04/03/2020  1600    54.9   20.5    17.4     0.000   0   25.85  249.4   21.8  no_inv
 42  04/03/2020  1700    53.6   21.2    15.0     0.000   0   27.96  249.3   19.3      --
 43  04/03/2020  1800    50.9   22.1    12.6     0.000   0   31.91  249.2   16.8      --
 44  04/03/2020  1900    49.5   23.0    10.2     0.000   0   35.15  249.2   14.3      --
 45  04/03/2020  2000    47.1   24.1     7.9     0.000   0   40.09  249.1   11.9      --
 46  04/03/2020  2100    44.8   24.2     5.5     0.000   0   43.93  248.9    9.4      --
 47  04/03/2020  2200    42.4   24.0     3.1     0.000   0   47.80  248.6    6.9    1003
 48  04/03/2020  2300    40.1   23.9     2.7     0.000   0   51.87  246.2    5.7      --
 49  04/04/2020  0000    38.8   23.1     2.3     0.000   0   52.93  242.5    4.5      --
 50  04/04/2020  0100    37.6   23.1     1.9     0.000   0   55.51  236.1    3.3      --
 51  04/04/2020  0200    36.5   23.1     1.5     0.000   0   57.96  223.2    2.2      --
 52  04/04/2020  0300    35.6   23.1     1.1     0.000   0   60.22  191.3    1.4      --
 53  04/04/2020  0400    34.8   23.1     0.7     0.000   0   62.18  140.3    1.5     973
 54  04/04/2020  0500    34.1   23.1     1.1     0.000   0   63.77   90.6    1.5      --
 55  04/04/2020  0600    33.7   23.1     1.5     0.000   0   64.77   62.0    2.4      --
 56  04/04/2020  0700    34.3   23.1     2.0     0.000   0   63.33   49.9    3.5      --
 57  04/04/2020  0800    36.1   26.4     2.4     0.000   0   67.50   43.8    4.7      --
 58  04/04/2020  0900    39.1   26.0     2.8     0.000   0   59.16   40.2    5.9      --
 59  04/04/2020  1000    43.0   25.7     3.2     0.000   0   50.12   37.8    7.2  no_inv
 60  04/04/2020  1100    47.0   25.4     4.3     0.000   0   42.41   32.4    7.9      --
 61  04/04/2020  1200    49.9   25.1     5.5     0.000   0   37.58   27.9    8.8      --
 62  04/04/2020  1300    52.3   25.1     6.6     0.000   0   34.55   24.3    9.7      --
 63  04/04/2020  1400    53.6   25.4     7.7     0.000   0   33.19   21.2   10.6      --
 64  04/04/2020  1500    54.5   25.7     8.8     0.000   0   32.65   18.7   11.5      --
 65  04/04/2020  1600    55.1   26.1     9.9     0.000   0   32.53   16.5   12.5  no_inv
 66  04/04/2020  1700    55.4   26.1     8.6     0.000   0   32.10   20.2   10.3      --
 67  04/04/2020  1800    55.4   26.3     7.2     0.000   0   32.34   25.8    8.2      --
 68  04/04/2020  1900    54.0   26.4     5.9     0.000   0   34.22   35.0    6.2      --
 69  04/04/2020  2000    52.4   26.6     4.5     0.000   0   36.51   51.9    4.6      --
 70  04/04/2020  2100    50.8   25.7     3.2     0.000   0   37.31   81.8    3.6      --
 71  04/04/2020  2200    49.3   25.7     1.8     0.000   0   39.57  116.4    4.0  no_inv
 72  04/04/2020  2300    47.4   25.7     1.8     0.000   0   42.42  125.9    3.3      --
 73  04/05/2020  0000    46.2   25.7     1.7     0.000   0   44.42  139.7    2.8      --
 74  04/05/2020  0100    45.1   25.7     1.6     0.000   0   46.26  158.3    2.5      --
 75  04/05/2020  0200    44.2   25.7     1.6     0.000   0   47.90  179.5    2.5      --
 76  04/05/2020  0300    43.5   25.7     1.5     0.000   0   49.27  198.1    2.8      --
 77  04/05/2020  0400    42.9   25.7     1.5     0.000   0   50.33  211.9    3.3     701
 78  04/05/2020  0500    42.5   25.7     1.7     0.000   0   51.04  218.1    1.7      --
 79  04/05/2020  0600    42.3   25.7     2.0     0.000   0   51.48  291.5    0.4      --
 80  04/05/2020  0700    42.5   25.7     2.2     0.000   0   51.05   12.6    1.7      --
 81  04/05/2020  0800    43.4   31.1     2.5     0.000   0   61.67   19.0    3.3      --
 82  04/05/2020  0900    44.9   34.5     2.7     0.000   0   66.72   21.2    4.9      --
 83  04/05/2020  1000    47.1   34.4     3.0     0.000   0   61.07   22.3    6.6  no_inv
 84  04/05/2020  1100    50.0   34.3     3.6     0.000   0   54.43   28.6    7.1      --
 85  04/05/2020  1200    53.4   34.1     4.3     0.000   0   47.83   34.0    7.8      --
 86  04/05/2020  1300    56.2   34.1     5.0     0.000   0   43.14   38.5    8.5      --
 87  04/05/2020  1400    57.8   34.1     5.7     0.000   0   40.71   42.3    9.2      --
 88  04/05/2020  1500    58.9   34.1     6.4     0.000   0   39.22   45.5   10.0      --
 89  04/05/2020  1600    59.6   34.2     7.1     0.000   0   38.44   48.2   10.8  no_inv
 90  04/05/2020  1700    59.6   34.2     7.3     0.000   0   38.40   32.8    6.6      --
 91  04/05/2020  1800    58.4   34.2     7.6     0.000   0   39.98  347.9    4.1      --
 92  04/05/2020  1900    56.0   35.2     7.8     0.000   0   45.40  294.0    5.8      --
 93  04/05/2020  2000    54.7   36.2     8.0     0.000   0   49.41  274.3    9.8      --
 94  04/05/2020  2100    52.4   40.6     8.2     0.000   0   64.05  266.5   14.2      --
 95  04/05/2020  2200    50.1   46.0     8.4     0.100  10   85.89  262.4   18.8    1491
 96  04/05/2020  2300    47.8   46.8     7.5     0.000  10   96.63  258.7   16.2      --
 97  04/06/2020  0000    47.7   46.8     6.7     0.020  10   96.60  253.5   13.6      --
 98  04/06/2020  0100    46.7   45.8     5.8     0.000  10   96.56  246.1   11.2      --
 99  04/06/2020  0200    44.9   44.0     4.9     0.000  10   96.53  235.0    9.1      --
100  04/06/2020  0300    44.1   43.2     4.0     0.000  10   96.50  218.4    7.6      --
101  04/06/2020  0400    44.3   43.4     3.1     0.000  10   96.48  196.1    6.9     902
102  04/06/2020  0500    41.3   38.2     3.1     0.000  10   88.45  205.5    5.1      --
103  04/06/2020  0600    41.1   38.0     3.1     0.000  10   88.44  224.3    3.5      --
104  04/06/2020  0700    41.0   37.3     3.0     0.000   5   86.79  260.7    2.7      --
105  04/06/2020  0800    42.4   38.8     3.0     0.000   0   86.88  298.6    3.4      --
106  04/06/2020  0900    43.1   39.5     3.0     0.000   0   86.84  318.7    4.9      --
107  04/06/2020  1000    44.7   39.9     3.0     0.000   0   82.98  328.7    6.7    6388
108  04/06/2020  1100    50.6   36.2     4.1     0.000   0   57.44  310.1    6.3      --
109  04/06/2020  1200    57.3   33.7     5.2     0.000   0   40.81  291.2    6.6      --
110  04/06/2020  1300    61.0   33.6     6.4     0.000   0   35.62  275.5    7.5      --
111  04/06/2020  1400    62.7   33.9     7.5     0.000   0   33.97  263.8    8.9      --
112  04/06/2020  1500    63.6   34.5     8.6     0.000   0   33.68  255.4   10.5      --
113  04/06/2020  1600    63.8   35.2     9.7     0.000   0   34.38  249.3   12.2  no_inv
114  04/06/2020  1700    62.7   35.2     8.5     0.000   0   35.68  253.3   10.7      --
115  04/06/2020  1800    59.7   34.4     7.3     0.000   0   38.57  258.7    9.2      --
116  04/06/2020  1900    53.5   34.5     6.0     0.000   0   48.24  266.0    7.8      --
117  04/06/2020  2000    50.1   34.3     4.8     0.000   0   54.46  276.2    6.6      --
118  04/06/2020  2100    47.8   34.3     3.6     0.000   0   59.42  290.4    5.7      --
119  04/06/2020  2200    45.5   34.3     2.3     0.000   0   64.91  308.4    5.2    8195
120  04/06/2020  2300    43.5   34.3     3.0     0.000   0   69.98  281.4    5.1      --
121  04/07/2020  0000    42.3   34.3     3.7     0.000   0   73.23  258.5    6.1      --
122  04/07/2020  0100    41.1   34.3     4.4     0.000   0   76.70  243.6    7.7      --
123  04/07/2020  0200    39.9   34.3     5.1     0.000   0   80.20  234.2    9.6      --
124  04/07/2020  0300    38.8   34.2     5.7     0.000   0   83.07  228.1   11.8      --
125  04/07/2020  0400    37.9   34.0     6.4     0.000   0   85.67  223.9   14.0    1142
126  04/07/2020  0500    37.0   34.1     5.9     0.000   0   89.04  223.9   12.9      --
127  04/07/2020  0600    36.5   34.2     5.4     0.000   0   91.09  223.9   11.9      --
128  04/07/2020  0700    37.1   34.3     4.9     0.000   0   89.63  223.9   10.8      --
129  04/07/2020  0800    38.9   30.9     4.4     0.000   0   72.65  223.9    9.7      --
130  04/07/2020  0900    42.0   30.6     3.9     0.000   0   63.68  224.0    8.6      --
131  04/07/2020  1000    46.1   30.3     3.4     0.000   0   53.64  224.0    7.6    3456
132  04/07/2020  1100    50.9   29.9     3.2     0.000   0   44.34  220.9    7.2      --
133  04/07/2020  1200    56.1   29.6     3.1     0.000   0   36.19  217.4    6.8      --
134  04/07/2020  1300    60.3   29.4     2.9     0.000   0   30.84  213.6    6.4      --
135  04/07/2020  1400    62.5   29.2     2.8     0.000   0   28.24  209.3    6.1      --
136  04/07/2020  1500    63.7   29.1     2.6     0.000   0   26.98  204.6    5.8      --
137  04/07/2020  1600    64.3   29.0     2.5     0.000   0   26.37  199.4    5.6    7542
138  04/07/2020  1700    64.4   29.0     2.3     0.000   0   26.24  204.4    4.2      --
139  04/07/2020  1800    61.9   29.1     2.2     0.000   0   28.79  214.2    2.8      --
140  04/07/2020  1900    56.6   29.2     2.1     0.000   0   34.88  239.3    1.7      --
141  04/07/2020  2000    53.7   29.2     1.9     0.000   0   38.76  294.6    1.5      --
142  04/07/2020  2100    51.4   29.2     1.8     0.000   0   42.24  330.2    2.4      --
143  04/07/2020  2200    49.0   29.2     1.6     0.000   0   46.07  343.5    3.7     598
144  04/07/2020  2300    46.3   29.2     1.5     0.000   0   50.99  343.2    2.8      --
145  04/08/2020  0000    44.9   29.2     1.4     0.000   0   53.75  342.7    1.8      --
146  04/08/2020  0100    43.6   29.2     1.2     0.000   0   56.54  341.2    0.9      --
147  04/08/2020  0200    42.4   29.2     1.1     0.000   0   59.23  219.5    0.1      --
148  04/08/2020  0300    41.3   29.2     1.0     0.000   0   61.71  167.1    1.0      --
149  04/08/2020  0400    40.5   29.2     0.9     0.000   0   63.89  165.7    1.9    1039
150  04/08/2020  0500    39.7   29.2     0.8     0.000   0   65.68  170.0    1.7      --
151  04/08/2020  0600    39.3   29.2     0.7     0.000   0   66.75  175.5    1.5      --
152  04/08/2020  0700    40.2   29.2     0.6     0.000   0   64.54  182.7    1.3      --
153  04/08/2020  0800    42.6   29.9     0.6     0.000   0   60.40  192.2    1.1      --
154  04/08/2020  0900    46.5   29.7     0.5     0.000   0   51.56  204.4    1.0      --
155  04/08/2020  1000    51.7   29.5     0.4     0.000   0   42.29  218.9    0.9    5969
156  04/08/2020  1100    57.1   29.3     0.6     0.000   0   34.42  218.4    1.3      --
157  04/08/2020  1200    61.9   29.1     0.8     0.000   0   28.78  218.0    1.7      --
158  04/08/2020  1300    65.5   29.0     1.0     0.000   0   25.18  217.8    2.2      --
159  04/08/2020  1400    67.4   28.8     1.1     0.000   0   23.46  217.7    2.5      --
160  04/08/2020  1500    68.4   28.8     1.3     0.000   0   22.65  217.6    3.0      --
161  04/08/2020  1600    68.8   28.7     1.5     0.000   0   22.27  217.5    3.3    6584
162  04/08/2020  1700    68.9   28.7     2.0     0.000   0   22.21  215.4    4.3      --
163  04/08/2020  1800    66.8   28.7     2.4     0.000   0   23.85  214.1    5.2      --
164  04/08/2020  1900    62.6   28.8     2.8     0.000   0   27.77  213.2    6.2      --
165  04/08/2020  2000    60.2   28.8     3.3     0.000   0   30.17  212.5    7.1      --
166  04/08/2020  2100    57.9   28.8     3.7     0.000   0   32.80  212.0    8.0      --
167  04/08/2020  2200    55.6   28.8     4.2     0.000   0   35.69  211.6    8.9     398
