  Generated by FoxLW on Thursday April 2, 2020 at 02:32 PDT
-------------------------------------------------------------------------------
  McClure
  46.3800:-119.7200  (46 22' 48.00"N  119 43' 12.00"W)  elev 2493.4 feet    file: 300117
-------------------------------------------------------------------------------

Line#   Date     Hour   TempF  DewPtF WS(mph)  Rain(in) LW    RH%  WDir_50m WS_50m Inv(ft)
  5  04/02/2020  0400    29.3   17.0     7.6     0.000   0   59.41  348.7   12.7     340
  6  04/02/2020  0500    28.9   17.1     6.7     0.000   0   60.88  348.6    9.7      --
  7  04/02/2020  0600    28.6   22.5     5.8     0.000   0   77.70  348.5    6.8      --
  8  04/02/2020  0700    28.8   25.1     4.9     0.000   5   85.84  348.2    3.9      --
  9  04/02/2020  0800    29.8   25.1     4.0     0.000  10   82.56  346.1    0.9      --
 10  04/02/2020  0900    31.5   25.1     3.1     0.000  10   77.04  170.1    2.0      --
 11  04/02/2020  1000    33.8   25.1     2.2     0.000   5   70.09  169.4    4.9  no_inv
 12  04/02/2020  1100    36.6   25.1     2.6     0.000   0   62.80  178.2    5.5      --
 13  04/02/2020  1200    40.0   25.1     3.0     0.000   0   54.91  185.4    6.1      --
 14  04/02/2020  1300    42.7   25.1     3.4     0.000   0   49.55  191.1    6.8      --
 15  04/02/2020  1400    44.0   25.1     3.8     0.000   0   47.09  195.7    7.6      --
 16  04/02/2020  1500    44.6   25.0     4.1     0.000   0   45.72  199.4    8.4      --
 17  04/02/2020  1600    44.8   25.1     4.5     0.000   0   45.68  202.5    9.2  no_inv
 18  04/02/2020  1700    44.4   25.0     5.3     0.000   0   46.12  223.4    6.9      --
 19  04/02/2020  1800    43.6   25.7     6.0     0.000   0   49.09  255.2    6.2      --
 20  04/02/2020  1900    43.1   25.6     6.7     0.000   0   49.82  284.5    7.5      --
 21  04/02/2020  2000    40.8   25.1     7.5     0.000   0   53.25  302.1   10.0      --
 22  04/02/2020  2100    38.4   24.0     8.2     0.000   0   55.80  312.1   13.1      --
 23  04/02/2020  2200    36.1   22.9     8.9     0.000   0   58.46  318.2   16.5      29
 24  04/02/2020  2300    34.7   21.9     9.1     0.000   0   58.97  313.4   15.5      --
 25  04/03/2020  0000    33.9   20.8     9.4     0.000   0   58.23  308.1   14.6      --
 26  04/03/2020  0100    33.2   20.0     9.6     0.000   0   57.73  302.1   13.9      --
 27  04/03/2020  0200    32.6   19.3     9.8     0.000   0   57.58  295.6   13.4      --
 28  04/03/2020  0300    32.0   18.9    10.0     0.000   0   57.84  288.6   13.0      --
 29  04/03/2020  0400    31.5   18.6    10.2     0.000   0   58.42  281.4   12.9  no_inv
 30  04/03/2020  0500    31.2   18.7     9.1     0.000   0   59.42  277.5   11.8      --
 31  04/03/2020  0600    30.9   18.6     8.0     0.000   0   59.74  272.9   10.8      --
 32  04/03/2020  0700    31.0   20.9     6.9     0.000   0   65.52  267.4    9.9      --
 33  04/03/2020  0800    31.7   22.5     5.8     0.000   0   68.61  260.9    9.1      --
 34  04/03/2020  0900    32.8   17.1     4.7     0.000   0   51.99  253.2    8.5      --
 35  04/03/2020  1000    34.5   15.6     3.6     0.000   0   45.39  244.5    8.0  no_inv
 36  04/03/2020  1100    36.7   15.3     5.5     0.000   0   41.11  254.3    9.5      --
 37  04/03/2020  1200    40.5   15.0     7.4     0.000   0   34.89  261.3   11.3      --
 38  04/03/2020  1300    43.9   15.5     9.3     0.000   0   31.27  266.4   13.1      --
 39  04/03/2020  1400    45.8   15.8    11.1     0.000   0   29.57  270.1   15.1      --
 40  04/03/2020  1500    46.7   15.6    13.0     0.000   0   28.36  273.0   17.0      --
 41  04/03/2020  1600    47.1   15.0    14.9     0.000   0   27.13  275.4   19.1  no_inv
 42  04/03/2020  1700    47.2   15.2    14.5     0.000   0   27.40  280.4   18.4      --
 43  04/03/2020  1800    45.5   15.4    14.1     0.000   0   29.30  285.8   17.8      --
 44  04/03/2020  1900    42.1   15.4    13.8     0.000   0   33.50  291.4   17.5      --
 45  04/03/2020  2000    40.2   15.6    13.4     0.000   0   36.21  297.3   17.3      --
 46  04/03/2020  2100    37.9   15.8    13.0     0.000   0   40.00  303.2   17.3      --
 47  04/03/2020  2200    35.6   16.2    12.6     0.000   0   44.79  309.1   17.4  no_inv
 48  04/03/2020  2300    34.3   18.2    10.8     0.000   0   51.28  311.4   14.6      --
 49  04/04/2020  0000    33.8   19.1     9.0     0.000   0   54.40  314.7   11.9      --
 50  04/04/2020  0100    33.4   18.6     7.1     0.000   0   54.25  320.1    9.2      --
 51  04/04/2020  0200    32.9   17.9     5.3     0.000   0   53.58  329.7    6.6      --
 52  04/04/2020  0300    32.5   17.4     3.4     0.000   0   53.38  349.8    4.5      --
 53  04/04/2020  0400    32.0   16.5     1.6     0.000   0   52.26   29.7    3.5    2959
 54  04/04/2020  0500    31.6   16.5     1.7     0.000   0   53.08   30.3    3.8      --
 55  04/04/2020  0600    31.4   16.5     1.8     0.000   0   53.64   30.8    4.1      --
 56  04/04/2020  0700    31.5   16.5     2.0     0.000   0   53.27   31.3    4.3      --
 57  04/04/2020  0800    32.2   16.5     2.1     0.000   0   51.92   31.7    4.6      --
 58  04/04/2020  0900    33.3   17.6     2.2     0.000   0   51.91   32.1    4.8      --
 59  04/04/2020  1000    35.0   17.4     2.3     0.000   0   48.31   32.4    5.1    4418
 60  04/04/2020  1100    37.0   17.3     3.0     0.000   0   44.32   30.6    5.9      --
 61  04/04/2020  1200    39.3   17.1     3.7     0.000   0   40.13   29.4    6.8      --
 62  04/04/2020  1300    41.4   17.5     4.3     0.000   0   37.70   28.3    7.7      --
 63  04/04/2020  1400    42.7   18.1     5.0     0.000   0   36.75   27.5    8.6      --
 64  04/04/2020  1500    43.5   18.6     5.7     0.000   0   36.54   26.9    9.5      --
 65  04/04/2020  1600    44.0   19.3     6.4     0.000   0   36.76   26.4   10.4  no_inv
 66  04/04/2020  1700    44.3   19.3     7.2     0.000   0   36.30   21.8   11.0      --
 67  04/04/2020  1800    44.1   18.8     8.1     0.000   0   35.91   17.7   11.6      --
 68  04/04/2020  1900    43.4   19.8     8.9     0.000   0   38.43   14.1   12.3      --
 69  04/04/2020  2000    42.7   20.8     9.8     0.000   0   41.14   10.8   13.1      --
 70  04/04/2020  2100    42.1   22.2    10.6     0.000   0   44.92    8.0   13.8      --
 71  04/04/2020  2200    41.4   23.2    11.5     0.000   0   48.04    5.4   14.6  no_inv
 72  04/04/2020  2300    39.6   24.9    10.5     0.000   0   55.10    4.2   14.2      --
 73  04/05/2020  0000    38.2   26.2     9.5     0.000   0   61.68    3.0   13.8      --
 74  04/05/2020  0100    36.9   27.2     8.5     0.000   0   67.66    1.7   13.3      --
 75  04/05/2020  0200    35.8   26.3     7.5     0.000   0   67.93    0.3   12.9      --
 76  04/05/2020  0300    34.9   23.4     6.4     0.000   0   62.31  358.9   12.5      --
 77  04/05/2020  0400    34.2   21.4     5.4     0.000   0   58.97  357.3   12.1     794
 78  04/05/2020  0500    33.8   19.4     5.3     0.000   0   55.14  358.9   11.6      --
 79  04/05/2020  0600    33.6   18.9     5.2     0.000   0   54.48    0.7   11.2      --
 80  04/05/2020  0700    33.6   18.4     5.0     0.000   0   53.17    2.6   10.8      --
 81  04/05/2020  0800    34.0   23.8     4.9     0.000   0   65.81    4.6   10.5      --
 82  04/05/2020  0900    34.8   27.4     4.7     0.000   0   73.92    6.8   10.1      --
 83  04/05/2020  1000    36.0   27.6     4.6     0.000   0   71.17    9.2    9.8  no_inv
 84  04/05/2020  1100    38.5   27.9     4.4     0.000   0   65.19   13.1    9.4      --
 85  04/05/2020  1200    43.5   28.1     4.3     0.000   0   54.31   17.4    9.0      --
 86  04/05/2020  1300    48.1   28.3     4.2     0.000   0   45.91   22.0    8.8      --
 87  04/05/2020  1400    50.4   28.4     4.0     0.000   0   42.41   26.8    8.5      --
 88  04/05/2020  1500    51.7   28.5     3.9     0.000   0   40.63   31.8    8.4      --
 89  04/05/2020  1600    52.2   28.5     3.7     0.000   0   39.97   37.0    8.3  no_inv
 90  04/05/2020  1700    51.3   28.6     4.3     0.000   0   41.34   25.2    8.7      --
 91  04/05/2020  1800    50.5   28.6     4.9     0.000   0   42.64   14.9    9.5      --
 92  04/05/2020  1900    49.0   28.8     5.5     0.000   0   45.49    6.4   10.5      --
 93  04/05/2020  2000    48.1   29.3     6.1     0.000   0   47.95  359.5   11.8      --
 94  04/05/2020  2100    45.8   29.9     6.6     0.000   0   53.61  354.0   13.1      --
 95  04/05/2020  2200    43.4   30.5     7.2     0.000   0   60.17  349.5   14.6     223
 96  04/05/2020  2300    42.2   30.8     7.4     0.000   0   63.86  349.8   15.2      --
 97  04/06/2020  0000    41.3   31.1     7.6     0.000   0   66.82  350.0   15.8      --
 98  04/06/2020  0100    40.6   31.5     7.7     0.000   0   69.71  350.3   16.4      --
 99  04/06/2020  0200    39.9   31.8     7.9     0.000   0   72.43  350.5   17.0      --
100  04/06/2020  0300    39.3   32.0     8.1     0.000   0   74.70  350.7   17.5      --
101  04/06/2020  0400    38.8   32.0     8.2     0.000   0   76.16  350.9   18.1     496
102  04/06/2020  0500    38.5   31.3     7.5     0.000   0   75.20  349.8   16.5      --
103  04/06/2020  0600    38.3   30.4     6.7     0.000   0   73.01  348.4   14.8      --
104  04/06/2020  0700    38.4   29.6     6.0     0.000   0   70.28  346.7   13.1      --
105  04/06/2020  0800    38.8   29.4     5.2     0.000   0   68.69  344.6   11.5      --
106  04/06/2020  0900    39.7   29.2     4.5     0.000   0   65.72  341.7    9.9      --
107  04/06/2020  1000    41.0   28.9     3.8     0.000   0   61.86  337.7    8.3  no_inv
108  04/06/2020  1100    42.9   28.6     5.2     0.000   0   56.71  321.0    8.3      --
109  04/06/2020  1200    46.0   28.4     6.6     0.000   0   49.93  305.5    9.0      --
110  04/06/2020  1300    49.0   28.8     8.0     0.000   0   45.36  293.0   10.2      --
111  04/06/2020  1400    50.7   29.3     9.4     0.000   0   43.56  283.5   11.8      --
112  04/06/2020  1500    51.9   29.7    10.8     0.000   0   42.26  276.4   13.6      --
113  04/06/2020  1600    52.7   29.6    12.2     0.000   0   40.93  271.0   15.6  no_inv
114  04/06/2020  1700    53.2   29.4    12.6     0.000   0   39.84  278.9   15.8      --
115  04/06/2020  1800    52.4   28.6    12.9     0.000   0   39.76  286.4   16.2      --
116  04/06/2020  1900    50.7   27.7    13.3     0.000   0   40.66  293.5   16.9      --
117  04/06/2020  2000    49.8   26.6    13.7     0.000   0   40.16  299.9   17.8      --
118  04/06/2020  2100    47.5   25.4    14.1     0.000   0   41.64  305.6   18.9      --
119  04/06/2020  2200    45.2   24.5    14.4     0.000   0   43.89  310.6   20.2     518
120  04/06/2020  2300    44.2   23.6    13.4     0.000   0   43.82  308.5   18.7      --
121  04/07/2020  0000    43.8   22.8    12.4     0.000   0   43.15  305.9   17.3      --
122  04/07/2020  0100    43.3   23.7    11.4     0.000   0   45.50  302.8   15.9      --
123  04/07/2020  0200    42.8   23.5    10.4     0.000   0   45.95  299.2   14.5      --
124  04/07/2020  0300    42.4   23.3     9.4     0.000   0   46.27  294.9   13.2      --
125  04/07/2020  0400    42.1   23.2     8.4     0.000   0   46.67  289.6   12.0    1539
126  04/07/2020  0500    41.8   24.1     7.6     0.000   0   49.17  287.3   11.3      --
127  04/07/2020  0600    41.6   27.1     6.8     0.000   0   55.98  284.6   10.6      --
128  04/07/2020  0700    41.7   28.1     6.0     0.000   0   58.15  281.5   10.0      --
129  04/07/2020  0800    42.2   25.4     5.3     0.000   0   51.00  278.0    9.4      --
130  04/07/2020  0900    43.1   25.4     4.5     0.000   0   49.29  274.1    8.8      --
131  04/07/2020  1000    44.4   25.4     3.7     0.000   0   46.90  269.6    8.2    3939
132  04/07/2020  1100    46.1   25.4     3.8     0.000   0   43.86  281.2    7.1      --
133  04/07/2020  1200    50.1   25.4     3.8     0.000   0   37.74  296.1    6.4      --
134  04/07/2020  1300    54.0   25.4     3.8     0.000   0   32.79  313.4    6.2      --
135  04/07/2020  1400    56.2   25.4     3.8     0.000   0   30.27  330.3    6.6      --
136  04/07/2020  1500    57.3   25.4     3.9     0.000   0   29.10  344.3    7.4      --
137  04/07/2020  1600    57.8   25.4     3.9     0.000   0   28.53  354.9    8.6    6555
138  04/07/2020  1700    57.9   25.4     4.7     0.000   0   28.42  353.3    9.6      --
139  04/07/2020  1800    56.4   25.4     5.5     0.000   0   30.04  351.9   10.5      --
140  04/07/2020  1900    53.2   26.1     6.3     0.000   0   34.77  350.8   11.5      --
141  04/07/2020  2000    51.5   26.5     7.1     0.000   0   37.63  349.9   12.5      --
142  04/07/2020  2100    49.2   26.8     7.8     0.000   0   41.52  349.0   13.4      --
143  04/07/2020  2200    46.8   26.7     8.6     0.000   0   45.14  348.4   14.4     660
144  04/07/2020  2300    45.1   26.5     8.0     0.000   0   47.84  347.2   13.8      --
145  04/08/2020  0000    44.2   26.1     7.4     0.000   0   48.74  345.9   13.1      --
146  04/08/2020  0100    43.3   25.8     6.7     0.000   0   49.78  344.5   12.5      --
147  04/08/2020  0200    42.5   25.6     6.1     0.000   0   50.89  342.9   11.9      --
148  04/08/2020  0300    41.8   25.5     5.4     0.000   0   52.06  341.1   11.2      --
149  04/08/2020  0400    41.2   25.4     4.8     0.000   0   53.02  339.2   10.6     189
150  04/08/2020  0500    40.7   25.4     4.4     0.000   0   54.09  338.3    9.6      --
151  04/08/2020  0600    40.4   25.4     3.9     0.000   0   54.73  337.2    8.6      --
152  04/08/2020  0700    40.7   25.4     3.5     0.000   0   54.08  335.9    7.6      --
153  04/08/2020  0800    41.6   23.9     3.0     0.000   0   48.97  334.1    6.6      --
154  04/08/2020  0900    43.3   23.9     2.6     0.000   0   45.76  331.8    5.6      --
155  04/08/2020  1000    45.7   23.8     2.1     0.000   0   41.70  328.4    4.7    4092
156  04/08/2020  1100    48.7   23.8     3.1     0.000   0   37.24  304.8    4.6      --
157  04/08/2020  1200    53.2   23.7     4.0     0.000   0   31.47  284.3    5.3      --
158  04/08/2020  1300    57.0   24.3     5.0     0.000   0   28.08  270.0    6.5      --
159  04/08/2020  1400    59.1   24.9     6.0     0.000   0   26.73  260.5    8.0      --
160  04/08/2020  1500    60.1   25.5     6.9     0.000   0   26.44  254.1    9.6      --
161  04/08/2020  1600    60.6   26.1     7.9     0.000   0   26.65  249.5   11.4    5693
162  04/08/2020  1700    60.7   26.1     7.2     0.000   0   26.57  243.7   10.4      --
163  04/08/2020  1800    60.2   25.5     6.6     0.000   0   26.31  236.8    9.6      --
164  04/08/2020  1900    59.3   25.4     5.9     0.000   0   27.06  228.8    9.0      --
165  04/08/2020  2000    58.8   25.3     5.3     0.000   0   27.44  219.9    8.6      --
166  04/08/2020  2100    56.4   25.2     4.6     0.000   0   29.71  210.2    8.4      --
167  04/08/2020  2200    54.1   25.2     4.0     0.000   0   32.34  200.4    8.4  no_inv
