  Generated by FoxLW on Thursday April 2, 2020 at 02:32 PDT
-------------------------------------------------------------------------------
  WSU Othello
  46.7900:-119.0400  (46 47' 24.00"N  119 2' 24.00"W)  elev 1204.1 feet    file: 300122
-------------------------------------------------------------------------------

Line#   Date     Hour   TempF  DewPtF WS(mph)  Rain(in) LW    RH%  WDir_50m WS_50m Inv(ft)
  5  04/02/2020  0400    26.7   18.1    11.1     0.000   0   69.39   92.1   14.3      41
  6  04/02/2020  0500    26.1   18.5     9.6     0.000   0   72.49   91.5   11.0      --
  7  04/02/2020  0600    25.5   18.5     8.2     0.000   0   74.20   90.4    7.7      --
  8  04/02/2020  0700    26.0   18.5     6.8     0.000   0   72.77   87.7    4.4      --
  9  04/02/2020  0800    27.9   18.6     5.4     0.000   0   67.63   69.1    1.1      --
 10  04/02/2020  0900    31.1   17.0     4.0     0.000   0   55.46  285.9    2.3      --
 11  04/02/2020  1000    35.5   17.0     2.5     0.000   0   46.60  278.9    5.6  no_inv
 12  04/02/2020  1100    40.3   17.0     2.7     0.000   0   38.52  266.0    5.2      --
 13  04/02/2020  1200    45.1   17.0     2.8     0.000   0   32.07  251.6    5.0      --
 14  04/02/2020  1300    48.8   17.0     2.9     0.000   0   27.87  237.3    5.2      --
 15  04/02/2020  1400    50.8   17.0     3.0     0.000   0   25.91  224.6    5.7      --
 16  04/02/2020  1500    51.8   17.0     3.1     0.000   0   24.97  214.3    6.3      --
 17  04/02/2020  1600    52.2   17.0     3.3     0.000   0   24.52  206.2    7.2  no_inv
 18  04/02/2020  1700    49.0   17.1     3.6     0.000   0   27.71  221.4    6.7      --
 19  04/02/2020  1800    42.4   17.4     3.9     0.000   0   35.97  237.6    6.8      --
 20  04/02/2020  1900    38.8   17.4     3.8     0.000   0   41.41  252.5    7.3      --
 21  04/02/2020  2000    36.5   17.4     3.4     0.000   0   45.40  264.6    8.3      --
 22  04/02/2020  2100    34.1   17.4     2.8     0.000   0   49.82  273.9    9.6      --
 23  04/02/2020  2200    31.8   17.4     2.2     0.000   0   54.74  280.8   11.0     684
 24  04/02/2020  2300    29.0   17.4     2.1     0.000   0   61.41  277.5   10.8      --
 25  04/03/2020  0000    27.1   17.4     2.0     0.000   0   66.19  274.0   10.7      --
 26  04/03/2020  0100    25.7   17.4     2.0     0.000   0   70.17  270.5   10.6      --
 27  04/03/2020  0200    25.0   17.4     1.9     0.000   0   72.18  267.0   10.6      --
 28  04/03/2020  0300    24.5   17.4     1.8     0.000   0   73.79  263.4   10.6      --
 29  04/03/2020  0400    24.1   17.4     1.7     0.000   0   75.00  259.9   10.7  no_inv
 30  04/03/2020  0500    24.0   17.4     3.5     0.000   0   75.47  253.0   11.9      --
 31  04/03/2020  0600    23.7   18.3     5.8     0.000   0   79.38  247.6   13.3      --
 32  04/03/2020  0700    24.5   22.1     8.7     0.000   5   90.30  243.2   14.8      --
 33  04/03/2020  0800    27.5   21.2    12.1     0.000   5   76.82  239.6   16.3      --
 34  04/03/2020  0900    32.1   21.3    13.7     0.000   0   64.00  236.7   17.9      --
 35  04/03/2020  1000    37.7   21.5    15.3     0.000   0   51.58  234.2   19.6  no_inv
 36  04/03/2020  1100    42.6   21.6    14.7     0.000   0   42.83  239.9   18.0      --
 37  04/03/2020  1200    45.2   21.7    14.1     0.000   0   39.01  246.6   16.7      --
 38  04/03/2020  1300    47.2   21.9    13.5     0.000   0   36.51  254.3   15.6      --
 39  04/03/2020  1400    48.3   22.2    12.8     0.000   0   35.38  263.0   14.9      --
 40  04/03/2020  1500    49.0   22.5    12.2     0.000   0   34.83  272.3   14.5      --
 41  04/03/2020  1600    49.5   22.7    11.6     0.000   0   34.64  281.9   14.5  no_inv
 42  04/03/2020  1700    48.1   22.6    12.4     0.000   0   36.26  288.3   15.1      --
 43  04/03/2020  1800    45.2   22.2    13.2     0.000   0   39.74  294.1   15.9      --
 44  04/03/2020  1900    43.7   21.8    14.0     0.000   0   41.54  299.2   16.9      --
 45  04/03/2020  2000    41.3   21.5    14.7     0.000   0   44.81  303.8   18.0      --
 46  04/03/2020  2100    39.0   21.3    15.5     0.000   0   48.63  307.9   19.1      --
 47  04/03/2020  2200    36.6   21.0    16.3     0.000   0   52.79  311.5   20.4     552
 48  04/03/2020  2300    33.9   20.8    14.0     0.000   0   58.25  313.5   17.7      --
 49  04/04/2020  0000    32.3   21.8    11.7     0.000   0   64.90  316.4   15.1      --
 50  04/04/2020  0100    30.7   21.9     9.4     0.000   0   69.55  320.4   12.4      --
 51  04/04/2020  0200    28.8   22.5     6.2     0.000   0   77.03  326.6    9.9      --
 52  04/04/2020  0300    27.4   22.6     3.6     0.000   5   81.96  336.6    7.6      --
 53  04/04/2020  0400    26.4   22.7     1.7     0.000  10   85.58  354.2    5.7  no_inv
 54  04/04/2020  0500    26.0   22.7     1.8     0.000  10   86.98  354.2    4.4      --
 55  04/04/2020  0600    25.6   22.8     1.8     0.000  10   88.90  354.2    3.1      --
 56  04/04/2020  0700    26.4   23.5     1.8     0.000  10   88.47  354.2    1.9      --
 57  04/04/2020  0800    28.9   24.5     1.5     0.000  10   83.47  354.4    0.6      --
 58  04/04/2020  0900    33.0   25.6     1.2     0.000   5   74.05  174.0    0.7      --
 59  04/04/2020  1000    38.3   26.7     0.9     0.000   0   62.58  174.1    2.0    2682
 60  04/04/2020  1100    43.9   27.4     1.2     0.000   0   51.93  140.8    1.6      --
 61  04/04/2020  1200    48.4   27.6     1.5     0.000   0   44.15  105.3    1.9      --
 62  04/04/2020  1300    51.9   27.6     1.8     0.000   0   38.86   84.6    2.7      --
 63  04/04/2020  1400    53.7   27.1     2.0     0.000   0   35.65   73.9    3.7      --
 64  04/04/2020  1500    54.6   25.9     2.3     0.000   0   32.75   67.8    4.7      --
 65  04/04/2020  1600    55.0   24.3     2.6     0.000   0   30.19   63.9    5.8  no_inv
 66  04/04/2020  1700    55.1   23.0     3.8     0.000   0   28.56   60.4    6.8      --
 67  04/04/2020  1800    54.1   22.5     4.9     0.000   0   29.02   57.9    7.9      --
 68  04/04/2020  1900    52.0   24.5     6.1     0.000   0   33.96   56.0    9.0      --
 69  04/04/2020  2000    50.9   24.4     7.3     0.000   0   35.25   54.4   10.1      --
 70  04/04/2020  2100    48.6   25.5     8.4     0.000   0   40.15   53.2   11.1      --
 71  04/04/2020  2200    46.2   26.9     9.6     0.000   0   46.58   52.2   12.2  no_inv
 72  04/04/2020  2300    43.7   28.4     8.9     0.000   0   54.54   47.8   12.1      --
 73  04/05/2020  0000    41.9   29.7     8.3     0.000   0   61.72   43.2   12.0      --
 74  04/05/2020  0100    40.3   30.2     7.6     0.000   0   66.77   38.6   12.0      --
 75  04/05/2020  0200    39.0   29.5     6.9     0.000   0   68.50   34.0   12.0      --
 76  04/05/2020  0300    38.0   28.4     6.3     0.000   0   68.07   29.5   12.2      --
 77  04/05/2020  0400    37.2   27.2     5.6     0.000   0   67.05   25.1   12.4     966
 78  04/05/2020  0500    36.6   26.1     5.3     0.000   0   65.40   23.0   11.6      --
 79  04/05/2020  0600    36.3   25.4     5.0     0.000   0   64.24   20.6   10.9      --
 80  04/05/2020  0700    36.7   25.4     4.7     0.000   0   63.41   17.8   10.2      --
 81  04/05/2020  0800    37.9   30.6     4.4     0.000   0   74.94   14.6    9.5      --
 82  04/05/2020  0900    39.9   30.7     4.1     0.000   0   69.19   11.0    8.9      --
 83  04/05/2020  1000    42.8   30.9     3.8     0.000   0   62.46    6.8    8.3  no_inv
 84  04/05/2020  1100    46.3   30.9     3.6     0.000   0   54.68    9.4    7.8      --
 85  04/05/2020  1200    50.0   30.9     3.4     0.000   0   47.66   12.4    7.3      --
 86  04/05/2020  1300    53.0   30.9     3.2     0.000   0   42.56   15.8    6.9      --
 87  04/05/2020  1400    54.8   30.9     3.0     0.000   0   39.97   19.6    6.5      --
 88  04/05/2020  1500    56.0   30.9     2.8     0.000   0   38.25   24.0    6.1      --
 89  04/05/2020  1600    56.7   30.9     2.6     0.000   0   37.24   28.9    5.8  no_inv
 90  04/05/2020  1700    57.0   31.0     2.4     0.000   0   36.96   35.4    4.9      --
 91  04/05/2020  1800    55.4   31.2     2.2     0.000   0   39.54   44.4    4.2      --
 92  04/05/2020  1900    52.2   31.0     2.1     0.000   0   44.08   56.8    3.6      --
 93  04/05/2020  2000    50.4   31.0     1.8     0.000   0   47.15   73.0    3.2      --
 94  04/05/2020  2100    48.0   31.0     1.5     0.000   0   51.52   91.6    3.2      --
 95  04/05/2020  2200    45.7   31.0     1.2     0.000   0   56.34  109.0    3.4    1023
 96  04/05/2020  2300    44.0   31.1     1.5     0.000   0   60.01   75.6    3.1      --
 97  04/06/2020  0000    42.9   31.1     1.8     0.000   0   62.76   46.9    3.9      --
 98  04/06/2020  0100    41.9   31.1     2.0     0.000   0   65.19   30.4    5.3      --
 99  04/06/2020  0200    41.2   31.1     2.2     0.000   0   66.89   21.1    6.9      --
100  04/06/2020  0300    40.7   31.1     2.3     0.000   0   68.27   15.5    8.7      --
101  04/06/2020  0400    40.3   31.1     2.5     0.000   0   69.32   11.8   10.5     373
102  04/06/2020  0500    40.1   31.1     2.9     0.000   0   69.76    7.1    9.4      --
103  04/06/2020  0600    39.9   31.2     3.3     0.000   0   70.78    1.3    8.4      --
104  04/06/2020  0700    40.2   31.9     3.5     0.000   0   71.88  354.0    7.6      --
105  04/06/2020  0800    41.3   32.9     3.4     0.000   0   71.95  345.1    6.8      --
106  04/06/2020  0900    43.1   34.0     3.1     0.000   0   70.02  334.4    6.3      --
107  04/06/2020  1000    45.8   35.0     2.7     0.000   0   65.92  322.2    6.0  no_inv
108  04/06/2020  1100    49.2   35.7     5.2     0.000   0   59.62  304.7    8.2      --
109  04/06/2020  1200    54.1   36.0     7.8     0.000   0   50.19  295.0   10.8      --
110  04/06/2020  1300    58.2   32.8    10.3     0.000   0   38.00  289.1   13.6      --
111  04/06/2020  1400    60.4   27.4    12.8     0.000   0   28.21  285.3   16.4      --
112  04/06/2020  1500    61.6   22.0    15.3     0.000   0   21.62  282.6   19.3      --
113  04/06/2020  1600    62.1   21.0    17.8     0.000   0   20.35  280.6   22.3    8565
114  04/06/2020  1700    62.2   21.1    18.5     0.000   0   20.46  287.8   22.3      --
115  04/06/2020  1800    58.7   21.6    19.1     0.000   0   23.58  294.9   22.7      --
116  04/06/2020  1900    51.7   22.4    19.8     0.000   0   31.41  301.7   23.4      --
117  04/06/2020  2000    47.9   23.4    20.5     0.000   0   37.80  308.0   24.5      --
118  04/06/2020  2100    45.5   24.5    21.1     0.000   0   43.33  313.7   25.7      --
119  04/06/2020  2200    43.2   25.8    21.8     0.000   0   49.89  318.8   27.3     585
120  04/06/2020  2300    40.6   27.0    19.8     0.000   0   57.93  316.4   26.2      --
121  04/07/2020  0000    39.4   28.1    17.8     0.000   0   63.74  313.7   25.1      --
122  04/07/2020  0100    38.1   29.1    15.8     0.000   0   69.73  310.9   24.1      --
123  04/07/2020  0200    36.9   29.9    13.8     0.000   0   75.49  307.8   23.2      --
124  04/07/2020  0300    35.8   31.6    11.8     0.000   0   84.74  304.4   22.3      --
125  04/07/2020  0400    34.7   32.1     9.8     0.000   0   90.01  300.8   21.6  no_inv
126  04/07/2020  0500    33.8   32.5     9.0     0.000   0   94.75  297.6   19.2      --
127  04/07/2020  0600    33.3   32.2     8.2     0.000   0   95.76  293.6   17.0      --
128  04/07/2020  0700    34.2   31.2     7.4     0.000   0   88.52  288.4   14.8      --
129  04/07/2020  0800    36.7   29.3     6.6     0.000   0   74.14  281.4   12.8      --
130  04/07/2020  0900    40.9   28.7     5.8     0.000   0   61.42  272.1   11.1      --
131  04/07/2020  1000    46.3   28.0     5.0     0.000   0   48.73  259.8    9.7    4465
132  04/07/2020  1100    51.9   27.4     4.7     0.000   0   38.45  263.1    9.2      --
133  04/07/2020  1200    56.7   26.8     4.4     0.000   0   31.52  266.8    8.7      --
134  04/07/2020  1300    60.3   26.3     4.1     0.000   0   27.12  271.0    8.2      --
135  04/07/2020  1400    62.2   25.9     3.8     0.000   0   24.95  275.5    7.8      --
136  04/07/2020  1500    63.1   25.6     3.5     0.000   0   23.90  280.6    7.5      --
137  04/07/2020  1600    63.6   25.5     3.2     0.000   0   23.42  286.2    7.2    8786
138  04/07/2020  1700    63.6   25.5     4.1     0.000   0   23.28  298.5    7.3      --
139  04/07/2020  1800    60.0   25.2     4.9     0.000   0   26.24  310.1    7.7      --
140  04/07/2020  1900    52.5   26.1     5.8     0.000   0   35.63  320.1    8.4      --
141  04/07/2020  2000    48.4   26.1     6.6     0.000   0   41.56  328.4    9.3      --
142  04/07/2020  2100    46.1   25.8     7.4     0.000   0   44.83  335.1   10.4      --
143  04/07/2020  2200    43.7   25.2     8.3     0.000   0   47.81  340.5   11.5      52
144  04/07/2020  2300    42.0   24.6     9.3     0.000   0   49.71    0.3   10.2      --
145  04/08/2020  0000    42.0   24.0    10.3     0.000   0   48.50   22.6   10.4      --
146  04/08/2020  0100    41.8   23.2    11.3     0.000   0   47.24   41.5   11.9      --
147  04/08/2020  0200    41.5   21.2    12.3     0.000   0   44.05   55.0   14.4      --
148  04/08/2020  0300    41.1   21.0    13.4     0.000   0   44.24   64.2   17.5      --
149  04/08/2020  0400    40.7   20.9    14.4     0.000   0   44.79   70.5   20.8     103
150  04/08/2020  0500    40.3   21.0    12.2     0.000   0   45.74   72.4   17.5      --
151  04/08/2020  0600    39.9   22.8    10.1     0.000   0   49.97   75.1   14.2      --
152  04/08/2020  0700    40.7   23.8     8.0     0.000   0   50.61   79.5   11.0      --
153  04/08/2020  0800    42.8   26.7     5.8     0.000   0   52.73   87.4    7.8      --
154  04/08/2020  0900    46.2   26.7     3.7     0.000   0   46.22  104.7    5.1      --
155  04/08/2020  1000    50.7   26.7     1.6     0.000   0   39.07  146.3    3.5    5430
156  04/08/2020  1100    55.6   26.7     1.8     0.000   0   32.67  164.1    3.3      --
157  04/08/2020  1200    60.2   26.7     2.0     0.000   0   27.66  182.1    3.5      --
158  04/08/2020  1300    63.8   26.7     2.2     0.000   0   24.42  197.4    3.9      --
159  04/08/2020  1400    65.6   26.7     2.4     0.000   0   22.89  208.9    4.6      --
160  04/08/2020  1500    66.5   26.7     2.6     0.000   0   22.19  217.2    5.4      --
161  04/08/2020  1600    67.0   26.7     2.8     0.000   0   21.85  223.3    6.3    6018
162  04/08/2020  1700    67.0   26.7     4.4     0.000   0   21.81  231.2    7.6      --
163  04/08/2020  1800    64.5   26.7     6.0     0.000   0   23.80  236.6    9.1      --
164  04/08/2020  1900    59.3   28.4     7.6     0.000   0   30.63  240.4   10.6      --
165  04/08/2020  2000    56.5   28.7     9.1     0.000   0   34.34  243.3   12.2      --
166  04/08/2020  2100    54.2   28.5    10.7     0.000   0   37.03  245.5   13.8      --
167  04/08/2020  2200    51.8   26.7    12.3     0.000   0   37.52  247.2   15.4     141
