  Generated by FoxLW on Thursday April 2, 2020 at 02:32 PDT
-------------------------------------------------------------------------------
  Washtucna West
  46.7800:-118.5200  (46 46' 48.00"N  118 31' 12.00"W)  elev 1473.1 feet    file: 300143
-------------------------------------------------------------------------------

Line#   Date     Hour   TempF  DewPtF WS(mph)  Rain(in) LW    RH%  WDir_50m WS_50m Inv(ft)
  5  04/02/2020  0400    31.8   24.7     1.2     0.000   0   74.71   34.3    4.4     430
  6  04/02/2020  0500    31.6   22.9     1.6     0.000   0   69.65   15.4    3.0      --
  7  04/02/2020  0600    31.4   21.3     2.1     0.000   0   65.76  337.2    2.3      --
  8  04/02/2020  0700    31.7   20.3     2.6     0.000   0   62.23  298.1    2.9      --
  9  04/02/2020  0800    32.9   20.8     3.0     0.000   0   60.63  278.3    4.3      --
 10  04/02/2020  0900    35.0   21.9     3.2     0.000   0   58.41  268.8    6.0      --
 11  04/02/2020  1000    37.9   22.9     3.5     0.000   0   54.35  263.4    7.7  no_inv
 12  04/02/2020  1100    41.2   23.6     3.6     0.000   0   49.15  260.9    7.9      --
 13  04/02/2020  1200    45.0   23.9     3.7     0.000   0   42.98  258.5    8.0      --
 14  04/02/2020  1300    48.0   23.9     3.8     0.000   0   38.49  256.2    8.2      --
 15  04/02/2020  1400    49.5   23.4     3.8     0.000   0   35.64  254.0    8.4      --
 16  04/02/2020  1500    50.1   22.1     3.9     0.000   0   32.91  251.9    8.6      --
 17  04/02/2020  1600    50.4   20.5     4.0     0.000   0   30.44  249.9    8.9  no_inv
 18  04/02/2020  1700    49.8   19.2     5.1     0.000   0   29.56  242.4    9.2      --
 19  04/02/2020  1800    48.4   20.6     6.1     0.000   0   33.03  235.6    9.7      --
 20  04/02/2020  1900    47.6   19.6     7.1     0.000   0   32.55  229.6   10.4      --
 21  04/02/2020  2000    45.2   19.4     8.1     0.000   0   35.25  224.3   11.1      --
 22  04/02/2020  2100    42.9   20.2     9.2     0.000   0   39.84  219.7   11.9      --
 23  04/02/2020  2200    40.6   20.9    10.2     0.000   0   45.04  215.7   12.8     404
 24  04/02/2020  2300    38.5   21.8     9.6     0.000   0   50.70  219.3   12.7      --
 25  04/03/2020  0000    37.2   22.6     9.1     0.000   0   55.08  222.9   12.7      --
 26  04/03/2020  0100    36.0   23.3     8.5     0.000   0   59.34  226.5   12.7      --
 27  04/03/2020  0200    35.0   23.7     7.9     0.000   0   63.11  230.1   12.8      --
 28  04/03/2020  0300    34.1   23.6     7.4     0.000   0   65.05  233.6   12.9      --
 29  04/03/2020  0400    33.3   23.2     6.8     0.000   0   65.92  237.1   13.1     404
 30  04/03/2020  0500    32.8   24.1     8.3     0.000   0   69.98  235.9   14.1      --
 31  04/03/2020  0600    32.4   23.7     9.7     0.000   0   69.89  234.8   15.2      --
 32  04/03/2020  0700    32.7   22.8    11.2     0.000   0   66.55  233.9   16.2      --
 33  04/03/2020  0800    33.5   20.4    12.6     0.000   0   58.19  233.1   17.3      --
 34  04/03/2020  0900    35.1   19.6    14.1     0.000   0   52.66  232.4   18.4      --
 35  04/03/2020  1000    37.3   18.6    15.6     0.000   0   46.33  231.8   19.4  no_inv
 36  04/03/2020  1100    40.1   17.7    15.3     0.000   0   39.94  235.7   18.9      --
 37  04/03/2020  1200    44.2   16.8    15.0     0.000   0   32.88  239.9   18.4      --
 38  04/03/2020  1300    47.6   16.2    14.8     0.000   0   28.13  244.2   18.0      --
 39  04/03/2020  1400    49.5   15.9    14.5     0.000   0   25.90  248.8   17.7      --
 40  04/03/2020  1500    50.4   16.0    14.3     0.000   0   25.08  253.4   17.6      --
 41  04/03/2020  1600    50.8   16.3    14.0     0.000   0   25.05  258.1   17.5  no_inv
 42  04/03/2020  1700    49.8   16.5    13.9     0.000   0   26.14  265.4   16.6      --
 43  04/03/2020  1800    47.8   16.4    13.8     0.000   0   28.04  273.5   15.9      --
 44  04/03/2020  1900    46.8   16.5    13.7     0.000   0   29.40  282.1   15.6      --
 45  04/03/2020  2000    44.4   17.0    13.6     0.000   0   32.76  290.9   15.6      --
 46  04/03/2020  2100    42.1   17.9    13.5     0.000   0   37.29  299.4   16.0      --
 47  04/03/2020  2200    39.7   18.9    13.4     0.000   0   42.60  307.4   16.8     314
 48  04/03/2020  2300    36.0   21.2    11.3     0.000   0   54.32  306.7   13.9      --
 49  04/04/2020  0000    33.4   22.4     9.1     0.000   0   63.57  305.6   11.1      --
 50  04/04/2020  0100    30.1   21.0     6.2     0.000   0   68.40  303.8    8.3      --
 51  04/04/2020  0200    27.3   19.7     3.5     0.000   0   72.69  300.1    5.5      --
 52  04/04/2020  0300    25.5   19.0     1.6     0.000   0   76.32  288.9    2.7      --
 53  04/04/2020  0400    24.4   18.5     0.5     0.000   5   77.86  203.8    1.1     776
 54  04/04/2020  0500    24.0   18.3     0.6     0.000  10   78.23  180.8    1.2      --
 55  04/04/2020  0600    23.7   18.4     0.7     0.000  10   79.90  164.6    1.5      --
 56  04/04/2020  0700    24.5   19.5     0.9     0.000  10   81.14  154.0    1.9      --
 57  04/04/2020  0800    27.3   22.3     1.1     0.000  10   81.24  147.1    2.2      --
 58  04/04/2020  0900    31.8   23.9     1.3     0.000   5   72.19  142.3    2.7      --
 59  04/04/2020  1000    37.6   25.9     1.4     0.000   0   62.35  138.9    3.1    7184
 60  04/04/2020  1100    43.5   27.3     1.7     0.000   0   52.41  118.5    3.0      --
 61  04/04/2020  1200    48.3   27.8     1.9     0.000   0   44.72   99.5    3.3      --
 62  04/04/2020  1300    51.8   27.8     2.2     0.000   0   39.23   84.9    3.9      --
 63  04/04/2020  1400    53.6   27.5     2.4     0.000   0   36.21   74.5    4.7      --
 64  04/04/2020  1500    54.5   26.6     2.7     0.000   0   33.80   67.3    5.6      --
 65  04/04/2020  1600    55.0   25.5     3.0     0.000   0   31.80   62.1    6.5  no_inv
 66  04/04/2020  1700    54.7   24.6     4.6     0.000   0   30.95   51.1    7.8      --
 67  04/04/2020  1800    54.2   25.4     6.3     0.000   0   32.62   43.5    9.3      --
 68  04/04/2020  1900    53.9   25.4     8.0     0.000   0   32.86   38.1   11.0      --
 69  04/04/2020  2000    51.6   26.9     9.6     0.000   0   38.13   34.1   12.7      --
 70  04/04/2020  2100    49.2   31.1    11.3     0.000   0   49.43   31.1   14.4      --
 71  04/04/2020  2200    46.9   36.5    13.0     0.010   0   66.98   28.7   16.2  no_inv
 72  04/04/2020  2300    45.0   34.7    11.7     0.000   0   67.01   30.3   11.5      --
 73  04/05/2020  0000    43.8   34.1    10.5     0.000   0   68.30   34.0    6.8      --
 74  04/05/2020  0100    43.7   35.8     9.2     0.000   0   73.34   52.8    2.3      --
 75  04/05/2020  0200    42.0   36.9     8.0     0.000   0   81.96  183.3    2.9      --
 76  04/05/2020  0300    41.4   33.1     6.8     0.000   0   72.19  196.8    7.5      --
 77  04/05/2020  0400    40.9   30.5     5.5     0.000   0   66.01  199.9   12.2    1420
 78  04/05/2020  0500    40.7   28.8     4.8     0.000   0   62.20  202.0   10.5      --
 79  04/05/2020  0600    40.5   26.3     4.1     0.000   0   56.53  205.0    8.8      --
 80  04/05/2020  0700    40.7   26.3     3.5     0.000   0   56.15  209.2    7.2      --
 81  04/05/2020  0800    41.4   31.7     2.8     0.000   0   68.11  216.0    5.6      --
 82  04/05/2020  0900    42.7   34.2     2.1     0.000   0   71.68  227.5    4.2      --
 83  04/05/2020  1000    44.7   33.7     1.4     0.000   0   65.11  248.8    3.1  no_inv
 84  04/05/2020  1100    47.4   33.1     1.4     0.000   0   57.39  253.5    2.0      --
 85  04/05/2020  1200    50.7   32.5     1.5     0.000   0   49.62  268.8    1.0      --
 86  04/05/2020  1300    53.4   32.1     1.5     0.000   0   43.99    0.8    0.5      --
 87  04/05/2020  1400    55.1   31.7     1.6     0.000   0   40.83   42.0    1.5      --
 88  04/05/2020  1500    56.2   31.5     1.6     0.000   0   38.83   49.9    2.5      --
 89  04/05/2020  1600    56.9   31.4     1.6     0.000   0   37.75   53.1    3.6  no_inv
 90  04/05/2020  1700    55.6   31.5     2.3     0.000   0   39.75   70.4    4.7      --
 91  04/05/2020  1800    52.8   32.1     2.9     0.000   0   44.95   80.9    6.0      --
 92  04/05/2020  1900    51.3   32.1     3.5     0.000   0   47.52   87.5    7.4      --
 93  04/05/2020  2000    49.0   32.1     4.2     0.000   0   51.83   91.9    8.9      --
 94  04/05/2020  2100    46.7   32.1     4.8     0.000   0   56.59   95.0   10.5      --
 95  04/05/2020  2200    44.3   32.6     5.4     0.000   0   63.16   97.3   12.0     727
 96  04/05/2020  2300    43.0   32.6     5.4     0.000   0   66.27   87.7   10.6      --
 97  04/06/2020  0000    42.2   32.5     5.3     0.000   0   68.38   75.5    9.6      --
 98  04/06/2020  0100    41.2   32.3     5.1     0.000   0   70.38   61.2    9.0      --
 99  04/06/2020  0200    40.0   32.3     4.4     0.000   0   73.88   46.1    9.1      --
100  04/06/2020  0300    39.0   32.5     3.7     0.000   0   77.33   32.3    9.8      --
101  04/06/2020  0400    39.2   32.8     3.0     0.000   0   77.32   20.8   10.9      79
102  04/06/2020  0500    38.0   32.5     3.3     0.000   0   80.36   16.5    9.4      --
103  04/06/2020  0600    37.8   32.5     3.4     0.000   0   81.28   10.6    8.0      --
104  04/06/2020  0700    38.2   33.1     3.5     0.000   0   81.77    2.1    6.6      --
105  04/06/2020  0800    39.6   34.2     3.0     0.000   0   80.82  349.9    5.5      --
106  04/06/2020  0900    42.0   35.4     2.5     0.000   0   77.19  332.6    4.8      --
107  04/06/2020  1000    45.3   36.5     2.0     0.000   0   71.02  311.6    4.5  no_inv
108  04/06/2020  1100    49.5   37.2     4.0     0.000   0   62.61  290.4    6.0      --
109  04/06/2020  1200    54.2   37.5     5.9     0.000   0   53.22  278.6    8.0      --
110  04/06/2020  1300    57.7   35.5     7.9     0.000   0   43.23  271.6   10.2      --
111  04/06/2020  1400    59.2   33.0     9.8     0.000   0   37.09  267.1   12.5      --
112  04/06/2020  1500    60.0   29.4    11.8     0.000   0   31.06  264.0   14.8      --
113  04/06/2020  1600    60.3   27.3    13.7     0.000   0   28.32  261.8   17.2    8260
114  04/06/2020  1700    59.5   26.8    14.8     0.000   0   28.48  272.7   17.3      --
115  04/06/2020  1800    56.7   26.4    15.9     0.000   0   30.94  283.0   18.0      --
116  04/06/2020  1900    51.1   26.6    17.0     0.000   0   38.40  292.3   19.2      --
117  04/06/2020  2000    48.0   27.0    18.0     0.000   0   43.83  300.3   20.9      --
118  04/06/2020  2100    45.7   27.5    19.1     0.000   0   48.82  307.0   23.0      --
119  04/06/2020  2200    43.3   28.0    20.2     0.000   0   54.50  312.5   25.2    1008
120  04/06/2020  2300    41.2   28.5    18.4     0.000   0   60.32  304.2   22.4      --
121  04/07/2020  0000    40.0   29.0    16.6     0.000   0   64.60  293.6   20.0      --
122  04/07/2020  0100    38.7   29.4    14.7     0.000   0   68.97  280.9   18.6      --
123  04/07/2020  0200    37.5   29.7    12.9     0.000   0   73.19  266.8   18.2      --
124  04/07/2020  0300    36.4   31.3    11.1     0.000   0   81.56  252.9   18.9      --
125  04/07/2020  0400    35.5   32.0     9.3     0.000   0   86.96  240.7   20.5     351
126  04/07/2020  0500    34.7   31.9     9.4     0.000   0   89.52  241.7   19.2      --
127  04/07/2020  0600    34.2   31.7     9.6     0.000   0   90.35  242.8   17.9      --
128  04/07/2020  0700    35.0   31.4     9.7     0.000   0   86.61  244.1   16.5      --
129  04/07/2020  0800    37.0   28.9     9.8     0.000   0   72.30  245.6   15.2      --
130  04/07/2020  0900    40.4   28.4    10.0     0.000   0   61.97  247.4   13.9      --
131  04/07/2020  1000    44.8   27.9    10.1     0.000   0   51.12  249.5   12.6    4995
132  04/07/2020  1100    49.6   27.4     8.8     0.000   0   41.78  250.3   11.3      --
133  04/07/2020  1200    54.0   26.8     7.4     0.000   0   34.76  251.2   10.0      --
134  04/07/2020  1300    57.4   26.4     6.1     0.000   0   30.24  252.4    8.6      --
135  04/07/2020  1400    59.1   26.1     4.8     0.000   0   28.03  254.1    7.3      --
136  04/07/2020  1500    60.0   25.9     3.5     0.000   0   26.97  256.5    6.0      --
137  04/07/2020  1600    60.3   25.8     2.1     0.000   0   26.52  260.2    4.7    7587
138  04/07/2020  1700    60.4   25.8     2.5     0.000   0   26.49  242.6    4.7      --
139  04/07/2020  1800    57.2   25.8     2.9     0.000   0   29.63  226.5    5.1      --
140  04/07/2020  1900    50.8   26.1     3.2     0.000   0   37.89  213.7    5.9      --
141  04/07/2020  2000    47.3   26.5     2.9     0.000   0   43.94  204.2    6.8      --
142  04/07/2020  2100    45.0   26.8     2.6     0.000   0   48.57  197.2    8.0      --
143  04/07/2020  2200    42.6   27.0     2.3     0.000   0   53.74  192.0    9.2  no_inv
144  04/07/2020  2300    41.8   26.8     3.3     0.000   0   54.85  178.7    6.7      --
145  04/08/2020  0000    41.8   26.5     4.5     0.000   0   54.26  153.4    4.9      --
146  04/08/2020  0100    41.7   25.5     6.0     0.000   0   52.34  116.7    4.8      --
147  04/08/2020  0200    41.3   24.4     7.1     0.000   0   50.49   89.0    6.3      --
148  04/08/2020  0300    40.8   23.6     7.8     0.000   0   49.80   74.2    8.8      --
149  04/08/2020  0400    40.4   23.3     8.5     0.000   0   50.11   66.0   11.5  no_inv
150  04/08/2020  0500    39.9   23.9     7.4     0.000   0   52.39   70.8    9.7      --
151  04/08/2020  0600    39.6   25.0     6.4     0.000   0   55.48   77.7    8.0      --
152  04/08/2020  0700    40.4   25.6     5.3     0.000   0   55.28   88.0    6.5      --
153  04/08/2020  0800    42.5   26.7     4.3     0.000   0   53.36  103.6    5.3      --
154  04/08/2020  0900    45.9   29.6     3.3     0.000   0   52.72  125.4    4.7      --
155  04/08/2020  1000    50.3   29.8     2.2     0.000   0   44.89  149.1    4.9    5992
156  04/08/2020  1100    55.1   30.7     2.4     0.000   0   39.27  164.0    4.4      --
157  04/08/2020  1200    59.4   31.1     2.5     0.000   0   34.07  181.1    4.3      --
158  04/08/2020  1300    62.7   31.1     2.7     0.000   0   30.36  197.8    4.5      --
159  04/08/2020  1400    64.4   31.1     2.8     0.000   0   28.60  211.7    5.1      --
160  04/08/2020  1500    65.2   31.0     3.0     0.000   0   27.77  222.2    5.9      --
161  04/08/2020  1600    65.5   31.0     3.1     0.000   0   27.35  230.1    6.9    5948
162  04/08/2020  1700    65.5   30.9     5.1     0.000   0   27.28  225.4    8.9      --
163  04/08/2020  1800    63.0   30.9     7.1     0.000   0   29.78  222.5   10.8      --
164  04/08/2020  1900    57.8   31.6     9.1     0.000   0   36.81  220.5   12.8      --
165  04/08/2020  2000    55.0   31.2    11.1     0.000   0   40.18  219.0   14.9      --
166  04/08/2020  2100    52.7   29.6    13.1     0.000   0   40.96  217.9   16.9      --
167  04/08/2020  2200    50.3   29.6    15.1     0.000   0   44.66  217.0   18.9  no_inv
