  Generated by FoxLW on Thursday April 2, 2020 at 02:32 PDT
-------------------------------------------------------------------------------
  Hatton
  46.7900:-118.8600  (46 47' 24.00"N  118 51' 36.00"W)  elev 1299.2 feet    file: 300132
-------------------------------------------------------------------------------

Line#   Date     Hour   TempF  DewPtF WS(mph)  Rain(in) LW    RH%  WDir_50m WS_50m Inv(ft)
  5  04/02/2020  0400    32.1   18.0    11.3     0.000   0   55.46   22.8   14.4  no_inv
  6  04/02/2020  0500    31.6   18.4     9.8     0.000   0   57.67   19.1   11.7      --
  7  04/02/2020  0600    31.2   18.4     8.2     0.000   0   58.64   13.4    9.1      --
  8  04/02/2020  0700    31.5   18.4     6.7     0.000   0   57.76    3.1    6.6      --
  9  04/02/2020  0800    32.9   18.4     5.2     0.000   0   54.69  342.3    4.6      --
 10  04/02/2020  0900    35.3   16.5     3.7     0.000   0   45.72  303.9    3.8      --
 11  04/02/2020  1000    38.5   16.5     2.2     0.000   0   40.22  268.3    4.9  no_inv
 12  04/02/2020  1100    42.2   16.5     2.4     0.000   0   34.88  260.7    5.1      --
 13  04/02/2020  1200    46.1   16.5     2.5     0.000   0   30.08  253.9    5.4      --
 14  04/02/2020  1300    49.1   16.5     2.7     0.000   0   26.88  247.9    5.8      --
 15  04/02/2020  1400    50.6   16.5     2.9     0.000   0   25.39  242.7    6.2      --
 16  04/02/2020  1500    51.3   16.5     3.1     0.000   0   24.73  238.1    6.6      --
 17  04/02/2020  1600    51.6   16.5     3.2     0.000   0   24.45  234.2    7.1  no_inv
 18  04/02/2020  1700    50.9   16.5     3.3     0.000   0   25.25  237.1    7.2      --
 19  04/02/2020  1800    49.3   16.8     3.4     0.000   0   27.08  240.0    7.4      --
 20  04/02/2020  1900    48.4   16.8     3.4     0.000   0   27.98  242.7    7.5      --
 21  04/02/2020  2000    46.1   16.8     3.5     0.000   0   30.56  245.3    7.7      --
 22  04/02/2020  2100    43.7   16.8     3.6     0.000   0   33.40  247.8    7.9      --
 23  04/02/2020  2200    41.4   16.8     3.7     0.000   0   36.54  250.2    8.1     583
 24  04/02/2020  2300    39.0   16.8     4.3     0.000   0   40.14  257.0    8.5      --
 25  04/03/2020  0000    37.4   16.8     4.9     0.000   0   42.70  263.0    9.0      --
 26  04/03/2020  0100    36.0   17.7     5.5     0.000   0   47.06  268.4    9.6      --
 27  04/03/2020  0200    34.7   19.0     6.1     0.000   0   52.26  273.1   10.2      --
 28  04/03/2020  0300    33.6   20.3     6.8     0.000   0   57.77  277.3   10.9      --
 29  04/03/2020  0400    32.7   21.6     7.4     0.000   0   63.26  280.9   11.7  no_inv
 30  04/03/2020  0500    32.0   22.8     8.8     0.000   0   68.41  269.1   12.2      --
 31  04/03/2020  0600    31.6   22.6    10.3     0.000   0   68.92  258.7   13.2      --
 32  04/03/2020  0700    32.0   22.0    11.7     0.000   0   66.08  249.9   14.6      --
 33  04/03/2020  0800    33.3   20.3    13.1     0.000   0   58.52  242.8   16.2      --
 34  04/03/2020  0900    35.5   20.1    14.6     0.000   0   52.99  237.1   18.0      --
 35  04/03/2020  1000    38.5   19.9    16.0     0.000   0   46.61  232.4   20.0  no_inv
 36  04/03/2020  1100    41.7   19.6    15.4     0.000   0   40.75  236.1   19.0      --
 37  04/03/2020  1200    44.3   19.4    14.8     0.000   0   36.50  240.1   18.1      --
 38  04/03/2020  1300    46.5   19.4    14.3     0.000   0   33.60  244.6   17.3      --
 39  04/03/2020  1400    47.7   19.5    13.7     0.000   0   32.32  249.5   16.6      --
 40  04/03/2020  1500    48.5   19.9    13.1     0.000   0   31.89  254.7   16.1      --
 41  04/03/2020  1600    49.0   20.5    12.5     0.000   0   32.05  260.2   15.6  no_inv
 42  04/03/2020  1700    48.4   20.2    13.2     0.000   0   32.40  269.7   15.5      --
 43  04/03/2020  1800    47.1   19.6    13.8     0.000   0   33.13  279.0   15.8      --
 44  04/03/2020  1900    46.4   19.2    14.5     0.000   0   33.49  287.8   16.5      --
 45  04/03/2020  2000    44.1   19.1    15.1     0.000   0   36.39  295.7   17.6      --
 46  04/03/2020  2100    41.8   19.2    15.8     0.000   0   39.98  302.6   18.9      --
 47  04/03/2020  2200    39.4   19.3    16.4     0.000   0   43.99  308.5   20.5     449
 48  04/03/2020  2300    35.9   19.4    13.9     0.000   0   50.81  309.8   17.5      --
 49  04/04/2020  0000    33.2   20.8    11.4     0.000   0   59.84  311.5   14.5      --
 50  04/04/2020  0100    30.7   21.2     9.0     0.000   0   67.35  314.3   11.6      --
 51  04/04/2020  0200    27.4   21.4     5.3     0.000   5   77.72  318.8    8.7      --
 52  04/04/2020  0300    25.3   21.3     2.8     0.000  10   84.32  327.9    5.9      --
 53  04/04/2020  0400    24.0   21.3     1.0     0.000  10   89.13  351.1    3.4  no_inv
 54  04/04/2020  0500    23.5   21.0     1.1     0.000  10   90.03  352.9    2.5      --
 55  04/04/2020  0600    23.1   21.1     1.2     0.000  10   92.02  356.5    1.6      --
 56  04/04/2020  0700    24.0   21.8     1.2     0.000  10   91.23    8.7    0.8      --
 57  04/04/2020  0800    26.8   23.0     1.1     0.000  10   85.17  111.5    0.3      --
 58  04/04/2020  0900    31.5   24.3     1.0     0.000   5   74.31  151.7    1.1      --
 59  04/04/2020  1000    37.5   25.5     0.9     0.000   0   61.55  158.1    2.0    7365
 60  04/04/2020  1100    43.6   26.4     1.1     0.000   0   50.26  132.8    1.7      --
 61  04/04/2020  1200    48.2   26.6     1.3     0.000   0   42.74  104.7    1.9      --
 62  04/04/2020  1300    51.7   26.6     1.5     0.000   0   37.63   84.0    2.3      --
 63  04/04/2020  1400    53.5   26.2     1.7     0.000   0   34.62   71.3    3.0      --
 64  04/04/2020  1500    54.3   25.1     1.9     0.000   0   32.04   63.5    3.7      --
 65  04/04/2020  1600    54.8   23.8     2.0     0.000   0   29.81   58.3    4.5  no_inv
 66  04/04/2020  1700    54.4   22.7     3.1     0.000   0   28.87   46.9    5.5      --
 67  04/04/2020  1800    53.6   24.8     4.1     0.000   0   32.40   39.0    6.6      --
 68  04/04/2020  1900    53.2   24.7     5.1     0.000   0   32.83   33.5    7.8      --
 69  04/04/2020  2000    50.9   24.7     6.1     0.000   0   35.67   29.5    9.0      --
 70  04/04/2020  2100    48.5   25.7     7.1     0.000   0   40.62   26.4   10.3      --
 71  04/04/2020  2200    46.2   27.8     8.1     0.000   0   48.40   24.1   11.6  no_inv
 72  04/04/2020  2300    43.4   29.1     7.7     0.000   0   56.67   27.3   11.6      --
 73  04/05/2020  0000    41.5   29.6     7.3     0.000   0   62.49   30.5   11.7      --
 74  04/05/2020  0100    39.2   28.1     5.9     0.000   0   64.12   33.7   11.8      --
 75  04/05/2020  0200    37.5   27.0     4.4     0.000   0   65.62   36.8   12.0      --
 76  04/05/2020  0300    36.4   25.8     3.2     0.000   0   64.87   39.8   12.1      --
 77  04/05/2020  0400    35.9   26.1     2.0     0.000   0   67.26   42.7   12.4     861
 78  04/05/2020  0500    35.8   25.8     2.8     0.000   0   66.59   38.9   11.2      --
 79  04/05/2020  0600    35.6   25.7     3.4     0.000   0   66.96   34.2   10.2      --
 80  04/05/2020  0700    36.0   26.6     3.8     0.000   0   68.49   28.6    9.2      --
 81  04/05/2020  0800    37.6   32.0     4.0     0.000   0   80.28   21.6    8.4      --
 82  04/05/2020  0900    40.2   31.8     3.6     0.000   0   71.93   13.3    7.6      --
 83  04/05/2020  1000    43.6   32.8     3.2     0.000   0   65.40    3.5    7.1  no_inv
 84  04/05/2020  1100    47.4   34.2     3.1     0.000   0   59.87    6.4    6.8      --
 85  04/05/2020  1200    50.9   34.7     3.0     0.000   0   53.62    9.6    6.4      --
 86  04/05/2020  1300    53.7   34.7     2.8     0.000   0   48.45   13.2    6.1      --
 87  04/05/2020  1400    55.2   34.5     2.7     0.000   0   45.49   17.1    5.9      --
 88  04/05/2020  1500    56.2   34.0     2.6     0.000   0   42.93   21.4    5.6      --
 89  04/05/2020  1600    56.9   33.4     2.5     0.000   0   41.01   26.0    5.4  no_inv
 90  04/05/2020  1700    57.0   33.0     2.7     0.000   0   40.00   40.5    5.2      --
 91  04/05/2020  1800    55.4   32.8     2.9     0.000   0   42.13   55.4    5.3      --
 92  04/05/2020  1900    52.1   33.9     3.1     0.000   0   49.72   68.8    5.7      --
 93  04/05/2020  2000    50.2   34.0     2.9     0.000   0   53.46   79.7    6.4      --
 94  04/05/2020  2100    47.9   34.1     2.7     0.000   0   58.60   88.2    7.3      --
 95  04/05/2020  2200    45.5   34.2     2.4     0.000   0   64.29   94.8    8.4     909
 96  04/05/2020  2300    43.8   34.2     2.4     0.000   0   68.61   84.2    7.4      --
 97  04/06/2020  0000    42.6   34.2     2.4     0.000   0   71.92   71.0    6.8      --
 98  04/06/2020  0100    41.6   34.2     2.3     0.000   0   74.81   56.2    6.6      --
 99  04/06/2020  0200    40.9   34.2     2.3     0.000   0   76.84   41.5    6.8      --
100  04/06/2020  0300    40.3   34.2     2.3     0.000   0   78.58   28.5    7.5      --
101  04/06/2020  0400    39.9   34.2     2.3     0.000   0   79.97   18.0    8.4     263
102  04/06/2020  0500    39.6   34.1     2.6     0.000   0   80.43   12.1    7.5      --
103  04/06/2020  0600    39.4   34.2     2.9     0.000   0   81.47    4.6    6.7      --
104  04/06/2020  0700    39.7   34.8     3.1     0.000   0   82.41  355.4    6.1      --
105  04/06/2020  0800    40.9   35.8     2.9     0.000   0   82.01  344.3    5.6      --
106  04/06/2020  0900    42.9   36.9     2.7     0.000   0   79.24  331.7    5.4      --
107  04/06/2020  1000    45.7   37.9     2.5     0.000   0   73.97  318.8    5.4  no_inv
108  04/06/2020  1100    49.5   38.6     4.7     0.000   0   65.95  301.3    7.3      --
109  04/06/2020  1200    54.5   38.9     6.9     0.000   0   55.48  291.4    9.6      --
110  04/06/2020  1300    58.4   35.7     9.1     0.000   0   42.46  285.3   12.0      --
111  04/06/2020  1400    60.3   30.3    11.3     0.000   0   31.95  281.4   14.5      --
112  04/06/2020  1500    61.3   24.9    13.5     0.000   0   24.69  278.6   17.0      --
113  04/06/2020  1600    61.7   22.0    15.7     0.000   0   21.56  276.5   19.6    8451
114  04/06/2020  1700    61.3   21.9    16.9     0.000   0   21.82  285.4   20.1      --
115  04/06/2020  1800    58.2   22.3    18.0     0.000   0   24.71  293.6   21.1      --
116  04/06/2020  1900    52.1   23.0    19.2     0.000   0   31.76  301.0   22.5      --
117  04/06/2020  2000    48.7   23.8    20.3     0.000   0   37.33  307.4   24.2      --
118  04/06/2020  2100    46.4   24.8    21.5     0.000   0   42.50  313.0   26.1      --
119  04/06/2020  2200    44.0   25.9    22.6     0.000   0   48.57  317.7   28.3     476
120  04/06/2020  2300    41.5   27.0    20.4     0.000   0   55.89  313.8   26.6      --
121  04/07/2020  0000    40.0   28.0    18.2     0.000   0   61.75  309.3   25.0      --
122  04/07/2020  0100    38.5   28.8    16.0     0.000   0   67.79  304.2   23.5      --
123  04/07/2020  0200    37.2   29.5    13.8     0.000   0   73.57  298.6   22.3      --
124  04/07/2020  0300    35.9   31.2    11.6     0.000   0   82.77  292.4   21.4      --
125  04/07/2020  0400    34.8   31.6     9.4     0.000   0   88.07  285.6   20.6  no_inv
126  04/07/2020  0500    33.8   32.0     9.2     0.000   0   92.84  283.6   19.0      --
127  04/07/2020  0600    33.3   31.8     9.1     0.000   0   94.00  281.2   17.4      --
128  04/07/2020  0700    34.2   31.5     8.9     0.000   0   89.72  278.3   15.8      --
129  04/07/2020  0800    36.6   29.1     8.8     0.000   0   73.94  274.7   14.3      --
130  04/07/2020  0900    40.6   28.7     8.7     0.000   0   62.10  270.4   12.9      --
131  04/07/2020  1000    45.7   28.2     8.5     0.000   0   50.04  265.0   11.5    4354
132  04/07/2020  1100    51.1   27.7     7.6     0.000   0   40.08  264.6   10.6      --
133  04/07/2020  1200    55.8   27.2     6.6     0.000   0   33.20  264.1    9.6      --
134  04/07/2020  1300    59.3   26.9     5.6     0.000   0   28.81  263.5    8.7      --
135  04/07/2020  1400    61.1   26.6     4.6     0.000   0   26.67  262.7    7.8      --
136  04/07/2020  1500    62.0   26.4     3.7     0.000   0   25.65  261.8    6.8      --
137  04/07/2020  1600    62.4   26.3     2.7     0.000   0   25.18  260.6    5.9    8673
138  04/07/2020  1700    62.5   26.3     2.4     0.000   0   25.13  261.8    5.2      --
139  04/07/2020  1800    58.7   26.3     2.1     0.000   0   28.72  263.3    4.5      --
140  04/07/2020  1900    51.0   26.6     1.8     0.000   0   38.37  265.5    3.8      --
141  04/07/2020  2000    46.8   26.9     1.2     0.000   0   45.62  268.5    3.1      --
142  04/07/2020  2100    44.5   27.2     0.9     0.000   0   50.37  273.3    2.5      --
143  04/07/2020  2200    42.1   27.4     0.6     0.000   0   55.67  281.5    1.8     662
144  04/07/2020  2300    41.2   27.2     2.1     0.000   0   57.04   43.1    2.0      --
145  04/08/2020  0000    41.3   26.9     4.3     0.000   0   56.31   60.8    5.1      --
146  04/08/2020  0100    41.3   24.6     7.3     0.000   0   51.14   64.9    8.4      --
147  04/08/2020  0200    41.0   23.2    10.1     0.000   0   48.65   66.7   11.7      --
148  04/08/2020  0300    40.6   20.9    12.4     0.000   0   45.04   67.7   15.0      --
149  04/08/2020  0400    40.1   20.8    14.7     0.000   0   45.68   68.3   18.3  no_inv
150  04/08/2020  0500    39.6   20.9    12.7     0.000   0   46.71   71.6   15.3      --
151  04/08/2020  0600    39.3   22.7    10.6     0.000   0   50.96   76.3   12.5      --
152  04/08/2020  0700    40.1   23.7     8.5     0.000   0   51.54   83.9    9.7      --
153  04/08/2020  0800    42.4   22.3     6.5     0.000   0   44.52   96.9    7.3      --
154  04/08/2020  0900    46.1   23.0     4.4     0.000   0   39.83  120.2    5.5      --
155  04/08/2020  1000    50.8   26.8     2.4     0.000   0   38.98  153.7    5.2    6173
156  04/08/2020  1100    55.8   26.8     2.5     0.000   0   32.45  167.9    4.8      --
157  04/08/2020  1200    60.2   26.8     2.7     0.000   0   27.71  183.7    4.8      --
158  04/08/2020  1300    63.5   26.8     2.9     0.000   0   24.67  198.7    5.1      --
159  04/08/2020  1400    65.2   26.8     3.0     0.000   0   23.26  211.3    5.6      --
160  04/08/2020  1500    66.0   26.8     3.2     0.000   0   22.61  221.1    6.4      --
161  04/08/2020  1600    66.4   26.8     3.3     0.000   0   22.32  228.6    7.4    6133
162  04/08/2020  1700    66.4   26.8     5.7     0.000   0   22.30  226.2    9.8      --
163  04/08/2020  1800    64.4   26.8     8.1     0.000   0   23.96  224.7   12.3      --
164  04/08/2020  1900    60.1   28.6    10.5     0.000   0   29.98  223.7   14.7      --
165  04/08/2020  2000    57.8   26.8    12.9     0.000   0   30.23  223.0   17.2      --
166  04/08/2020  2100    55.5   26.8    15.3     0.000   0   32.89  222.5   19.7      --
167  04/08/2020  2200    53.1   26.8    17.7     0.000   0   35.82  222.1   22.1  no_inv
