  Generated by FoxLW on Thursday April 2, 2020 at 02:32 PDT
-------------------------------------------------------------------------------
  McWhorter
  46.3200:-119.6200  (46 19' 12.00"N  119 37' 12.00"W)  elev 1450.1 feet    file: 300118
-------------------------------------------------------------------------------

Line#   Date     Hour   TempF  DewPtF WS(mph)  Rain(in) LW    RH%  WDir_50m WS_50m Inv(ft)
  5  04/02/2020  0400    35.3   18.9     6.0     0.000   0   50.61  346.7   10.9     418
  6  04/02/2020  0500    35.0   19.0     5.3     0.000   0   51.79  346.3    8.3      --
  7  04/02/2020  0600    34.7   24.4     4.7     0.000   0   65.91  345.4    5.7      --
  8  04/02/2020  0700    34.9   27.2     4.1     0.000   0   73.43  343.1    3.1      --
  9  04/02/2020  0800    35.7   27.2     3.4     0.000   0   71.03  316.9    0.5      --
 10  04/02/2020  0900    37.2   27.2     2.8     0.000   0   66.93  175.2    2.2      --
 11  04/02/2020  1000    39.3   27.2     2.2     0.000   0   61.63  171.4    4.8  no_inv
 12  04/02/2020  1100    41.8   27.2     2.4     0.000   0   55.86  176.9    5.3      --
 13  04/02/2020  1200    45.3   27.2     2.7     0.000   0   48.98  181.6    5.8      --
 14  04/02/2020  1300    48.0   27.2     2.9     0.000   0   44.20  185.4    6.4      --
 15  04/02/2020  1400    49.4   27.2     3.2     0.000   0   41.98  188.5    7.0      --
 16  04/02/2020  1500    50.0   27.2     3.5     0.000   0   41.04  191.2    7.6      --
 17  04/02/2020  1600    50.2   27.2     3.7     0.000   0   40.70  193.5    8.2  no_inv
 18  04/02/2020  1700    49.9   27.1     5.2     0.000   0   41.01  214.5    5.5      --
 19  04/02/2020  1800    49.2   28.1     6.6     0.000   0   43.90  256.0    4.4      --
 20  04/02/2020  1900    48.8   28.1     8.0     0.000   0   44.57  293.3    6.0      --
 21  04/02/2020  2000    46.4   27.4     9.5     0.000   0   47.14  310.9    8.9      --
 22  04/02/2020  2100    44.1   26.2    10.9     0.000   0   49.00  319.5   12.2      --
 23  04/02/2020  2200    41.8   23.5    12.4     0.000   0   47.98  324.4   15.6     280
 24  04/02/2020  2300    39.9   24.1    11.4     0.000   0   52.67  319.7   14.4      --
 25  04/03/2020  0000    38.8   23.5    10.5     0.000   0   53.79  314.2   13.3      --
 26  04/03/2020  0100    37.7   22.9     9.6     0.000   0   54.70  307.8   12.3      --
 27  04/03/2020  0200    36.7   22.3     8.6     0.000   0   55.42  300.4   11.5      --
 28  04/03/2020  0300    35.9   22.5     7.7     0.000   0   57.83  292.0   10.9      --
 29  04/03/2020  0400    35.2   24.2     6.7     0.000   0   63.72  283.0   10.6     530
 30  04/03/2020  0500    34.7   25.2     6.2     0.000   0   67.86  277.0    9.7      --
 31  04/03/2020  0600    34.4   26.0     5.6     0.000   0   71.26  270.0    8.9      --
 32  04/03/2020  0700    34.6   27.2     5.1     0.000   0   74.29  261.7    8.2      --
 33  04/03/2020  0800    35.4   27.4     4.6     0.000   0   72.51  252.2    7.8      --
 34  04/03/2020  0900    36.9   22.0     4.0     0.000   0   54.56  242.0    7.6      --
 35  04/03/2020  1000    39.0   18.1     3.5     0.000   0   42.44  231.6    7.7  no_inv
 36  04/03/2020  1100    41.7   17.7     4.9     0.000   0   37.57  239.0    8.7      --
 37  04/03/2020  1200    45.8   17.3     6.3     0.000   0   31.55  244.8    9.8      --
 38  04/03/2020  1300    49.3   17.8     7.7     0.000   0   28.23  249.4   11.0      --
 39  04/03/2020  1400    51.2   18.4     9.1     0.000   0   27.09  253.0   12.2      --
 40  04/03/2020  1500    52.1   19.1    10.5     0.000   0   26.89  256.0   13.5      --
 41  04/03/2020  1600    52.5   19.0    11.9     0.000   0   26.42  258.5   14.8  no_inv
 42  04/03/2020  1700    52.6   18.7    12.5     0.000   0   25.96  269.4   14.4      --
 43  04/03/2020  1800    51.0   17.9    13.1     0.000   0   26.66  280.6   14.5      --
 44  04/03/2020  1900    47.8   17.5    13.8     0.000   0   29.50  291.3   15.1      --
 45  04/03/2020  2000    46.1   17.5    14.4     0.000   0   31.40  300.8   16.2      --
 46  04/03/2020  2100    43.8   17.6    15.0     0.000   0   34.61  308.9   17.8      --
 47  04/03/2020  2200    41.4   18.1    15.6     0.000   0   38.55  315.6   19.5    1536
 48  04/03/2020  2300    40.0   18.5    13.3     0.000   0   41.51  317.5   16.6      --
 49  04/04/2020  0000    39.3   20.2    11.0     0.000   0   45.75  320.3   13.6      --
 50  04/04/2020  0100    38.7   20.8     8.7     0.000   0   48.07  324.6   10.7      --
 51  04/04/2020  0200    38.2   20.4     6.3     0.000   0   48.44  332.0    7.9      --
 52  04/04/2020  0300    37.6   19.9     4.0     0.000   0   48.32  346.9    5.4      --
 53  04/04/2020  0400    37.2   19.5     1.7     0.000   0   48.45   19.9    3.7    7302
 54  04/04/2020  0500    36.8   18.9     1.9     0.000   0   47.99   29.0    4.1      --
 55  04/04/2020  0600    36.5   18.9     2.1     0.000   0   48.49   36.5    4.5      --
 56  04/04/2020  0700    36.7   18.9     2.3     0.000   0   48.11   42.6    5.0      --
 57  04/04/2020  0800    37.4   18.9     2.6     0.000   0   46.72   47.6    5.5      --
 58  04/04/2020  0900    38.8   19.3     2.8     0.000   0   45.09   51.7    6.1      --
 59  04/04/2020  1000    40.6   19.2     3.0     0.000   0   41.72   55.0    6.7    5086
 60  04/04/2020  1100    42.9   19.1     3.3     0.000   0   38.04   50.5    7.0      --
 61  04/04/2020  1200    45.4   19.0     3.5     0.000   0   34.34   46.3    7.4      --
 62  04/04/2020  1300    47.7   18.9     3.8     0.000   0   31.40   42.7    7.9      --
 63  04/04/2020  1400    49.0   18.8     4.1     0.000   0   29.75   39.4    8.3      --
 64  04/04/2020  1500    49.9   18.7     4.3     0.000   0   28.74   36.5    8.8      --
 65  04/04/2020  1600    50.5   18.7     4.6     0.000   0   28.08   33.9    9.3  no_inv
 66  04/04/2020  1700    50.9   18.9     5.6     0.000   0   27.91   28.3    9.9      --
 67  04/04/2020  1800    50.8   19.3     6.6     0.000   0   28.56   23.4   10.5      --
 68  04/04/2020  1900    50.0   21.7     7.6     0.000   0   32.52   19.0   11.1      --
 69  04/04/2020  2000    49.2   23.0     8.6     0.000   0   35.45   15.2   11.9      --
 70  04/04/2020  2100    48.4   24.2     9.7     0.000   0   38.25   11.8   12.6      --
 71  04/04/2020  2200    47.7   25.2    10.7     0.000   0   41.02    8.8   13.4  no_inv
 72  04/04/2020  2300    45.8   26.5    10.4     0.000   0   46.43    4.8   13.8      --
 73  04/05/2020  0000    44.4   27.7    10.1     0.000   0   51.61    1.1   14.3      --
 74  04/05/2020  0100    43.1   28.7     9.9     0.000   0   56.53  357.6   14.8      --
 75  04/05/2020  0200    42.0   29.4     9.6     0.000   0   60.78  354.4   15.4      --
 76  04/05/2020  0300    41.1   29.9     9.4     0.000   0   64.11  351.4   15.9      --
 77  04/05/2020  0400    40.4   30.1     9.1     0.000   0   66.23  348.7   16.6     769
 78  04/05/2020  0500    40.0   30.1     8.5     0.000   0   67.48  350.7   15.4      --
 79  04/05/2020  0600    39.7   29.5     7.8     0.000   0   66.43  353.2   14.2      --
 80  04/05/2020  0700    39.8   27.1     7.2     0.000   0   60.11  356.0   13.0      --
 81  04/05/2020  0800    40.3   29.9     6.5     0.000   0   66.13  359.5   11.8      --
 82  04/05/2020  0900    41.3   29.9     5.9     0.000   0   63.68    3.6   10.8      --
 83  04/05/2020  1000    42.8   29.9     5.2     0.000   0   60.21    8.7    9.7  no_inv
 84  04/05/2020  1100    45.5   29.9     5.2     0.000   0   54.26   15.2    9.4      --
 85  04/05/2020  1200    50.4   29.9     5.2     0.000   0   45.05   22.2    9.2      --
 86  04/05/2020  1300    54.9   30.4     5.2     0.000   0   39.10   29.3    9.1      --
 87  04/05/2020  1400    57.0   31.0     5.3     0.000   0   36.95   36.4    9.2      --
 88  04/05/2020  1500    58.2   31.5     5.3     0.000   0   36.13   43.3    9.4      --
 89  04/05/2020  1600    58.6   32.0     5.3     0.000   0   36.36   49.8    9.8  no_inv
 90  04/05/2020  1700    57.7   32.0     6.9     0.000   0   37.54   35.0   10.2      --
 91  04/05/2020  1800    56.8   31.5     8.4     0.000   0   37.95   22.0   11.2      --
 92  04/05/2020  1900    55.1   32.0    10.0     0.000   0   41.34   11.6   12.6      --
 93  04/05/2020  2000    54.2   31.7    11.6     0.000   0   42.15    3.6   14.4      --
 94  04/05/2020  2100    51.8   30.4    13.1     0.000   0   43.59  357.4   16.4      --
 95  04/05/2020  2200    49.5   30.5    14.7     0.000   0   47.84  352.6   18.5  no_inv
 96  04/05/2020  2300    48.3   30.7    14.7     0.000   0   50.27  351.0   18.6      --
 97  04/06/2020  0000    47.5   30.8    14.8     0.000   0   52.02  349.3   18.7      --
 98  04/06/2020  0100    46.8   30.9    14.8     0.000   0   53.68  347.7   18.8      --
 99  04/06/2020  0200    46.2   31.0    14.8     0.000   0   55.18  346.0   18.9      --
100  04/06/2020  0300    45.7   31.1    14.8     0.000   0   56.45  344.4   19.0      --
101  04/06/2020  0400    45.2   31.1    14.8     0.000   0   57.45  342.9   19.1     302
102  04/06/2020  0500    44.9   31.1    12.9     0.000   0   58.11  341.9   17.1      --
103  04/06/2020  0600    44.7   32.4    11.0     0.000   0   61.78  340.7   15.1      --
104  04/06/2020  0700    44.8   32.8     9.1     0.000   0   62.69  339.2   13.2      --
105  04/06/2020  0800    45.2   30.7     7.2     0.000   0   56.49  337.1   11.2      --
106  04/06/2020  0900    46.0   30.5     5.2     0.000   0   54.35  334.1    9.2      --
107  04/06/2020  1000    47.2   30.2     3.3     0.000   0   51.53  329.5    7.3  no_inv
108  04/06/2020  1100    49.1   30.0     4.6     0.000   0   47.49  313.1    7.4      --
109  04/06/2020  1200    52.0   29.8     5.9     0.000   0   42.20  298.2    8.0      --
110  04/06/2020  1300    54.8   30.1     7.2     0.000   0   38.71  286.2    9.1      --
111  04/06/2020  1400    56.4   30.6     8.5     0.000   0   37.18  277.0   10.6      --
112  04/06/2020  1500    57.6   31.1     9.8     0.000   0   36.44  270.2   12.2      --
113  04/06/2020  1600    58.3   31.3    11.1     0.000   0   35.74  265.0   13.9  no_inv
114  04/06/2020  1700    58.5   31.0    11.7     0.000   0   35.09  274.1   13.8      --
115  04/06/2020  1800    57.3   30.4    12.2     0.000   0   35.63  283.1   14.0      --
116  04/06/2020  1900    54.9   29.6    12.7     0.000   0   37.80  291.6   14.6      --
117  04/06/2020  2000    53.5   28.9    13.2     0.000   0   38.49  299.2   15.5      --
118  04/06/2020  2100    51.2   28.1    13.8     0.000   0   40.64  306.0   16.6      --
119  04/06/2020  2200    48.9   27.7    14.3     0.000   0   43.54  311.9   17.9     687
120  04/06/2020  2300    47.8   27.2    12.5     0.000   0   44.53  310.3   16.1      --
121  04/07/2020  0000    47.1   28.3    10.7     0.000   0   47.70  308.4   14.4      --
122  04/07/2020  0100    46.5   28.5     8.9     0.000   0   49.25  306.0   12.6      --
123  04/07/2020  0200    45.8   29.0     7.1     0.000   0   51.59  302.8   10.9      --
124  04/07/2020  0300    45.2   29.7     5.3     0.000   0   54.24  298.4    9.3      --
125  04/07/2020  0400    44.7   30.1     3.5     0.000   0   56.40  292.1    7.7     476
126  04/07/2020  0500    44.2   30.9     3.5     0.000   0   59.10  284.9    7.3      --
127  04/07/2020  0600    43.9   30.9     3.4     0.000   0   59.78  277.1    7.1      --
128  04/07/2020  0700    44.2   30.9     3.4     0.000   0   59.22  269.0    6.9      --
129  04/07/2020  0800    45.0   26.7     3.4     0.000   0   48.35  260.7    7.0      --
130  04/07/2020  0900    46.6   26.7     3.4     0.000   0   45.64  252.7    7.2      --
131  04/07/2020  1000    48.7   26.7     3.4     0.000   0   42.09  245.2    7.5    5110
132  04/07/2020  1100    51.5   26.7     3.0     0.000   0   38.00  244.9    6.7      --
133  04/07/2020  1200    56.0   26.7     2.7     0.000   0   32.20  244.4    6.0      --
134  04/07/2020  1300    60.0   26.7     2.4     0.000   0   27.96  243.8    5.2      --
135  04/07/2020  1400    62.1   26.7     2.0     0.000   0   25.88  242.9    4.5      --
136  04/07/2020  1500    63.2   26.7     1.7     0.000   0   24.91  241.8    3.8      --
137  04/07/2020  1600    63.8   26.7     1.4     0.000   0   24.43  240.1    3.0    8267
138  04/07/2020  1700    63.9   26.7     2.0     0.000   0   24.34  274.7    2.5      --
139  04/07/2020  1800    62.3   26.7     2.5     0.000   0   25.73  308.2    3.1      --
140  04/07/2020  1900    59.1   26.7     3.1     0.000   0   28.86  327.0    4.3      --
141  04/07/2020  2000    57.3   26.7     3.7     0.000   0   30.76  337.0    5.8      --
142  04/07/2020  2100    54.9   26.7     4.3     0.000   0   33.47  342.8    7.4      --
143  04/07/2020  2200    52.6   26.7     4.8     0.000   0   36.46  346.5    9.1     571
144  04/07/2020  2300    51.0   26.7     4.6     0.000   0   38.64  344.4    8.7      --
145  04/08/2020  0000    50.3   26.7     4.3     0.000   0   39.70  342.1    8.4      --
146  04/08/2020  0100    49.6   26.7     4.1     0.000   0   40.76  339.6    8.1      --
147  04/08/2020  0200    48.9   26.7     3.8     0.000   0   41.76  336.9    7.7      --
148  04/08/2020  0300    48.3   26.7     3.5     0.000   0   42.69  334.0    7.4      --
149  04/08/2020  0400    47.8   26.7     3.2     0.000   0   43.50  330.8    7.2     416
150  04/08/2020  0500    47.4   26.7     2.8     0.000   0   44.18  328.5    5.9      --
151  04/08/2020  0600    47.2   26.7     2.4     0.000   0   44.62  324.8    4.6      --
152  04/08/2020  0700    47.4   26.7     2.0     0.000   0   44.18  318.4    3.4      --
153  04/08/2020  0800    48.3   25.9     1.6     0.000   0   41.39  304.9    2.2      --
154  04/08/2020  0900    49.8   25.9     1.1     0.000   0   39.08  270.4    1.4      --
155  04/08/2020  1000    52.0   25.9     0.7     0.000   0   36.07  217.8    1.6    4682
156  04/08/2020  1100    54.7   25.9     1.5     0.000   0   32.66  234.3    2.9      --
157  04/08/2020  1200    59.1   25.9     2.4     0.000   0   27.89  240.2    4.3      --
158  04/08/2020  1300    62.8   25.9     3.2     0.000   0   24.42  243.2    5.7      --
159  04/08/2020  1400    64.9   25.9     4.0     0.000   0   22.70  245.1    7.1      --
160  04/08/2020  1500    65.9   25.9     4.8     0.000   0   21.95  246.3    8.6      --
161  04/08/2020  1600    66.4   25.9     5.7     0.000   0   21.58  247.1   10.0    5876
162  04/08/2020  1700    66.5   25.9     5.9     0.000   0   21.53  241.6    9.9      --
163  04/08/2020  1800    65.6   25.9     6.2     0.000   0   22.16  236.1    9.9      --
164  04/08/2020  1900    63.9   26.9     6.4     0.000   0   24.47  230.5   10.0      --
165  04/08/2020  2000    63.0   27.1     6.7     0.000   0   25.47  225.2   10.2      --
166  04/08/2020  2100    60.7   27.2     7.0     0.000   0   27.86  220.1   10.5      --
167  04/08/2020  2200    58.3   27.4     7.2     0.000   0   30.50  215.3   10.8    4292
