  Generated by FoxLW on Thursday April 2, 2020 at 02:32 PDT
-------------------------------------------------------------------------------
  Phinny Hill
  45.9000:-119.9000  (45 53' 60.00"N  119 54' 0.00"W)  elev 646.3 feet    file: 300210
-------------------------------------------------------------------------------

Line#   Date     Hour   TempF  DewPtF WS(mph)  Rain(in) LW    RH%  WDir_50m WS_50m Inv(ft)
  5  04/02/2020  0400    37.9   26.9     0.4     0.000   0   64.25  173.5    1.0     579
  6  04/02/2020  0500    37.4   26.9     0.8     0.000   0   65.47  162.0    1.8      --
  7  04/02/2020  0600    37.0   26.7     1.2     0.000   0   66.04  157.6    2.5      --
  8  04/02/2020  0700    37.1   26.4     1.5     0.000   0   64.76  155.2    3.3      --
  9  04/02/2020  0800    38.0   26.0     1.9     0.000   0   61.62  153.8    4.2      --
 10  04/02/2020  0900    39.6   23.5     2.2     0.000   0   52.26  152.9    5.0      --
 11  04/02/2020  1000    41.9   23.1     2.6     0.000   0   46.82  152.2    5.8  no_inv
 12  04/02/2020  1100    44.8   22.6     4.5     0.000   0   40.96  181.2    5.9      --
 13  04/02/2020  1200    49.7   22.1     6.3     0.000   0   33.51  203.9    7.3      --
 14  04/02/2020  1300    54.0   22.4     8.2     0.000   0   28.92  217.8    9.4      --
 15  04/02/2020  1400    56.4   22.9    10.1     0.000   0   26.98  226.3   11.9      --
 16  04/02/2020  1500    57.7   22.8    11.9     0.000   0   25.71  231.8   14.5      --
 17  04/02/2020  1600    58.4   22.3    13.8     0.000   0   24.58  235.6   17.2  no_inv
 18  04/02/2020  1700    58.6   22.0    14.4     0.000   0   24.05  250.1   14.5      --
 19  04/02/2020  1800    56.5   21.5    15.0     0.000   0   25.42  269.4   13.1      --
 20  04/02/2020  1900    52.3   21.2    15.7     0.000   0   29.28  290.5   13.3      --
 21  04/02/2020  2000    49.9   21.1    16.3     0.000   0   31.76  308.5   15.2      --
 22  04/02/2020  2100    47.6   21.0    16.9     0.000   0   34.59  321.6   18.2      --
 23  04/02/2020  2200    45.3   21.0    17.5     0.000   0   37.71  330.7   21.9     542
 24  04/02/2020  2300    42.3   21.0    16.5     0.000   0   42.18  325.3   19.8      --
 25  04/03/2020  0000    40.4   20.9    15.4     0.000   0   45.22  318.8   17.9      --
 26  04/03/2020  0100    38.7   20.9    14.4     0.000   0   48.31  310.8   16.2      --
 27  04/03/2020  0200    37.1   20.8    13.3     0.000   0   51.33  301.3   15.0      --
 28  04/03/2020  0300    35.8   20.8    12.3     0.000   0   54.16  290.4   14.2      --
 29  04/03/2020  0400    34.6   22.4    11.2     0.000   0   60.52  278.8   14.0     556
 30  04/03/2020  0500    33.7   20.9    12.1     0.000   0   58.90  271.1   14.6      --
 31  04/03/2020  0600    33.2   21.0    13.0     0.000   0   60.47  264.1   15.5      --
 32  04/03/2020  0700    33.8   21.2    13.9     0.000   0   59.36  258.0   16.6      --
 33  04/03/2020  0800    36.0   21.5    14.7     0.000   0   55.18  252.6   17.8      --
 34  04/03/2020  0900    39.5   21.8    15.6     0.000   0   48.69  248.0   19.1      --
 35  04/03/2020  1000    43.9   22.1    16.5     0.000   0   41.66  244.0   20.6  no_inv
 36  04/03/2020  1100    48.3   22.4    17.1     0.000   0   35.81  246.3   21.4      --
 37  04/03/2020  1200    51.4   22.8    17.8     0.000   0   32.25  248.5   22.1      --
 38  04/03/2020  1300    53.6   23.0    18.5     0.000   0   30.07  250.6   22.9      --
 39  04/03/2020  1400    54.7   23.2    19.1     0.000   0   29.20  252.5   23.8      --
 40  04/03/2020  1500    55.1   23.4    19.8     0.000   0   28.89  254.3   24.6      --
 41  04/03/2020  1600    55.2   23.4    20.4     0.000   0   28.81  255.9   25.5  no_inv
 42  04/03/2020  1700    55.1   23.4    18.6     0.000   0   28.95  260.2   22.5      --
 43  04/03/2020  1800    52.8   23.4    16.9     0.000   0   31.49  265.9   19.6      --
 44  04/03/2020  1900    48.1   23.5    15.1     0.000   0   37.71  273.4   17.0      --
 45  04/03/2020  2000    45.5   23.5    13.3     0.000   0   41.68  283.3   14.7      --
 46  04/03/2020  2100    43.1   24.6    11.5     0.000   0   47.69  296.3   13.1      --
 47  04/03/2020  2200    40.8   24.9     9.7     0.000   0   52.69  311.9   12.3     400
 48  04/03/2020  2300    38.9   25.2     8.6     0.000   0   57.50  317.2   10.4      --
 49  04/04/2020  0000    38.2   25.0     7.4     0.000   0   58.66  324.7    8.7      --
 50  04/04/2020  0100    37.5   24.8     6.2     0.000   0   59.72  335.6    7.1      --
 51  04/04/2020  0200    36.8   24.6     5.0     0.000   0   61.05  351.5    6.0      --
 52  04/04/2020  0300    36.1   24.4     3.8     0.000   0   62.15   12.4    5.5      --
 53  04/04/2020  0400    35.5   24.4     2.6     0.000   0   63.68   34.0    5.8     357
 54  04/04/2020  0500    34.9   24.4     2.8     0.000   0   65.05   39.4    6.1      --
 55  04/04/2020  0600    34.5   24.4     3.0     0.000   0   66.03   44.3    6.4      --
 56  04/04/2020  0700    35.0   24.4     3.1     0.000   0   64.91   48.6    6.7      --
 57  04/04/2020  0800    36.4   24.4     3.3     0.000   0   61.28   52.6    7.1      --
 58  04/04/2020  0900    39.0   23.0     3.5     0.000   0   52.30   56.1    7.5      --
 59  04/04/2020  1000    42.4   22.9     3.6     0.000   0   45.74   59.2    8.0  no_inv
 60  04/04/2020  1100    46.1   22.9     3.5     0.000   0   39.57   59.0    7.6      --
 61  04/04/2020  1200    49.4   22.8     3.3     0.000   0   34.88   58.8    7.3      --
 62  04/04/2020  1300    52.2   22.8     3.1     0.000   0   31.40   58.6    6.9      --
 63  04/04/2020  1400    53.8   22.8     3.0     0.000   0   29.57   58.3    6.5      --
 64  04/04/2020  1500    54.9   22.8     2.8     0.000   0   28.42   58.0    6.2      --
 65  04/04/2020  1600    55.7   22.8     2.6     0.000   0   27.64   57.7    5.8  no_inv
 66  04/04/2020  1700    56.2   22.8     3.8     0.000   0   27.19   39.4    3.1      --
 67  04/04/2020  1800    55.8   22.9     5.1     0.000   0   27.63  332.2    2.0      --
 68  04/04/2020  1900    55.2   23.8     6.3     0.000   0   29.29  285.8    4.0      --
 69  04/04/2020  2000    54.9   24.9     7.5     0.000   0   31.12  273.5    6.8      --
 70  04/04/2020  2100    52.6   25.7     8.7     0.000   0   35.00  268.5    9.7      --
 71  04/04/2020  2200    50.2   26.0     9.9     0.000   0   38.69  265.8   12.6     675
 72  04/04/2020  2300    48.8   26.4     8.9     0.000   0   41.46  273.8   10.2      --
 73  04/05/2020  0000    47.8   26.6     8.0     0.000   0   43.40  286.3    8.1      --
 74  04/05/2020  0100    47.0   25.6     7.0     0.000   0   42.78  305.8    6.6      --
 75  04/05/2020  0200    46.4   24.5     6.1     0.000   0   42.02  331.6    6.2      --
 76  04/05/2020  0300    45.8   23.9     5.1     0.000   0   41.68  355.5    7.1      --
 77  04/05/2020  0400    45.5   22.8     4.1     0.000   0   40.41   12.1    8.9  no_inv
 78  04/05/2020  0500    45.2   22.8     4.2     0.000   0   40.77   20.1    8.5      --
 79  04/05/2020  0600    45.1   22.8     4.3     0.000   0   41.01   28.7    8.3      --
 80  04/05/2020  0700    45.2   22.8     4.4     0.000   0   40.86   37.4    8.3      --
 81  04/05/2020  0800    45.7   22.8     4.5     0.000   0   40.09   46.0    8.5      --
 82  04/05/2020  0900    46.6   27.6     4.5     0.000   0   47.30   54.0    8.9      --
 83  04/05/2020  1000    48.0   28.4     4.6     0.000   0   46.39   61.3    9.4  no_inv
 84  04/05/2020  1100    50.3   29.2     4.5     0.000   0   44.01   62.2    9.2      --
 85  04/05/2020  1200    53.7   31.6     4.3     0.000   0   42.68   63.2    9.0      --
 86  04/05/2020  1300    56.8   31.6     4.2     0.000   0   38.14   64.3    8.8      --
 87  04/05/2020  1400    58.7   31.6     4.0     0.000   0   35.68   65.4    8.6      --
 88  04/05/2020  1500    60.0   31.6     3.8     0.000   0   34.02   66.6    8.3      --
 89  04/05/2020  1600    60.8   31.6     3.7     0.000   0   33.06   67.8    8.1  no_inv
 90  04/05/2020  1700    61.0   31.6     3.8     0.000   0   32.77   73.1    5.2      --
 91  04/05/2020  1800    59.6   31.6     4.0     0.000   0   34.52   91.6    2.4      --
 92  04/05/2020  1900    56.6   31.6     4.2     0.000   0   38.44  188.1    1.6      --
 93  04/05/2020  2000    54.9   31.6     4.3     0.000   0   40.81  221.4    4.3      --
 94  04/05/2020  2100    52.6   34.3     4.5     0.000   0   49.70  228.6    7.2      --
 95  04/05/2020  2200    50.2   39.7     4.6     0.010   0   67.05  231.6   10.2     816
 96  04/05/2020  2300    48.7   40.0     6.3     0.000   0   71.68  252.6    8.8      --
 97  04/06/2020  0000    48.5   39.9     8.1     0.000   0   72.16  277.0    8.8      --
 98  04/06/2020  0100    48.2   39.3     9.8     0.000   0   71.32  297.5   10.3      --
 99  04/06/2020  0200    47.8   36.5    11.6     0.000   0   64.58  311.6   12.8      --
100  04/06/2020  0300    47.4   31.0    13.3     0.000   0   52.74  320.8   15.7      --
101  04/06/2020  0400    47.1   30.4    15.1     0.000   0   52.00  327.0   19.0     760
102  04/06/2020  0500    46.7   30.4    12.6     0.000   0   52.79  326.7   15.8      --
103  04/06/2020  0600    46.4   31.9    10.1     0.000   0   56.66  326.2   12.5      --
104  04/06/2020  0700    46.6   32.2     7.7     0.000   0   57.02  325.4    9.3      --
105  04/06/2020  0800    47.3   32.5     5.2     0.000   0   56.24  323.7    6.1      --
106  04/06/2020  0900    48.5   32.5     2.7     0.000   0   53.76  318.5    2.9      --
107  04/06/2020  1000    50.2   32.5     0.3     0.000   0   50.39  205.6    0.6    6381
108  04/06/2020  1100    52.8   32.5     2.7     0.000   0   45.83  232.1    3.5      --
109  04/06/2020  1200    56.2   32.5     5.2     0.000   0   40.50  234.4    6.6      --
110  04/06/2020  1300    59.1   32.8     7.6     0.000   0   36.81  235.3    9.6      --
111  04/06/2020  1400    60.9   33.4    10.0     0.000   0   35.53  235.8   12.6      --
112  04/06/2020  1500    62.1   33.3    12.5     0.000   0   33.91  236.1   15.6      --
113  04/06/2020  1600    62.9   32.8    14.9     0.000   0   32.38  236.2   18.6  no_inv
114  04/06/2020  1700    63.1   33.5    13.1     0.000   0   32.91  240.1   16.4      --
115  04/06/2020  1800    60.7   33.5    11.2     0.000   0   35.84  245.1   14.2      --
116  04/06/2020  1900    55.7   33.9     9.3     0.000   0   43.54  251.8   12.2      --
117  04/06/2020  2000    53.0   33.9     7.5     0.000   0   48.16  261.0   10.5      --
118  04/06/2020  2100    50.7   33.6     5.6     0.000   0   51.77  273.4    9.1      --
119  04/06/2020  2200    48.3   33.5     3.8     0.000   0   56.33  289.3    8.2     430
120  04/06/2020  2300    46.9   33.7     3.4     0.000   0   59.83  294.5    6.7      --
121  04/07/2020  0000    46.0   33.7     3.1     0.000   0   61.88  302.7    5.2      --
122  04/07/2020  0100    45.0   33.7     2.7     0.000   0   64.17  316.6    4.0      --
123  04/07/2020  0200    44.1   33.7     2.4     0.000   0   66.57  340.3    3.1      --
124  04/07/2020  0300    43.2   33.7     2.1     0.000   0   68.96   11.6    3.1      --
125  04/07/2020  0400    42.3   33.7     1.7     0.000   0   71.26   36.9    3.8     545
126  04/07/2020  0500    41.5   33.7     1.5     0.000   0   73.39   40.7    3.2      --
127  04/07/2020  0600    41.1   33.7     1.4     0.000   0   74.72   46.6    2.5      --
128  04/07/2020  0700    41.5   33.7     1.2     0.000   0   73.50   56.4    1.9      --
129  04/07/2020  0800    42.9   28.7     1.0     0.000   0   57.05   74.1    1.4      --
130  04/07/2020  0900    45.3   28.2     0.8     0.000   0   50.81  104.5    1.1      --
131  04/07/2020  1000    48.7   27.6     0.6     0.000   0   43.64  137.7    1.3    5562
132  04/07/2020  1100    52.8   27.0     0.9     0.000   0   36.59   77.7    0.7      --
133  04/07/2020  1200    58.3   26.4     1.2     0.000   0   29.27   20.9    1.3      --
134  04/07/2020  1300    63.0   25.9     1.6     0.000   0   24.33    6.8    2.4      --
135  04/07/2020  1400    65.6   25.6     1.9     0.000   0   21.86    1.4    3.5      --
136  04/07/2020  1500    66.9   25.3     2.2     0.000   0   20.65  358.6    4.6      --
137  04/07/2020  1600    67.7   25.3     2.6     0.000   0   20.05  356.9    5.7    8422
138  04/07/2020  1700    68.0   25.3     5.1     0.000   0   19.91  346.8    8.2      --
139  04/07/2020  1800    66.0   25.4     7.6     0.000   0   21.40  341.5   10.9      --
140  04/07/2020  1900    62.1   27.6    10.1     0.000   0   26.88  338.4   13.7      --
141  04/07/2020  2000    59.9   25.9    12.6     0.000   0   27.06  336.3   16.4      --
142  04/07/2020  2100    57.6   26.2    15.1     0.000   0   29.80  334.8   19.2      --
143  04/07/2020  2200    55.2   26.6    17.6     0.000   0   32.89  333.7   22.0     587
144  04/07/2020  2300    52.8   26.9    16.1     0.000   0   36.43  334.0   20.2      --
145  04/08/2020  0000    51.5   27.2    14.6     0.000   0   38.78  334.4   18.5      --
146  04/08/2020  0100    50.2   27.5    13.1     0.000   0   41.06  334.9   16.7      --
147  04/08/2020  0200    49.1   29.1    11.6     0.000   0   45.67  335.4   14.9      --
148  04/08/2020  0300    48.2   29.4    10.1     0.000   0   48.06  336.2   13.2      --
149  04/08/2020  0400    47.4   29.9     8.6     0.000   0   50.32  337.1   11.4     625
150  04/08/2020  0500    46.8   29.1     7.5     0.000   0   49.88  341.3    9.2      --
151  04/08/2020  0600    46.5   27.7     6.4     0.000   0   47.72  347.9    7.1      --
152  04/08/2020  0700    46.9   26.9     5.3     0.000   0   45.34  360.0    5.1      --
153  04/08/2020  0800    48.3   28.0     4.2     0.000   0   45.18   24.0    3.6      --
154  04/08/2020  0900    50.6   28.6     3.1     0.000   0   42.42   62.8    3.3      --
155  04/08/2020  1000    53.8   28.6     2.0     0.000   0   37.75   93.6    4.4    5725
156  04/08/2020  1100    57.5   28.6     1.9     0.000   0   32.98   99.3    3.8      --
157  04/08/2020  1200    62.2   28.6     1.7     0.000   0   27.92  107.0    3.3      --
158  04/08/2020  1300    66.0   28.6     1.5     0.000   0   24.47  117.3    2.8      --
159  04/08/2020  1400    68.0   28.6     1.4     0.000   0   22.82  130.9    2.5      --
160  04/08/2020  1500    69.0   28.6     1.2     0.000   0   22.06  147.4    2.4      --
161  04/08/2020  1600    69.5   28.6     1.1     0.000   0   21.69  164.5    2.4    5437
162  04/08/2020  1700    69.6   28.6     3.0     0.000   0   21.62  214.7    3.5      --
163  04/08/2020  1800    68.6   28.6     5.0     0.000   0   22.37  233.8    5.7      --
164  04/08/2020  1900    66.6   29.9     7.0     0.000   0   25.31  241.7    8.2      --
165  04/08/2020  2000    65.4   30.6     8.9     0.000   0   27.07  245.9   10.8      --
166  04/08/2020  2100    63.1   30.3    10.9     0.000   0   29.02  248.5   13.4      --
167  04/08/2020  2200    60.8   28.6    12.8     0.000   0   29.39  250.2   16.0     480
