  Generated by FoxLW on Thursday April 2, 2020 at 02:32 PDT
-------------------------------------------------------------------------------
  Dayton NW
  46.3900:-118.0500  (46 23' 24.00"N  118 2' 60.00"W)  elev 2021.0 feet    file: 300216
-------------------------------------------------------------------------------

Line#   Date     Hour   TempF  DewPtF WS(mph)  Rain(in) LW    RH%  WDir_50m WS_50m Inv(ft)
  5  04/02/2020  0400    30.5   28.2     9.1     0.000  10   90.85  210.0   20.1     520
  6  04/02/2020  0500    30.1   28.0     9.4     0.000  10   91.92  212.5   18.9      --
  7  04/02/2020  0600    29.7   27.5     9.6     0.000  10   91.36  215.2   17.7      --
  8  04/02/2020  0700    30.0   26.7     9.9     0.000   5   87.42  218.4   16.6      --
  9  04/02/2020  0800    31.0   23.7    10.2     0.000   0   73.81  222.0   15.5      --
 10  04/02/2020  0900    32.9   22.5    10.5     0.000   0   65.01  226.1   14.5      --
 11  04/02/2020  1000    35.5   21.1    10.8     0.000   0   55.44  230.8   13.6  no_inv
 12  04/02/2020  1100    38.6   19.8     9.5     0.000   0   46.45  231.7   12.6      --
 13  04/02/2020  1200    42.4   18.6     8.3     0.000   0   38.03  232.8   11.5      --
 14  04/02/2020  1300    45.4   18.3     7.0     0.000   0   33.44  234.1   10.4      --
 15  04/02/2020  1400    47.0   18.6     5.8     0.000   0   31.97  235.8    9.4      --
 16  04/02/2020  1500    47.7   19.5     4.6     0.000   0   32.21  237.8    8.4      --
 17  04/02/2020  1600    48.0   20.5     3.3     0.000   0   33.32  240.4    7.3  no_inv
 18  04/02/2020  1700    47.6   20.5     4.7     0.000   0   33.82  226.1    7.7      --
 19  04/02/2020  1800    46.8   19.6     6.0     0.000   0   33.55  213.7    8.4      --
 20  04/02/2020  1900    46.3   19.9     7.3     0.000   0   34.53  203.6    9.5      --
 21  04/02/2020  2000    44.0   20.9     8.6     0.000   0   39.48  195.8   10.8      --
 22  04/02/2020  2100    41.7   22.3    10.0     0.000   0   45.78  189.8   12.2      --
 23  04/02/2020  2200    39.3   23.4    11.3     0.000   0   52.37  185.0   13.8     316
 24  04/02/2020  2300    37.3   25.0    10.9     0.000   0   60.74  192.6   14.2      --
 25  04/03/2020  0000    35.9   26.5    10.5     0.000   0   68.31  199.6   14.9      --
 26  04/03/2020  0100    34.6   27.8    10.0     0.000   0   75.82  206.0   15.8      --
 27  04/03/2020  0200    33.5   28.7     9.6     0.000   0   82.27  211.6   16.8      --
 28  04/03/2020  0300    32.6   29.3     9.2     0.000   0   87.42  216.4   18.0      --
 29  04/03/2020  0400    31.9   29.5     8.8     0.000   5   90.82  220.7   19.3     653
 30  04/03/2020  0500    31.3   29.1    10.7     0.000  10   91.40  221.8   20.5      --
 31  04/03/2020  0600    31.0   26.9    12.7     0.000   5   84.57  222.7   21.7      --
 32  04/03/2020  0700    31.2   26.2    14.7     0.000   0   81.32  223.5   22.9      --
 33  04/03/2020  0800    32.2   25.3    16.7     0.000   0   75.34  224.3   24.1      --
 34  04/03/2020  0900    33.9   24.3    18.7     0.000   0   67.33  225.0   25.3      --
 35  04/03/2020  1000    36.3   23.1    20.7     0.000   0   58.52  225.6   26.5  no_inv
 36  04/03/2020  1100    38.9   22.0    19.9     0.000   0   50.30  228.6   25.2      --
 37  04/03/2020  1200    41.4   21.0    19.1     0.000   0   43.62  231.8   24.0      --
 38  04/03/2020  1300    43.5   20.1    18.3     0.000   0   38.71  235.4   22.8      --
 39  04/03/2020  1400    44.7   19.4    17.6     0.000   0   35.95  239.3   21.8      --
 40  04/03/2020  1500    45.5   18.9    16.8     0.000   0   34.26  243.6   20.9      --
 41  04/03/2020  1600    46.0   18.8    16.0     0.000   0   33.40  248.3   20.1  no_inv
 42  04/03/2020  1700    45.7   19.0    15.8     0.000   0   34.02  255.6   18.8      --
 43  04/03/2020  1800    45.2   19.3    15.6     0.000   0   35.05  264.0   17.8      --
 44  04/03/2020  1900    45.0   19.5    15.4     0.000   0   35.85  273.0   17.3      --
 45  04/03/2020  2000    42.6   19.9    15.2     0.000   0   39.76  282.4   17.2      --
 46  04/03/2020  2100    40.3   20.4    14.9     0.000   0   44.51  291.6   17.6      --
 47  04/03/2020  2200    38.0   21.0    14.7     0.000   0   49.96  300.2   18.4     501
 48  04/03/2020  2300    36.4   21.5    13.4     0.000   0   54.34  291.3   15.5      --
 49  04/04/2020  0000    35.5   23.4    12.0     0.000   0   61.04  278.9   13.2      --
 50  04/04/2020  0100    34.6   24.1    10.6     0.000   0   65.24  262.2   11.6      --
 51  04/04/2020  0200    33.7   24.9     9.2     0.000   0   69.60  242.7   11.4      --
 52  04/04/2020  0300    33.0   24.9     7.9     0.000   0   71.92  224.4   12.3      --
 53  04/04/2020  0400    32.4   23.7     6.5     0.000   0   70.04  210.0   14.4     464
 54  04/04/2020  0500    31.9   22.9     5.7     0.000   0   69.13  209.6   11.4      --
 55  04/04/2020  0600    31.5   22.5     4.8     0.000   0   68.70  209.0    8.4      --
 56  04/04/2020  0700    32.0   21.8     4.0     0.000   0   65.37  207.7    5.5      --
 57  04/04/2020  0800    33.6   23.6     3.2     0.000   0   66.46  203.4    2.5      --
 58  04/04/2020  0900    36.2   23.6     2.4     0.000   0   59.82   70.6    0.6      --
 59  04/04/2020  1000    39.7   23.6     1.5     0.000   0   52.24   37.3    3.4  no_inv
 60  04/04/2020  1100    43.2   23.6     3.2     0.000   0   45.54   31.9    5.3      --
 61  04/04/2020  1200    45.9   23.5     4.9     0.000   0   40.93   29.3    7.2      --
 62  04/04/2020  1300    48.1   24.1     6.7     0.000   0   38.72   27.8    9.0      --
 63  04/04/2020  1400    49.3   24.8     8.4     0.000   0   37.91   26.8   10.9      --
 64  04/04/2020  1500    50.1   25.3    10.1     0.000   0   37.68   26.1   12.8      --
 65  04/04/2020  1600    50.7   25.2    11.8     0.000   0   36.82   25.6   14.7  no_inv
 66  04/04/2020  1700    51.0   25.9    10.1     0.000   0   37.32   22.7   12.3      --
 67  04/04/2020  1800    50.8   26.1     8.4     0.000   0   37.96   18.5   10.0      --
 68  04/04/2020  1900    49.5   26.1     6.7     0.000   0   40.00   11.8    7.8      --
 69  04/04/2020  2000    48.0   26.3     5.1     0.000   0   42.54  359.9    5.7      --
 70  04/04/2020  2100    46.5   26.1     3.4     0.000   0   44.57  337.1    4.1      --
 71  04/04/2020  2200    45.1   25.1     1.7     0.000   0   45.10  300.9    3.7     165
 72  04/04/2020  2300    43.6   25.1     2.5     0.000   0   47.82  260.3    3.5      --
 73  04/05/2020  0000    42.6   25.1     3.2     0.000   0   49.67  229.9    4.8      --
 74  04/05/2020  0100    41.7   25.1     4.0     0.000   0   51.37  214.9    6.8      --
 75  04/05/2020  0200    41.0   25.1     4.7     0.000   0   52.87  207.0    9.1      --
 76  04/05/2020  0300    40.3   30.5     5.5     0.000   0   67.59  202.4   11.4      --
 77  04/05/2020  0400    40.8   35.9     6.3     0.140  10   82.50  199.3   13.9    1686
 78  04/05/2020  0500    38.0   34.9     5.7     0.000   5   88.36  202.6   12.5      --
 79  04/05/2020  0600    36.8   33.6     5.2     0.000   0   88.27  206.8   11.1      --
 80  04/05/2020  0700    36.2   32.5     4.7     0.000   0   86.55  212.0    9.9      --
 81  04/05/2020  0800    41.2   37.6     4.2     0.000   0   86.90  218.8    8.7      --
 82  04/05/2020  0900    44.5   40.9     3.6     0.000   0   87.12  227.4    7.7      --
 83  04/05/2020  1000    45.2   41.8     3.1     0.000   5   87.75  238.4    6.9  no_inv
 84  04/05/2020  1100    45.5   42.5     3.3     0.000  10   89.00  238.8    4.2      --
 85  04/05/2020  1200    46.0   42.4     3.4     0.070  10   87.11  240.8    1.6      --
 86  04/05/2020  1300    46.1   42.5     3.6     0.010   5   87.25   52.5    1.0      --
 87  04/05/2020  1400    46.0   42.6     3.7     0.000   0   87.56   56.2    3.7      --
 88  04/05/2020  1500    46.2   42.5     3.9     0.080  10   87.17   56.8    6.3      --
 89  04/05/2020  1600    46.1   42.5     4.0     0.080  10   87.17   57.0    8.9  no_inv
 90  04/05/2020  1700    46.0   42.4     3.5     0.050  10   87.17   58.3    7.1      --
 91  04/05/2020  1800    46.0   42.4     3.0     0.020   5   87.19   60.5    5.2      --
 92  04/05/2020  1900    45.8   42.2     2.6     0.000   5   87.19   65.1    3.4      --
 93  04/05/2020  2000    45.5   42.4     2.1     0.000  10   88.78   80.0    1.6      --
 94  04/05/2020  2100    45.4   42.3     1.6     0.000  10   88.79  171.2    0.9      --
 95  04/05/2020  2200    44.3   43.4     1.1     0.000  10   96.60  213.7    2.4     234
 96  04/05/2020  2300    43.1   42.2     2.2     0.000  10   96.60  216.7    5.0      --
 97  04/06/2020  0000    42.1   41.2     3.4     0.000  10   96.59  217.6    7.5      --
 98  04/06/2020  0100    41.2   40.3     4.6     0.000  10   96.57  218.1   10.1      --
 99  04/06/2020  0200    40.5   39.6     5.7     0.000  10   96.58  218.4   12.7      --
100  04/06/2020  0300    39.8   39.0     6.9     0.000  10   96.62  218.6   15.3      --
101  04/06/2020  0400    39.4   38.5     8.1     0.000  10   96.68  218.7   17.8     749
102  04/06/2020  0500    41.1   38.1     7.7     0.000   5   88.80  220.6   16.9      --
103  04/06/2020  0600    40.7   37.7     7.3     0.000   0   88.78  222.6   16.0      --
104  04/06/2020  0700    40.9   37.4     6.9     0.000   0   87.15  224.9   15.1      --
105  04/06/2020  0800    40.3   36.8     6.5     0.000   0   86.92  227.5   14.2      --
106  04/06/2020  0900    40.6   37.0     6.1     0.000   0   86.76  230.4   13.4      --
107  04/06/2020  1000    41.5   36.8     5.7     0.000   0   83.04  233.8   12.6  no_inv
108  04/06/2020  1100    45.0   34.0     7.0     0.000   0   65.14  238.5   13.2      --
109  04/06/2020  1200    48.2   33.1     8.4     0.000   0   55.62  242.8   13.9      --
110  04/06/2020  1300    51.0   33.0     9.7     0.000   0   49.96  246.7   14.6      --
111  04/06/2020  1400    52.6   33.1    11.1     0.000   0   47.24  250.1   15.5      --
112  04/06/2020  1500    53.7   33.0    12.4     0.000   0   45.15  253.3   16.3      --
113  04/06/2020  1600    54.4   32.6    13.8     0.000   0   43.37  256.0   17.3  no_inv
114  04/06/2020  1700    53.8   32.3    14.3     0.000   0   43.80  265.1   16.9      --
115  04/06/2020  1800    52.6   31.8    14.7     0.000   0   44.80  274.4   16.9      --
116  04/06/2020  1900    52.0   31.5    15.2     0.000   0   45.40  283.4   17.4      --
117  04/06/2020  2000    49.6   31.5    15.6     0.000   0   49.43  291.7   18.3      --
118  04/06/2020  2100    47.3   31.6    16.1     0.000   0   54.31  299.1   19.6      --
119  04/06/2020  2200    44.9   31.8    16.5     0.000   0   59.75  305.5   21.1    1372
120  04/06/2020  2300    43.2   32.0    15.4     0.000   0   64.32  294.7   18.2      --
121  04/07/2020  0000    41.9   32.1    14.1     0.000   0   68.05  280.5   16.2      --
122  04/07/2020  0100    40.7   32.3    12.9     0.000   0   71.77  263.7   15.4      --
123  04/07/2020  0200    39.5   33.8    11.8     0.000   0   79.70  246.8   16.1      --
124  04/07/2020  0300    38.5   34.2    10.6     0.000   0   84.43  232.2   17.9      --
125  04/07/2020  0400    37.7   34.5     9.4     0.000   0   87.94  221.0   20.7     598
126  04/07/2020  0500    37.0   34.4    10.0     0.000   0   90.04  220.4   20.0      --
127  04/07/2020  0600    36.7   34.1    10.6     0.000   0   90.07  219.8   19.3      --
128  04/07/2020  0700    37.1   33.6    11.2     0.000   0   87.17  219.1   18.7      --
129  04/07/2020  0800    38.3   31.7    11.8     0.000   0   76.97  218.4   18.0      --
130  04/07/2020  0900    40.4   31.4    12.4     0.000   0   69.89  217.7   17.3      --
131  04/07/2020  1000    43.3   31.0    13.1     0.000   0   61.60  216.9   16.7    6187
132  04/07/2020  1100    46.7   30.6    11.2     0.000   0   53.35  219.0   14.3      --
133  04/07/2020  1200    50.9   30.3     9.3     0.000   0   44.88  222.0   12.0      --
134  04/07/2020  1300    54.3   30.6     7.5     0.000   0   40.18  226.3    9.8      --
135  04/07/2020  1400    56.1   31.2     5.6     0.000   0   38.48  233.2    7.6      --
136  04/07/2020  1500    57.0   31.8     3.7     0.000   0   38.33  245.2    5.6      --
137  04/07/2020  1600    57.3   32.5     1.9     0.000   0   38.92  267.7    4.1    7101
138  04/07/2020  1700    57.4   32.5     2.8     0.000   0   38.89  238.7    3.1      --
139  04/07/2020  1800    56.1   31.8     3.7     0.000   0   39.55  200.6    3.3      --
140  04/07/2020  1900    53.4   31.5     4.7     0.000   0   43.09  175.6    4.5      --
141  04/07/2020  2000    52.0   31.5     5.6     0.000   0   45.31  162.8    6.2      --
142  04/07/2020  2100    49.6   30.9     6.5     0.000   0   48.22  155.7    8.1      --
143  04/07/2020  2200    47.3   30.0     7.5     0.000   0   50.93  151.3   10.1     528
144  04/07/2020  2300    46.2   30.4     6.5     0.000   0   53.76  155.0    8.4      --
145  04/08/2020  0000    45.9   30.7     5.5     0.000   0   55.13  160.6    6.7      --
146  04/08/2020  0100    45.6   31.5     4.5     0.000   0   57.67  169.6    5.2      --
147  04/08/2020  0200    45.3   31.5     3.5     0.000   0   58.33  185.3    3.9      --
148  04/08/2020  0300    45.0   31.5     2.5     0.000   0   58.95  212.1    3.1      --
149  04/08/2020  0400    44.8   31.5     1.5     0.000   0   59.50  244.4    3.3     765
150  04/08/2020  0500    44.6   31.5     1.4     0.000   0   59.97  250.3    2.8      --
151  04/08/2020  0600    44.3   31.5     1.2     0.000   0   60.49  258.8    2.3      --
152  04/08/2020  0700    44.7   31.5     1.1     0.000   0   59.60  271.3    1.9      --
153  04/08/2020  0800    45.9   35.8     1.0     0.000   0   67.61  289.2    1.6      --
154  04/08/2020  0900    47.9   35.8     0.9     0.000   0   62.72  311.2    1.5      --
155  04/08/2020  1000    50.6   35.8     0.8     0.000   0   56.72  331.9    1.7    5428
156  04/08/2020  1100    53.7   35.8     1.0     0.000   0   50.51  312.6    2.0      --
157  04/08/2020  1200    57.7   35.8     1.2     0.000   0   43.77  299.0    2.4      --
158  04/08/2020  1300    60.8   35.8     1.5     0.000   0   39.20  290.0    2.9      --
159  04/08/2020  1400    62.4   35.8     1.7     0.000   0   37.06  283.8    3.5      --
160  04/08/2020  1500    63.1   35.8     1.9     0.000   0   36.12  279.4    4.1      --
161  04/08/2020  1600    63.4   35.8     2.2     0.000   0   35.73  276.1    4.8    4628
162  04/08/2020  1700    63.4   35.8     3.8     0.000   0   35.77  250.6    5.3      --
163  04/08/2020  1800    62.0   35.8     5.4     0.000   0   37.53  232.8    6.7      --
164  04/08/2020  1900    59.2   37.1     7.0     0.000   0   43.67  221.7    8.5      --
165  04/08/2020  2000    57.7   37.8     8.6     0.000   0   47.36  214.6   10.5      --
166  04/08/2020  2100    55.3   37.7    10.2     0.000   0   51.38  209.8   12.6      --
167  04/08/2020  2200    53.0   37.2    11.9     0.000   0   54.78  206.4   14.7  no_inv
