  Generated by FoxLW on Thursday April 2, 2020 at 02:32 PDT
-------------------------------------------------------------------------------
  Dayton
  46.3800:-117.8700  (46 22' 48.00"N  117 52' 12.00"W)  elev 2306.4 feet    file: 300208
-------------------------------------------------------------------------------

Line#   Date     Hour   TempF  DewPtF WS(mph)  Rain(in) LW    RH%  WDir_50m WS_50m Inv(ft)
  5  04/02/2020  0400    31.5   25.4     7.9     0.000   0   77.88  212.3   17.5     313
  6  04/02/2020  0500    31.1   25.3     8.2     0.000   0   78.71  216.5   16.9      --
  7  04/02/2020  0600    30.9   25.0     8.6     0.000   0   78.63  220.9   16.5      --
  8  04/02/2020  0700    31.0   24.5     9.0     0.000   0   76.69  225.6   16.1      --
  9  04/02/2020  0800    31.6   21.9     9.3     0.000   0   67.01  230.4   15.9      --
 10  04/02/2020  0900    32.8   21.2     9.7     0.000   0   62.05  235.4   15.8      --
 11  04/02/2020  1000    34.4   20.5    10.1     0.000   0   56.18  240.4   15.8  no_inv
 12  04/02/2020  1100    36.6   19.7     9.0     0.000   0   50.00  240.0   14.5      --
 13  04/02/2020  1200    40.0   19.0     7.9     0.000   0   42.38  239.5   13.1      --
 14  04/02/2020  1300    42.9   19.0     6.8     0.000   0   38.03  239.0   11.8      --
 15  04/02/2020  1400    44.4   19.5     5.7     0.000   0   36.59  238.3   10.5      --
 16  04/02/2020  1500    45.1   20.2     4.6     0.000   0   36.78  237.3    9.2      --
 17  04/02/2020  1600    45.3   21.1     3.5     0.000   0   37.78  236.1    7.8  no_inv
 18  04/02/2020  1700    45.3   21.1     4.6     0.000   0   37.87  229.6    8.4      --
 19  04/02/2020  1800    44.0   20.2     5.7     0.000   0   38.38  223.9    9.1      --
 20  04/02/2020  1900    42.0   20.5     6.8     0.000   0   41.98  219.2    9.9      --
 21  04/02/2020  2000    41.2   21.6     7.9     0.000   0   45.21  215.1   10.8      --
 22  04/02/2020  2100    40.3   22.6     9.0     0.000   0   48.83  211.6   11.6      --
 23  04/02/2020  2200    39.5   23.7    10.1     0.000   0   52.72  208.7   12.6     170
 24  04/02/2020  2300    37.3   24.8    10.1     0.000   0   60.14  212.1   14.2      --
 25  04/03/2020  0000    35.6   25.8    10.1     0.000   0   67.22  214.9   15.9      --
 26  04/03/2020  0100    34.0   26.6    10.2     0.000   0   74.13  217.1   17.6      --
 27  04/03/2020  0200    32.7   27.3    10.2     0.000   0   80.40  218.9   19.3      --
 28  04/03/2020  0300    31.5   27.7    10.2     0.000   0   85.50  220.4   21.0      --
 29  04/03/2020  0400    30.7   27.8    10.3     0.000   5   89.00  221.7   22.8     955
 30  04/03/2020  0500    30.1   27.3    11.4     0.000  10   89.19  223.0   23.8      --
 31  04/03/2020  0600    29.8   25.3    12.6     0.000   5   83.11  224.1   24.9      --
 32  04/03/2020  0700    29.9   24.6    13.7     0.000   0   80.36  225.2   25.9      --
 33  04/03/2020  0800    30.4   23.7    14.9     0.000   0   75.69  226.1   27.0      --
 34  04/03/2020  0900    31.4   22.6    16.0     0.000   0   69.53  227.1   28.1      --
 35  04/03/2020  1000    32.8   21.4    17.2     0.000   0   62.50  227.9   29.2    2962
 36  04/03/2020  1100    34.8   20.2    17.2     0.000   0   54.89  229.9   27.9      --
 37  04/03/2020  1200    37.5   19.1    17.3     0.000   0   46.97  232.1   26.6      --
 38  04/03/2020  1300    40.1   18.2    17.3     0.000   0   40.81  234.5   25.4      --
 39  04/03/2020  1400    41.6   17.5    17.4     0.000   0   37.39  237.2   24.2      --
 40  04/03/2020  1500    42.6   17.0    17.4     0.000   0   35.21  240.1   23.1      --
 41  04/03/2020  1600    43.3   16.9    17.5     0.000   0   34.09  243.3   22.1  no_inv
 42  04/03/2020  1700    43.2   17.0    16.5     0.000   0   34.28  241.9   20.8      --
 43  04/03/2020  1800    43.1   17.4    15.6     0.000   0   35.05  240.2   19.4      --
 44  04/03/2020  1900    43.0   17.8    14.6     0.000   0   35.78  238.4   18.1      --
 45  04/03/2020  2000    40.7   17.9    13.7     0.000   0   39.42  236.3   16.8      --
 46  04/03/2020  2100    38.3   18.4    12.7     0.000   0   44.12  233.8   15.6      --
 47  04/03/2020  2200    36.0   20.4    11.8     0.000   0   52.59  230.9   14.4     802
 48  04/03/2020  2300    34.9   21.1    11.1     0.000   0   56.65  226.5   14.4      --
 49  04/04/2020  0000    34.3   21.8    10.5     0.000   0   59.86  222.1   14.4      --
 50  04/04/2020  0100    33.7   22.4     9.9     0.000   0   62.91  217.9   14.6      --
 51  04/04/2020  0200    33.1   22.8     9.2     0.000   0   65.26  213.7   14.9      --
 52  04/04/2020  0300    32.6   23.0     8.6     0.000   0   67.18  209.7   15.2      --
 53  04/04/2020  0400    32.2   23.0     8.0     0.000   0   68.52  205.9   15.6     774
 54  04/04/2020  0500    31.9   22.3     7.2     0.000   0   67.31  206.8   11.8      --
 55  04/04/2020  0600    31.6   21.5     6.4     0.000   0   66.01  208.5    8.0      --
 56  04/04/2020  0700    32.0   21.0     5.7     0.000   0   63.47  213.4    4.2      --
 57  04/04/2020  0800    33.3   22.0     4.9     0.000   0   62.93  269.8    0.8      --
 58  04/04/2020  0900    35.6   25.0     4.1     0.000   0   65.05   11.0    3.6      --
 59  04/04/2020  1000    38.7   25.0     3.3     0.000   0   57.57   17.3    7.3  no_inv
 60  04/04/2020  1100    42.0   25.0     4.5     0.000   0   50.54   20.0    8.3      --
 61  04/04/2020  1200    45.0   25.0     5.8     0.000   0   45.10   22.0    9.3      --
 62  04/04/2020  1300    47.5   25.4     7.0     0.000   0   41.80   23.7   10.3      --
 63  04/04/2020  1400    48.8   25.7     8.2     0.000   0   40.24   25.1   11.4      --
 64  04/04/2020  1500    49.7   26.2     9.4     0.000   0   39.70   26.3   12.4      --
 65  04/04/2020  1600    50.3   26.5    10.7     0.000   0   39.23   27.3   13.4  no_inv
 66  04/04/2020  1700    50.7   26.6     9.5     0.000   0   39.01   30.4    9.9      --
 67  04/04/2020  1800    50.0   26.9     8.4     0.000   0   40.44   36.8    6.5      --
 68  04/04/2020  1900    48.5   27.2     7.2     0.000   0   43.41   56.6    3.3      --
 69  04/04/2020  2000    46.9   27.4     6.1     0.000   0   46.26  134.0    2.2      --
 70  04/04/2020  2100    45.4   27.1     4.9     0.000   0   48.52  174.4    4.9      --
 71  04/04/2020  2200    43.8   32.5     3.8     0.000   0   64.16  184.5    8.3     499
 72  04/04/2020  2300    43.1   37.9     4.1     0.090  10   81.85  191.9    8.8      --
 73  04/05/2020  0000    41.0   40.1     4.4     0.000  10   96.55  198.4    9.4      --
 74  04/05/2020  0100    40.0   39.1     4.8     0.000  10   96.51  204.0   10.2      --
 75  04/05/2020  0200    39.1   38.2     5.1     0.000  10   96.48  208.8   11.0      --
 76  04/05/2020  0300    38.3   37.4     5.4     0.000  10   96.46  212.9   11.9      --
 77  04/05/2020  0400    38.7   37.8     5.8     0.080  10   96.53  216.5   12.8    1286
 78  04/05/2020  0500    35.8   32.6     5.4     0.000   5   88.25  220.4   11.7      --
 79  04/05/2020  0600    35.3   32.2     5.0     0.000   0   88.21  225.0   10.6      --
 80  04/05/2020  0700    35.2   31.6     4.6     0.000   0   86.51  230.6    9.7      --
 81  04/05/2020  0800    39.1   35.5     4.2     0.000   0   86.78  237.4    8.8      --
 82  04/05/2020  0900    42.4   38.8     3.8     0.000   0   87.00  245.6    8.1      --
 83  04/05/2020  1000    43.5   39.9     3.4     0.010   0   87.28  255.0    7.6  no_inv
 84  04/05/2020  1100    44.5   40.3     3.3     0.000   0   85.26  255.9    5.3      --
 85  04/05/2020  1200    45.3   40.4     3.2     0.000   0   83.09  258.3    3.1      --
 86  04/05/2020  1300    45.5   40.9     3.1     0.020   0   84.05  273.2    0.8      --
 87  04/05/2020  1400    46.3   40.1     3.0     0.000   0   78.86   61.6    1.5      --
 88  04/05/2020  1500    45.9   40.8     2.8     0.000   0   82.41   68.3    3.8      --
 89  04/05/2020  1600    45.4   41.6     2.7     0.060  10   86.56   70.0    6.0    1308
 90  04/05/2020  1700    45.3   41.5     2.5     0.000   5   86.44   75.8    4.7      --
 91  04/05/2020  1800    45.2   41.4     2.3     0.000   5   86.55   86.0    3.4      --
 92  04/05/2020  1900    44.9   41.2     2.2     0.000  10   86.65  106.4    2.4      --
 93  04/05/2020  2000    44.7   41.5     2.0     0.000  10   88.21  143.6    2.0      --
 94  04/05/2020  2100    44.5   41.2     1.8     0.000  10   88.33  178.9    2.5      --
 95  04/05/2020  2200    44.1   42.9     1.6     0.000  10   95.51  197.5    3.6     578
 96  04/05/2020  2300    42.8   41.7     2.7     0.000  10   95.99  208.9    5.9      --
 97  04/06/2020  0000    41.7   40.7     3.9     0.000  10   96.42  213.7    8.4      --
 98  04/06/2020  0100    40.7   39.8     5.0     0.000  10   96.56  216.3   10.9      --
 99  04/06/2020  0200    39.9   39.0     6.1     0.000  10   96.77  217.9   13.5      --
100  04/06/2020  0300    39.2   38.5     7.2     0.000  10   97.19  219.0   16.0      --
101  04/06/2020  0400    38.7   38.1     8.4     0.000  10   97.67  219.8   18.5    1390
102  04/06/2020  0500    40.3   37.8     8.1     0.000   5   90.77  223.4   17.7      --
103  04/06/2020  0600    40.0   37.5     7.8     0.000   0   90.79  227.4   17.0      --
104  04/06/2020  0700    40.2   37.2     7.6     0.000   0   89.12  231.8   16.3      --
105  04/06/2020  0800    39.7   36.3     7.3     0.000   0   87.63  236.4   15.7      --
106  04/06/2020  0900    40.1   36.5     7.0     0.000   0   86.64  241.4   15.3      --
107  04/06/2020  1000    41.5   35.3     6.8     0.000   0   78.34  246.7   14.9  no_inv
108  04/06/2020  1100    43.8   34.5     7.9     0.000   0   69.59  248.5   15.3      --
109  04/06/2020  1200    46.8   33.8     9.0     0.000   0   60.45  250.2   15.7      --
110  04/06/2020  1300    49.3   33.9    10.1     0.000   0   55.10  251.8   16.0      --
111  04/06/2020  1400    50.8   34.0    11.3     0.000   0   52.41  253.4   16.4      --
112  04/06/2020  1500    51.8   34.0    12.4     0.000   0   50.51  254.9   16.8      --
113  04/06/2020  1600    52.4   33.8    13.6     0.000   0   49.01  256.3   17.2  no_inv
114  04/06/2020  1700    52.1   34.1    13.1     0.000   0   50.19  257.0   16.6      --
115  04/06/2020  1800    51.4   33.7    12.6     0.000   0   50.58  257.8   16.0      --
116  04/06/2020  1900    51.0   33.0    12.1     0.000   0   49.97  258.6   15.3      --
117  04/06/2020  2000    48.7   33.7    11.6     0.000   0   55.82  259.5   14.7      --
118  04/06/2020  2100    46.4   33.7    11.1     0.000   0   61.14  260.5   14.1      --
119  04/06/2020  2200    44.0   33.8    10.6     0.000   0   67.02  261.6   13.4     660
120  04/06/2020  2300    42.4   33.7    10.6     0.000   0   71.00  251.4   14.6      --
121  04/07/2020  0000    41.2   33.6    10.7     0.000   0   74.15  243.0   16.1      --
122  04/07/2020  0100    40.0   33.5    10.8     0.000   0   77.30  236.1   18.0      --
123  04/07/2020  0200    38.9   33.4    10.9     0.000   0   80.31  230.6   20.0      --
124  04/07/2020  0300    38.0   33.3    11.0     0.000   0   83.07  226.1   22.2      --
125  04/07/2020  0400    37.2   33.3    11.1     0.000   0   85.49  222.4   24.5     303
126  04/07/2020  0500    36.6   33.1    11.5     0.000   0   86.86  223.1   23.2      --
127  04/07/2020  0600    36.3   32.8    11.9     0.000   0   86.94  223.8   22.0      --
128  04/07/2020  0700    36.6   31.2    12.3     0.000   0   80.32  224.6   20.7      --
129  04/07/2020  0800    37.8   30.8    12.7     0.000   0   75.90  225.6   19.4      --
130  04/07/2020  0900    39.7   30.5    13.1     0.000   0   69.36  226.7   18.2      --
131  04/07/2020  1000    42.3   30.1    13.5     0.000   0   61.67  227.9   16.9    5780
132  04/07/2020  1100    45.3   29.7    11.7     0.000   0   53.93  230.2   14.8      --
133  04/07/2020  1200    49.3   29.3     9.9     0.000   0   45.78  233.4   12.8      --
134  04/07/2020  1300    52.4   29.6     8.1     0.000   0   41.33  237.6   10.8      --
135  04/07/2020  1400    54.0   30.1     6.2     0.000   0   39.81  243.8    8.9      --
136  04/07/2020  1500    54.8   30.8     4.4     0.000   0   39.82  253.1    7.1      --
137  04/07/2020  1600    55.1   31.6     2.6     0.000   0   40.57  267.8    5.7    1660
138  04/07/2020  1700    54.8   31.6     2.3     0.000   0   40.94  263.0    4.5      --
139  04/07/2020  1800    54.3   30.6     2.1     0.000   0   40.09  255.1    3.4      --
140  04/07/2020  1900    54.1   30.6     1.9     0.000   0   40.50  240.0    2.4      --
141  04/07/2020  2000    51.7   30.6     1.6     0.000   0   44.13  209.6    1.7      --
142  04/07/2020  2100    49.4   30.6     1.4     0.000   0   48.13  169.3    1.9      --
143  04/07/2020  2200    47.0   30.6     1.2     0.000   0   52.55  144.2    2.7     378
144  04/07/2020  2300    46.4   30.6     1.1     0.000   0   53.84  150.2    2.3      --
145  04/08/2020  0000    46.3   30.6     1.0     0.000   0   54.09  158.1    2.0      --
146  04/08/2020  0100    46.2   30.6     0.9     0.000   0   54.33  168.5    1.8      --
147  04/08/2020  0200    46.0   30.6     0.9     0.000   0   54.57  181.8    1.6      --
148  04/08/2020  0300    45.9   30.6     0.8     0.000   0   54.78  197.3    1.5      --
149  04/08/2020  0400    45.8   30.6     0.7     0.000   0   54.98  213.2    1.5     386
150  04/08/2020  0500    45.8   30.6     0.9     0.000   0   55.14  236.8    0.9      --
151  04/08/2020  0600    45.6   30.6     1.0     0.000   0   55.49  297.8    0.7      --
152  04/08/2020  0700    45.8   30.6     1.2     0.000   0   55.04  335.7    1.3      --
153  04/08/2020  0800    46.5   35.3     1.3     0.000   0   64.82  348.3    2.0      --
154  04/08/2020  0900    47.8   35.3     1.5     0.000   0   61.76  353.9    2.8      --
155  04/08/2020  1000    49.6   35.3     1.6     0.000   0   57.73  357.0    3.6    4263
156  04/08/2020  1100    51.9   35.3     1.8     0.000   0   53.10  346.1    3.7      --
157  04/08/2020  1200    55.5   35.3     2.0     0.000   0   46.46  336.3    4.0      --
158  04/08/2020  1300    58.6   35.3     2.1     0.000   0   41.66  327.9    4.4      --
159  04/08/2020  1400    60.1   35.3     2.3     0.000   0   39.39  320.9    4.8      --
160  04/08/2020  1500    60.8   35.3     2.5     0.000   0   38.41  315.2    5.3      --
161  04/08/2020  1600    61.1   35.3     2.7     0.000   0   38.02  310.5    5.9    5082
162  04/08/2020  1700    61.1   35.3     4.2     0.000   0   38.09  283.1    5.4      --
163  04/08/2020  1800    60.2   35.3     5.7     0.000   0   39.30  257.0    6.1      --
164  04/08/2020  1900    58.4   36.9     7.3     0.000   0   44.48  239.5    7.8      --
165  04/08/2020  2000    57.4   37.3     8.8     0.000   0   46.99  228.8   10.0      --
166  04/08/2020  2100    55.1   37.2    10.4     0.000   0   50.90  222.1   12.4      --
167  04/08/2020  2200    52.7   36.7    11.9     0.000   0   54.34  217.5   14.8     240
