  Generated by FoxLW on Thursday April 2, 2020 at 02:32 PDT
-------------------------------------------------------------------------------
  Harrington South
  47.3900:-118.2900  (47 23' 24.00"N  118 17' 24.00"W)  elev 2162.1 feet    file: 300202
-------------------------------------------------------------------------------

Line#   Date     Hour   TempF  DewPtF WS(mph)  Rain(in) LW    RH%  WDir_50m WS_50m Inv(ft)
  5  04/02/2020  0400    29.9   15.8    10.5     0.000   0   55.21   30.1   13.1    1154
  6  04/02/2020  0500    29.4   15.9     9.2     0.000   0   56.65   24.8   10.3      --
  7  04/02/2020  0600    29.1   16.0     8.0     0.000   0   57.63   15.8    7.6      --
  8  04/02/2020  0700    29.2   16.2     6.8     0.000   0   57.72  358.2    5.3      --
  9  04/02/2020  0800    29.8   15.7     5.6     0.000   0   55.23  324.2    4.1      --
 10  04/02/2020  0900    31.0   15.7     4.4     0.000   0   52.69  286.2    4.8      --
 11  04/02/2020  1000    32.7   15.7     3.1     0.000   0   49.21  264.7    6.9  no_inv
 12  04/02/2020  1100    34.9   15.7     3.3     0.000   0   44.96  264.9    7.3      --
 13  04/02/2020  1200    38.9   15.7     3.6     0.000   0   38.37  265.0    7.7      --
 14  04/02/2020  1300    42.5   15.7     3.8     0.000   0   33.40  265.2    8.1      --
 15  04/02/2020  1400    44.5   15.7     4.0     0.000   0   30.94  265.4    8.4      --
 16  04/02/2020  1500    45.5   15.7     4.2     0.000   0   29.76  265.5    8.8      --
 17  04/02/2020  1600    46.0   15.7     4.4     0.000   0   29.28  265.6    9.2  no_inv
 18  04/02/2020  1700    45.9   15.9     4.4     0.000   0   29.52  270.4    9.1      --
 19  04/02/2020  1800    45.8   16.1     4.5     0.000   0   30.00  275.3    9.0      --
 20  04/02/2020  1900    45.7   16.1     4.5     0.000   0   30.08  280.2    9.1      --
 21  04/02/2020  2000    43.3   16.1     4.5     0.000   0   32.89  285.0    9.1      --
 22  04/02/2020  2100    41.0   16.1     4.6     0.000   0   35.99  289.7    9.3      --
 23  04/02/2020  2200    38.7   16.1     4.6     0.000   0   39.42  294.3    9.5  no_inv
 24  04/02/2020  2300    36.7   16.1     4.8     0.000   0   42.61  287.1    9.7      --
 25  04/03/2020  0000    35.3   16.1     5.0     0.000   0   45.08  280.3   10.1      --
 26  04/03/2020  0100    33.7   16.1     4.8     0.000   0   47.97  274.0   10.6      --
 27  04/03/2020  0200    32.3   16.1     4.2     0.000   0   50.79  268.4   11.2      --
 28  04/03/2020  0300    31.3   16.1     3.5     0.000   0   52.79  263.4   11.9      --
 29  04/03/2020  0400    30.8   16.1     2.8     0.000   0   54.03  259.0   12.7     377
 30  04/03/2020  0500    30.6   16.1     4.4     0.000   0   54.46  255.2   13.1      --
 31  04/03/2020  0600    30.4   19.1     6.3     0.000   0   62.32  251.6   13.6      --
 32  04/03/2020  0700    30.7   24.2     8.6     0.000   0   76.60  248.3   14.2      --
 33  04/03/2020  0800    31.8   22.7    10.5     0.000   0   68.73  245.3   14.8      --
 34  04/03/2020  0900    33.6   22.4    11.7     0.000   0   63.24  242.5   15.4      --
 35  04/03/2020  1000    35.9   22.1    12.9     0.000   0   56.93  239.9   16.1  no_inv
 36  04/03/2020  1100    38.3   21.9    13.4     0.000   0   51.25  247.4   16.1      --
 37  04/03/2020  1200    40.2   21.6    13.9     0.000   0   47.02  254.8   16.4      --
 38  04/03/2020  1300    41.7   21.5    14.4     0.000   0   44.01  261.7   16.9      --
 39  04/03/2020  1400    42.5   21.3    14.9     0.000   0   42.51  268.2   17.7      --
 40  04/03/2020  1500    43.0   21.2    15.4     0.000   0   41.47  274.0   18.7      --
 41  04/03/2020  1600    43.3   21.1    15.9     0.000   0   40.85  279.2   19.9  no_inv
 42  04/03/2020  1700    43.2   21.2    15.1     0.000   0   41.15  282.4   19.3      --
 43  04/03/2020  1800    43.2   21.2    14.2     0.000   0   41.32  285.9   18.8      --
 44  04/03/2020  1900    43.1   21.2    13.4     0.000   0   41.22  289.5   18.3      --
 45  04/03/2020  2000    40.8   20.9    12.6     0.000   0   44.69  293.3   17.9      --
 46  04/03/2020  2100    38.4   22.3    11.7     0.000   0   51.85  297.3   17.6      --
 47  04/03/2020  2200    36.1   22.5    10.9     0.000   0   57.33  301.3   17.4     265
 48  04/03/2020  2300    33.7   22.7     9.5     0.000   0   63.70  304.8   14.0      --
 49  04/04/2020  0000    31.7   22.6     8.1     0.000   0   68.65  310.3   10.8      --
 50  04/04/2020  0100    29.8   22.3     6.5     0.000   0   73.21  320.4    7.7      --
 51  04/04/2020  0200    27.7   22.1     4.5     0.000   5   79.17  341.9    5.2      --
 52  04/04/2020  0300    26.2   22.0     2.8     0.000  10   83.94   23.5    4.2      --
 53  04/04/2020  0400    25.2   22.0     1.6     0.000  10   87.11   60.2    5.8     238
 54  04/04/2020  0500    24.9   21.9     1.9     0.000  10   88.33   71.4    4.5      --
 55  04/04/2020  0600    24.5   22.1     2.2     0.000  10   90.28   89.4    3.6      --
 56  04/04/2020  0700    25.1   22.9     2.5     0.000  10   91.10  115.1    3.2      --
 57  04/04/2020  0800    27.0   24.1     2.6     0.000  10   88.53  141.2    3.6      --
 58  04/04/2020  0900    30.2   25.4     2.6     0.000  10   81.92  159.8    4.5      --
 59  04/04/2020  1000    34.5   26.5     2.6     0.000   5   72.41  171.4    5.7    6481
 60  04/04/2020  1100    39.2   27.4     2.8     0.000   0   62.16  157.0    5.3      --
 61  04/04/2020  1200    43.8   27.6     3.0     0.000   0   52.70  141.5    5.3      --
 62  04/04/2020  1300    47.3   27.6     3.1     0.000   0   46.05  127.0    5.6      --
 63  04/04/2020  1400    49.2   27.2     3.3     0.000   0   42.08  114.8    6.3      --
 64  04/04/2020  1500    50.2   26.0     3.5     0.000   0   38.64  105.3    7.2      --
 65  04/04/2020  1600    50.6   24.4     3.7     0.000   0   35.67   98.1    8.2  no_inv
 66  04/04/2020  1700    50.2   23.2     4.4     0.000   0   34.44   91.5    9.6      --
 67  04/04/2020  1800    49.3   25.4     5.1     0.000   0   39.06   86.6   11.1      --
 68  04/04/2020  1900    48.8   24.8     5.8     0.000   0   38.80   82.9   12.6      --
 69  04/04/2020  2000    46.5   24.7     6.5     0.000   0   42.09   80.0   14.2      --
 70  04/04/2020  2100    44.1   25.0     7.2     0.000   0   46.69   77.7   15.8      --
 71  04/04/2020  2200    41.8   25.9     7.9     0.000   0   53.03   75.8   17.4    2001
 72  04/04/2020  2300    39.8   27.0     8.0     0.000   0   59.95   72.2   17.3      --
 73  04/05/2020  0000    38.5   28.1     8.0     0.000   0   65.71   68.5   17.4      --
 74  04/05/2020  0100    37.4   29.0     8.1     0.000   0   71.16   64.9   17.5      --
 75  04/05/2020  0200    36.5   29.6     8.1     0.000   0   75.93   61.3   17.6      --
 76  04/05/2020  0300    35.7   31.4     8.2     0.000   0   84.21   57.9   17.9      --
 77  04/05/2020  0400    35.1   32.5     8.2     0.020   0   90.10   54.5   18.2    1475
 78  04/05/2020  0500    34.7   30.7     7.6     0.000   0   84.95   55.7   16.6      --
 79  04/05/2020  0600    34.4   29.9     6.9     0.000   0   83.48   57.2   15.1      --
 80  04/05/2020  0700    34.2   28.9     6.2     0.000   0   80.86   59.0   13.6      --
 81  04/05/2020  0800    34.7   30.3     5.5     0.000   0   83.98   61.2   12.1      --
 82  04/05/2020  0900    35.0   30.4     4.8     0.000   0   83.21   64.1   10.6      --
 83  04/05/2020  1000    35.3   30.3     4.2     0.020   0   81.72   67.8    9.2    2281
 84  04/05/2020  1100    37.2   29.6     3.5     0.000   0   73.79   67.9    7.7      --
 85  04/05/2020  1200    40.7   29.6     2.8     0.000   0   64.27   68.0    6.1      --
 86  04/05/2020  1300    44.7   29.6     2.1     0.000   0   55.13   68.2    4.6      --
 87  04/05/2020  1400    47.4   29.6     1.4     0.000   0   49.74   68.5    3.1      --
 88  04/05/2020  1500    49.6   29.6     0.7     0.000   0   45.89   69.5    1.5      --
 89  04/05/2020  1600    50.9   29.6     0.0     0.000   0   43.63  151.0    0.1  no_inv
 90  04/05/2020  1700    49.8   29.6     1.0     0.000   0   45.58  130.6    2.3      --
 91  04/05/2020  1800    47.5   29.9     2.0     0.000   0   50.18  130.4    4.5      --
 92  04/05/2020  1900    46.3   29.9     2.8     0.000   0   52.62  130.3    6.7      --
 93  04/05/2020  2000    43.9   29.9     3.2     0.000   0   57.51  130.2    8.9      --
 94  04/05/2020  2100    41.6   29.9     3.2     0.000   0   62.92  130.2   11.1      --
 95  04/05/2020  2200    39.3   29.9     2.9     0.000   0   68.90  130.2   13.4     776
 96  04/05/2020  2300    38.8   29.9     3.8     0.000   0   70.16  118.8   11.6      --
 97  04/06/2020  0000    38.6   29.9     4.7     0.000   0   70.73  104.1   10.3      --
 98  04/06/2020  0100    38.3   30.8     5.7     0.000   0   74.16   86.9    9.9      --
 99  04/06/2020  0200    37.8   31.7     6.2     0.000   0   78.66   69.9   10.5      --
100  04/06/2020  0300    37.0   31.8     6.2     0.000   0   81.26   55.6   11.8      --
101  04/06/2020  0400    36.4   31.9     6.2     0.000   0   83.47   44.8   13.7     731
102  04/06/2020  0500    35.9   31.1     5.5     0.000   0   82.36   40.8   11.1      --
103  04/06/2020  0600    35.6   31.4     4.9     0.000   0   84.38   34.6    8.6      --
104  04/06/2020  0700    35.9   32.2     4.2     0.000   0   86.20   23.5    6.3      --
105  04/06/2020  0800    36.9   33.3     3.6     0.000   0   86.74    1.9    4.5      --
106  04/06/2020  0900    38.8   34.6     2.9     0.000   0   85.02  324.8    3.9      --
107  04/06/2020  1000    41.3   35.8     2.2     0.000   0   80.62  291.9    5.0  no_inv
108  04/06/2020  1100    44.8   36.6     4.2     0.000   0   72.69  279.4    6.8      --
109  04/06/2020  1200    49.5   36.9     6.1     0.000   0   61.81  272.3    8.8      --
110  04/06/2020  1300    53.0   34.8     8.0     0.000   0   49.81  267.9   10.8      --
111  04/06/2020  1400    54.7   32.3    10.0     0.000   0   42.46  265.0   13.0      --
112  04/06/2020  1500    55.5   28.4    11.9     0.000   0   35.22  262.8   15.1      --
113  04/06/2020  1600    55.7   26.4    13.8     0.000   0   32.08  261.2   17.3    7541
114  04/06/2020  1700    54.9   26.3    14.0     0.000   0   32.84  263.1   17.5      --
115  04/06/2020  1800    52.5   26.2    14.2     0.000   0   35.75  265.0   17.7      --
116  04/06/2020  1900    47.5   25.6    14.4     0.000   0   42.10  266.8   18.0      --
117  04/06/2020  2000    44.8   25.5    14.7     0.000   0   46.31  268.6   18.3      --
118  04/06/2020  2100    42.5   25.3    14.9     0.000   0   50.39  270.3   18.6      --
119  04/06/2020  2200    40.1   25.4    15.1     0.000   0   55.30  272.0   18.9     280
120  04/06/2020  2300    38.3   25.5    13.7     0.000   0   59.60  273.4   17.8      --
121  04/07/2020  0000    37.2   25.5    12.2     0.000   0   62.38  275.0   16.7      --
122  04/07/2020  0100    36.1   27.1    10.8     0.000   0   69.61  276.9   15.7      --
123  04/07/2020  0200    35.0   27.6     9.4     0.000   0   74.01  279.0   14.7      --
124  04/07/2020  0300    34.1   27.7     7.9     0.000   0   77.23  281.4   13.7      --
125  04/07/2020  0400    33.2   29.2     6.5     0.000   0   84.83  284.2   12.7  no_inv
126  04/07/2020  0500    32.5   30.0     5.9     0.000   0   90.45  279.1   11.2      --
127  04/07/2020  0600    32.1   30.6     4.5     0.000   0   93.96  272.5    9.8      --
128  04/07/2020  0700    32.7   31.4     4.7     0.000   5   94.62  263.9    8.6      --
129  04/07/2020  0800    34.6   26.0     4.2     0.000   5   70.30  252.9    7.7      --
130  04/07/2020  0900    37.7   25.2     3.7     0.000   0   60.13  239.4    7.1      --
131  04/07/2020  1000    41.8   25.0     3.1     0.000   0   50.95  224.4    6.9    2686
132  04/07/2020  1100    46.3   24.9     2.9     0.000   0   42.63  222.1    6.3      --
133  04/07/2020  1200    50.8   24.7     2.6     0.000   0   35.87  219.3    5.7      --
134  04/07/2020  1300    54.2   24.6     2.3     0.000   0   31.47  215.8    5.1      --
135  04/07/2020  1400    56.0   24.5     2.1     0.000   0   29.37  211.3    4.5      --
136  04/07/2020  1500    56.8   24.4     1.8     0.000   0   28.39  205.7    3.9      --
137  04/07/2020  1600    57.2   24.4     1.6     0.000   0   27.95  198.3    3.5    6881
138  04/07/2020  1700    57.3   24.4     2.0     0.000   0   27.91  169.9    2.0      --
139  04/07/2020  1800    54.3   24.4     2.4     0.000   0   31.08  111.5    1.9      --
140  04/07/2020  1900    48.2   24.5     2.8     0.000   0   39.03   79.9    3.3      --
141  04/07/2020  2000    44.9   24.5     2.9     0.000   0   44.39   68.3    5.0      --
142  04/07/2020  2100    42.6   24.6     2.8     0.000   0   48.68   62.8    6.9      --
143  04/07/2020  2200    40.2   24.7     2.7     0.000   0   53.44   59.6    8.7  no_inv
144  04/07/2020  2300    38.7   24.6     4.1     0.000   0   56.66   59.3    9.6      --
145  04/08/2020  0000    38.0   24.4     5.7     0.000   0   57.82   59.2   10.4      --
146  04/08/2020  0100    37.1   23.8     7.5     0.000   0   58.22   59.0   11.3      --
147  04/08/2020  0200    35.8   23.4     8.7     0.000   0   60.33   58.8   12.1      --
148  04/08/2020  0300    34.6   23.2     9.9     0.000   0   62.73   58.7   12.9      --
149  04/08/2020  0400    33.6   22.8    11.0     0.000   0   64.11   58.6   13.8  no_inv
150  04/08/2020  0500    32.9   23.3     9.7     0.000   0   67.50   62.8   12.3      --
151  04/08/2020  0600    32.5   23.8     8.4     0.000   0   70.03   68.0   11.0      --
152  04/08/2020  0700    33.4   24.5     7.2     0.000   0   69.63   74.7    9.7      --
153  04/08/2020  0800    35.8   29.9     5.9     0.000   0   78.87   83.2    8.6      --
154  04/08/2020  0900    39.8   30.6     4.6     0.000   0   69.23   93.7    7.8      --
155  04/08/2020  1000    45.0   30.6     3.3     0.000   0   56.80  106.3    7.3    5288
156  04/08/2020  1100    50.5   30.6     3.8     0.000   0   46.26  122.0    5.3      --
157  04/08/2020  1200    55.3   30.6     4.3     0.000   0   38.78  150.2    4.2      --
158  04/08/2020  1300    58.9   30.8     4.7     0.000   0   34.27  185.1    4.4      --
159  04/08/2020  1400    60.8   31.0     5.2     0.000   0   32.25  208.9    5.9      --
160  04/08/2020  1500    61.8   31.2     5.7     0.000   0   31.43  221.8    8.0      --
161  04/08/2020  1600    62.3   31.4     6.2     0.000   0   31.13  229.1   10.3    6108
162  04/08/2020  1700    62.3   31.4     8.2     0.000   0   31.04  229.5   12.4      --
163  04/08/2020  1800    60.2   31.2    10.3     0.000   0   33.27  229.8   14.5      --
164  04/08/2020  1900    55.9   30.8    12.3     0.000   0   38.22  230.0   16.6      --
165  04/08/2020  2000    53.5   30.6    14.3     0.000   0   41.36  230.2   18.8      --
166  04/08/2020  2100    51.2   30.6    16.4     0.000   0   44.98  230.3   20.9      --
167  04/08/2020  2200    48.9   30.6    18.4     0.000   0   49.07  230.4   23.0  no_inv
