  Generated by FoxLW on Thursday April 2, 2020 at 02:32 PDT
-------------------------------------------------------------------------------
  Chimacum
  48.0100:-122.7700  (48 0' 36.00"N  122 46' 12.00"W)  elev 128.0 feet    file: 300220
-------------------------------------------------------------------------------

Line#   Date     Hour   TempF  DewPtF WS(mph)  Rain(in) LW    RH%  WDir_50m WS_50m Inv(ft)
  5  04/02/2020  0400    40.4   37.8     2.0     0.020  10   90.43  259.6    8.3  no_inv
  6  04/02/2020  0500    39.5   36.1     1.9     0.000  10   87.52  260.8    6.4      --
  7  04/02/2020  0600    39.8   37.3     1.8     0.000  10   91.00  263.0    4.6      --
  8  04/02/2020  0700    40.6   37.5     1.7     0.000  10   88.65  268.1    2.8      --
  9  04/02/2020  0800    40.1   37.3     1.6     0.000  10   89.73  291.6    1.0      --
 10  04/02/2020  0900    40.4   37.5     1.5     0.000  10   89.05   44.5    1.2      --
 11  04/02/2020  1000    40.7   37.7     1.3     0.000  10   88.99   63.4    3.0  no_inv
 12  04/02/2020  1100    42.3   37.9     2.5     0.000   5   84.37   15.9    3.0      --
 13  04/02/2020  1200    44.0   39.0     3.6     0.020   0   82.30  347.5    4.6      --
 14  04/02/2020  1300    45.3   39.6     4.7     0.020   0   80.27  335.1    6.7      --
 15  04/02/2020  1400    45.6   40.1     5.9     0.020   0   80.93  328.8    8.9      --
 16  04/02/2020  1500    45.7   40.2     7.0     0.020   0   80.98  325.0   11.2      --
 17  04/02/2020  1600    44.6   41.0     8.1     0.070  10   87.09  322.5   13.6  no_inv
 18  04/02/2020  1700    43.6   40.0     7.6     0.000   5   86.99  317.2   13.8      --
 19  04/02/2020  1800    42.8   39.2     7.1     0.000   0   86.96  312.0   14.1      --
 20  04/02/2020  1900    42.3   38.8     6.6     0.000   0   87.01  307.1   14.5      --
 21  04/02/2020  2000    41.6   38.5     6.1     0.000   0   88.61  302.5   15.0      --
 22  04/02/2020  2100    41.0   37.9     5.6     0.000   0   88.65  298.2   15.6      --
 23  04/02/2020  2200    39.3   38.4     5.1     0.000   5   96.54  294.2   16.3    2299
 24  04/02/2020  2300    38.7   37.8     4.7     0.020  10   96.53  287.9   12.9      --
 25  04/03/2020  0000    38.3   37.4     4.3     0.020  10   96.53  277.3    9.8      --
 26  04/03/2020  0100    37.8   36.9     4.0     0.000  10   96.52  258.5    7.3      --
 27  04/03/2020  0200    37.4   36.5     3.6     0.000  10   96.51  227.9    6.2      --
 28  04/03/2020  0300    37.0   36.1     3.2     0.000  10   96.51  196.8    7.2      --
 29  04/03/2020  0400    37.5   36.6     2.9     0.040  10   96.40  177.2    9.6    5127
 30  04/03/2020  0500    37.6   34.6     2.8     0.000  10   88.63  172.0    8.5      --
 31  04/03/2020  0600    37.4   34.4     2.7     0.000  10   88.63  165.2    7.5      --
 32  04/03/2020  0700    37.9   34.4     2.7     0.000   5   87.07  156.5    6.6      --
 33  04/03/2020  0800    38.6   35.1     2.6     0.000   0   87.13  145.5    5.9      --
 34  04/03/2020  0900    38.1   34.4     2.5     0.000   0   86.51  132.3    5.5      --
 35  04/03/2020  1000    39.2   34.7     2.5     0.000   0   83.56  117.8    5.4    8629
 36  04/03/2020  1100    41.5   33.2     3.6     0.000   0   72.01  100.5    1.2      --
 37  04/03/2020  1200    42.4   34.1     4.7     0.000   0   72.33  310.4    3.3      --
 38  04/03/2020  1300    42.8   35.9     5.8     0.010   0   76.49  305.9    7.6      --
 39  04/03/2020  1400    44.6   34.6     7.0     0.000   0   67.64  304.7   11.9      --
 40  04/03/2020  1500    44.1   36.6     8.1     0.000   0   74.74  304.1   16.2      --
 41  04/03/2020  1600    43.5   38.3     9.2     0.030   0   81.87  303.8   20.5    3808
 42  04/03/2020  1700    44.2   36.9     8.8     0.000   0   75.25  301.4   19.6      --
 43  04/03/2020  1800    43.5   35.0     8.4     0.000   0   71.75  298.7   18.6      --
 44  04/03/2020  1900    42.0   34.2     8.1     0.000   0   73.78  295.7   17.7      --
 45  04/03/2020  2000    41.2   32.6     7.7     0.000   0   71.31  292.4   16.9      --
 46  04/03/2020  2100    38.8   31.2     7.3     0.000   0   73.88  288.8   16.1      --
 47  04/03/2020  2200    36.5   31.6     6.9     0.000   0   82.22  284.9   15.4     915
 48  04/03/2020  2300    36.2   32.7     6.3     0.000   0   87.02  280.2   13.2      --
 49  04/04/2020  0000    36.2   33.5     5.6     0.000   0   90.10  273.7   11.1      --
 50  04/04/2020  0100    36.4   34.8     5.0     0.000   5   94.01  264.5    9.3      --
 51  04/04/2020  0200    36.5   34.8     4.3     0.000  10   93.59  251.2    7.8      --
 52  04/04/2020  0300    36.5   34.8     3.7     0.000  10   93.54  233.2    6.9      --
 53  04/04/2020  0400    36.5   34.8     3.1     0.000  10   93.80  212.4    6.8    4316
 54  04/04/2020  0500    36.3   34.8     2.9     0.000  10   94.33  205.4    5.2      --
 55  04/04/2020  0600    36.1   34.8     2.8     0.000  10   94.95  192.7    3.7      --
 56  04/04/2020  0700    36.3   34.8     2.6     0.000  10   94.25  167.2    2.7      --
 57  04/04/2020  0800    37.0   34.8     2.5     0.000  10   91.81  127.5    2.5      --
 58  04/04/2020  0900    38.2   29.4     2.3     0.000   5   70.50   98.1    3.4      --
 59  04/04/2020  1000    39.8   27.7     2.2     0.000   0   61.59   83.3    4.8    6736
 60  04/04/2020  1100    42.0   27.7     2.3     0.000   0   56.56   85.9    5.2      --
 61  04/04/2020  1200    45.9   27.7     2.4     0.000   0   48.87   88.3    5.5      --
 62  04/04/2020  1300    49.2   27.7     2.6     0.000   0   43.14   90.4    5.8      --
 63  04/04/2020  1400    51.0   27.7     2.7     0.000   0   40.40   92.3    6.1      --
 64  04/04/2020  1500    51.8   27.7     2.8     0.000   0   39.13   94.0    6.5      --
 65  04/04/2020  1600    52.2   27.7     3.0     0.000   0   38.59   95.5    6.8  no_inv
 66  04/04/2020  1700    52.2   27.8     3.8     0.000   0   38.75   62.1    3.0      --
 67  04/04/2020  1800    51.1   28.1     4.6     0.000   0   40.84  335.6    3.7      --
 68  04/04/2020  1900    48.8   28.2     5.5     0.000   0   44.76  313.7    7.9      --
 69  04/04/2020  2000    47.5   29.2     6.3     0.000   0   48.90  307.2   12.4      --
 70  04/04/2020  2100    45.1   30.6     7.2     0.000   0   56.47  304.2   16.9      --
 71  04/04/2020  2200    42.8   32.3     8.0     0.000   0   66.31  302.4   21.5    2041
 72  04/04/2020  2300    42.0   33.1     8.2     0.000   0   70.20  302.9   22.0      --
 73  04/05/2020  0000    41.9   33.7     8.4     0.000   0   72.43  303.4   22.5      --
 74  04/05/2020  0100    41.7   34.2     8.6     0.000   0   74.53  303.9   23.0      --
 75  04/05/2020  0200    41.5   34.7     8.8     0.000   0   76.34  304.4   23.5      --
 76  04/05/2020  0300    41.3   34.9     9.0     0.000   0   77.72  304.8   23.9      --
 77  04/05/2020  0400    41.2   35.0     9.2     0.000   0   78.57  305.2   24.4    2029
 78  04/05/2020  0500    41.0   35.0     8.6     0.000   0   79.16  307.1   22.7      --
 79  04/05/2020  0600    40.8   35.1     8.1     0.000   0   79.66  309.3   20.9      --
 80  04/05/2020  0700    41.0   34.1     7.6     0.000   0   76.20  312.0   19.2      --
 81  04/05/2020  0800    41.5   32.8     7.1     0.000   0   71.14  315.0   17.6      --
 82  04/05/2020  0900    41.8   34.2     6.5     0.000   0   74.13  318.8   16.0      --
 83  04/05/2020  1000    42.2   35.5     6.0     0.010   0   76.96  323.3   14.5  no_inv
 84  04/05/2020  1100    45.1   33.4     7.6     0.000   0   63.52  324.0   15.3      --
 85  04/05/2020  1200    46.8   33.5     9.1     0.000   0   59.63  324.5   16.1      --
 86  04/05/2020  1300    48.2   34.1    10.7     0.000   0   58.07  325.1   16.9      --
 87  04/05/2020  1400    48.9   34.4    12.3     0.000   0   57.06  325.6   17.6      --
 88  04/05/2020  1500    49.3   34.3    13.8     0.000   0   55.98  326.0   18.5      --
 89  04/05/2020  1600    49.5   33.9    15.4     0.000   0   54.78  326.4   19.2  no_inv
 90  04/05/2020  1700    49.2   34.3    14.3     0.000   0   56.31  322.3   18.7      --
 91  04/05/2020  1800    48.4   34.5    13.2     0.000   0   58.35  318.0   18.2      --
 92  04/05/2020  1900    46.8   34.4    12.1     0.000   0   61.87  313.5   17.9      --
 93  04/05/2020  2000    45.9   35.2    11.0     0.000   0   66.24  308.8   17.6      --
 94  04/05/2020  2100    43.5   35.5     9.9     0.000   0   73.29  304.0   17.5      --
 95  04/05/2020  2200    41.2   35.5     8.8     0.000   0   80.03  299.2   17.5     710
 96  04/05/2020  2300    40.2   35.5     8.4     0.000   0   83.10  300.6   16.9      --
 97  04/06/2020  0000    39.4   35.4     7.9     0.000   0   85.46  302.0   16.4      --
 98  04/06/2020  0100    38.6   35.3     7.5     0.000   0   87.82  303.5   15.8      --
 99  04/06/2020  0200    37.8   35.2     7.0     0.000   0   90.23  305.1   15.2      --
100  04/06/2020  0300    37.1   35.2     6.6     0.000   0   92.59  306.9   14.7      --
101  04/06/2020  0400    36.5   35.1     6.2     0.000   5   94.80  308.8   14.2     804
102  04/06/2020  0500    35.9   35.1     5.7     0.000  10   96.71  312.1   13.0      --
103  04/06/2020  0600    35.6   34.8     5.3     0.000  10   96.65  316.1   11.9      --
104  04/06/2020  0700    36.3   35.0     4.9     0.000  10   95.18  320.9   10.8      --
105  04/06/2020  0800    38.2   35.0     4.4     0.000   5   88.38  326.6    9.8      --
106  04/06/2020  0900    41.2   32.6     4.0     0.000   0   71.20  333.6    9.0      --
107  04/06/2020  1000    44.8   32.3     3.6     0.000   0   61.30  341.9    8.3    6903
108  04/06/2020  1100    48.0   32.0     3.5     0.000   0   53.86  339.7    8.0      --
109  04/06/2020  1200    49.9   31.8     3.4     0.000   0   49.53  337.4    7.7      --
110  04/06/2020  1300    51.5   31.6     3.3     0.000   0   46.47  334.9    7.4      --
111  04/06/2020  1400    52.2   31.5     3.2     0.000   0   44.90  332.3    7.2      --
112  04/06/2020  1500    52.7   31.4     3.1     0.000   0   43.90  329.4    6.9      --
113  04/06/2020  1600    53.0   31.3     3.0     0.000   0   43.37  326.4    6.7    6174
114  04/06/2020  1700    53.1   31.4     4.4     0.000   0   43.36  315.1    9.1      --
115  04/06/2020  1800    51.8   31.5     5.8     0.000   0   45.76  308.6   11.6      --
116  04/06/2020  1900    49.1   33.1     7.2     0.000   0   53.91  304.5   14.2      --
117  04/06/2020  2000    47.6   34.0     8.6     0.000   0   59.11  301.6   16.9      --
118  04/06/2020  2100    45.3   34.4     9.9     0.000   0   65.48  299.6   19.6      --
119  04/06/2020  2200    42.9   34.3    11.3     0.000   0   71.43  298.0   22.4     983
120  04/06/2020  2300    42.2   35.2     9.9     0.000   0   75.98  293.0   18.4      --
121  04/07/2020  0000    42.0   35.5     8.5     0.000   0   77.69  285.2   14.6      --
122  04/07/2020  0100    41.7   34.5     7.1     0.000   0   75.19  272.4   11.2      --
123  04/07/2020  0200    41.5   33.4     5.6     0.000   0   72.73  251.0    8.9      --
124  04/07/2020  0300    41.2   32.7     4.2     0.000   0   71.41  221.7    8.4      --
125  04/07/2020  0400    40.9   31.5     2.8     0.000   0   68.83  195.9   10.0    4608
126  04/07/2020  0500    40.7   31.5     2.7     0.000   0   69.47  191.1    8.8      --
127  04/07/2020  0600    40.5   31.5     2.6     0.000   0   69.91  184.9    7.7      --
128  04/07/2020  0700    40.7   31.5     2.5     0.000   0   69.33  176.8    6.7      --
129  04/07/2020  0800    41.4   31.5     2.5     0.000   0   67.54  166.2    5.9      --
130  04/07/2020  0900    42.6   36.9     2.4     0.000   0   80.09  152.8    5.3      --
131  04/07/2020  1000    44.2   36.9     2.3     0.000   0   75.29  137.4    5.1    3992
132  04/07/2020  1100    46.4   36.9     2.7     0.000   0   69.37  121.8    3.0      --
133  04/07/2020  1200    48.9   36.9     3.0     0.000   0   63.07   71.3    1.8      --
134  04/07/2020  1300    51.0   36.9     3.4     0.000   0   58.33   16.2    2.9      --
135  04/07/2020  1400    52.2   36.9     3.7     0.000   0   55.86  358.9    4.9      --
136  04/07/2020  1500    53.0   36.8     4.1     0.000   0   54.15  352.1    7.2      --
137  04/07/2020  1600    53.4   36.9     4.4     0.000   0   53.40  348.5    9.4    6797
138  04/07/2020  1700    53.4   36.9     4.2     0.000   0   53.37  338.8    9.4      --
139  04/07/2020  1800    51.9   36.9     3.9     0.000   0   56.37  329.3    9.7      --
140  04/07/2020  1900    48.9   36.9     3.7     0.000   0   63.06  320.5   10.2      --
141  04/07/2020  2000    47.2   36.9     3.4     0.000   0   67.13  312.7   10.9      --
142  04/07/2020  2100    44.9   36.9     3.2     0.000   0   73.35  306.0   11.8      --
143  04/07/2020  2200    42.5   36.9     2.9     0.000   0   80.21  300.3   12.9    4838
144  04/07/2020  2300    41.7   36.9     3.0     0.000   0   82.76  300.9   13.3      --
145  04/08/2020  0000    41.3   36.9     3.1     0.000   0   84.10  301.5   13.8      --
146  04/08/2020  0100    40.8   36.9     3.2     0.000   0   85.67  302.0   14.2      --
147  04/08/2020  0200    40.3   36.9     3.3     0.000   0   87.38  302.6   14.6      --
148  04/08/2020  0300    39.8   36.9     3.4     0.000   5   89.12  303.0   15.1      --
149  04/08/2020  0400    39.3   36.9     3.5     0.000  10   90.85  303.5   15.5    1177
150  04/08/2020  0500    38.9   36.9     3.6     0.000  10   92.50  307.0   14.2      --
151  04/08/2020  0600    38.6   36.9     3.7     0.000  10   93.52  311.2   12.9      --
152  04/08/2020  0700    39.1   36.9     3.8     0.000  10   91.51  316.4   11.7      --
153  04/08/2020  0800    40.7   36.9     3.9     0.000   5   86.21  322.6   10.6      --
154  04/08/2020  0900    43.2   36.3     4.0     0.000   0   76.37  330.1    9.7      --
155  04/08/2020  1000    46.5   36.1     4.1     0.000   0   66.94  339.0    9.0    2591
156  04/08/2020  1100    50.2   36.0     4.0     0.000   0   57.91  338.4    8.9      --
157  04/08/2020  1200    54.1   35.8     4.0     0.000   0   49.87  337.7    8.8      --
158  04/08/2020  1300    57.0   35.7     4.0     0.000   0   44.71  337.0    8.8      --
159  04/08/2020  1400    58.3   35.6     3.9     0.000   0   42.42  336.4    8.7      --
160  04/08/2020  1500    59.0   35.5     3.9     0.000   0   41.37  335.7    8.6      --
161  04/08/2020  1600    59.2   35.5     3.8     0.000   0   41.02  335.0    8.6    4988
162  04/08/2020  1700    59.0   35.5     4.6     0.000   0   41.27  324.5   10.2      --
163  04/08/2020  1800    57.2   35.5     5.4     0.000   0   43.95  317.1   12.1      --
164  04/08/2020  1900    53.7   36.3     6.2     0.000   0   51.72  311.8   14.1      --
165  04/08/2020  2000    51.7   36.8     6.9     0.000   0   56.70  307.9   16.2      --
166  04/08/2020  2100    49.3   37.3     7.7     0.000   0   63.05  304.8   18.4      --
167  04/08/2020  2200    47.0   37.5     8.5     0.000   0   69.35  302.4   20.6     886
