  Generated by FoxLW on Thursday April 2, 2020 at 02:32 PDT
-------------------------------------------------------------------------------
  Azwell
  47.9300:-119.8800  (47 55' 48.00"N  119 52' 48.00"W)  elev 859.6 feet    file: 300218
-------------------------------------------------------------------------------

Line#   Date     Hour   TempF  DewPtF WS(mph)  Rain(in) LW    RH%  WDir_50m WS_50m Inv(ft)
  5  04/02/2020  0400    25.4   11.7     5.4     0.000   0   55.41   26.3   14.7    2269
  6  04/02/2020  0500    24.8   12.0     4.7     0.000   0   57.44   27.4   12.8      --
  7  04/02/2020  0600    24.4   17.4     4.1     0.000   0   74.18   28.8   10.9      --
  8  04/02/2020  0700    24.8   22.8     3.4     0.000   5   91.82   30.9    8.9      --
  9  04/02/2020  0800    26.3   24.4     2.8     0.000  10   92.27   34.0    7.0      --
 10  04/02/2020  0900    29.0   24.4     2.1     0.000  10   82.55   39.5    5.2      --
 11  04/02/2020  1000    32.7   24.4     1.5     0.000   5   71.12   51.0    3.4  no_inv
 12  04/02/2020  1100    36.7   24.4     1.8     0.000   0   60.57  357.9    1.0      --
 13  04/02/2020  1200    40.5   24.4     2.1     0.000   0   52.37  269.0    2.7      --
 14  04/02/2020  1300    43.5   24.4     2.4     0.000   0   46.50  258.1    5.5      --
 15  04/02/2020  1400    45.2   24.4     2.8     0.000   0   43.60  254.6    8.4      --
 16  04/02/2020  1500    46.5   24.4     3.1     0.000   0   41.62  252.8   11.3      --
 17  04/02/2020  1600    47.2   24.4     3.4     0.000   0   40.42  251.8   14.1  no_inv
 18  04/02/2020  1700    47.7   24.4     3.5     0.000   0   39.78  256.0   14.2      --
 19  04/02/2020  1800    46.4   24.4     3.6     0.000   0   41.73  260.1   14.4      --
 20  04/02/2020  1900    43.8   24.4     3.6     0.000   0   46.05  264.1   14.6      --
 21  04/02/2020  2000    42.4   24.4     3.7     0.000   0   48.64  267.9   15.0      --
 22  04/02/2020  2100    40.0   24.4     3.8     0.000   0   53.25  271.6   15.3      --
 23  04/02/2020  2200    37.7   24.4     3.9     0.000   0   58.35  275.1   15.8    1576
 24  04/02/2020  2300    35.0   24.4     3.9     0.000   0   64.85  272.9   16.0      --
 25  04/03/2020  0000    33.0   24.4     4.0     0.000   0   70.37  270.8   16.2      --
 26  04/03/2020  0100    31.1   24.4     4.0     0.000   0   75.91  268.8   16.5      --
 27  04/03/2020  0200    29.4   24.4     4.1     0.000   5   81.25  266.8   16.7      --
 28  04/03/2020  0300    28.0   24.4     4.1     0.000  10   86.13  264.8   17.0      --
 29  04/03/2020  0400    26.9   24.4     4.2     0.000  10   90.32  263.0   17.3    1519
 30  04/03/2020  0500    26.0   24.4     4.2     0.000  10   93.60  264.2   17.4      --
 31  04/03/2020  0600    25.6   24.4     4.2     0.000  10   95.28  265.5   17.5      --
 32  04/03/2020  0700    27.1   24.4     4.3     0.000  10   89.50  266.7   17.7      --
 33  04/03/2020  0800    31.0   24.4     4.3     0.000   5   76.21  267.9   17.8      --
 34  04/03/2020  0900    36.5   20.0     4.3     0.000   0   50.81  269.1   18.0      --
 35  04/03/2020  1000    41.7   20.0     4.3     0.000   0   41.47  270.3   18.1  no_inv
 36  04/03/2020  1100    44.8   20.0     4.8     0.000   0   36.85  271.1   18.3      --
 37  04/03/2020  1200    45.5   20.0     5.3     0.000   0   35.93  271.9   18.5      --
 38  04/03/2020  1300    45.9   20.8     5.8     0.000   0   36.40  272.7   18.7      --
 39  04/03/2020  1400    46.2   21.5     6.3     0.000   0   37.21  273.5   18.9      --
 40  04/03/2020  1500    46.3   22.2     6.8     0.000   0   38.18  274.3   19.1      --
 41  04/03/2020  1600    46.3   22.9     7.3     0.000   0   39.27  275.0   19.4  no_inv
 42  04/03/2020  1700    46.3   22.9     6.2     0.000   0   39.30  275.6   16.0      --
 43  04/03/2020  1800    43.4   22.2     5.0     0.000   0   42.65  276.5   12.7      --
 44  04/03/2020  1900    37.3   21.8     3.9     0.000   0   52.95  278.1    9.4      --
 45  04/03/2020  2000    34.0   21.8     2.8     0.000   0   60.40  281.3    6.1      --
 46  04/03/2020  2100    31.7   23.8     1.6     0.000   0   72.10  291.8    2.9      --
 47  04/03/2020  2200    29.4   25.4     0.5     0.010   5   84.83   33.5    1.1   10663
 48  04/03/2020  2300    27.0   24.0     1.1     0.000  10   88.50   25.5    3.5      --
 49  04/04/2020  0000    26.8   23.9     1.6     0.000  10   88.73   24.0    5.9      --
 50  04/04/2020  0100    26.4   23.7     2.2     0.000  10   89.26   23.3    8.3      --
 51  04/04/2020  0200    25.9   23.4     2.8     0.000  10   90.03   23.0   10.7      --
 52  04/04/2020  0300    25.3   23.1     3.4     0.000  10   90.98   22.7   13.1      --
 53  04/04/2020  0400    24.7   22.8     4.0     0.000  10   92.05   22.6   15.5    2931
 54  04/04/2020  0500    24.8   22.1     3.8     0.000  10   89.26   25.9   13.8      --
 55  04/04/2020  0600    24.3   21.9     3.6     0.000  10   90.27   30.1   12.1      --
 56  04/04/2020  0700    25.0   22.0     3.5     0.000  10   88.15   35.7   10.5      --
 57  04/04/2020  0800    26.8   22.6     3.3     0.000  10   83.85   43.2    9.0      --
 58  04/04/2020  0900    29.4   20.2     3.1     0.000   5   68.14   53.4    7.8      --
 59  04/04/2020  1000    34.8   17.2     3.0     0.000   0   48.21   66.8    6.8    7629
 60  04/04/2020  1100    39.5   17.2     3.2     0.000   0   39.99   67.4    7.2      --
 61  04/04/2020  1200    43.2   17.2     3.4     0.000   0   34.61   67.9    7.6      --
 62  04/04/2020  1300    46.3   17.2     3.6     0.000   0   30.81   68.4    8.0      --
 63  04/04/2020  1400    48.0   17.2     3.8     0.000   0   28.94   68.8    8.4      --
 64  04/04/2020  1500    49.1   17.2     4.0     0.000   0   27.69   69.2    8.7      --
 65  04/04/2020  1600    49.9   17.2     4.2     0.000   0   26.90   69.6    9.1    9305
 66  04/04/2020  1700    50.4   17.3     5.4     0.000   0   26.47   54.6    9.4      --
 67  04/04/2020  1800    49.1   17.5     6.6     0.000   0   28.09   41.4   10.3      --
 68  04/04/2020  1900    46.3   19.7     7.8     0.000   0   34.28   30.8   11.7      --
 69  04/04/2020  2000    44.8   20.2     9.1     0.000   0   37.21   22.5   13.3      --
 70  04/04/2020  2100    42.4   20.6    10.3     0.000   0   41.41   16.2   15.2      --
 71  04/04/2020  2200    40.1   20.8    11.5     0.000   0   45.59   11.4   17.2      84
 72  04/04/2020  2300    39.0   21.3    11.5     0.000   0   48.73   12.6   16.7      --
 73  04/05/2020  0000    38.5   21.8    11.6     0.000   0   50.69   13.9   16.3      --
 74  04/05/2020  0100    38.1   22.2    11.6     0.000   0   52.47   15.4   15.8      --
 75  04/05/2020  0200    37.7   22.5    11.6     0.000   0   53.97   16.8   15.4      --
 76  04/05/2020  0300    37.4   22.8    11.6     0.000   0   55.09   18.4   15.0      --
 77  04/05/2020  0400    37.1   22.8    11.7     0.000   0   55.77   20.1   14.6  no_inv
 78  04/05/2020  0500    37.0   23.4    10.2     0.000   0   57.55   20.5   13.2      --
 79  04/05/2020  0600    36.8   23.7     8.7     0.000   0   58.69   21.1   11.9      --
 80  04/05/2020  0700    37.0   22.2     7.2     0.000   0   54.82   21.9   10.5      --
 81  04/05/2020  0800    37.6   22.6     5.7     0.000   0   54.30   22.8    9.2      --
 82  04/05/2020  0900    38.8   23.2     4.2     0.000   0   53.08   24.1    7.8      --
 83  04/05/2020  1000    40.6   26.4     2.7     0.000   0   56.49   25.9    6.5  no_inv
 84  04/05/2020  1100    43.4   26.4     2.4     0.000   0   50.78   22.5    5.3      --
 85  04/05/2020  1200    47.1   26.4     2.1     0.000   0   44.03   17.2    4.2      --
 86  04/05/2020  1300    50.5   26.4     1.8     0.000   0   38.92    8.3    3.2      --
 87  04/05/2020  1400    52.5   26.4     1.5     0.000   0   36.11  351.4    2.2      --
 88  04/05/2020  1500    53.9   26.4     1.2     0.000   0   34.22  319.5    1.7      --
 89  04/05/2020  1600    54.8   26.4     0.9     0.000   0   33.11  282.4    2.0  no_inv
 90  04/05/2020  1700    55.0   26.4     2.2     0.000   0   32.91  352.9    2.6      --
 91  04/05/2020  1800    53.7   26.5     3.5     0.000   0   34.66   15.1    4.9      --
 92  04/05/2020  1900    51.0   26.4     4.8     0.000   0   38.13   22.6    7.5      --
 93  04/05/2020  2000    49.5   27.3     6.1     0.000   0   41.80   26.3   10.1      --
 94  04/05/2020  2100    47.2   28.5     7.4     0.000   0   47.98   28.4   12.8      --
 95  04/05/2020  2200    44.8   29.2     8.7     0.000   0   54.03   29.8   15.4  no_inv
 96  04/05/2020  2300    42.5   29.2     7.7     0.000   0   58.94   27.4   15.3      --
 97  04/06/2020  0000    40.7   28.3     6.7     0.000   0   61.01   25.0   15.1      --
 98  04/06/2020  0100    38.9   27.6     5.7     0.000   0   63.49   22.5   15.0      --
 99  04/06/2020  0200    37.3   27.1     4.7     0.000   0   66.32   20.0   14.9      --
100  04/06/2020  0300    36.0   26.4     3.7     0.000   0   67.91   17.4   14.9      --
101  04/06/2020  0400    34.8   26.4     2.7     0.000   0   71.04   14.9   14.8    1193
102  04/06/2020  0500    33.9   26.4     2.4     0.000   0   73.57   13.7   12.4      --
103  04/06/2020  0600    33.5   26.4     2.0     0.000   0   74.96   12.0   10.1      --
104  04/06/2020  0700    34.1   26.4     1.7     0.000   0   73.16    9.2    7.7      --
105  04/06/2020  0800    35.9   26.9     1.4     0.000   0   69.42    4.0    5.4      --
106  04/06/2020  0900    39.0   26.3     1.0     0.000   0   60.05  351.4    3.2      --
107  04/06/2020  1000    43.0   25.6     0.7     0.000   0   49.94  304.8    1.6  no_inv
108  04/06/2020  1100    47.6   25.0     1.3     0.000   0   40.85  296.7    3.4      --
109  04/06/2020  1200    52.5   24.4     2.0     0.000   0   33.29  294.2    5.3      --
110  04/06/2020  1300    56.3   23.9     2.6     0.000   0   28.33  293.0    7.1      --
111  04/06/2020  1400    58.3   23.5     3.2     0.000   0   25.87  292.3    8.9      --
112  04/06/2020  1500    59.4   23.2     3.8     0.000   0   24.68  291.9   10.8      --
113  04/06/2020  1600    59.9   23.2     4.5     0.000   0   24.12  291.5   12.6    7249
114  04/06/2020  1700    60.0   23.2     4.1     0.000   0   24.06  286.9   11.8      --
115  04/06/2020  1800    55.3   23.3     3.7     0.000   0   28.62  281.6   11.1      --
116  04/06/2020  1900    45.7   23.5     3.3     0.000   0   41.30  275.6   10.5      --
117  04/06/2020  2000    40.4   23.5     2.9     0.000   0   50.62  269.0   10.0      --
118  04/06/2020  2100    38.0   23.5     2.5     0.000   0   55.46  261.8    9.6      --
119  04/06/2020  2200    35.7   23.5     2.2     0.000   0   60.82  254.2    9.5    1499
120  04/06/2020  2300    34.0   23.5     2.3     0.000   0   65.18  271.4    8.9      --
121  04/07/2020  0000    34.1   23.5     2.5     0.000   0   64.75  289.2    9.1      --
122  04/07/2020  0100    34.1   23.5     2.7     0.000   0   64.94  304.6   10.2      --
123  04/07/2020  0200    33.8   23.5     2.8     0.000   0   65.63  316.4   11.8      --
124  04/07/2020  0300    33.4   23.5     3.0     0.000   0   66.73  325.1   13.9      --
125  04/07/2020  0400    32.8   23.5     3.2     0.000   0   68.17  331.5   16.1    1520
126  04/07/2020  0500    32.2   23.5     3.1     0.000   0   69.91  336.0   14.3      --
127  04/07/2020  0600    31.8   23.5     3.0     0.000   0   71.22  341.7   12.5      --
128  04/07/2020  0700    32.7   23.5     2.9     0.000   0   68.52  349.2   10.9      --
129  04/07/2020  0800    35.3   24.8     2.8     0.000   0   65.19  359.0    9.6      --
130  04/07/2020  0900    39.6   24.6     2.7     0.000   0   54.72   11.4    8.6      --
131  04/07/2020  1000    45.0   24.5     2.6     0.000   0   44.10   26.1    8.2    7954
132  04/07/2020  1100    50.6   24.2     2.5     0.000   0   35.42   20.6    6.4      --
133  04/07/2020  1200    55.2   24.1     2.4     0.000   0   29.66   11.1    4.8      --
134  04/07/2020  1300    58.7   23.9     2.3     0.000   0   26.00  353.1    3.4      --
135  04/07/2020  1400    60.5   23.8     2.1     0.000   0   24.24  319.6    2.7      --
136  04/07/2020  1500    61.4   23.7     2.0     0.000   0   23.41  283.3    3.2      --
137  04/07/2020  1600    61.8   23.7     1.9     0.000   0   23.02  262.3    4.4    8964
138  04/07/2020  1700    61.9   23.7     3.4     0.000   0   22.97  263.4    6.7      --
139  04/07/2020  1800    58.6   23.6     4.9     0.000   0   25.77  263.9    8.9      --
140  04/07/2020  1900    51.9   24.6     6.5     0.000   0   34.34  264.2   11.1      --
141  04/07/2020  2000    48.2   25.5     8.0     0.000   0   40.81  264.5   13.4      --
142  04/07/2020  2100    45.8   25.4     9.5     0.000   0   44.42  264.6   15.6      --
143  04/07/2020  2200    43.5   25.0    11.0     0.000   0   47.69  264.7   17.8    8122
144  04/07/2020  2300    39.9   25.2    10.0     0.000   0   55.43  271.3   13.5      --
145  04/08/2020  0000    37.9   25.1     8.9     0.000   0   59.76  283.6    9.5      --
146  04/08/2020  0100    35.9   25.0     7.9     0.000   0   64.12  309.8    6.5      --
147  04/08/2020  0200    34.2   24.5     6.8     0.000   0   67.40  352.8    6.2      --
148  04/08/2020  0300    32.6   24.2     5.8     0.000   0   70.83   23.3    8.8      --
149  04/08/2020  0400    31.3   24.0     4.7     0.000   0   74.17   37.7   12.6    1711
150  04/08/2020  0500    30.2   23.8     4.4     0.000   5   76.59   41.5    9.7      --
151  04/08/2020  0600    29.7   23.8     4.0     0.000  10   78.32   48.3    6.9      --
152  04/08/2020  0700    30.9   23.8     3.7     0.000   5   74.57   64.0    4.3      --
153  04/08/2020  0800    34.1   29.2     3.3     0.000   0   81.92  107.1    2.7      --
154  04/08/2020  0900    39.3   31.5     3.0     0.000   0   73.18  159.1    3.8      --
155  04/08/2020  1000    46.0   31.5     2.6     0.000   0   56.72  179.4    6.2    4832
156  04/08/2020  1100    52.9   31.5     2.8     0.000   0   43.77  200.8    7.3      --
157  04/08/2020  1200    58.6   31.5     2.9     0.000   0   35.60  215.1    9.1      --
158  04/08/2020  1300    63.0   31.5     3.1     0.000   0   30.47  224.3   11.3      --
159  04/08/2020  1400    65.4   31.5     3.2     0.000   0   28.03  230.5   13.7      --
160  04/08/2020  1500    66.6   31.5     3.4     0.000   0   26.85  234.7   16.2      --
161  04/08/2020  1600    67.3   31.5     3.5     0.000   0   26.21  237.9   18.7    4294
162  04/08/2020  1700    67.6   31.5     3.5     0.000   0   26.00  240.0   17.6      --
163  04/08/2020  1800    63.3   31.5     3.5     0.000   0   30.10  242.4   16.5      --
164  04/08/2020  1900    54.7   31.5     3.4     0.000   0   40.92  245.1   15.4      --
165  04/08/2020  2000    50.0   31.5     3.3     0.000   0   48.72  248.3   14.3      --
166  04/08/2020  2100    47.7   31.5     3.3     0.000   0   53.18  251.9   13.3      --
167  04/08/2020  2200    45.3   31.5     3.2     0.000   0   58.09  256.2   12.4    1544
