  Generated by FoxLW on Thursday April 2, 2020 at 02:32 PDT
-------------------------------------------------------------------------------
  Peshastin
  47.5600:-120.5900  (47 33' 36.00"N  120 35' 24.00"W)  elev 1059.7 feet    file: 300203
-------------------------------------------------------------------------------

Line#   Date     Hour   TempF  DewPtF WS(mph)  Rain(in) LW    RH%  WDir_50m WS_50m Inv(ft)
  5  04/02/2020  0400    21.5   19.1     0.7     0.000  10   90.38  341.5    1.6  no_inv
  6  04/02/2020  0500    20.9   19.4     0.9     0.000  10   93.75  353.7    0.7      --
  7  04/02/2020  0600    20.4   20.4     1.1     0.000  10  100.00  119.3    0.4      --
  8  04/02/2020  0700    21.2   21.2     1.3     0.000  10  100.00  143.2    1.3      --
  9  04/02/2020  0800    23.7   23.7     1.5     0.000  10  100.00  147.4    2.3      --
 10  04/02/2020  0900    28.8   28.8     1.7     0.000  10  100.00  149.2    3.3      --
 11  04/02/2020  1000    33.5   30.3     1.9     0.010   5   87.77  150.1    4.2  no_inv
 12  04/02/2020  1100    37.7   31.0     1.6     0.000   0   76.76  149.8    3.6      --
 13  04/02/2020  1200    40.0   33.0     1.3     0.020   0   75.65  149.4    2.9      --
 14  04/02/2020  1300    41.9   33.4     1.0     0.010   0   71.63  148.9    2.3      --
 15  04/02/2020  1400    43.7   32.0     0.7     0.000   0   63.19  147.8    1.7      --
 16  04/02/2020  1500    42.8   34.0     0.4     0.010   0   70.62  145.4    1.0      --
 17  04/02/2020  1600    40.8   37.0     0.2     0.060  10   86.30  135.1    0.4  no_inv
 18  04/02/2020  1700    40.2   36.4     0.9     0.000  10   86.05  356.6    1.5      --
 19  04/02/2020  1800    37.4   34.8     1.6     0.000  10   90.26  352.3    3.4      --
 20  04/02/2020  1900    31.6   31.6     2.4     0.000  10  100.00  351.0    5.2      --
 21  04/02/2020  2000    28.5   28.5     3.1     0.000  10  100.00  350.4    7.1      --
 22  04/02/2020  2100    26.1   26.1     3.9     0.000  10  100.00  350.0    8.9      --
 23  04/02/2020  2200    23.8   22.9     4.6     0.000  10   96.29  349.8   10.7    1035
 24  04/02/2020  2300    22.7   21.8     5.4     0.000  10   96.32  343.1   11.0      --
 25  04/03/2020  0000    22.7   21.9     6.2     0.000  10   96.43  336.9   11.4      --
 26  04/03/2020  0100    23.3   22.4     7.1     0.000  10   96.50  331.1   11.9      --
 27  04/03/2020  0200    23.5   22.7     7.9     0.000  10   96.57  325.8   12.6      --
 28  04/03/2020  0300    23.6   22.8     8.7     0.000  10   96.60  321.1   13.3      --
 29  04/03/2020  0400    23.4   22.6     9.5     0.000  10   96.67  316.9   14.1    1304
 30  04/03/2020  0500    25.4   22.6     9.7     0.000  10   88.70  312.7   14.3      --
 31  04/03/2020  0600    25.1   22.4     9.8     0.000  10   89.12  308.6   14.5      --
 32  04/03/2020  0700    26.3   23.2     9.9     0.000   5   87.74  304.7   14.8      --
 33  04/03/2020  0800    28.5   25.1    10.1     0.000   0   86.95  301.0   15.2      --
 34  04/03/2020  0900    32.2   25.9    10.2     0.000   0   77.23  297.5   15.6      --
 35  04/03/2020  1000    38.6   22.9    10.4     0.000   0   52.71  294.1   16.1  no_inv
 36  04/03/2020  1100    44.0   22.9    10.0     0.000   0   42.89  293.4   16.2      --
 37  04/03/2020  1200    46.8   22.9     9.6     0.000   0   38.70  292.6   16.2      --
 38  04/03/2020  1300    48.6   23.6     9.3     0.000   0   37.06  291.8   16.2      --
 39  04/03/2020  1400    49.5   24.2     8.9     0.000   0   36.82  291.0   16.2      --
 40  04/03/2020  1500    49.8   24.8     8.6     0.000   0   37.26  290.2   16.3      --
 41  04/03/2020  1600    49.9   25.3     8.2     0.000   0   38.08  289.4   16.3  no_inv
 42  04/03/2020  1700    49.7   25.3     8.4     0.000   0   38.32  296.8   15.3      --
 43  04/03/2020  1800    46.2   24.7     8.7     0.000   0   42.45  305.1   14.6      --
 44  04/03/2020  1900    39.2   24.8     8.9     0.000   0   56.04  314.0   14.1      --
 45  04/03/2020  2000    35.2   24.2     9.2     0.000   0   63.62  323.3   14.1      --
 46  04/03/2020  2100    32.9   23.2     9.4     0.000   0   67.04  332.4   14.4      --
 47  04/03/2020  2200    30.6   22.5     9.7     0.000   0   71.75  340.9   15.1    7124
 48  04/03/2020  2300    28.7   21.9     8.1     0.000   0   75.26  340.7   12.4      --
 49  04/04/2020  0000    28.4   22.5     6.5     0.000   0   78.25  340.5    9.9      --
 50  04/04/2020  0100    28.0   23.1     5.0     0.000   5   81.44  340.1    7.3      --
 51  04/04/2020  0200    27.6   23.5     3.4     0.000  10   84.56  339.4    4.7      --
 52  04/04/2020  0300    27.0   24.4     1.8     0.000  10   89.52  336.7    2.1      --
 53  04/04/2020  0400    26.5   24.4     0.2     0.000  10   91.51  179.6    0.6    7108
 54  04/04/2020  0500    26.0   24.4     0.8     0.000  10   93.54  132.7    1.6      --
 55  04/04/2020  0600    25.6   24.4     1.3     0.000  10   95.18  124.7    2.9      --
 56  04/04/2020  0700    26.2   24.4     1.8     0.000  10   92.70  121.6    4.2      --
 57  04/04/2020  0800    28.2   24.4     2.3     0.000  10   85.41  120.0    5.5      --
 58  04/04/2020  0900    31.5   19.0     2.8     0.000   5   59.25  119.0    6.8      --
 59  04/04/2020  1000    35.9   18.1     3.4     0.000   0   47.77  118.3    8.1    6206
 60  04/04/2020  1100    40.7   18.1     2.9     0.000   0   39.66  120.0    7.0      --
 61  04/04/2020  1200    45.0   18.0     2.5     0.000   0   33.58  122.4    5.8      --
 62  04/04/2020  1300    48.3   18.0     2.1     0.000   0   29.68  126.0    4.7      --
 63  04/04/2020  1400    49.9   18.0     1.6     0.000   0   27.88  131.8    3.6      --
 64  04/04/2020  1500    50.8   18.0     1.2     0.000   0   27.05  142.5    2.5      --
 65  04/04/2020  1600    51.1   18.0     0.8     0.000   0   26.66  165.5    1.7    9136
 66  04/04/2020  1700    51.1   18.0     1.3     0.000   0   26.68   93.0    2.2      --
 67  04/04/2020  1800    47.1   18.1     1.9     0.000   0   31.06   69.9    4.2      --
 68  04/04/2020  1900    38.9   18.0     2.4     0.000   0   42.42   62.3    6.4      --
 69  04/04/2020  2000    34.4   18.0     3.0     0.000   0   50.69   58.6    8.7      --
 70  04/04/2020  2100    32.1   18.0     3.6     0.000   0   55.68   56.5   11.0      --
 71  04/04/2020  2200    29.8   18.0     4.1     0.000   0   61.22   55.1   13.3  no_inv
 72  04/04/2020  2300    27.9   18.0     3.7     0.000   0   66.01   57.6   10.8      --
 73  04/05/2020  0000    27.9   18.0     3.2     0.000   0   66.01   61.6    8.4      --
 74  04/05/2020  0100    28.5   18.0     2.8     0.000   0   64.53   68.6    6.1      --
 75  04/05/2020  0200    28.7   18.0     2.3     0.000   0   63.83   83.8    4.0      --
 76  04/05/2020  0300    28.8   18.0     1.9     0.000   0   63.75  121.6    2.6      --
 77  04/05/2020  0400    28.6   18.0     1.4     0.000   0   64.20  171.3    3.2    4634
 78  04/05/2020  0500    28.2   18.0     1.5     0.000   0   65.12  165.5    3.3      --
 79  04/05/2020  0600    27.9   18.0     1.6     0.000   0   66.05  160.2    3.5      --
 80  04/05/2020  0700    28.6   18.0     1.7     0.000   0   64.06  155.5    3.7      --
 81  04/05/2020  0800    30.8   18.0     1.8     0.000   0   58.57  151.3    4.0      --
 82  04/05/2020  0900    34.4   23.5     1.9     0.000   0   63.82  147.6    4.2      --
 83  04/05/2020  1000    38.8   28.9     2.0     0.000   0   67.21  144.3    4.5    5462
 84  04/05/2020  1100    43.0   34.2     2.1     0.000   0   70.89  145.6    2.6      --
 85  04/05/2020  1200    46.3   36.5     2.3     0.000   0   68.31  152.9    0.8      --
 86  04/05/2020  1300    48.2   36.5     2.4     0.000   0   63.76  315.5    1.1      --
 87  04/05/2020  1400    48.8   36.5     2.6     0.000   0   62.24  319.9    3.0      --
 88  04/05/2020  1500    47.1   38.6     2.7     0.000   0   72.14  320.9    4.9      --
 89  04/05/2020  1600    45.0   40.5     2.9     0.050   8   83.93  321.4    6.7    2430
 90  04/05/2020  1700    44.0   39.5     3.0     0.000   5   84.04  315.3    7.7      --
 91  04/05/2020  1800    43.2   38.8     3.2     0.000   0   84.28  310.6    8.7      --
 92  04/05/2020  1900    42.8   38.5     3.3     0.000   0   84.61  307.0    9.7      --
 93  04/05/2020  2000    42.5   38.7     3.5     0.000   0   86.28  304.0   10.8      --
 94  04/05/2020  2100    41.9   38.3     3.6     0.000   0   86.69  301.6   11.9      --
 95  04/05/2020  2200    41.7   40.0     3.8     0.000   5   93.46  299.6   13.0    1001
 96  04/05/2020  2300    40.1   38.7     3.7     0.000  10   94.51  302.7   11.9      --
 97  04/06/2020  0000    38.8   37.6     3.7     0.000  10   95.44  306.4   10.9      --
 98  04/06/2020  0100    37.6   36.7     3.6     0.000  10   96.30  310.9    9.9      --
 99  04/06/2020  0200    36.7   35.8     3.6     0.000  10   96.50  316.3    9.0      --
100  04/06/2020  0300    35.9   35.0     3.5     0.000  10   96.49  323.0    8.1      --
101  04/06/2020  0400    35.3   34.4     3.5     0.000  10   96.48  330.9    7.5  no_inv
102  04/06/2020  0500    35.9   33.3     4.0     0.000   5   90.08  334.2    7.9      --
103  04/06/2020  0600    35.7   33.0     4.5     0.000   0   90.12  337.0    8.4      --
104  04/06/2020  0700    36.7   33.7     5.0     0.000   0   88.91  339.6    8.9      --
105  04/06/2020  0800    35.8   30.2     5.5     0.000   0   80.03  341.9    9.4      --
106  04/06/2020  0900    38.3   31.9     6.0     0.000   0   77.34  343.9    9.9      --
107  04/06/2020  1000    45.5   27.0     6.5     0.000   0   47.99  345.7   10.5    7500
108  04/06/2020  1100    49.8   27.4     8.0     0.000   0   41.61  331.9   12.1      --
109  04/06/2020  1200    52.8   27.8     9.5     0.000   0   37.73  321.6   14.1      --
110  04/06/2020  1300    54.9   28.9    11.1     0.000   0   36.62  314.1   16.5      --
111  04/06/2020  1400    55.9   29.4    12.6     0.000   0   36.05  308.6   19.2      --
112  04/06/2020  1500    56.3   29.3    14.1     0.000   0   35.43  304.5   21.9      --
113  04/06/2020  1600    56.5   28.8    15.6     0.000   0   34.45  301.3   24.8    8102
114  04/06/2020  1700    56.3   29.4    14.6     0.000   0   35.61  307.3   23.0      --
115  04/06/2020  1800    52.7   29.8    13.6     0.000   0   41.37  314.2   21.5      --
116  04/06/2020  1900    45.2   30.0    12.6     0.000   0   55.06  322.0   20.4      --
117  04/06/2020  2000    41.1   31.1    11.6     0.000   0   67.35  330.5   19.6      --
118  04/06/2020  2100    38.8   31.6    10.5     0.000   0   75.17  339.5   19.4      --
119  04/06/2020  2200    36.4   31.8     9.5     0.000   0   83.30  348.5   19.6    2680
120  04/06/2020  2300    34.6   31.9    10.0     0.000   0   89.43  346.3   19.4      --
121  04/07/2020  0000    34.6   31.8    10.4     0.000   0   89.09  344.1   19.2      --
122  04/07/2020  0100    35.0   31.7    10.9     0.000   0   87.60  341.9   19.1      --
123  04/07/2020  0200    35.1   31.6    11.3     0.000   0   87.09  339.7   19.0      --
124  04/07/2020  0300    34.9   31.6    11.8     0.000   0   87.36  337.4   19.0      --
125  04/07/2020  0400    34.7   30.3    12.2     0.000   0   83.89  335.1   18.9    1251
126  04/07/2020  0500    34.2   31.9    11.6     0.000   0   91.03  336.8   18.6      --
127  04/07/2020  0600    33.9   32.2    11.1     0.000   0   93.60  338.6   18.4      --
128  04/07/2020  0700    35.0   32.6    10.5     0.000   0   90.92  340.4   18.2      --
129  04/07/2020  0800    37.8   30.9     9.9     0.000   0   75.94  342.2   17.9      --
130  04/07/2020  0900    42.2   31.1     9.3     0.000   0   64.33  344.1   17.7      --
131  04/07/2020  1000    47.5   31.2     8.7     0.000   0   52.99  346.0   17.6    6136
132  04/07/2020  1100    52.4   31.4     9.2     0.000   0   44.39  343.1   17.4      --
133  04/07/2020  1200    55.5   31.5     9.6     0.000   0   39.84  340.1   17.4      --
134  04/07/2020  1300    57.6   32.1    10.1     0.000   0   37.91  337.2   17.3      --
135  04/07/2020  1400    58.6   32.6    10.5     0.000   0   37.34  334.2   17.3      --
136  04/07/2020  1500    59.0   33.0    11.0     0.000   0   37.38  331.2   17.4      --
137  04/07/2020  1600    59.1   33.3    11.5     0.000   0   37.66  328.3   17.5    6042
138  04/07/2020  1700    59.0   33.6    10.7     0.000   0   38.26  327.4   16.4      --
139  04/07/2020  1800    54.6   33.2     9.9     0.000   0   44.13  326.4   15.4      --
140  04/07/2020  1900    45.6   33.3     9.2     0.000   0   61.79  325.2   14.3      --
141  04/07/2020  2000    40.7   32.5     8.4     0.000   0   72.28  323.8   13.3      --
142  04/07/2020  2100    38.3   31.4     7.7     0.000   0   75.83  322.2   12.3      --
143  04/07/2020  2200    36.0   31.3     6.9     0.000   0   82.80  320.3   11.2    7432
144  04/07/2020  2300    34.2   31.6     5.8     0.000   0   90.27  319.8    9.3      --
145  04/08/2020  0000    34.1   31.9     4.7     0.000   0   91.60  319.0    7.4      --
146  04/08/2020  0100    33.9   32.9     3.6     0.000   5   96.16  317.7    5.5      --
147  04/08/2020  0200    33.5   32.6     2.5     0.000  10   96.45  315.0    3.6      --
148  04/08/2020  0300    33.0   32.1     1.4     0.000  10   96.44  306.0    1.7      --
149  04/08/2020  0400    32.4   31.5     0.2     0.000  10   96.43  198.8    0.6    6180
150  04/08/2020  0500    31.8   30.9     0.6     0.000  10   96.42  146.4    1.0      --
151  04/08/2020  0600    31.3   30.4     0.9     0.000  10   96.41  130.9    1.7      --
152  04/08/2020  0700    32.4   31.5     1.2     0.000  10   96.43  124.8    2.5      --
153  04/08/2020  0800    35.3   35.3     1.5     0.000  10  100.00  121.5    3.3      --
154  04/08/2020  0900    40.0   35.4     1.8     0.000   5   83.67  119.6    4.1      --
155  04/08/2020  1000    46.0   35.4     2.2     0.000   0   66.47  118.2    4.9    3707
156  04/08/2020  1100    52.3   35.4     2.5     0.000   0   52.51   99.2    2.9      --
157  04/08/2020  1200    57.6   35.4     2.9     0.000   0   43.26   47.4    2.0      --
158  04/08/2020  1300    61.7   35.4     3.2     0.000   0   37.41    1.6    3.2      --
159  04/08/2020  1400    63.9   35.4     3.6     0.000   0   34.63  345.5    5.2      --
160  04/08/2020  1500    65.0   35.4     3.9     0.000   0   33.31  338.5    7.4      --
161  04/08/2020  1600    65.6   35.4     4.3     0.000   0   32.61  334.8    9.7  no_inv
162  04/08/2020  1700    65.8   35.4     5.0     0.000   0   32.42  319.1    9.7      --
163  04/08/2020  1800    62.3   35.4     5.7     0.000   0   36.66  304.6   10.4      --
164  04/08/2020  1900    55.1   36.3     6.4     0.000   0   49.17  292.6   11.7      --
165  04/08/2020  2000    51.1   36.8     7.1     0.000   0   57.91  283.3   13.3      --
166  04/08/2020  2100    48.8   37.3     7.8     0.000   0   64.35  276.2   15.3      --
167  04/08/2020  2200    46.4   37.4     8.5     0.000   0   70.65  270.7   17.4    2700
