  Generated by FoxLW on Thursday April 2, 2020 at 02:32 PDT
-------------------------------------------------------------------------------
  Pullman Central
  46.7300:-117.1400  (46 43' 48.00"N  117 8' 24.00"W)  elev 2545.9 feet    file: 300221
-------------------------------------------------------------------------------

Line#   Date     Hour   TempF  DewPtF WS(mph)  Rain(in) LW    RH%  WDir_50m WS_50m Inv(ft)
  5  04/02/2020  0400    30.6   24.4     5.4     0.000   5   77.44  249.6   11.9     765
  6  04/02/2020  0500    30.2   24.3     6.4     0.000   5   78.41  252.3   12.4      --
  7  04/02/2020  0600    29.9   24.1     7.5     0.000   0   78.61  254.9   13.0      --
  8  04/02/2020  0700    30.1   23.7     8.6     0.000   0   76.71  257.1   13.6      --
  9  04/02/2020  0800    31.0   21.2     9.6     0.000   0   66.68  259.2   14.3      --
 10  04/02/2020  0900    32.6   20.7    10.7     0.000   0   61.09  261.1   14.9      --
 11  04/02/2020  1000    34.8   20.1    11.8     0.000   0   54.55  262.9   15.6  no_inv
 12  04/02/2020  1100    37.4   19.5    11.4     0.000   0   47.90  265.4   14.9      --
 13  04/02/2020  1200    40.7   19.0    10.9     0.000   0   41.13  268.1   14.3      --
 14  04/02/2020  1300    43.2   19.1    10.5     0.000   0   37.57  271.1   13.7      --
 15  04/02/2020  1400    44.4   19.6    10.1     0.000   0   36.72  274.4   13.2      --
 16  04/02/2020  1500    44.9   20.3     9.6     0.000   0   37.12  277.9   12.7      --
 17  04/02/2020  1600    45.1   21.1     9.2     0.000   0   38.23  281.7   12.2  no_inv
 18  04/02/2020  1700    44.6   21.1     8.4     0.000   0   38.93  273.9   10.8      --
 19  04/02/2020  1800    43.6   20.8     7.7     0.000   0   39.88  264.0    9.6      --
 20  04/02/2020  1900    43.0   20.8     6.9     0.000   0   40.65  251.8    8.8      --
 21  04/02/2020  2000    40.7   20.9     6.1     0.000   0   44.69  237.9    8.5      --
 22  04/02/2020  2100    38.4   20.8     5.3     0.000   0   48.88  223.8    8.6      --
 23  04/02/2020  2200    36.0   20.2     4.5     0.000   0   52.09  211.0    9.3     758
 24  04/02/2020  2300    34.7   20.7     5.3     0.000   0   56.08  221.1   10.7      --
 25  04/03/2020  0000    33.9   22.4     6.0     0.000   0   62.15  228.8   12.3      --
 26  04/03/2020  0100    33.2   24.5     6.8     0.000   0   70.05  234.6   14.1      --
 27  04/03/2020  0200    32.6   27.0     7.5     0.000   0   79.63  239.1   16.0      --
 28  04/03/2020  0300    32.0   28.7     8.3     0.000   0   87.34  242.6   18.0      --
 29  04/03/2020  0400    32.4   28.8     9.1     0.000   0   86.45  245.3   20.0    1502
 30  04/03/2020  0500    31.1   28.7     9.7     0.000   5   90.49  245.6   20.6      --
 31  04/03/2020  0600    30.9   28.1    10.3     0.000  10   89.16  245.8   21.2      --
 32  04/03/2020  0700    30.9   27.1    10.9     0.000   5   85.70  246.1   21.8      --
 33  04/03/2020  0800    31.2   24.5    11.6     0.000   0   75.99  246.3   22.5      --
 34  04/03/2020  0900    31.7   23.4    12.2     0.000   0   70.97  246.5   23.1      --
 35  04/03/2020  1000    32.5   22.2    12.9     0.000   0   65.29  246.7   23.7  no_inv
 36  04/03/2020  1100    34.0   21.0    13.9     0.000   0   58.52  248.9   23.6      --
 37  04/03/2020  1200    36.4   19.9    14.9     0.000   0   50.61  251.2   23.5      --
 38  04/03/2020  1300    38.8   18.9    15.9     0.000   0   44.21  253.5   23.5      --
 39  04/03/2020  1400    40.3   18.2    16.9     0.000   0   40.50  255.8   23.5      --
 40  04/03/2020  1500    41.3   17.7    17.9     0.000   0   38.18  258.1   23.6      --
 41  04/03/2020  1600    41.9   17.6    18.9     0.000   0   37.04  260.3   23.6  no_inv
 42  04/03/2020  1700    42.1   17.6    17.0     0.000   0   36.87  264.8   20.6      --
 43  04/03/2020  1800    41.2   18.3    15.0     0.000   0   39.29  270.8   17.7      --
 44  04/03/2020  1900    39.8   18.8    13.0     0.000   0   42.31  279.1   15.1      --
 45  04/03/2020  2000    38.4   20.0    11.1     0.000   0   47.03  290.4   12.9      --
 46  04/03/2020  2100    37.1   20.7     9.1     0.000   0   51.22  305.6   11.4      --
 47  04/03/2020  2200    35.7   21.4     7.2     0.000   0   55.51  323.6   10.8     596
 48  04/03/2020  2300    34.6   21.5     6.7     0.000   0   58.44  313.8    9.6      --
 49  04/04/2020  0000    33.8   21.5     6.3     0.000   0   60.30  301.5    8.7      --
 50  04/04/2020  0100    33.0   21.3     5.9     0.000   0   61.68  287.1    8.2      --
 51  04/04/2020  0200    32.4   21.0     5.4     0.000   0   62.56  272.2    8.4      --
 52  04/04/2020  0300    31.8   20.6     5.0     0.000   0   62.99  258.6    9.0      --
 53  04/04/2020  0400    31.3   20.6     4.6     0.000   0   64.27  247.3   10.1     567
 54  04/04/2020  0500    30.9   20.6     4.5     0.000   0   65.29  237.2    8.0      --
 55  04/04/2020  0600    30.6   20.6     4.4     0.000   0   66.10  220.8    6.2      --
 56  04/04/2020  0700    31.0   20.6     4.4     0.000   0   65.05  195.9    5.4      --
 57  04/04/2020  0800    32.3   22.2     4.3     0.000   0   65.98  168.5    5.7      --
 58  04/04/2020  0900    34.7   23.8     4.3     0.000   0   64.23  148.0    7.1      --
 59  04/04/2020  1000    37.8   23.8     4.2     0.000   0   56.76  135.3    9.1  no_inv
 60  04/04/2020  1100    41.1   23.8     5.2     0.000   0   49.79  127.8    9.3      --
 61  04/04/2020  1200    44.1   23.8     6.2     0.000   0   44.41  120.8    9.8      --
 62  04/04/2020  1300    46.6   24.0     7.2     0.000   0   40.73  114.5   10.4      --
 63  04/04/2020  1400    47.9   24.5     8.2     0.000   0   39.65  108.9   11.0      --
 64  04/04/2020  1500    48.8   25.0     9.1     0.000   0   39.04  104.0   11.8      --
 65  04/04/2020  1600    49.4   25.3    10.1     0.000   0   38.78   99.7   12.7  no_inv
 66  04/04/2020  1700    48.5   25.4    10.0     0.000   0   40.17  101.3   14.0      --
 67  04/04/2020  1800    46.6   25.7     9.9     0.000   0   43.74  102.6   15.3      --
 68  04/04/2020  1900    45.6   26.6     9.7     0.000   0   47.16  103.6   16.6      --
 69  04/04/2020  2000    43.2   28.2     9.6     0.000   0   55.15  104.5   17.9      --
 70  04/04/2020  2100    40.9   29.4     9.4     0.000   0   63.32  105.3   19.2      --
 71  04/04/2020  2200    38.6   30.7     9.3     0.000   0   73.00  106.0   20.6     552
 72  04/04/2020  2300    37.5   31.9     8.8     0.000   0   79.96  109.3   19.1      --
 73  04/05/2020  0000    37.1   33.1     8.2     0.000   0   85.25  113.1   17.7      --
 74  04/05/2020  0100    36.7   33.1     7.7     0.000   0   86.65  117.6   16.4      --
 75  04/05/2020  0200    36.2   31.9     7.1     0.000   0   84.19  122.8   15.2      --
 76  04/05/2020  0300    35.8   31.5     6.6     0.000   0   84.14  128.8   14.1      --
 77  04/05/2020  0400    35.4   31.5     6.0     0.010   0   85.57  135.7   13.3     908
 78  04/05/2020  0500    34.6   29.0     5.4     0.000   0   79.76  139.6   11.4      --
 79  04/05/2020  0600    34.0   27.6     4.7     0.010   0   77.13  144.9    9.5      --
 80  04/05/2020  0700    34.1   27.3     4.1     0.010   0   75.76  152.7    7.8      --
 81  04/05/2020  0800    38.1   32.7     3.5     0.020   0   80.54  164.5    6.3      --
 82  04/05/2020  0900    39.2   38.1     2.8     0.020   5   95.77  182.5    5.2      --
 83  04/05/2020  1000    41.0   38.5     2.2     0.040  10   90.74  206.3    4.8  no_inv
 84  04/05/2020  1100    42.0   40.0     2.6     0.000  10   92.68  183.9    2.8      --
 85  04/05/2020  1200    44.5   40.0     3.0     0.000   5   84.01  125.9    2.2      --
 86  04/05/2020  1300    46.5   40.0     3.5     0.000   0   77.97   86.1    3.7      --
 87  04/05/2020  1400    47.6   40.0     3.9     0.000   0   74.75   72.5    5.9      --
 88  04/05/2020  1500    47.2   41.3     4.4     0.000   0   79.66   66.5    8.2      --
 89  04/05/2020  1600    46.3   42.8     4.8     0.100  10   87.18   63.2   10.6  no_inv
 90  04/05/2020  1700    45.4   42.6     5.6     0.040   5   90.00   76.8   11.3      --
 91  04/05/2020  1800    43.4   41.9     6.3     0.090  10   94.51   88.3   12.6      --
 92  04/05/2020  1900    42.3   40.5     7.1     0.090  10   93.20   97.4   14.2      --
 93  04/05/2020  2000    40.0   39.0     7.8     0.120  10   96.25  104.5   16.2      --
 94  04/05/2020  2100    37.6   37.0     8.6     0.100  10   97.36  110.1   18.3      --
 95  04/05/2020  2200    35.3   34.4     9.3     0.230  10   96.48  114.4   20.6     392
 96  04/05/2020  2300    35.1   34.2     8.4     0.120  10   96.48  115.0   18.5      --
 97  04/06/2020  0000    35.2   34.3     7.4     0.040  10   96.48  115.8   16.4      --
 98  04/06/2020  0100    35.2   34.3     6.5     0.000  10   96.48  116.9   14.3      --
 99  04/06/2020  0200    35.0   34.1     5.6     0.000  10   96.48  118.4   12.2      --
100  04/06/2020  0300    34.8   33.9     4.6     0.000  10   96.47  120.4   10.2      --
101  04/06/2020  0400    34.5   33.6     3.7     0.000  10   96.47  123.4    8.1     370
102  04/06/2020  0500    35.4   32.3     3.5     0.000   5   88.28  130.4    6.2      --
103  04/06/2020  0600    35.2   32.0     3.3     0.000   0   88.27  143.1    4.4      --
104  04/06/2020  0700    35.7   32.1     3.1     0.000   0   86.64  168.8    3.2      --
105  04/06/2020  0800    36.6   33.0     3.0     0.000   0   86.69  208.5    3.0      --
106  04/06/2020  0900    37.6   34.0     2.8     0.000   0   86.72  237.9    4.1      --
107  04/06/2020  1000    39.0   35.2     2.6     0.010   0   86.10  252.7    5.8      33
108  04/06/2020  1100    41.8   34.3     5.1     0.000   0   74.71  260.5    8.4      --
109  04/06/2020  1200    45.5   33.6     7.6     0.000   0   63.07  264.7   11.0      --
110  04/06/2020  1300    48.0   34.5    10.1     0.000   0   59.31  267.2   13.7      --
111  04/06/2020  1400    49.4   34.6    12.5     0.000   0   56.58  268.9   16.4      --
112  04/06/2020  1500    50.4   34.3    15.0     0.000   0   53.83  270.1   19.1      --
113  04/06/2020  1600    51.0   34.0    17.5     0.000   0   52.13  271.0   21.9  no_inv
114  04/06/2020  1700    50.5   33.9    16.5     0.000   0   52.79  275.1   20.9      --
115  04/06/2020  1800    49.5   33.6    15.6     0.000   0   54.17  279.7   20.0      --
116  04/06/2020  1900    48.9   33.1    14.7     0.000   0   54.19  284.6   19.3      --
117  04/06/2020  2000    46.6   32.0    13.8     0.000   0   56.62  289.8   18.7      --
118  04/06/2020  2100    44.3   31.1    12.8     0.000   0   59.51  295.3   18.3      --
119  04/06/2020  2200    41.9   31.4    11.9     0.000   0   65.99  301.0   18.0     635
120  04/06/2020  2300    40.4   30.4    11.7     0.000   0   67.37  291.3   17.8      --
121  04/07/2020  0000    39.2   29.5    11.5     0.000   0   68.06  281.5   18.1      --
122  04/07/2020  0100    38.0   28.8    11.2     0.000   0   68.95  272.4   18.8      --
123  04/07/2020  0200    37.0   28.2    11.0     0.000   0   70.10  264.1   20.0      --
124  04/07/2020  0300    36.2   27.9    10.8     0.000   0   71.59  256.9   21.6      --
125  04/07/2020  0400    35.5   27.8    10.6     0.000   0   73.45  250.8   23.5  no_inv
126  04/07/2020  0500    34.9   28.1     9.8     0.000   0   75.81  251.2   21.4      --
127  04/07/2020  0600    34.6   28.2     9.0     0.000   0   77.12  251.6   19.2      --
128  04/07/2020  0700    34.8   28.4     8.1     0.000   0   77.03  252.2   17.0      --
129  04/07/2020  0800    35.7   26.6     7.3     0.000   0   69.25  253.0   14.9      --
130  04/07/2020  0900    37.2   26.9     6.5     0.000   0   65.91  254.0   12.7      --
131  04/07/2020  1000    39.4   27.2     5.7     0.000   0   61.22  255.4   10.6    4504
132  04/07/2020  1100    42.5   27.5     5.2     0.000   0   55.07  257.8    9.8      --
133  04/07/2020  1200    47.1   27.8     4.7     0.000   0   46.77  260.6    9.0      --
134  04/07/2020  1300    50.9   28.0     4.3     0.000   0   40.98  263.9    8.3      --
135  04/07/2020  1400    52.8   28.4     3.8     0.000   0   38.82  267.9    7.5      --
136  04/07/2020  1500    53.7   28.4     3.3     0.000   0   37.43  272.6    6.9      --
137  04/07/2020  1600    54.1   28.4     2.8     0.000   0   36.91  278.4    6.2    7386
138  04/07/2020  1700    53.8   28.4     2.5     0.000   0   37.34  274.8    5.1      --
139  04/07/2020  1800    53.2   28.5     2.2     0.000   0   38.45  269.1    4.0      --
140  04/07/2020  1900    52.8   28.5     1.9     0.000   0   38.96  259.5    3.0      --
141  04/07/2020  2000    50.5   28.5     1.5     0.000   0   42.48  241.0    2.1      --
142  04/07/2020  2100    48.1   28.5     1.2     0.000   0   46.35  207.1    1.7      --
143  04/07/2020  2200    45.8   28.5     0.9     0.000   0   50.62  171.3    2.0     875
144  04/07/2020  2300    43.0   28.5     1.8     0.000   0   56.20  138.7    3.6      --
145  04/08/2020  0000    40.9   28.5     2.7     0.000   0   61.04  127.4    5.6      --
146  04/08/2020  0100    39.0   28.5     3.6     0.000   0   65.76  122.2    7.7      --
147  04/08/2020  0200    37.3   28.5     4.6     0.000   0   70.16  119.2    9.8      --
148  04/08/2020  0300    36.0   28.6     5.5     0.000   0   74.18  117.3   11.9      --
149  04/08/2020  0400    34.9   28.6     6.4     0.000   0   77.62  115.9   14.1     147
150  04/08/2020  0500    34.2   28.6     5.8     0.000   0   79.79  116.4   12.7      --
151  04/08/2020  0600    33.8   28.5     5.2     0.000   0   80.78  117.0   11.4      --
152  04/08/2020  0700    34.6   28.5     4.5     0.000   0   78.14  117.8   10.0      --
153  04/08/2020  0800    36.8   33.2     3.9     0.000   0   86.61  118.8    8.6      --
154  04/08/2020  0900    40.4   33.2     3.3     0.000   0   75.26  120.2    7.3      --
155  04/08/2020  1000    45.0   33.2     2.7     0.000   0   63.03  122.2    5.9    5745
156  04/08/2020  1100    49.9   33.2     2.4     0.000   0   52.36  123.0    4.6      --
157  04/08/2020  1200    54.4   33.2     2.1     0.000   0   44.40  124.6    3.3      --
158  04/08/2020  1300    57.8   33.2     1.8     0.000   0   39.30  128.2    2.0      --
159  04/08/2020  1400    59.5   33.2     1.5     0.000   0   36.93  145.6    0.7      --
160  04/08/2020  1500    60.4   33.2     1.2     0.000   0   35.84  274.9    0.8      --
161  04/08/2020  1600    60.8   33.2     0.9     0.000   0   35.33  290.3    2.0    5574
162  04/08/2020  1700    60.0   33.2     1.9     0.000   0   36.31  272.7    3.3      --
163  04/08/2020  1800    58.4   33.5     2.9     0.000   0   38.84  265.3    4.8      --
164  04/08/2020  1900    57.6   33.5     3.9     0.000   0   40.07  261.3    6.2      --
165  04/08/2020  2000    55.2   33.5     4.9     0.000   0   43.60  258.8    7.7      --
166  04/08/2020  2100    52.9   34.0     5.9     0.000   0   48.47  257.2    9.2      --
167  04/08/2020  2200    50.5   34.5     6.9     0.000   0   54.05  256.0   10.7     776
