  Generated by FoxLW on Thursday April 2, 2020 at 02:32 PDT
-------------------------------------------------------------------------------
  Langley
  48.0000:-122.4300  (48 0' 0.00"N  122 25' 48.00"W)  elev 157.5 feet    file: 300214
-------------------------------------------------------------------------------

Line#   Date     Hour   TempF  DewPtF WS(mph)  Rain(in) LW    RH%  WDir_50m WS_50m Inv(ft)
  5  04/02/2020  0400    40.2   37.7     1.6     0.000  10   90.74  250.2    6.5  no_inv
  6  04/02/2020  0500    40.0   37.7     1.7     0.000  10   91.47  243.7    5.8      --
  7  04/02/2020  0600    39.8   37.7     1.8     0.000  10   91.95  235.6    5.2      --
  8  04/02/2020  0700    39.8   37.6     1.8     0.000  10   91.75  225.6    4.8      --
  9  04/02/2020  0800    40.0   37.6     1.9     0.000  10   91.09  213.9    4.5      --
 10  04/02/2020  0900    40.2   36.0     2.0     0.000   5   84.84  201.1    4.4      --
 11  04/02/2020  1000    40.3   36.6     2.0     0.060  10   86.54  188.4    4.5  no_inv
 12  04/02/2020  1100    41.5   36.7     2.5     0.010   5   82.83  221.4    2.9      --
 13  04/02/2020  1200    43.9   37.0     2.9     0.010   0   76.51  271.7    3.2      --
 14  04/02/2020  1300    47.2   35.3     3.4     0.000   0   62.98  298.0    5.1      --
 15  04/02/2020  1400    48.0   35.2     3.8     0.000   0   61.05  309.0    7.4      --
 16  04/02/2020  1500    48.1   35.2     4.3     0.000   0   60.89  314.7    9.8      --
 17  04/02/2020  1600    47.4   35.2     4.8     0.000   0   62.54  318.1   12.4  no_inv
 18  04/02/2020  1700    45.3   35.2     4.7     0.000   0   67.42  313.6   12.8      --
 19  04/02/2020  1800    45.2   35.1     4.7     0.000   0   67.35  309.5   13.2      --
 20  04/02/2020  1900    45.0   35.2     4.7     0.000   0   68.29  305.6   13.8      --
 21  04/02/2020  2000    44.9   35.2     4.7     0.000   0   68.58  302.1   14.3      --
 22  04/02/2020  2100    42.6   35.2     4.6     0.000   0   74.99  298.9   15.0      --
 23  04/02/2020  2200    40.2   35.2     4.6     0.000   0   82.09  295.9   15.7  no_inv
 24  04/02/2020  2300    39.7   35.2     4.2     0.000   0   83.86  292.4   12.0      --
 25  04/03/2020  0000    39.3   36.0     3.9     0.000   0   87.85  286.0    8.4      --
 26  04/03/2020  0100    39.8   37.0     3.5     0.010   5   89.71  270.9    5.1      --
 27  04/03/2020  0200    38.5   36.4     3.1     0.000  10   91.91  224.6    3.0      --
 28  04/03/2020  0300    38.2   36.2     2.8     0.000  10   92.50  169.1    4.5      --
 29  04/03/2020  0400    38.7   36.8     2.4     0.020  10   92.56  150.1    7.7    7501
 30  04/03/2020  0500    38.0   35.2     2.5     0.000  10   89.57  152.6    7.4      --
 31  04/03/2020  0600    37.8   35.2     2.5     0.000  10   89.89  155.4    7.1      --
 32  04/03/2020  0700    38.7   35.3     2.6     0.000   5   87.39  158.4    6.8      --
 33  04/03/2020  0800    38.5   35.2     2.6     0.000   0   87.94  161.7    6.6      --
 34  04/03/2020  0900    38.7   33.7     2.7     0.000   0   82.32  165.2    6.3      --
 35  04/03/2020  1000    40.3   32.6     2.8     0.000   0   73.65  168.9    6.2    8242
 36  04/03/2020  1100    41.8   32.5     3.9     0.000   0   69.41  205.9    3.7      --
 37  04/03/2020  1200    43.2   32.4     5.0     0.000   0   65.64  263.1    4.4      --
 38  04/03/2020  1300    44.1   33.0     6.2     0.000   0   64.69  287.3    7.5      --
 39  04/03/2020  1400    44.7   33.6     7.3     0.000   0   64.99  296.7   11.1      --
 40  04/03/2020  1500    44.3   35.2     8.4     0.000   0   70.21  301.4   14.9      --
 41  04/03/2020  1600    43.8   36.7     9.6     0.010   0   75.70  304.1   18.7   10368
 42  04/03/2020  1700    44.7   34.9     8.9     0.000   0   68.24  302.7   17.5      --
 43  04/03/2020  1800    44.7   34.3     8.2     0.000   0   66.72  301.1   16.4      --
 44  04/03/2020  1900    44.5   34.6     7.5     0.000   0   67.86  299.2   15.3      --
 45  04/03/2020  2000    44.4   34.4     6.8     0.000   0   67.56  297.1   14.3      --
 46  04/03/2020  2100    42.1   34.2     6.1     0.000   0   73.47  294.6   13.2      --
 47  04/03/2020  2200    39.8   34.2     5.4     0.000   0   80.13  291.7   12.2    7655
 48  04/03/2020  2300    39.5   33.9     4.8     0.000   0   80.29  289.6    9.8      --
 49  04/04/2020  0000    39.3   33.9     4.1     0.000   0   80.72  286.2    7.5      --
 50  04/04/2020  0100    39.2   33.9     3.4     0.000   0   81.23  279.8    5.2      --
 51  04/04/2020  0200    39.0   33.9     2.7     0.000   0   81.77  263.9    3.1      --
 52  04/04/2020  0300    38.8   33.9     2.0     0.000   0   82.31  212.6    1.8      --
 53  04/04/2020  0400    38.7   33.9     1.3     0.000   0   82.85  158.2    2.9    6780
 54  04/04/2020  0500    38.5   33.9     1.4     0.000   0   83.35  142.0    2.2      --
 55  04/04/2020  0600    38.4   33.9     1.5     0.000   0   83.77  113.1    1.7      --
 56  04/04/2020  0700    38.5   33.9     1.6     0.000   0   83.45   78.4    1.8      --
 57  04/04/2020  0800    38.9   33.9     1.7     0.000   0   82.11   55.3    2.5      --
 58  04/04/2020  0900    39.7   30.6     1.8     0.000   0   69.92   42.9    3.3      --
 59  04/04/2020  1000    40.8   29.6     1.9     0.000   0   64.23   35.8    4.3    8404
 60  04/04/2020  1100    42.6   28.6     1.9     0.000   0   57.32   26.7    3.7      --
 61  04/04/2020  1200    46.2   27.6     1.8     0.000   0   48.02   14.5    3.2      --
 62  04/04/2020  1300    49.3   26.8     1.7     0.000   0   41.24  358.9    2.9      --
 63  04/04/2020  1400    50.8   26.1     1.7     0.000   0   38.01  341.4    2.8      --
 64  04/04/2020  1500    51.5   25.8     1.6     0.000   0   36.39  324.9    3.1      --
 65  04/04/2020  1600    51.7   25.6     1.6     0.000   0   35.93  311.5    3.5  no_inv
 66  04/04/2020  1700    51.2   25.7     2.3     0.000   0   36.81  314.3    5.1      --
 67  04/04/2020  1800    50.5   26.0     3.0     0.000   0   38.29  315.7    6.7      --
 68  04/04/2020  1900    49.0   26.2     3.7     0.000   0   40.85  316.6    8.4      --
 69  04/04/2020  2000    48.2   26.2     4.4     0.000   0   42.12  317.2   10.0      --
 70  04/04/2020  2100    45.8   26.4     5.2     0.000   0   46.36  317.6   11.6      --
 71  04/04/2020  2200    43.5   27.5     5.9     0.000   0   53.01  318.0   13.3     825
 72  04/04/2020  2300    42.9   27.3     5.6     0.000   0   53.75  317.7   12.8      --
 73  04/05/2020  0000    42.7   27.0     5.4     0.000   0   53.45  317.4   12.3      --
 74  04/05/2020  0100    42.4   26.5     5.1     0.000   0   52.90  317.1   11.8      --
 75  04/05/2020  0200    42.2   26.2     4.9     0.000   0   52.82  316.8   11.4      --
 76  04/05/2020  0300    42.0   26.2     4.6     0.000   0   53.29  316.4   10.9      --
 77  04/05/2020  0400    41.8   26.2     4.4     0.000   0   53.74  316.0   10.4     574
 78  04/05/2020  0500    41.6   26.2     4.2     0.000   0   54.14  316.9   10.0      --
 79  04/05/2020  0600    41.4   26.2     4.1     0.000   0   54.42  317.9    9.6      --
 80  04/05/2020  0700    41.5   26.2     4.0     0.000   0   54.27  319.0    9.1      --
 81  04/05/2020  0800    41.8   26.2     3.8     0.000   0   53.71  320.2    8.7      --
 82  04/05/2020  0900    42.0   31.6     3.7     0.000   0   66.49  321.6    8.3      --
 83  04/05/2020  1000    42.2   37.0     3.5     0.020   0   81.58  323.1    7.9  no_inv
 84  04/05/2020  1100    44.3   34.1     5.0     0.000   0   67.27  325.6    9.4      --
 85  04/05/2020  1200    46.2   34.6     6.5     0.000   0   63.77  327.5   10.9      --
 86  04/05/2020  1300    47.8   35.3     8.0     0.000   0   61.50  328.9   12.5      --
 87  04/05/2020  1400    48.8   35.6     9.5     0.000   0   60.21  330.0   14.1      --
 88  04/05/2020  1500    48.4   37.0    10.9     0.000   0   64.66  330.8   15.6      --
 89  04/05/2020  1600    47.6   38.4    12.4     0.010   0   70.19  331.5   17.2  no_inv
 90  04/05/2020  1700    49.4   35.8    11.5     0.000   0   59.43  328.0   16.9      --
 91  04/05/2020  1800    48.8   35.8    10.5     0.000   0   60.64  324.4   16.6      --
 92  04/05/2020  1900    47.5   36.6     9.6     0.000   0   65.59  320.7   16.4      --
 93  04/05/2020  2000    46.8   36.7     8.6     0.000   0   67.64  317.0   16.3      --
 94  04/05/2020  2100    44.5   36.5     7.7     0.000   0   73.41  313.1   16.3      --
 95  04/05/2020  2200    42.2   36.0     6.7     0.000   0   78.59  309.3   16.3     689
 96  04/05/2020  2300    41.3   35.8     6.6     0.000   0   80.43  311.9   15.9      --
 97  04/06/2020  0000    40.7   35.6     6.5     0.000   0   81.80  314.5   15.6      --
 98  04/06/2020  0100    40.1   35.5     6.4     0.000   0   83.38  317.3   15.3      --
 99  04/06/2020  0200    39.5   35.4     6.3     0.000   0   85.11  320.1   15.1      --
100  04/06/2020  0300    38.9   35.3     6.2     0.000   0   86.91  323.0   14.9      --
101  04/06/2020  0400    38.4   35.3     6.1     0.000   0   88.71  326.0   14.7     236
102  04/06/2020  0500    37.9   35.4     5.7     0.000   0   90.53  326.8   13.6      --
103  04/06/2020  0600    37.7   35.5     5.3     0.000   5   91.76  327.7   12.6      --
104  04/06/2020  0700    38.2   35.6     4.8     0.000   5   90.05  328.8   11.6      --
105  04/06/2020  0800    39.8   35.6     4.4     0.000   0   84.73  330.1   10.5      --
106  04/06/2020  0900    42.3   31.2     4.0     0.000   0   64.70  331.7    9.5      --
107  04/06/2020  1000    45.3   30.7     3.6     0.000   0   56.26  333.6    8.5    6889
108  04/06/2020  1100    48.0   30.1     3.5     0.000   0   49.67  331.7    8.2      --
109  04/06/2020  1200    49.7   29.5     3.5     0.000   0   45.54  329.7    8.0      --
110  04/06/2020  1300    51.0   29.0     3.4     0.000   0   42.58  327.6    7.8      --
111  04/06/2020  1400    51.6   28.7     3.3     0.000   0   40.96  325.4    7.6      --
112  04/06/2020  1500    52.0   28.4     3.3     0.000   0   39.95  323.0    7.4      --
113  04/06/2020  1600    52.3   28.4     3.2     0.000   0   39.49  320.5    7.2    6961
114  04/06/2020  1700    52.3   28.9     4.3     0.000   0   40.32  312.9   10.0      --
115  04/06/2020  1800    50.8   30.3     5.4     0.000   0   45.16  308.8   13.0      --
116  04/06/2020  1900    47.8   31.7     6.5     0.000   0   53.47  306.2   16.0      --
117  04/06/2020  2000    46.1   35.3     7.6     0.000   0   65.84  304.4   19.0      --
118  04/06/2020  2100    43.7   37.7     8.7     0.000   0   79.00  303.1   22.0      --
119  04/06/2020  2200    41.4   38.2     9.8     0.000   0   88.23  302.1   25.0     964
120  04/06/2020  2300    40.7   38.2     8.7     0.000   0   90.56  298.3   20.9      --
121  04/07/2020  0000    40.7   36.7     7.5     0.000   0   85.40  292.7   16.9      --
122  04/07/2020  0100    41.0   33.6     6.4     0.000   0   74.87  283.7   13.1      --
123  04/07/2020  0200    41.1   31.8     5.2     0.000   0   69.22  268.3   10.0      --
124  04/07/2020  0300    41.1   30.7     4.1     0.000   0   66.17  242.6    8.0      --
125  04/07/2020  0400    41.0   29.0     2.9     0.000   0   62.04  211.3    8.3    4638
126  04/07/2020  0500    40.9   29.0     2.7     0.000   0   62.42  208.2    7.2      --
127  04/07/2020  0600    40.7   29.0     2.4     0.000   0   62.82  204.0    6.1      --
128  04/07/2020  0700    40.8   29.0     2.1     0.000   0   62.56  198.1    5.1      --
129  04/07/2020  0800    41.2   29.0     1.8     0.000   0   61.56  189.3    4.2      --
130  04/07/2020  0900    42.0   34.4     1.6     0.000   0   74.38  175.9    3.4      --
131  04/07/2020  1000    43.1   36.3     1.3     0.000   0   76.80  156.4    2.9    3962
132  04/07/2020  1100    45.2   36.3     1.7     0.000   0   70.91  137.3    1.0      --
133  04/07/2020  1200    49.4   36.3     2.0     0.000   0   60.54   11.9    1.1      --
134  04/07/2020  1300    53.2   36.3     2.4     0.000   0   52.61  355.8    3.0      --
135  04/07/2020  1400    55.0   36.3     2.8     0.000   0   49.23  352.1    4.9      --
136  04/07/2020  1500    56.0   36.3     3.1     0.000   0   47.54  350.5    6.8      --
137  04/07/2020  1600    56.2   36.3     3.5     0.000   0   47.07  349.5    8.8    4760
138  04/07/2020  1700    55.4   36.3     3.3     0.000   0   48.44  344.1    9.1      --
139  04/07/2020  1800    53.3   36.3     3.2     0.000   0   52.31  339.0    9.5      --
140  04/07/2020  1900    49.0   36.3     3.0     0.000   0   61.35  334.5   10.0      --
141  04/07/2020  2000    46.6   36.3     2.8     0.000   0   67.07  330.3   10.5      --
142  04/07/2020  2100    44.3   36.3     2.7     0.000   0   73.30  326.6   11.1      --
143  04/07/2020  2200    42.0   36.3     2.5     0.000   0   80.18  323.2   11.7    5668
144  04/07/2020  2300    41.2   36.3     2.6     0.000   0   82.42  321.4   11.9      --
145  04/08/2020  0000    41.1   36.3     2.6     0.000   0   82.91  319.6   12.2      --
146  04/08/2020  0100    40.8   36.3     2.7     0.000   0   83.70  317.9   12.4      --
147  04/08/2020  0200    40.5   36.3     2.7     0.000   0   84.71  316.2   12.7      --
148  04/08/2020  0300    40.2   36.3     2.7     0.000   0   85.89  314.6   12.9      --
149  04/08/2020  0400    39.8   36.3     2.8     0.000   0   87.18  313.1   13.2     460
150  04/08/2020  0500    39.4   36.3     2.8     0.000   5   88.54  315.2   12.0      --
151  04/08/2020  0600    39.2   36.3     2.8     0.000  10   89.42  317.8   10.8      --
152  04/08/2020  0700    39.7   36.3     2.9     0.000   5   87.53  321.1    9.6      --
153  04/08/2020  0800    41.2   36.3     2.9     0.000   0   82.67  325.2    8.5      --
154  04/08/2020  0900    43.5   35.2     2.9     0.000   0   72.17  330.5    7.5      --
155  04/08/2020  1000    46.6   35.0     2.9     0.000   0   63.73  337.4    6.5    2568
156  04/08/2020  1100    49.8   34.8     3.0     0.000   0   55.96  334.5    6.6      --
157  04/08/2020  1200    52.9   34.5     3.1     0.000   0   49.51  331.8    6.8      --
158  04/08/2020  1300    55.1   34.4     3.2     0.000   0   45.38  329.2    7.0      --
159  04/08/2020  1400    56.1   34.2     3.2     0.000   0   43.50  326.7    7.1      --
160  04/08/2020  1500    56.5   34.1     3.3     0.000   0   42.72  324.3    7.3      --
161  04/08/2020  1600    56.6   34.1     3.4     0.000   0   42.53  322.1    7.5    4012
162  04/08/2020  1700    56.5   34.1     3.5     0.000   0   42.80  318.9    8.3      --
163  04/08/2020  1800    54.9   34.1     3.6     0.000   0   45.23  316.3    9.0      --
164  04/08/2020  1900    51.8   34.2     3.8     0.000   0   50.93  314.1    9.8      --
165  04/08/2020  2000    50.1   34.2     3.9     0.000   0   54.27  312.2   10.6      --
166  04/08/2020  2100    47.8   34.2     4.0     0.000   0   59.23  310.6   11.4      --
167  04/08/2020  2200    45.4   34.2     4.1     0.000   0   64.70  309.2   12.2     359
