  Generated by FoxLW on Thursday April 2, 2020 at 02:32 PDT
-------------------------------------------------------------------------------
  Red Mountain
  46.2800:-119.4200  (46 16' 48.00"N  119 25' 12.00"W)  elev 823.5 feet    file: 300254
-------------------------------------------------------------------------------

Line#   Date     Hour   TempF  DewPtF WS(mph)  Rain(in) LW    RH%  WDir_50m WS_50m Inv(ft)
  5  04/02/2020  0400    33.7   17.2    14.0     0.000   0   50.19  349.5   17.5     519
  6  04/02/2020  0500    33.2   18.5    11.7     0.000   0   54.34  349.6   14.6      --
  7  04/02/2020  0600    32.8   19.3     9.4     0.000   0   57.13  349.8   11.7      --
  8  04/02/2020  0700    33.2   20.6     7.0     0.000   0   59.27  350.1    8.8      --
  9  04/02/2020  0800    34.6   21.6     4.7     0.000   0   58.41  350.7    5.9      --
 10  04/02/2020  0900    37.1   26.7     2.4     0.000   0   65.68  352.6    3.0      --
 11  04/02/2020  1000    40.4   26.7     0.1     0.000   0   57.68   63.1    0.2  no_inv
 12  04/02/2020  1100    44.1   26.7     0.6     0.000   0   50.03  160.1    1.0      --
 13  04/02/2020  1200    47.9   26.7     1.0     0.000   0   43.43  165.5    2.1      --
 14  04/02/2020  1300    50.7   26.7     1.5     0.000   0   39.08  167.3    3.2      --
 15  04/02/2020  1400    52.1   26.7     2.0     0.000   0   37.07  168.1    4.2      --
 16  04/02/2020  1500    50.4   29.7     2.4     0.000   0   44.70  168.7    5.3      --
 17  04/02/2020  1600    48.3   32.8     2.9     0.010   0   54.87  169.0    6.4  no_inv
 18  04/02/2020  1700    49.4   31.3     4.9     0.000   0   49.38  197.9    2.8      --
 19  04/02/2020  1800    49.3   31.0     7.0     0.000   0   49.01  286.4    3.1      --
 20  04/02/2020  1900    47.7   30.6     9.0     0.000   0   51.37  311.4    6.7      --
 21  04/02/2020  2000    47.0   28.9    11.0     0.000   0   49.16  318.3   10.7      --
 22  04/02/2020  2100    45.8   25.6    13.1     0.000   0   44.86  321.5   14.8      --
 23  04/02/2020  2200    44.1   25.3    15.1     0.000   0   47.17  323.3   18.9     334
 24  04/02/2020  2300    41.3   24.9    13.5     0.000   0   51.70  318.3   16.7      --
 25  04/03/2020  0000    39.3   25.8    12.0     0.000   0   58.17  312.0   14.7      --
 26  04/03/2020  0100    37.5   25.8    10.4     0.000   0   62.46  303.8   13.0      --
 27  04/03/2020  0200    35.9   26.0     8.8     0.000   0   67.09  293.2   11.5      --
 28  04/03/2020  0300    34.5   26.2     7.2     0.000   0   71.19  280.4   10.6      --
 29  04/03/2020  0400    33.4   26.5     5.6     0.000   0   75.22  265.8   10.3     459
 30  04/03/2020  0500    32.7   26.6     5.5     0.000   0   78.17  262.1   10.0      --
 31  04/03/2020  0600    32.2   26.7     5.4     0.000   0   79.95  258.1    9.8      --
 32  04/03/2020  0700    32.7   26.7     5.3     0.000   0   78.47  254.0    9.7      --
 33  04/03/2020  0800    34.3   26.8     5.2     0.000   0   73.69  249.8    9.6      --
 34  04/03/2020  0900    37.1   21.5     5.1     0.000   0   52.83  245.6    9.6      --
 35  04/03/2020  1000    40.8   20.6     5.0     0.000   0   44.06  241.3    9.6  no_inv
 36  04/03/2020  1100    45.0   19.8     6.2     0.000   0   36.20  247.7   10.3      --
 37  04/03/2020  1200    49.3   19.0     7.3     0.000   0   29.78  253.1   11.1      --
 38  04/03/2020  1300    52.6   19.1     8.5     0.000   0   26.40  257.8   12.0      --
 39  04/03/2020  1400    54.4   19.6     9.7     0.000   0   25.27  261.9   13.0      --
 40  04/03/2020  1500    55.2   19.9    10.9     0.000   0   24.89  265.3   14.0      --
 41  04/03/2020  1600    55.6   20.0    12.1     0.000   0   24.55  268.2   15.1  no_inv
 42  04/03/2020  1700    55.7   20.5    11.1     0.000   0   25.10  274.6   13.5      --
 43  04/03/2020  1800    52.4   20.3    10.1     0.000   0   28.11  282.7   12.1      --
 44  04/03/2020  1900    45.6   20.6     9.1     0.000   0   36.63  292.6   10.9      --
 45  04/03/2020  2000    41.9   20.6     8.2     0.000   0   42.15  304.4   10.2      --
 46  04/03/2020  2100    39.6   20.6     7.2     0.000   0   46.24  317.4    9.9      --
 47  04/03/2020  2200    37.2   20.6     6.2     0.000   0   50.71  330.3   10.2  no_inv
 48  04/03/2020  2300    35.7   20.6     5.6     0.000   0   53.74  330.3    9.4      --
 49  04/04/2020  0000    35.5   20.1     5.0     0.000   0   53.02  330.4    8.7      --
 50  04/04/2020  0100    35.3   20.1     4.4     0.000   0   53.56  330.4    7.9      --
 51  04/04/2020  0200    34.9   20.1     3.8     0.000   0   54.31  330.5    7.1      --
 52  04/04/2020  0300    34.5   20.1     3.1     0.000   0   55.21  330.5    6.4      --
 53  04/04/2020  0400    34.1   20.1     2.5     0.000   0   56.22  330.6    5.6    7949
 54  04/04/2020  0500    33.6   20.1     2.6     0.000   0   57.32  341.5    5.3      --
 55  04/04/2020  0600    33.2   20.1     2.7     0.000   0   58.22  353.4    5.1      --
 56  04/04/2020  0700    33.6   20.1     2.8     0.000   0   57.22    5.3    5.2      --
 57  04/04/2020  0800    35.1   20.1     2.8     0.000   0   54.01   16.3    5.6      --
 58  04/04/2020  0900    37.6   20.9     2.9     0.000   0   50.49   25.9    6.1      --
 59  04/04/2020  1000    41.0   20.8     3.0     0.000   0   44.06   33.8    6.7     630
 60  04/04/2020  1100    44.7   20.7     2.8     0.000   0   37.98   33.3    6.3      --
 61  04/04/2020  1200    47.9   20.6     2.7     0.000   0   33.51   32.8    6.0      --
 62  04/04/2020  1300    50.7   20.5     2.5     0.000   0   30.15   32.2    5.6      --
 63  04/04/2020  1400    52.3   20.5     2.4     0.000   0   28.28   31.6    5.2      --
 64  04/04/2020  1500    53.4   20.4     2.2     0.000   0   27.17   30.9    4.9      --
 65  04/04/2020  1600    54.2   20.4     2.0     0.000   0   26.41   30.0    4.5  no_inv
 66  04/04/2020  1700    54.6   20.6     2.7     0.000   0   26.13   53.8    4.1      --
 67  04/04/2020  1800    54.2   21.0     3.3     0.000   0   27.07   78.4    4.4      --
 68  04/04/2020  1900    53.3   20.6     4.0     0.000   0   27.40   96.7    5.4      --
 69  04/04/2020  2000    52.9   20.6     4.6     0.000   0   27.88  108.7    6.7      --
 70  04/04/2020  2100    50.5   21.0     5.2     0.000   0   30.90  116.4    8.2      --
 71  04/04/2020  2200    48.2   22.4     5.9     0.000   0   35.87  121.7    9.9  no_inv
 72  04/04/2020  2300    46.5   25.0     6.8     0.000   0   42.72  106.7    6.3      --
 73  04/05/2020  0000    45.5   28.3     7.7     0.000   0   50.84   66.4    4.0      --
 74  04/05/2020  0100    44.6   30.3     8.6     0.000   0   56.96   14.0    5.1      --
 75  04/05/2020  0200    43.9   31.0     9.5     0.000   0   60.39  352.1    8.4      --
 76  04/05/2020  0300    43.2   31.4    10.4     0.000   0   62.68  343.2   12.2      --
 77  04/05/2020  0400    42.8   31.2    11.3     0.000   0   63.43  338.6   16.2     812
 78  04/05/2020  0500    42.5   31.4    10.8     0.000   0   64.66  346.4   12.9      --
 79  04/05/2020  0600    42.3   31.6    10.3     0.000   0   65.78  359.4    9.9      --
 80  04/05/2020  0700    42.3   31.9     9.9     0.000   0   66.16   21.1    7.8      --
 81  04/05/2020  0800    42.8   30.0     9.4     0.000   0   60.21   50.7    7.4      --
 82  04/05/2020  0900    43.8   30.2     8.9     0.000   0   58.42   76.5    8.9      --
 83  04/05/2020  1000    45.3   30.4     8.4     0.000   0   55.70   92.7   11.6  no_inv
 84  04/05/2020  1100    48.0   30.6     7.6     0.000   0   50.57   85.7   10.2      --
 85  04/05/2020  1200    53.2   30.7     6.8     0.000   0   42.04   76.7    9.0      --
 86  04/05/2020  1300    58.0   31.5     6.0     0.000   0   36.45   65.4    8.1      --
 87  04/05/2020  1400    60.3   32.1     5.2     0.000   0   34.43   52.1    7.6      --
 88  04/05/2020  1500    61.6   32.7     4.4     0.000   0   33.63   37.8    7.6      --
 89  04/05/2020  1600    62.1   33.2     3.6     0.000   0   33.77   24.1    8.0  no_inv
 90  04/05/2020  1700    61.3   33.2     5.0     0.000   0   34.74   13.2    8.9      --
 91  04/05/2020  1800    60.0   32.7     6.4     0.000   0   35.55    4.6   10.1      --
 92  04/05/2020  1900    57.5   33.2     7.8     0.000   0   39.59  357.9   11.4      --
 93  04/05/2020  2000    56.2   33.3     9.2     0.000   0   41.87  352.6   12.9      --
 94  04/05/2020  2100    53.8   33.3    10.6     0.000   0   45.54  348.5   14.4      --
 95  04/05/2020  2200    51.5   33.0    11.9     0.000   0   48.97  345.2   16.0  no_inv
 96  04/05/2020  2300    50.0   31.7    12.7     0.000   0   49.17  342.0   16.8      --
 97  04/06/2020  0000    49.1   31.9    13.5     0.000   0   51.21  339.2   17.6      --
 98  04/06/2020  0100    48.2   32.0    14.3     0.000   0   53.17  336.6   18.5      --
 99  04/06/2020  0200    47.4   32.0    15.1     0.000   0   54.99  334.3   19.4      --
100  04/06/2020  0300    46.7   32.1    15.9     0.000   0   56.57  332.2   20.4      --
101  04/06/2020  0400    46.1   32.1    16.7     0.000   0   57.88  330.2   21.3     788
102  04/06/2020  0500    45.7   32.1    14.6     0.000   0   58.78  331.6   19.3      --
103  04/06/2020  0600    45.4   31.9    12.6     0.000   0   59.06  333.3   17.3      --
104  04/06/2020  0700    45.5   33.2    10.6     0.000   0   61.72  335.4   15.3      --
105  04/06/2020  0800    46.2   31.5     8.6     0.000   0   56.23  338.1   13.3      --
106  04/06/2020  0900    47.4   31.2     6.5     0.000   0   53.10  341.8   11.4      --
107  04/06/2020  1000    49.1   30.8     4.5     0.000   0   49.14  346.9    9.5  no_inv
108  04/06/2020  1100    51.6   30.5     5.7     0.000   0   44.18  332.2    8.9      --
109  04/06/2020  1200    55.0   30.2     6.8     0.000   0   38.58  316.8    9.0      --
110  04/06/2020  1300    58.0   30.5     8.0     0.000   0   34.96  302.7    9.8      --
111  04/06/2020  1400    59.7   30.9     9.1     0.000   0   33.43  291.1   11.0      --
112  04/06/2020  1500    61.0   31.4    10.3     0.000   0   32.59  282.0   12.5      --
113  04/06/2020  1600    61.7   31.5    11.4     0.000   0   31.84  275.2   14.3  no_inv
114  04/06/2020  1700    62.1   31.7    10.9     0.000   0   31.76  279.2   13.6      --
115  04/06/2020  1800    59.6   31.4    10.3     0.000   0   34.30  283.6   12.9      --
116  04/06/2020  1900    54.4   32.0     9.7     0.000   0   42.29  288.5   12.4      --
117  04/06/2020  2000    51.5   32.1     9.1     0.000   0   47.16  293.8   11.9      --
118  04/06/2020  2100    49.2   32.3     8.6     0.000   0   51.97  299.5   11.5      --
119  04/06/2020  2200    46.9   32.6     8.0     0.000   0   57.32  305.5   11.3    8215
120  04/06/2020  2300    46.0   32.4     7.2     0.000   0   58.81  299.0   10.1      --
121  04/07/2020  0000    45.8   32.2     6.5     0.000   0   58.62  291.0    9.1      --
122  04/07/2020  0100    45.5   31.9     5.7     0.000   0   58.67  281.1    8.2      --
123  04/07/2020  0200    45.0   31.2     5.0     0.000   0   58.17  269.5    7.7      --
124  04/07/2020  0300    44.5   31.2     4.2     0.000   0   59.26  256.7    7.5      --
125  04/07/2020  0400    44.0   31.2     3.5     0.000   0   60.45  244.1    7.8     389
126  04/07/2020  0500    43.5   31.2     3.2     0.000   0   61.68  242.2    7.1      --
127  04/07/2020  0600    43.1   31.2     2.9     0.000   0   62.56  240.0    6.4      --
128  04/07/2020  0700    43.6   31.2     2.6     0.000   0   61.53  237.3    5.8      --
129  04/07/2020  0800    44.9   30.4     2.4     0.000   0   56.47  233.9    5.1      --
130  04/07/2020  0900    47.2   29.8     2.1     0.000   0   50.48  229.5    4.5      --
131  04/07/2020  1000    50.4   29.1     1.8     0.000   0   43.69  223.9    4.0    5720
132  04/07/2020  1100    54.1   28.5     1.7     0.000   0   37.12  228.0    3.0      --
133  04/07/2020  1200    58.7   27.9     1.5     0.000   0   30.70  236.1    2.0      --
134  04/07/2020  1300    62.4   27.4     1.4     0.000   0   26.38  256.5    1.2      --
135  04/07/2020  1400    64.3   27.0     1.3     0.000   0   24.23  312.0    0.9      --
136  04/07/2020  1500    65.3   26.8     1.2     0.000   0   23.19  355.3    1.4      --
137  04/07/2020  1600    65.8   26.7     1.0     0.000   0   22.74   10.0    2.3    8331
138  04/07/2020  1700    65.8   26.7     3.3     0.000   0   22.68  347.1    4.8      --
139  04/07/2020  1800    64.2   26.6     5.6     0.000   0   23.95  340.0    7.4      --
140  04/07/2020  1900    61.0   28.6     7.9     0.000   0   29.07  336.8   10.2      --
141  04/07/2020  2000    59.2   28.5    10.2     0.000   0   30.94  334.9   12.9      --
142  04/07/2020  2100    56.8   26.6    12.4     0.000   0   31.02  333.6   15.7      --
143  04/07/2020  2200    54.5   26.5    14.7     0.000   0   33.71  332.8   18.4    8391
144  04/07/2020  2300    51.4   26.5    12.6     0.000   0   37.76  332.4   16.1      --
145  04/08/2020  0000    49.2   27.9    10.5     0.000   0   43.30  331.8   13.8      --
146  04/08/2020  0100    47.3   28.4     8.4     0.000   0   47.63  331.0   11.5      --
147  04/08/2020  0200    45.6   27.8     6.3     0.000   0   49.62  329.8    9.2      --
148  04/08/2020  0300    44.1   27.5     4.2     0.000   0   51.72  327.8    6.9      --
149  04/08/2020  0400    43.0   27.3     2.1     0.000   0   53.64  323.8    4.6  no_inv
150  04/08/2020  0500    42.1   27.0     2.2     0.000   0   54.77  329.6    4.7      --
151  04/08/2020  0600    41.7   27.0     2.3     0.000   0   55.70  335.0    4.9      --
152  04/08/2020  0700    42.3   27.0     2.4     0.000   0   54.37  340.0    5.1      --
153  04/08/2020  0800    44.1   27.4     2.5     0.000   0   51.47  344.6    5.3      --
154  04/08/2020  0900    47.2   27.4     2.5     0.000   0   45.74  348.9    5.6      --
155  04/08/2020  1000    51.4   27.4     2.6     0.000   0   39.14  352.7    5.8    3658
156  04/08/2020  1100    56.2   27.4     2.5     0.000   0   32.87  344.4    5.0      --
157  04/08/2020  1200    61.5   27.4     2.4     0.000   0   27.20  333.0    4.3      --
158  04/08/2020  1300    65.8   27.4     2.3     0.000   0   23.44  318.0    3.8      --
159  04/08/2020  1400    68.1   27.4     2.2     0.000   0   21.64  300.3    3.7      --
160  04/08/2020  1500    69.2   27.4     2.1     0.000   0   20.79  282.8    3.8      --
161  04/08/2020  1600    69.9   27.4     2.0     0.000   0   20.34  268.1    4.3    5961
162  04/08/2020  1700    70.1   27.4     3.6     0.000   0   20.22  248.7    5.6      --
163  04/08/2020  1800    68.3   27.4     5.3     0.000   0   21.45  237.1    7.3      --
164  04/08/2020  1900    64.8   28.7     6.9     0.000   0   25.58  230.1    9.1      --
165  04/08/2020  2000    62.8   29.4     8.6     0.000   0   28.18  225.4   11.0      --
166  04/08/2020  2100    60.5   29.3    10.3     0.000   0   30.49  222.1   13.0      --
167  04/08/2020  2200    58.1   28.7    11.9     0.000   0   32.40  219.7   15.0     408
