  Generated by FoxLW on Thursday April 2, 2020 at 02:32 PDT
-------------------------------------------------------------------------------
  Curlew South
  48.8600:-118.6100  (48 51' 36.00"N  118 36' 36.00"W)  elev 1948.8 feet    file: 309001
-------------------------------------------------------------------------------

Line#   Date     Hour   TempF  DewPtF WS(mph)  Rain(in) LW    RH%  WDir_50m WS_50m Inv(ft)
  5  04/02/2020  0400    16.9   13.0     2.5     0.000  10   84.28  178.2    5.6    2710
  6  04/02/2020  0500    16.2   13.1     2.1     0.000  10   87.07  180.7    4.7      --
  7  04/02/2020  0600    15.8   15.8     1.8     0.000  10  100.00  184.4    3.8      --
  8  04/02/2020  0700    16.4   16.4     1.5     0.000  10  100.00  190.4    2.9      --
  9  04/02/2020  0800    18.6   16.4     1.2     0.000  10   91.07  201.3    2.1      --
 10  04/02/2020  0900    22.2   16.4     0.9     0.000  10   77.93  224.3    1.4      --
 11  04/02/2020  1000    26.9   16.4     0.5     0.000   5   64.04  265.7    1.2  no_inv
 12  04/02/2020  1100    31.7   16.4     0.9     0.000   0   52.76  218.5    1.3      --
 13  04/02/2020  1200    34.8   16.4     1.2     0.000   0   46.55  191.1    1.9      --
 14  04/02/2020  1300    37.4   16.4     1.5     0.000   0   42.05  179.0    2.8      --
 15  04/02/2020  1400    38.9   16.4     1.8     0.000   0   39.61  172.8    3.7      --
 16  04/02/2020  1500    39.9   16.4     2.2     0.000   0   38.13  169.1    4.7      --
 17  04/02/2020  1600    40.5   16.4     2.5     0.000   0   37.14  166.6    5.7  no_inv
 18  04/02/2020  1700    40.5   16.4     3.1     0.000   0   37.20  178.1    6.5      --
 19  04/02/2020  1800    40.5   16.7     3.7     0.000   0   37.74  186.6    7.6      --
 20  04/02/2020  1900    40.4   16.7     4.3     0.000   0   37.78  192.9    8.8      --
 21  04/02/2020  2000    38.1   16.7     4.9     0.000   0   41.39  197.7   10.0      --
 22  04/02/2020  2100    35.8   17.1     5.6     0.000   0   46.10  201.4   11.4      --
 23  04/02/2020  2200    33.4   17.5     6.2     0.000   0   51.56  204.3   12.7    1133
 24  04/02/2020  2300    29.9   17.5     6.1     0.000   0   59.27  201.6   12.2      --
 25  04/03/2020  0000    28.2   17.5     6.0     0.000   0   63.47  198.8   11.7      --
 26  04/03/2020  0100    26.7   17.4     5.9     0.000   0   67.52  195.7   11.3      --
 27  04/03/2020  0200    25.4   17.4     5.9     0.000   0   71.24  192.3   10.8      --
 28  04/03/2020  0300    24.3   17.3     5.8     0.000   0   74.48  188.7   10.5      --
 29  04/03/2020  0400    23.4   17.3     5.7     0.000   0   77.07  184.9   10.1  no_inv
 30  04/03/2020  0500    22.8   17.8     6.4     0.000   0   81.02  197.6    9.2      --
 31  04/03/2020  0600    22.5   18.6     7.0     0.000   0   84.68  212.4    8.8      --
 32  04/03/2020  0700    23.7   19.6     7.7     0.000   0   84.10  227.5    8.9      --
 33  04/03/2020  0800    26.8   18.7     8.3     0.000   0   70.83  241.1    9.7      --
 34  04/03/2020  0900    31.2   19.4     8.9     0.000   0   61.28  252.2   10.9      --
 35  04/03/2020  1000    35.2   20.2     9.6     0.000   0   53.97  260.9   12.5  no_inv
 36  04/03/2020  1100    37.3   21.1     8.9     0.000   0   51.55  267.8   11.5      --
 37  04/03/2020  1200    37.9   21.8     8.3     0.000   0   51.87  275.9   10.6      --
 38  04/03/2020  1300    38.4   23.0     7.7     0.000   0   53.46  285.1   10.1      --
 39  04/03/2020  1400    38.6   23.7     7.0     0.000   0   54.66  295.1    9.8      --
 40  04/03/2020  1500    37.3   26.8     6.4     0.000   0   65.24  305.4    9.8      --
 41  04/03/2020  1600    36.1   29.6     5.7     0.040   1   76.96  315.2   10.2  no_inv
 42  04/03/2020  1700    35.0   29.0     5.1     0.000   0   78.34  314.5    9.3      --
 43  04/03/2020  1800    32.8   27.6     4.6     0.010   0   81.11  313.6    8.5      --
 44  04/03/2020  1900    31.5   26.9     4.0     0.010   5   82.86  312.4    7.7      --
 45  04/03/2020  2000    29.2   25.6     3.4     0.000  10   86.39  311.0    6.8      --
 46  04/03/2020  2100    26.9   24.3     2.8     0.000  10   90.03  309.3    6.0      --
 47  04/03/2020  2200    24.5   23.3     2.3     0.020  10   94.89  306.9    5.2    1697
 48  04/03/2020  2300    22.8   21.9     2.3     0.000  10   96.27  315.4    4.8      --
 49  04/04/2020  0000    22.5   21.6     2.3     0.000  10   96.26  325.0    4.6      --
 50  04/04/2020  0100    22.1   21.2     2.2     0.000  10   96.26  335.3    4.5      --
 51  04/04/2020  0200    21.6   20.7     2.2     0.000  10   96.25  345.7    4.5      --
 52  04/04/2020  0300    21.0   20.1     2.2     0.000  10   96.24  355.5    4.7      --
 53  04/04/2020  0400    20.5   19.6     2.2     0.000  10   96.23    4.4    5.1    2487
 54  04/04/2020  0500    20.9   18.8     2.3     0.000  10   91.33   15.8    4.8      --
 55  04/04/2020  0600    20.5   18.4     2.4     0.000  10   91.41   28.1    4.7      --
 56  04/04/2020  0700    21.7   19.4     2.5     0.000  10   90.58   40.3    4.8      --
 57  04/04/2020  0800    23.7   18.9     2.6     0.000  10   81.58   51.4    5.1      --
 58  04/04/2020  0900    27.4   20.3     2.7     0.000   5   74.09   60.8    5.6      --
 59  04/04/2020  1000    33.2   17.3     2.8     0.000   0   51.67   68.6    6.3    8275
 60  04/04/2020  1100    37.5   17.3     2.9     0.000   0   43.56   73.8    6.5      --
 61  04/04/2020  1200    39.8   17.3     3.1     0.000   0   39.81   78.6    6.9      --
 62  04/04/2020  1300    41.5   17.3     3.3     0.000   0   37.19   82.9    7.3      --
 63  04/04/2020  1400    42.4   17.3     3.5     0.000   0   35.91   86.8    7.7      --
 64  04/04/2020  1500    43.1   17.3     3.6     0.000   0   35.06   90.2    8.1      --
 65  04/04/2020  1600    43.5   17.3     3.8     0.000   0   34.55   93.3    8.6  no_inv
 66  04/04/2020  1700    43.6   17.4     5.2     0.000   0   34.40   85.3   10.1      --
 67  04/04/2020  1800    40.6   17.5     6.7     0.000   0   38.89   79.4   11.8      --
 68  04/04/2020  1900    34.5   19.8     8.1     0.000   0   54.48   75.1   13.6      --
 69  04/04/2020  2000    31.1   20.0     9.5     0.000   0   62.99   71.8   15.4      --
 70  04/04/2020  2100    28.7   19.8    11.0     0.000   0   68.82   69.2   17.3      --
 71  04/04/2020  2200    26.4   18.2    12.4     0.000   0   70.68   67.1   19.2    1632
 72  04/04/2020  2300    25.3   19.8    11.1     0.000   0   79.46   63.6   17.5      --
 73  04/05/2020  0000    25.3   20.7     9.9     0.000   0   82.38   59.3   15.8      --
 74  04/05/2020  0100    25.7   21.3     8.6     0.000   0   82.98   54.0   14.2      --
 75  04/05/2020  0200    25.9   21.0     7.3     0.000   0   81.34   47.5   12.7      --
 76  04/05/2020  0300    26.0   20.0     6.1     0.000   0   77.90   39.5   11.5      --
 77  04/05/2020  0400    25.8   19.3     4.8     0.000   0   75.91   29.8   10.5    1810
 78  04/05/2020  0500    25.5   17.4     4.5     0.000   0   70.69   31.3   10.0      --
 79  04/05/2020  0600    25.3   17.4     4.3     0.000   0   71.52   33.0    9.5      --
 80  04/05/2020  0700    26.1   17.4     4.1     0.000   0   69.17   34.9    9.0      --
 81  04/05/2020  0800    28.3   22.8     3.8     0.000   5   79.45   37.0    8.5      --
 82  04/05/2020  0900    31.8   28.2     3.6     0.000  10   86.22   39.3    8.0      --
 83  04/05/2020  1000    35.9   33.6     3.3     0.000  10   91.16   42.0    7.6  no_inv
 84  04/05/2020  1100    39.5   34.6     3.1     0.000   5   82.26   40.4    7.0      --
 85  04/05/2020  1200    42.1   34.6     2.9     0.000   0   74.54   38.5    6.4      --
 86  04/05/2020  1300    43.4   34.6     2.6     0.000   0   70.90   36.2    5.9      --
 87  04/05/2020  1400    43.8   34.6     2.4     0.000   0   69.89   33.5    5.4      --
 88  04/05/2020  1500    42.6   36.3     2.1     0.000   0   78.13   30.2    4.8      --
 89  04/05/2020  1600    41.1   37.5     1.9     0.090  10   86.90   26.1    4.3    2329
 90  04/05/2020  1700    40.1   36.5     2.3     0.000   5   86.80   26.8    5.2      --
 91  04/05/2020  1800    39.4   35.8     2.7     0.000   0   86.76   27.2    6.1      --
 92  04/05/2020  1900    39.0   35.4     3.1     0.000   0   86.75   27.6    7.0      --
 93  04/05/2020  2000    38.4   35.3     3.5     0.000   0   88.39   27.9    7.8      --
 94  04/05/2020  2100    37.9   34.8     3.8     0.000   0   88.39   28.1    8.7      --
 95  04/05/2020  2200    37.3   36.4     4.2     0.130  10   96.51   28.2    9.6  no_inv
 96  04/05/2020  2300    35.8   34.9     4.1     0.000  10   96.48   20.6    8.5      --
 97  04/06/2020  0000    34.5   33.6     3.9     0.030  10   96.46   11.0    7.7      --
 98  04/06/2020  0100    33.3   32.4     3.7     0.000  10   96.44  359.4    7.0      --
 99  04/06/2020  0200    31.5   30.5     3.6     0.000  10   96.42  346.1    6.8      --
100  04/06/2020  0300    30.6   29.7     3.4     0.000  10   96.40  332.5    6.9      --
101  04/06/2020  0400    30.9   30.0     3.2     0.010  10   96.40  320.0    7.3  no_inv
102  04/06/2020  0500    31.8   28.7     2.9     0.000  10   88.08  316.8    6.4      --
103  04/06/2020  0600    31.5   28.4     2.6     0.000  10   88.07  312.5    5.6      --
104  04/06/2020  0700    32.6   29.0     2.3     0.000   5   86.44  306.8    4.8      --
105  04/06/2020  0800    32.4   28.8     1.9     0.000   0   86.35  298.9    4.0      --
106  04/06/2020  0900    33.2   29.6     1.6     0.000   0   86.32  287.7    3.4      --
107  04/06/2020  1000    35.7   30.9     1.3     0.000   0   82.47  272.3    2.9  no_inv
108  04/06/2020  1100    41.5   27.2     1.8     0.000   0   56.61  270.8    3.9      --
109  04/06/2020  1200    47.5   24.0     2.2     0.000   0   39.28  269.9    4.9      --
110  04/06/2020  1300    50.9   23.6     2.7     0.000   0   34.09  269.3    5.9      --
111  04/06/2020  1400    52.7   23.4     3.1     0.000   0   31.55  268.9    6.9      --
112  04/06/2020  1500    53.6   23.2     3.6     0.000   0   30.34  268.6    7.9      --
113  04/06/2020  1600    54.0   23.1     4.0     0.000   0   29.81  268.3    8.9  no_inv
114  04/06/2020  1700    54.1   23.2     3.9     0.000   0   29.78  274.4    8.3      --
115  04/06/2020  1800    49.8   23.2     3.8     0.000   0   34.98  281.3    7.8      --
116  04/06/2020  1900    40.9   23.4     3.6     0.000   0   49.28  289.0    7.4      --
117  04/06/2020  2000    36.0   23.4     3.5     0.000   0   59.63  297.4    7.2      --
118  04/06/2020  2100    33.7   23.4     3.3     0.000   0   65.46  306.1    7.1      --
119  04/06/2020  2200    31.4   23.4     3.2     0.000   0   71.93  314.8    7.2    1709
120  04/06/2020  2300    29.7   23.4     3.2     0.000   5   76.93  312.5    7.2      --
121  04/07/2020  0000    29.8   23.4     3.2     0.000  10   76.58  310.1    7.2      --
122  04/07/2020  0100    29.7   23.4     3.2     0.000  10   76.93  307.7    7.2      --
123  04/07/2020  0200    29.4   23.4     3.2     0.000  10   77.83  305.3    7.2      --
124  04/07/2020  0300    29.0   23.4     3.2     0.000  10   79.18  303.0    7.2      --
125  04/07/2020  0400    28.5   23.4     3.2     0.000  10   80.91  300.6    7.2    1796
126  04/07/2020  0500    27.9   23.4     4.4     0.000  10   82.97  305.6    8.2      --
127  04/07/2020  0600    27.5   23.8     5.5     0.000  10   85.75  309.5    9.2      --
128  04/07/2020  0700    28.7   24.5     6.7     0.000   5   84.09  312.6   10.3      --
129  04/07/2020  0800    31.8   23.0     7.9     0.000   0   69.66  315.1   11.3      --
130  04/07/2020  0900    36.5   22.6     9.0     0.000   0   56.58  317.2   12.4      --
131  04/07/2020  1000    42.1   22.1    10.2     0.000   0   44.62  318.9   13.5    5901
132  04/07/2020  1100    47.2   21.6    10.2     0.000   0   35.91  322.3   13.2      --
133  04/07/2020  1200    50.4   21.1    10.1     0.000   0   31.27  325.8   13.0      --
134  04/07/2020  1300    52.6   21.3    10.1     0.000   0   28.99  329.4   12.8      --
135  04/07/2020  1400    53.7   21.6    10.0     0.000   0   28.33  333.1   12.6      --
136  04/07/2020  1500    54.1   22.2    10.0     0.000   0   28.53  336.9   12.6      --
137  04/07/2020  1600    54.3   22.9     9.9     0.000   0   29.17  340.7   12.5  no_inv
138  04/07/2020  1700    54.2   22.9     8.7     0.000   0   29.30  342.0   11.4      --
139  04/07/2020  1800    49.4   22.2     7.5     0.000   0   33.94  343.6   10.3      --
140  04/07/2020  1900    39.7   22.2     6.3     0.000   0   49.21  345.6    9.2      --
141  04/07/2020  2000    34.4   22.1     5.1     0.000   0   60.40  348.1    8.1      --
142  04/07/2020  2100    32.0   22.0     3.9     0.000   0   66.17  351.4    7.1      --
143  04/07/2020  2200    29.7   22.0     2.6     0.000   0   72.78  355.8    6.1    1574
144  04/07/2020  2300    27.9   22.0     2.6     0.000   5   78.38  360.0    5.8      --
145  04/08/2020  0000    28.0   22.0     2.5     0.000  10   78.11    4.6    5.5      --
146  04/08/2020  0100    27.8   22.0     2.4     0.000  10   78.62    9.6    5.3      --
147  04/08/2020  0200    27.4   22.0     2.3     0.000  10   79.74   15.0    5.1      --
148  04/08/2020  0300    27.0   22.0     2.2     0.000  10   81.36   20.7    4.9      --
149  04/08/2020  0400    26.4   22.0     2.1     0.000  10   83.40   26.7    4.9    1318
150  04/08/2020  0500    25.7   22.0     2.1     0.000  10   85.81   31.1    3.3      --
151  04/08/2020  0600    25.2   22.0     2.1     0.000  10   87.54   43.0    1.8      --
152  04/08/2020  0700    26.4   22.0     2.1     0.000  10   83.40  102.5    0.8      --
153  04/08/2020  0800    29.4   27.4     2.1     0.000  10   92.19  169.9    1.7      --
154  04/08/2020  0900    34.3   28.1     2.1     0.000   5   77.92  183.1    3.2      --
155  04/08/2020  1000    40.5   28.1     2.1     0.000   0   61.06  187.8    4.7    3672
156  04/08/2020  1100    47.0   28.1     4.3     0.000   0   47.68  192.9    7.1      --
157  04/08/2020  1200    52.3   28.1     6.4     0.000   0   39.13  195.3    9.5      --
158  04/08/2020  1300    56.3   27.4     8.6     0.000   0   32.73  196.8   11.9      --
159  04/08/2020  1400    58.5   28.2    10.8     0.000   0   31.20  197.8   14.3      --
160  04/08/2020  1500    59.7   28.4    12.9     0.000   0   30.21  198.5   16.7      --
161  04/08/2020  1600    60.3   28.3    15.1     0.000   0   29.45  199.0   19.1    7051
162  04/08/2020  1700    60.4   28.4    14.3     0.000   0   29.40  197.2   18.0      --
163  04/08/2020  1800    57.4   28.4    13.4     0.000   0   32.78  195.1   17.0      --
164  04/08/2020  1900    51.3   28.4    12.5     0.000   0   40.99  192.7   15.9      --
165  04/08/2020  2000    47.9   29.4    11.7     0.000   0   48.45  190.1   14.9      --
166  04/08/2020  2100    45.5   29.9    10.8     0.000   0   54.04  187.0   13.9      --
167  04/08/2020  2200    43.2   30.1     9.9     0.000   0   59.73  183.4   13.0    1893
