  Generated by FoxLW on Thursday April 2, 2020 at 02:32 PDT
-------------------------------------------------------------------------------
  WSU Vancouver RE
  45.6800:-122.6500  (45 40' 48.00"N  122 39' 0.00"W)  elev 242.8 feet    file: 310026
-------------------------------------------------------------------------------

Line#   Date     Hour   TempF  DewPtF WS(mph)  Rain(in) LW    RH%  WDir_50m WS_50m Inv(ft)
  5  04/02/2020  0400    38.4   36.8     0.9     0.020  10   93.86   20.6    3.6    1032
  6  04/02/2020  0500    37.8   35.6     1.1     0.000  10   91.42   23.3    2.2      --
  7  04/02/2020  0600    37.6   35.5     1.3     0.000  10   91.85   35.6    0.8      --
  8  04/02/2020  0700    38.5   35.6     1.5     0.010  10   89.21  175.1    0.7      --
  9  04/02/2020  0800    38.2   35.5     1.8     0.000  10   89.77  189.3    2.1      --
 10  04/02/2020  0900    38.6   34.3     2.0     0.000   5   84.29  192.2    3.5      --
 11  04/02/2020  1000    40.2   33.7     2.2     0.000   0   77.28  193.4    4.9  no_inv
 12  04/02/2020  1100    42.3   33.6     3.3     0.000   0   70.98  222.2    2.8      --
 13  04/02/2020  1200    44.8   33.5     4.3     0.000   0   64.29  284.6    2.7      --
 14  04/02/2020  1300    46.8   34.1     5.4     0.000   0   60.92  315.8    4.8      --
 15  04/02/2020  1400    48.0   34.6     6.4     0.000   0   59.65  326.7    7.3      --
 16  04/02/2020  1500    48.8   35.3     7.5     0.000   0   59.39  331.8   10.1      --
 17  04/02/2020  1600    49.2   35.9     8.5     0.000   0   59.99  334.7   12.8  no_inv
 18  04/02/2020  1700    48.9   35.9     7.4     0.000   0   60.60  334.9   12.1      --
 19  04/02/2020  1800    48.0   35.2     6.3     0.000   0   61.12  335.2   11.3      --
 20  04/02/2020  1900    46.2   35.0     5.2     0.000   0   64.71  335.5   10.6      --
 21  04/02/2020  2000    45.2   34.9     4.1     0.000   0   67.12  335.8    9.8      --
 22  04/02/2020  2100    42.8   35.0     2.7     0.000   0   73.67  336.1    9.0      --
 23  04/02/2020  2200    40.5   35.1     1.6     0.000   0   80.94  336.6    8.3    1046
 24  04/02/2020  2300    39.0   35.0     1.5     0.000   0   85.45  334.6    7.0      --
 25  04/03/2020  0000    38.6   34.9     1.4     0.000   5   86.40  331.7    5.7      --
 26  04/03/2020  0100    37.9   34.9     1.1     0.000  10   88.81  327.1    4.4      --
 27  04/03/2020  0200    37.2   34.9     0.9     0.000  10   91.21  319.1    3.2      --
 28  04/03/2020  0300    36.6   34.9     0.6     0.000  10   93.50  302.3    2.2      --
 29  04/03/2020  0400    36.1   34.9     0.4     0.000  10   95.61  264.7    1.5    1046
 30  04/03/2020  0500    35.6   34.7     0.8     0.000  10   96.48  234.1    1.9      --
 31  04/03/2020  0600    35.2   34.3     1.2     0.000  10   96.48  217.1    2.7      --
 32  04/03/2020  0700    35.4   34.5     1.6     0.000  10   96.48  207.9    3.5      --
 33  04/03/2020  0800    36.1   34.9     2.0     0.000  10   95.49  202.3    4.4      --
 34  04/03/2020  0900    37.3   32.8     2.5     0.000   5   83.80  198.7    5.4      --
 35  04/03/2020  1000    39.0   32.8     2.9     0.000   0   78.34  196.2    6.3    6261
 36  04/03/2020  1100    41.5   32.8     3.4     0.000   0   71.10  214.9    4.8      --
 37  04/03/2020  1200    44.5   32.8     4.0     0.000   0   63.41  244.5    4.1      --
 38  04/03/2020  1300    46.9   33.3     4.5     0.000   0   58.85  274.7    4.7      --
 39  04/03/2020  1400    48.4   34.0     5.0     0.000   0   57.36  294.2    6.2      --
 40  04/03/2020  1500    48.2   36.1     5.6     0.000   0   62.88  305.3    8.1      --
 41  04/03/2020  1600    47.5   38.1     6.1     0.010   0   69.69  312.0   10.2    8607
 42  04/03/2020  1700    48.1   37.2     5.8     0.000   0   65.64  317.3    9.8      --
 43  04/03/2020  1800    47.1   35.7     5.5     0.000   0   64.26  323.1    9.4      --
 44  04/03/2020  1900    45.2   35.1     5.1     0.000   0   67.57  329.2    9.2      --
 45  04/03/2020  2000    44.1   34.9     4.8     0.000   0   69.91  335.6    9.1      --
 46  04/03/2020  2100    41.7   34.7     4.5     0.000   0   75.75  342.1    9.0      --
 47  04/03/2020  2200    39.4   34.8     3.8     0.000   0   83.28  348.6    9.1     863
 48  04/03/2020  2300    38.6   34.6     3.4     0.000   0   85.42  348.1    8.1      --
 49  04/04/2020  0000    38.1   34.5     3.0     0.000   0   86.81  347.5    7.1      --
 50  04/04/2020  0100    37.6   34.5     2.6     0.000   5   88.35  346.8    6.1      --
 51  04/04/2020  0200    37.1   34.4     2.2     0.000  10   89.90  345.7    5.1      --
 52  04/04/2020  0300    36.6   34.4     1.7     0.000  10   91.47  344.0    4.1      --
 53  04/04/2020  0400    36.2   34.4     1.3     0.000  10   93.05  341.4    3.1     704
 54  04/04/2020  0500    35.8   34.3     1.4     0.000  10   94.13  339.9    3.1      --
 55  04/04/2020  0600    35.5   34.3     1.5     0.000  10   95.26  338.5    3.2      --
 56  04/04/2020  0700    35.9   34.3     1.5     0.000  10   93.89  337.1    3.2      --
 57  04/04/2020  0800    37.1   34.3     1.5     0.000  10   89.40  335.8    3.3      --
 58  04/04/2020  0900    39.3   28.9     1.5     0.000   5   66.02  334.5    3.3      --
 59  04/04/2020  1000    42.2   28.7     1.5     0.000   0   58.53  333.2    3.4    7502
 60  04/04/2020  1100    45.5   28.7     1.7     0.000   0   51.62  317.3    2.2      --
 61  04/04/2020  1200    48.6   28.7     1.9     0.000   0   45.86  276.1    1.4      --
 62  04/04/2020  1300    51.1   28.7     2.1     0.000   0   41.74  226.0    1.9      --
 63  04/04/2020  1400    52.5   28.7     2.2     0.000   0   39.66  204.9    3.0      --
 64  04/04/2020  1500    53.5   28.7     2.4     0.000   0   38.30  196.1    4.4      --
 65  04/04/2020  1600    54.0   28.7     2.6     0.000   0   37.51  191.5    5.8  no_inv
 66  04/04/2020  1700    54.2   28.8     3.2     0.000   0   37.50  215.4    3.2      --
 67  04/04/2020  1800    53.1   29.2     3.8     0.000   0   39.73  277.5    2.6      --
 68  04/04/2020  1900    50.8   28.8     4.4     0.000   0   42.50  315.0    4.7      --
 69  04/04/2020  2000    49.5   28.8     4.9     0.000   0   44.57  327.2    7.5      --
 70  04/04/2020  2100    47.1   32.5     5.5     0.000   0   56.60  332.7   10.5      --
 71  04/04/2020  2200    44.8   37.9     6.1     0.020   0   76.65  335.8   13.5    1083
 72  04/04/2020  2300    43.1   37.2     5.2     0.000   0   79.74  335.8   11.4      --
 73  04/05/2020  0000    42.7   36.3     4.2     0.000   0   77.85  335.7    9.3      --
 74  04/05/2020  0100    42.3   35.9     3.3     0.000   0   77.97  335.6    7.2      --
 75  04/05/2020  0200    41.9   35.6     2.3     0.000   0   78.10  335.5    5.2      --
 76  04/05/2020  0300    41.6   35.3     1.4     0.000   0   78.22  335.2    3.1      --
 77  04/05/2020  0400    42.2   36.6     0.5     0.020   0   80.59  333.7    1.0    1913
 78  04/05/2020  0500    39.4   32.9     0.6     0.000   0   77.12  306.5    0.7      --
 79  04/05/2020  0600    40.0   33.1     0.7     0.000   0   76.07  267.8    0.7      --
 80  04/05/2020  0700    39.7   32.4     0.8     0.010   0   74.81  240.6    1.0      --
 81  04/05/2020  0800    39.4   32.1     0.9     0.000   0   75.06  226.8    1.4      --
 82  04/05/2020  0900    42.2   37.5     1.0     0.000   5   83.22  219.3    1.9      --
 83  04/05/2020  1000    43.0   39.4     1.0     0.010  10   87.01  214.7    2.3    2442
 84  04/05/2020  1100    45.7   39.3     2.4     0.000   5   78.17  254.0    3.1      --
 85  04/05/2020  1200    50.8   39.3     3.8     0.000   0   64.40  272.5    4.6      --
 86  04/05/2020  1300    55.1   39.2     5.2     0.000   0   55.08  281.4    6.4      --
 87  04/05/2020  1400    57.2   39.2     6.6     0.000   0   51.04  286.3    8.3      --
 88  04/05/2020  1500    58.0   39.2     8.0     0.000   0   49.46  289.5   10.1      --
 89  04/05/2020  1600    57.7   39.2     9.4     0.000   0   49.94  291.6   12.1  no_inv
 90  04/05/2020  1700    55.5   39.2     9.8     0.000   0   54.15  303.1   13.8      --
 91  04/05/2020  1800    53.9   39.1    10.2     0.000   0   57.17  311.9   15.9      --
 92  04/05/2020  1900    50.7   39.7    10.7     0.000   0   65.80  318.4   18.3      --
 93  04/05/2020  2000    49.0   39.5    11.1     0.000   0   69.64  323.4   20.9      --
 94  04/05/2020  2100    46.6   38.9    11.6     0.000   0   74.39  327.3   23.6      --
 95  04/05/2020  2200    44.3   38.2    12.0     0.000   0   78.86  330.3   26.5    1306
 96  04/05/2020  2300    43.4   37.8    10.8     0.000   0   80.37  330.4   23.9      --
 97  04/06/2020  0000    42.9   37.6     9.6     0.000   0   81.46  330.4   21.3      --
 98  04/06/2020  0100    42.3   37.1     8.5     0.000   0   81.65  330.5   18.7      --
 99  04/06/2020  0200    41.7   37.3     7.3     0.000   0   84.16  330.6   16.1      --
100  04/06/2020  0300    41.1   37.9     6.1     0.000   0   88.24  330.7   13.5      --
101  04/06/2020  0400    40.6   38.4     4.9     0.000   5   91.77  330.9   10.9     700
102  04/06/2020  0500    40.1   39.2     4.2     0.000  10   96.42  331.7    9.7      --
103  04/06/2020  0600    39.8   38.9     3.8     0.000  10   96.55  332.7    8.5      --
104  04/06/2020  0700    40.1   39.2     3.3     0.000  10   96.46  334.0    7.2      --
105  04/06/2020  0800    41.1   39.2     2.7     0.000  10   92.96  335.9    6.0      --
106  04/06/2020  0900    42.7   34.7     2.2     0.000   5   73.11  338.7    4.8      --
107  04/06/2020  1000    45.1   34.7     1.6     0.000   0   66.91  343.5    3.6    3708
108  04/06/2020  1100    48.0   34.7     3.0     0.000   0   59.86  336.2    5.0      --
109  04/06/2020  1200    51.4   34.7     4.4     0.000   0   52.81  332.3    6.6      --
110  04/06/2020  1300    54.3   35.5     5.9     0.000   0   48.86  329.8    8.1      --
111  04/06/2020  1400    55.9   36.2     7.3     0.000   0   47.44  328.1    9.6      --
112  04/06/2020  1500    57.0   36.9     8.7     0.000   0   46.86  326.9   11.1      --
113  04/06/2020  1600    57.7   37.6    10.1     0.000   0   46.91  326.0   12.7    6944
114  04/06/2020  1700    58.0   37.6     9.5     0.000   0   46.44  327.5   13.0      --
115  04/06/2020  1800    55.9   37.0     8.9     0.000   0   48.84  329.0   13.3      --
116  04/06/2020  1900    51.5   37.4     8.2     0.000   0   58.28  330.4   13.6      --
117  04/06/2020  2000    49.1   37.3     7.6     0.000   0   63.60  331.8   14.0      --
118  04/06/2020  2100    46.8   37.3     6.9     0.000   0   69.34  333.0   14.3      --
119  04/06/2020  2200    44.4   37.2     6.3     0.000   0   75.45  334.2   14.6    1656
120  04/06/2020  2300    43.9   37.0     5.5     0.000   0   76.51  332.7   12.6      --
121  04/07/2020  0000    43.9   36.5     4.6     0.000   0   74.96  330.5   10.5      --
122  04/07/2020  0100    43.8   36.5     3.8     0.000   0   75.22  327.2    8.4      --
123  04/07/2020  0200    43.6   36.5     3.0     0.000   0   75.77  321.9    6.4      --
124  04/07/2020  0300    43.3   36.6     2.0     0.000   0   77.03  311.9    4.6      --
125  04/07/2020  0400    43.0   36.7     1.1     0.000   0   78.26  289.9    3.0    2392
126  04/07/2020  0500    42.8   36.6     1.2     0.000   0   78.55  294.1    3.0      --
127  04/07/2020  0600    42.6   36.8     1.4     0.000   0   79.59  298.2    3.0      --
128  04/07/2020  0700    42.6   37.4     1.4     0.000   0   81.70  302.2    3.0      --
129  04/07/2020  0800    42.8   38.5     1.4     0.000   5   84.34  306.1    3.1      --
130  04/07/2020  0900    43.2   39.6     1.4     0.000  10   86.79  309.9    3.2      --
131  04/07/2020  1000    43.8   40.6     1.5     0.000  10   88.23  313.5    3.2    3922
132  04/07/2020  1100    45.6   41.3     1.9     0.000   5   84.67  315.4    4.1      --
133  04/07/2020  1200    50.5   41.5     2.2     0.000   0   71.02  316.6    4.9      --
134  04/07/2020  1300    56.0   41.5     2.6     0.000   0   58.26  317.5    5.8      --
135  04/07/2020  1400    58.9   41.4     3.0     0.000   0   52.13  318.1    6.6      --
136  04/07/2020  1500    60.7   41.1     3.4     0.000   0   48.43  318.7    7.5      --
137  04/07/2020  1600    61.4   40.7     3.8     0.000   0   46.59  319.1    8.3    5492
138  04/07/2020  1700    60.5   40.5     3.7     0.000   0   47.56  323.1    9.0      --
139  04/07/2020  1800    58.1   40.3     3.6     0.000   0   51.52  326.6    9.7      --
140  04/07/2020  1900    53.3   41.0     3.5     0.000   0   63.00  329.6   10.4      --
141  04/07/2020  2000    50.6   41.0     3.4     0.000   0   69.50  332.2   11.2      --
142  04/07/2020  2100    48.3   41.0     3.3     0.000   0   75.83  334.5   12.0      --
143  04/07/2020  2200    45.9   41.0     3.2     0.000   0   82.82  336.5   12.8    1059
144  04/07/2020  2300    44.5   41.0     2.9     0.000   5   87.42  336.8   11.9      --
145  04/08/2020  0000    43.7   41.0     2.7     0.000  10   90.19  337.2   11.0      --
146  04/08/2020  0100    42.8   41.0     2.5     0.000  10   93.16  337.7   10.1      --
147  04/08/2020  0200    42.0   41.0     2.3     0.000  10   96.20  338.2    9.2      --
148  04/08/2020  0300    41.2   40.3     2.0     0.000  10   96.57  338.9    8.4      --
149  04/08/2020  0400    40.5   39.6     1.8     0.000  10   96.56  339.7    7.5     367
150  04/08/2020  0500    39.8   39.0     2.0     0.000  10   96.55  337.6    7.3      --
151  04/08/2020  0600    39.4   38.5     2.2     0.000  10   96.54  335.5    7.0      --
152  04/08/2020  0700    40.2   39.3     2.3     0.000  10   96.56  333.2    6.8      --
153  04/08/2020  0800    42.3   41.0     2.5     0.000  10   95.26  330.8    6.6      --
154  04/08/2020  0900    45.8   38.3     2.7     0.000   5   75.14  328.2    6.4      --
155  04/08/2020  1000    50.4   38.3     2.8     0.000   0   63.12  325.5    6.2    1769
156  04/08/2020  1100    55.7   37.2     4.0     0.000   0   49.80  326.6    7.3      --
157  04/08/2020  1200    61.2   37.6     5.2     0.000   0   41.49  327.4    8.4      --
158  04/08/2020  1300    65.5   38.6     6.5     0.000   0   37.11  328.0    9.4      --
159  04/08/2020  1400    67.9   39.5     7.7     0.000   0   35.36  328.6   10.5      --
160  04/08/2020  1500    69.1   40.2     8.9     0.000   0   34.89  329.0   11.6      --
161  04/08/2020  1600    69.8   40.8    10.1     0.000   0   34.90  329.3   12.6    7219
162  04/08/2020  1700    70.0   40.9     9.8     0.000   0   34.73  330.7   13.6      --
163  04/08/2020  1800    66.6   40.2     9.4     0.000   0   38.02  331.9   14.5      --
164  04/08/2020  1900    59.8   40.6     9.1     0.000   0   49.02  333.0   15.5      --
165  04/08/2020  2000    56.0   40.5     8.7     0.000   0   55.84  333.9   16.4      --
166  04/08/2020  2100    53.7   40.3     8.4     0.000   0   60.48  334.7   17.4      --
167  04/08/2020  2200    51.3   40.3     8.0     0.000   0   65.91  335.5   18.3    1004
