  Generated by FoxLW on Thursday April 2, 2020 at 02:32 PDT
-------------------------------------------------------------------------------
  Underwood
  45.7400:-121.5600  (45 44' 24.00"N  121 33' 36.00"W)  elev 1233.6 feet    file: 310032
-------------------------------------------------------------------------------

Line#   Date     Hour   TempF  DewPtF WS(mph)  Rain(in) LW    RH%  WDir_50m WS_50m Inv(ft)
  5  04/02/2020  0400    30.6   26.9     8.2     0.000   0   86.05  273.6   20.4     507
  6  04/02/2020  0500    30.2   27.0     7.8     0.000   5   87.90  273.3   19.3      --
  7  04/02/2020  0600    29.8   27.3     7.3     0.000  10   90.09  273.0   18.1      --
  8  04/02/2020  0700    30.5   30.0     6.8     0.000  10   98.31  272.7   17.0      --
  9  04/02/2020  0800    32.5   28.2     6.3     0.000   5   84.05  272.3   15.9      --
 10  04/02/2020  0900    35.8   26.8     5.8     0.000   0   69.51  271.9   14.7      --
 11  04/02/2020  1000    39.7   27.5     5.3     0.000   0   61.20  271.3   13.6  no_inv
 12  04/02/2020  1100    42.9   28.1     7.0     0.000   0   55.63  270.1   14.9      --
 13  04/02/2020  1200    44.6   28.8     8.7     0.000   0   53.49  269.0   16.3      --
 14  04/02/2020  1300    45.8   29.8    10.4     0.000   0   53.19  268.2   17.6      --
 15  04/02/2020  1400    46.5   30.2    12.1     0.000   0   52.95  267.4   18.9      --
 16  04/02/2020  1500    46.9   30.4    13.8     0.000   0   52.35  266.8   20.3      --
 17  04/02/2020  1600    47.1   30.1    15.5     0.000   0   51.47  266.2   21.6  no_inv
 18  04/02/2020  1700    47.1   30.4    13.9     0.000   0   51.88  266.6   20.6      --
 19  04/02/2020  1800    44.3   30.2    12.3     0.000   0   57.29  267.2   19.6      --
 20  04/02/2020  1900    38.7   30.3    10.7     0.000   0   71.58  267.8   18.5      --
 21  04/02/2020  2000    35.5   30.0     9.1     0.000   0   79.98  268.4   17.5      --
 22  04/02/2020  2100    33.2   29.1     7.6     0.000   0   84.82  269.1   16.5      --
 23  04/02/2020  2200    30.9   29.3     5.9     0.000   5   93.83  270.0   15.5     517
 24  04/02/2020  2300    29.8   28.8     6.4     0.000  10   95.90  270.4   16.7      --
 25  04/03/2020  0000    29.8   28.8     6.8     0.000  10   95.93  270.7   17.9      --
 26  04/03/2020  0100    30.3   29.0     7.3     0.000  10   94.80  271.0   19.1      --
 27  04/03/2020  0200    30.5   29.1     7.7     0.000  10   94.29  271.2   20.3      --
 28  04/03/2020  0300    30.6   29.2     8.2     0.000  10   94.79  271.5   21.5      --
 29  04/03/2020  0400    30.4   29.5     8.6     0.000  10   96.28  271.7   22.8    2025
 30  04/03/2020  0500    30.1   29.8     9.0     0.000  10   98.46  270.5   22.5      --
 31  04/03/2020  0600    29.8   29.8     9.4     0.000  10  100.00  269.4   22.2      --
 32  04/03/2020  0700    30.1   30.1     9.8     0.000  10  100.00  268.2   21.9      --
 33  04/03/2020  0800    31.2   30.5    10.2     0.000  10   97.45  267.0   21.7      --
 34  04/03/2020  0900    33.0   28.9    10.6     0.000   5   84.57  265.7   21.4      --
 35  04/03/2020  1000    35.5   29.2    11.0     0.000   0   77.37  264.4   21.2    4643
 36  04/03/2020  1100    38.3   29.4    11.6     0.000   0   70.06  265.6   21.4      --
 37  04/03/2020  1200    40.9   29.6    12.2     0.000   0   63.92  266.6   21.7      --
 38  04/03/2020  1300    42.9   30.1    12.9     0.000   0   60.08  267.7   22.0      --
 39  04/03/2020  1400    44.0   30.3    13.5     0.000   0   58.27  268.8   22.2      --
 40  04/03/2020  1500    44.8   30.5    14.1     0.000   0   56.90  269.8   22.5      --
 41  04/03/2020  1600    45.2   30.4    14.7     0.000   0   55.91  270.8   22.8    2832
 42  04/03/2020  1700    45.3   30.4    13.7     0.000   0   55.70  270.4   21.4      --
 43  04/03/2020  1800    42.9   29.7    12.8     0.000   0   59.26  270.0   20.0      --
 44  04/03/2020  1900    38.0   29.0    11.8     0.000   0   69.69  269.5   18.6      --
 45  04/03/2020  2000    35.3   27.5    10.8     0.000   0   72.63  268.9   17.3      --
 46  04/03/2020  2100    33.0   25.2     9.8     0.000   0   72.69  268.2   15.9      --
 47  04/03/2020  2200    30.7   24.7     8.9     0.000   0   78.29  267.4   14.5     459
 48  04/03/2020  2300    29.9   25.4     7.5     0.000   0   83.25  266.8   12.4      --
 49  04/04/2020  0000    29.9   26.9     6.2     0.000   5   88.55  265.8   10.3      --
 50  04/04/2020  0100    30.3   28.1     4.9     0.000  10   91.40  264.4    8.1      --
 51  04/04/2020  0200    30.5   28.9     3.5     0.000  10   93.44  261.9    6.0      --
 52  04/04/2020  0300    30.5   29.6     2.2     0.000  10   96.40  256.8    3.9      --
 53  04/04/2020  0400    30.4   29.5     0.9     0.000  10   96.40  240.7    1.9    7573
 54  04/04/2020  0500    30.2   29.3     1.8     0.000  10   96.39  160.6    1.2      --
 55  04/04/2020  0600    29.9   29.0     2.7     0.000  10   96.39  119.6    2.9      --
 56  04/04/2020  0700    30.4   29.5     3.7     0.000  10   96.40  109.9    4.9      --
 57  04/04/2020  0800    32.0   31.0     4.6     0.000  10   96.29  105.9    7.0      --
 58  04/04/2020  0900    34.7   28.7     5.5     0.000   5   78.40  103.8    9.1      --
 59  04/04/2020  1000    38.4   28.7     6.4     0.000   0   67.78  102.4   11.1    8245
 60  04/04/2020  1100    42.3   28.7     5.7     0.000   0   58.37  103.8    9.9      --
 61  04/04/2020  1200    45.6   28.0     4.9     0.000   0   49.92  105.6    8.8      --
 62  04/04/2020  1300    48.3   28.3     4.2     0.000   0   45.74  108.0    7.6      --
 63  04/04/2020  1400    49.7   28.7     3.4     0.000   0   44.07  111.1    6.4      --
 64  04/04/2020  1500    50.7   28.7     2.7     0.000   0   42.47  115.7    5.3      --
 65  04/04/2020  1600    51.3   28.7     1.9     0.000   0   41.54  122.6    4.2  no_inv
 66  04/04/2020  1700    51.5   28.8     1.9     0.000   0   41.34  115.6    3.0      --
 67  04/04/2020  1800    50.7   29.0     1.9     0.000   0   42.91   98.6    1.8      --
 68  04/04/2020  1900    49.0   28.6     1.9     0.000   0   45.03   47.1    1.1      --
 69  04/04/2020  2000    48.1   28.6     1.9     0.000   0   46.61  356.3    1.8      --
 70  04/04/2020  2100    45.7   30.6     1.9     0.000   0   55.31  339.5    3.0      --
 71  04/04/2020  2200    43.4   35.0     1.9     0.010   0   72.03  332.6    4.3      74
 72  04/04/2020  2300    41.7   34.1     1.7     0.000   0   74.13  332.0    3.8      --
 73  04/05/2020  0000    41.4   33.8     1.5     0.000   0   74.25  331.1    3.4      --
 74  04/05/2020  0100    42.0   34.4     1.3     0.010   0   74.49  330.0    3.0      --
 75  04/05/2020  0200    40.8   33.8     1.1     0.000   0   75.88  328.6    2.6      --
 76  04/05/2020  0300    40.5   33.5     1.0     0.000   0   75.87  326.6    2.1      --
 77  04/05/2020  0400    41.2   34.3     0.8     0.010   0   76.20  323.5    1.7  no_inv
 78  04/05/2020  0500    39.1   31.6     1.0     0.000   0   74.06  353.8    1.3      --
 79  04/05/2020  0600    39.1   31.5     1.1     0.000   0   73.90   32.3    1.4      --
 80  04/05/2020  0700    39.6   31.4     1.3     0.010   0   71.97   56.5    1.9      --
 81  04/05/2020  0800    40.1   31.4     1.5     0.010   0   70.69   68.8    2.7      --
 82  04/05/2020  0900    42.3   36.8     1.7     0.000   0   80.63   75.6    3.5      --
 83  04/05/2020  1000    43.5   40.2     1.9     0.010   5   88.15   79.8    4.3  no_inv
 84  04/05/2020  1100    45.4   40.3     2.9     0.000   5   82.24    3.5    1.5      --
 85  04/05/2020  1200    48.0   40.3     3.9     0.000   0   74.44  298.1    4.6      --
 86  04/05/2020  1300    50.2   39.3     4.9     0.000   0   66.13  289.3    8.8      --
 87  04/05/2020  1400    51.4   39.8     5.9     0.000   0   64.47  286.1   12.9      --
 88  04/05/2020  1500    52.2   40.0     6.9     0.000   0   63.00  284.5   17.1      --
 89  04/05/2020  1600    52.7   40.0     7.9     0.000   0   61.88  283.5   21.4  no_inv
 90  04/05/2020  1700    52.4   40.0     7.2     0.000   0   62.51  283.7   19.2      --
 91  04/05/2020  1800    51.5   39.9     6.4     0.000   0   64.39  284.0   17.1      --
 92  04/05/2020  1900    49.8   40.1     5.8     0.000   0   69.00  284.3   14.9      --
 93  04/05/2020  2000    48.9   39.9     5.0     0.000   0   70.98  284.7   12.8      --
 94  04/05/2020  2100    46.6   39.9     4.3     0.000   0   77.48  285.2   10.6      --
 95  04/05/2020  2200    44.2   39.9     3.6     0.000   0   84.67  286.1    8.5     630
 96  04/05/2020  2300    43.1   39.9     4.3     0.000   0   88.34  281.1   10.1      --
 97  04/06/2020  0000    42.3   39.9     4.9     0.000   5   91.24  277.5   11.7      --
 98  04/06/2020  0100    41.5   39.2     5.6     0.000  10   91.75  274.7   13.4      --
 99  04/06/2020  0200    40.7   38.2     6.2     0.000   5   90.77  272.6   15.1      --
100  04/06/2020  0300    40.0   36.9     6.9     0.000   0   88.61  271.0   16.9      --
101  04/06/2020  0400    39.4   36.0     7.6     0.000   0   87.42  269.6   18.6     663
102  04/06/2020  0500    38.9   35.7     7.8     0.000   0   88.07  270.0   18.2      --
103  04/06/2020  0600    38.6   35.5     8.1     0.000   0   88.55  270.4   17.7      --
104  04/06/2020  0700    39.0   35.4     8.4     0.000   0   86.76  270.8   17.3      --
105  04/06/2020  0800    40.5   35.4     8.6     0.000   0   81.80  271.2   16.8      --
106  04/06/2020  0900    43.0   33.3     8.9     0.000   0   68.51  271.6   16.4      --
107  04/06/2020  1000    46.2   33.3     9.2     0.000   0   60.37  272.1   15.9  no_inv
108  04/06/2020  1100    49.8   33.2    10.3     0.000   0   52.61  271.3   16.9      --
109  04/06/2020  1200    53.5   33.1    11.4     0.000   0   45.79  270.5   17.9      --
110  04/06/2020  1300    56.3   33.6    12.4     0.000   0   42.17  269.8   18.9      --
111  04/06/2020  1400    57.6   33.7    13.5     0.000   0   40.42  269.2   19.9      --
112  04/06/2020  1500    58.2   33.6    14.6     0.000   0   39.36  268.7   20.9      --
113  04/06/2020  1600    58.4   33.2    15.7     0.000   0   38.39  268.2   21.9    6990
114  04/06/2020  1700    58.3   33.7    14.6     0.000   0   39.41  268.4   22.2      --
115  04/06/2020  1800    55.2   33.9    13.6     0.000   0   44.41  268.5   22.5      --
116  04/06/2020  1900    48.8   33.7    12.5     0.000   0   55.75  268.7   22.9      --
117  04/06/2020  2000    45.3   34.2    11.4     0.000   0   64.95  268.9   23.2      --
118  04/06/2020  2100    43.0   33.9    10.4     0.000   0   70.05  269.0   23.5      --
119  04/06/2020  2200    40.6   33.6     9.3     0.000   0   75.96  269.2   23.8     793
120  04/06/2020  2300    38.6   33.3     9.4     0.000   0   81.02  269.8   24.9      --
121  04/07/2020  0000    37.9   32.9     9.6     0.000   0   82.01  270.3   26.1      --
122  04/07/2020  0100    37.2   32.7     9.7     0.000   0   83.44  270.8   27.2      --
123  04/07/2020  0200    36.4   32.4     9.8     0.000   0   85.26  271.2   28.4      --
124  04/07/2020  0300    35.7   32.3     9.9     0.000   0   87.41  271.6   29.6      --
125  04/07/2020  0400    34.9   32.2    10.0     0.000   0   89.84  272.0   30.7     999
126  04/07/2020  0500    34.2   32.3    10.1     0.000   0   92.75  271.8   29.9      --
127  04/07/2020  0600    33.8   32.7    10.2     0.000   0   95.80  271.6   29.1      --
128  04/07/2020  0700    34.4   33.3    10.3     0.000   0   95.52  271.4   28.2      --
129  04/07/2020  0800    36.3   34.0    10.4     0.000   0   91.24  271.2   27.4      --
130  04/07/2020  0900    39.6   33.1    10.5     0.000   0   77.40  271.0   26.6      --
131  04/07/2020  1000    43.9   34.1    10.6     0.000   0   68.28  270.8   25.7    2301
132  04/07/2020  1100    48.6   35.1    11.3     0.000   0   59.34  270.3   25.5      --
133  04/07/2020  1200    53.4   36.0    12.0     0.000   0   51.51  269.8   25.3      --
134  04/07/2020  1300    57.2   37.1    12.6     0.000   0   46.96  269.2   25.1      --
135  04/07/2020  1400    59.2   37.8    13.3     0.000   0   44.88  268.7   24.9      --
136  04/07/2020  1500    60.1   38.1    14.0     0.000   0   43.91  268.1   24.7      --
137  04/07/2020  1600    60.6   38.2    14.6     0.000   0   43.27  267.6   24.5  no_inv
138  04/07/2020  1700    60.7   38.4    12.8     0.000   0   43.59  268.2   21.6      --
139  04/07/2020  1800    58.0   38.3    10.9     0.000   0   47.79  269.0   18.8      --
140  04/07/2020  1900    52.5   39.0     9.1     0.000   0   60.13  270.1   16.0      --
141  04/07/2020  2000    49.4   38.5     7.2     0.000   0   65.94  271.6   13.2      --
142  04/07/2020  2100    47.1   38.0     5.4     0.000   0   70.57  273.9   10.4      --
143  04/07/2020  2200    44.7   37.8     3.5     0.000   0   76.65  278.0    7.6     935
144  04/07/2020  2300    43.2   38.1     3.1     0.000   0   82.07  277.5    6.7      --
145  04/08/2020  0000    42.9   38.1     2.7     0.000   0   82.90  276.7    5.8      --
146  04/08/2020  0100    42.6   38.1     2.3     0.000   0   83.91  275.7    4.9      --
147  04/08/2020  0200    42.3   38.1     1.9     0.000   0   85.04  274.2    4.1      --
148  04/08/2020  0300    41.9   38.1     1.4     0.000   5   86.23  272.0    3.2      --
149  04/08/2020  0400    41.5   38.1     1.0     0.000  10   87.44  268.0    2.3     724
150  04/08/2020  0500    41.2   38.1     1.5     0.000  10   88.61  265.8    0.5      --
151  04/08/2020  0600    40.9   38.1     1.9     0.000  10   89.56   89.8    1.2      --
152  04/08/2020  0700    41.6   38.1     2.4     0.000  10   87.13   89.1    3.0      --
153  04/08/2020  0800    43.7   38.1     2.8     0.000   5   80.61   88.9    4.8      --
154  04/08/2020  0900    47.0   34.2     3.3     0.000   0   60.82   88.9    6.6      --
155  04/08/2020  1000    51.5   34.2     3.7     0.000   0   51.58   88.8    8.3    4872
156  04/08/2020  1100    56.3   34.2     3.4     0.000   0   43.19   90.1    6.3      --
157  04/08/2020  1200    61.1   34.2     3.0     0.000   0   36.36   92.6    4.3      --
158  04/08/2020  1300    64.8   34.2     2.7     0.000   0   31.92   99.3    2.3      --
159  04/08/2020  1400    66.8   34.2     2.4     0.000   0   29.83  151.5    0.6      --
160  04/08/2020  1500    67.8   34.2     2.0     0.000   0   28.86  246.3    1.9      --
161  04/08/2020  1600    68.2   34.2     1.7     0.000   0   28.39  255.9    3.8    7283
162  04/08/2020  1700    68.3   34.2     3.3     0.000   0   28.31  262.2    6.0      --
163  04/08/2020  1800    65.2   34.2     4.9     0.000   0   31.57  265.1    8.2      --
164  04/08/2020  1900    58.7   35.2     6.6     0.000   0   41.32  266.7   10.5      --
165  04/08/2020  2000    55.1   36.2     8.2     0.000   0   48.80  267.8   12.8      --
166  04/08/2020  2100    52.8   36.2     9.8     0.000   0   53.15  268.5   15.0      --
167  04/08/2020  2200    50.5   35.8    11.4     0.000   0   56.88  269.1   17.3     562
