  Generated by FoxLW on Thursday April 2, 2020 at 02:32 PDT
-------------------------------------------------------------------------------
  Montesano
  46.9800:-123.4900  (46 58' 48.00"N  123 29' 24.00"W)  elev 29.5 feet    file: 310022
-------------------------------------------------------------------------------

Line#   Date     Hour   TempF  DewPtF WS(mph)  Rain(in) LW    RH%  WDir_50m WS_50m Inv(ft)
  5  04/02/2020  0400    31.7   29.2     2.0     0.000   5   90.23  275.9    6.9    1150
  6  04/02/2020  0500    31.4   29.3     2.3     0.000  10   91.81  268.8    6.9      --
  7  04/02/2020  0600    31.1   31.1     2.6     0.000  10   99.92  261.8    7.0      --
  8  04/02/2020  0700    31.4   31.1     2.9     0.000  10   98.61  255.1    7.2      --
  9  04/02/2020  0800    32.5   31.1     3.2     0.000  10   94.18  249.0    7.5      --
 10  04/02/2020  0900    34.7   31.2     3.5     0.000   5   86.88  243.4    7.9      --
 11  04/02/2020  1000    36.8   32.3     3.8     0.030   0   83.77  238.3    8.4  no_inv
 12  04/02/2020  1100    39.7   31.1     4.5     0.000   0   70.96  247.4    9.4      --
 13  04/02/2020  1200    41.9   31.1     5.2     0.000   0   65.11  254.6   10.6      --
 14  04/02/2020  1300    43.5   31.5     6.0     0.000   0   62.19  260.3   11.9      --
 15  04/02/2020  1400    44.4   31.9     6.7     0.000   0   61.10  264.8   13.3      --
 16  04/02/2020  1500    44.1   33.7     7.4     0.000   0   66.49  268.4   14.8      --
 17  04/02/2020  1600    43.5   35.4     8.1     0.010   0   72.97  271.4   16.3    6300
 18  04/02/2020  1700    44.4   33.7     7.3     0.000   0   65.87  270.2   15.5      --
 19  04/02/2020  1800    42.9   32.1     6.5     0.000   0   65.50  269.0   14.8      --
 20  04/02/2020  1900    39.8   32.1     5.7     0.000   0   73.49  267.6   14.0      --
 21  04/02/2020  2000    38.2   32.0     4.9     0.000   0   78.29  266.0   13.2      --
 22  04/02/2020  2100    35.8   32.0     4.1     0.000   0   85.85  264.2   12.5      --
 23  04/02/2020  2200    33.5   32.0     3.3     0.000   5   94.25  262.3   11.7    4739
 24  04/02/2020  2300    33.0   32.0     3.2     0.000  10   95.98  257.5   11.3      --
 25  04/03/2020  0000    33.0   32.0     3.1     0.000  10   95.98  252.4   11.0      --
 26  04/03/2020  0100    32.1   31.2     3.0     0.000  10   96.43  247.0   10.7      --
 27  04/03/2020  0200    31.1   30.2     2.9     0.000  10   96.41  241.3   10.6      --
 28  04/03/2020  0300    30.2   29.3     2.8     0.000  10   96.40  235.6   10.5      --
 29  04/03/2020  0400    29.4   28.5     2.7     0.010  10   96.38  229.9   10.6    1139
 30  04/03/2020  0500    29.9   27.9     3.0     0.000  10   92.01  234.0   10.8      --
 31  04/03/2020  0600    29.2   27.2     3.3     0.000  10   92.09  237.9   11.1      --
 32  04/03/2020  0700    30.3   28.1     3.5     0.010  10   91.37  241.5   11.5      --
 33  04/03/2020  0800    31.8   29.6     3.8     0.000  10   91.61  244.9   11.9      --
 34  04/03/2020  0900    34.2   29.7     4.1     0.000   5   83.25  248.1   12.3      --
 35  04/03/2020  1000    38.0   29.0     4.4     0.000   0   69.72  251.1   12.8    6254
 36  04/03/2020  1100    40.8   29.0     4.9     0.000   0   62.72  254.9   13.1      --
 37  04/03/2020  1200    42.4   29.1     5.5     0.000   0   58.91  258.4   13.6      --
 38  04/03/2020  1300    43.6   29.8     6.0     0.000   0   58.00  261.8   14.0      --
 39  04/03/2020  1400    44.2   30.4     6.6     0.000   0   58.25  264.8   14.6      --
 40  04/03/2020  1500    43.4   32.8     7.1     0.000   0   65.79  267.7   15.1      --
 41  04/03/2020  1600    42.6   34.9     7.7     0.020   0   74.00  270.4   15.7    5412
 42  04/03/2020  1700    43.2   33.6     6.9     0.000   0   68.80  274.2   14.9      --
 43  04/03/2020  1800    40.9   31.8     6.2     0.000   0   69.89  278.5   14.1      --
 44  04/03/2020  1900    36.2   31.2     5.4     0.000   0   81.69  283.2   13.3      --
 45  04/03/2020  2000    33.7   30.9     4.7     0.000   0   89.46  288.5   12.7      --
 46  04/03/2020  2100    31.3   30.6     4.0     0.000   5   97.30  294.2   12.2      --
 47  04/03/2020  2200    29.0   28.1     3.2     0.000  10   96.38  300.4   11.9    1005
 48  04/03/2020  2300    28.4   27.5     2.9     0.000  10   96.36  301.5    9.4      --
 49  04/04/2020  0000    28.4   27.5     2.6     0.000  10   96.36  303.5    7.0      --
 50  04/04/2020  0100    28.8   27.9     2.3     0.000  10   96.37  307.5    4.5      --
 51  04/04/2020  0200    29.0   28.1     2.0     0.000  10   96.38  320.5    2.2      --
 52  04/04/2020  0300    29.0   28.1     1.7     0.000  10   96.38   54.3    1.0      --
 53  04/04/2020  0400    28.9   28.0     1.4     0.000  10   96.37   99.0    3.1     900
 54  04/04/2020  0500    28.6   27.8     1.5     0.000  10   96.37   94.0    3.4      --
 55  04/04/2020  0600    28.4   27.5     1.7     0.000  10   96.36   89.7    3.7      --
 56  04/04/2020  0700    29.0   28.0     1.8     0.000  10   96.37   86.1    4.0      --
 57  04/04/2020  0800    30.8   29.9     2.0     0.000  10   96.41   83.0    4.3      --
 58  04/04/2020  0900    34.0   28.7     2.1     0.000   5   80.56   80.3    4.6      --
 59  04/04/2020  1000    38.1   28.7     2.2     0.000   0   68.43   78.1    4.9    5174
 60  04/04/2020  1100    42.2   28.7     2.4     0.000   0   58.46   66.0    3.3      --
 61  04/04/2020  1200    45.4   28.7     2.5     0.000   0   51.78   35.6    2.0      --
 62  04/04/2020  1300    47.9   28.7     2.6     0.000   0   47.06  342.0    2.1      --
 63  04/04/2020  1400    49.2   28.7     2.8     0.000   0   44.78  312.8    3.4      --
 64  04/04/2020  1500    50.2   28.7     2.9     0.000   0   43.26  301.2    5.0      --
 65  04/04/2020  1600    50.7   28.7     3.0     0.000   0   42.34  295.5    6.8  no_inv
 66  04/04/2020  1700    51.0   29.1     3.1     0.000   0   42.58  283.7    5.2      --
 67  04/04/2020  1800    49.1   30.1     3.1     0.000   0   47.58  262.9    3.9      --
 68  04/04/2020  1900    45.4   28.9     3.2     0.000   0   52.35  231.5    3.5      --
 69  04/04/2020  2000    43.3   28.9     3.2     0.000   0   56.68  202.7    4.2      --
 70  04/04/2020  2100    40.9   28.9     3.2     0.000   0   62.03  185.2    5.6      --
 71  04/04/2020  2200    38.6   28.9     3.3     0.000   0   67.95  175.2    7.3     161
 72  04/04/2020  2300    37.9   28.9     2.8     0.000   0   69.76  175.9    5.9      --
 73  04/05/2020  0000    37.9   28.9     2.4     0.000   0   69.76  177.2    4.5      --
 74  04/05/2020  0100    38.1   28.9     1.9     0.000   0   69.37  179.5    3.1      --
 75  04/05/2020  0200    38.1   28.9     1.5     0.000   0   69.18  185.8    1.7      --
 76  04/05/2020  0300    38.1   31.1     1.0     0.000   0   75.65  229.8    0.5      --
 77  04/05/2020  0400    39.0   33.8     0.6     0.010   0   81.40  332.5    1.2     678
 78  04/05/2020  0500    37.3   31.3     0.8     0.000   0   78.77    8.8    1.3      --
 79  04/05/2020  0600    37.2   31.2     1.1     0.000   0   78.71   32.1    1.8      --
 80  04/05/2020  0700    38.0   31.1     1.3     0.010   0   75.95   44.3    2.5      --
 81  04/05/2020  0800    38.8   31.3     1.6     0.000   0   74.19   51.2    3.2      --
 82  04/05/2020  0900    40.7   36.4     1.9     0.000   0   84.62   55.5    4.0      --
 83  04/05/2020  1000    43.0   35.9     2.1     0.000   0   76.01   58.5    4.8    5092
 84  04/05/2020  1100    45.7   35.9     3.4     0.000   0   68.55   19.9    3.5      --
 85  04/05/2020  1200    48.5   35.7     4.7     0.000   0   61.25  336.9    4.3      --
 86  04/05/2020  1300    50.6   36.0     5.9     0.000   0   57.11  316.1    6.6      --
 87  04/05/2020  1400    51.9   36.2     7.2     0.000   0   54.99  306.5    9.3      --
 88  04/05/2020  1500    52.7   36.4     8.4     0.000   0   53.76  301.2   12.1      --
 89  04/05/2020  1600    53.1   36.5     9.7     0.000   0   53.22  298.0   15.0  no_inv
 90  04/05/2020  1700    52.9   36.5     8.6     0.000   0   53.70  293.7   11.8      --
 91  04/05/2020  1800    51.9   36.3     7.5     0.000   0   55.03  286.2    8.7      --
 92  04/05/2020  1900    49.9   36.4     6.4     0.000   0   59.60  271.2    5.9      --
 93  04/05/2020  2000    48.9   36.2     5.3     0.000   0   61.50  238.1    4.1      --
 94  04/05/2020  2100    46.5   36.2     4.2     0.000   0   67.18  193.4    4.6      --
 95  04/05/2020  2200    44.2   36.2     3.1     0.000   0   73.42  168.7    6.9     783
 96  04/05/2020  2300    42.1   36.2     3.1     0.000   0   79.54  182.0    5.8      --
 97  04/06/2020  0000    40.3   36.2     3.2     0.000   0   85.10  200.2    5.1      --
 98  04/06/2020  0100    38.7   36.2     3.3     0.000   5   90.75  221.2    5.0      --
 99  04/06/2020  0200    37.2   36.2     3.4     0.000  10   96.26  240.2    5.6      --
100  04/06/2020  0300    35.9   35.0     3.5     0.000  10   96.49  254.4    6.7      --
101  04/06/2020  0400    34.8   33.9     3.6     0.000  10   96.47  264.3    8.0     173
102  04/06/2020  0500    33.9   33.0     3.3     0.000  10   96.46  262.0    7.4      --
103  04/06/2020  0600    33.4   32.5     3.1     0.000  10   96.45  259.1    6.8      --
104  04/06/2020  0700    34.4   33.5     2.8     0.000  10   96.46  255.8    6.2      --
105  04/06/2020  0800    37.0   36.1     2.6     0.000  10   96.51  251.7    5.7      --
106  04/06/2020  0900    41.1   35.3     2.3     0.000   5   79.63  246.8    5.1      --
107  04/06/2020  1000    45.9   35.3     2.1     0.000   0   66.30  240.8    4.7    7693
108  04/06/2020  1100    50.1   35.3     3.7     0.000   0   56.62  248.9    6.6      --
109  04/06/2020  1200    52.6   33.6     5.3     0.000   0   48.27  253.2    8.7      --
110  04/06/2020  1300    54.2   35.1     6.9     0.000   0   48.32  255.8   10.8      --
111  04/06/2020  1400    54.8   36.2     8.5     0.000   0   49.21  257.6   12.9      --
112  04/06/2020  1500    55.0   36.9    10.1     0.000   0   50.25  258.9   15.0      --
113  04/06/2020  1600    55.0   36.9    11.6     0.000   0   50.31  259.9   17.1    5896
114  04/06/2020  1700    54.7   37.4    10.3     0.000   0   51.82  263.1   16.4      --
115  04/06/2020  1800    51.1   36.8     8.9     0.000   0   57.90  266.7   15.9      --
116  04/06/2020  1900    43.7   36.8     7.5     0.000   0   76.44  270.4   15.3      --
117  04/06/2020  2000    39.6   36.2     6.2     0.000   0   87.52  274.4   14.9      --
118  04/06/2020  2100    37.3   36.0     4.8     0.000   5   95.02  278.7   14.5      --
119  04/06/2020  2200    35.0   34.3     3.4     0.000  10   97.44  283.1   14.2    1082
120  04/06/2020  2300    33.4   32.5     3.5     0.000  10   96.45  282.7   14.1      --
121  04/07/2020  0000    33.4   32.5     3.6     0.000  10   96.45  282.2   14.0      --
122  04/07/2020  0100    33.9   33.0     3.6     0.000  10   96.46  281.8   13.9      --
123  04/07/2020  0200    34.2   33.3     3.7     0.000  10   96.46  281.3   13.8      --
124  04/07/2020  0300    34.2   33.3     3.8     0.000  10   96.46  280.9   13.7      --
125  04/07/2020  0400    34.0   33.2     3.9     0.000  10   96.46  280.4   13.6    2119
126  04/07/2020  0500    33.7   32.8     3.6     0.000  10   96.45  277.3   11.8      --
127  04/07/2020  0600    33.4   32.5     3.3     0.000  10   96.45  273.2   10.2      --
128  04/07/2020  0700    34.0   33.1     3.0     0.000  10   96.46  267.5    8.6      --
129  04/07/2020  0800    35.7   34.8     2.8     0.000  10   96.49  259.4    7.1      --
130  04/07/2020  0900    38.6   37.6     2.5     0.000  10   96.22  247.5    5.9      --
131  04/07/2020  1000    42.3   37.6     2.2     0.000   5   83.11  230.3    5.0    3503
132  04/07/2020  1100    46.8   37.6     2.7     0.000   0   70.11  241.0    5.5      --
133  04/07/2020  1200    51.4   37.6     3.1     0.000   0   58.99  249.7    6.2      --
134  04/07/2020  1300    54.8   37.6     3.6     0.000   0   52.11  256.5    6.9      --
135  04/07/2020  1400    56.2   37.5     4.0     0.000   0   49.26  262.0    7.8      --
136  04/07/2020  1500    57.0   37.5     4.4     0.000   0   48.16  266.3    8.7      --
137  04/07/2020  1600    57.1   37.6     4.9     0.000   0   47.96  269.8    9.6    4401
138  04/07/2020  1700    56.2   37.4     4.4     0.000   0   49.34  269.1    9.1      --
139  04/07/2020  1800    53.5   37.6     3.8     0.000   0   54.66  268.3    8.5      --
140  04/07/2020  1900    48.0   37.5     3.3     0.000   0   66.78  267.5    7.9      --
141  04/07/2020  2000    45.0   37.5     2.8     0.000   0   74.80  266.4    7.4      --
142  04/07/2020  2100    42.7   37.5     2.3     0.000   0   81.79  265.3    6.8      --
143  04/07/2020  2200    40.4   37.5     1.8     0.000   5   89.53  263.9    6.3    1212
144  04/07/2020  2300    38.8   37.5     1.7     0.000  10   95.15  270.2    4.7      --
145  04/08/2020  0000    38.0   37.1     1.6     0.000  10   96.52  282.5    3.3      --
146  04/08/2020  0100    37.1   36.2     1.5     0.000  10   96.51  309.8    2.2      --
147  04/08/2020  0200    36.3   35.4     1.4     0.000  10   96.49  356.0    2.1      --
148  04/08/2020  0300    35.5   34.6     1.3     0.000  10   96.48   26.6    3.1      --
149  04/08/2020  0400    34.8   33.9     1.2     0.000  10   96.47   40.1    4.5    1215
150  04/08/2020  0500    34.1   33.2     1.5     0.000  10   96.46   41.9    4.8      --
151  04/08/2020  0600    33.8   32.9     1.7     0.000  10   96.45   43.6    5.0      --
152  04/08/2020  0700    35.0   34.1     1.9     0.000  10   96.47   45.1    5.2      --
153  04/08/2020  0800    38.1   37.2     2.1     0.000  10   96.52   46.4    5.5      --
154  04/08/2020  0900    43.1   42.0     2.3     0.000  10   95.82   47.7    5.7      --
155  04/08/2020  1000    49.1   42.0     2.5     0.000   5   76.48   48.8    6.0    3397
156  04/08/2020  1100    54.6   42.0     3.3     0.000   0   62.31   22.5    4.3      --
157  04/08/2020  1200    58.3   38.9     4.0     0.000   0   48.39  342.5    4.1      --
158  04/08/2020  1300    60.8   40.9     4.8     0.000   0   47.82  313.8    5.7      --
159  04/08/2020  1400    62.0   42.1     5.5     0.000   0   48.05  299.4    8.0      --
160  04/08/2020  1500    62.5   42.7     6.3     0.000   0   48.29  291.8   10.6      --
161  04/08/2020  1600    62.7   43.0     7.0     0.000   0   48.58  287.2   13.4    4353
162  04/08/2020  1700    62.5   43.0     6.6     0.000   0   48.83  284.5   13.8      --
163  04/08/2020  1800    57.8   42.8     6.1     0.000   0   57.23  281.9   14.3      --
164  04/08/2020  1900    48.1   42.2     5.7     0.000   0   80.05  279.5   14.8      --
165  04/08/2020  2000    42.8   42.0     5.2     0.000   5   97.17  277.2   15.3      --
166  04/08/2020  2100    40.4   40.4     4.8     0.000  10  100.00  275.1   15.8      --
167  04/08/2020  2200    38.1   37.2     4.3     0.000  10   96.52  273.1   16.4     449
