  Generated by FoxLW on Thursday April 2, 2020 at 02:32 PDT
-------------------------------------------------------------------------------
  Mabton East
  46.2000:-119.9300  (46 12' 0.00"N  119 55' 48.00"W)  elev 708.7 feet    file: 310089
-------------------------------------------------------------------------------

Line#   Date     Hour   TempF  DewPtF WS(mph)  Rain(in) LW    RH%  WDir_50m WS_50m Inv(ft)
  5  04/02/2020  0400    26.4   24.9     2.7     0.000  10   94.25  300.5    8.7  no_inv
  6  04/02/2020  0500    26.0   24.9     2.9     0.000  10   95.47  298.1    6.5      --
  7  04/02/2020  0600    25.6   25.6     3.0     0.000  10  100.00  293.3    4.4      --
  8  04/02/2020  0700    26.5   26.5     3.0     0.000  10  100.00  280.0    2.4      --
  9  04/02/2020  0800    29.6   29.6     2.7     0.000  10  100.00  213.6    1.1      --
 10  04/02/2020  0900    34.7   31.5     2.4     0.000   5   87.79  154.0    2.5      --
 11  04/02/2020  1000    40.7   31.5     2.1     0.000   0   69.21  141.9    4.6  no_inv
 12  04/02/2020  1100    46.2   31.5     2.0     0.000   0   56.27  144.1    4.3      --
 13  04/02/2020  1200    49.4   31.5     1.8     0.000   0   49.78  146.5    4.1      --
 14  04/02/2020  1300    51.6   31.5     1.7     0.000   0   45.89  149.3    3.8      --
 15  04/02/2020  1400    50.2   34.2     1.6     0.000   0   54.09  152.4    3.6      --
 16  04/02/2020  1500    48.1   37.2     1.5     0.020   0   65.66  155.9    3.3      --
 17  04/02/2020  1600    45.8   39.9     1.4     0.050   8   79.76  159.9    3.1  no_inv
 18  04/02/2020  1700    45.9   39.5     3.0     0.000   5   78.13  220.2    2.3      --
 19  04/02/2020  1800    45.0   38.5     4.5     0.000   0   77.84  262.0    4.1      --
 20  04/02/2020  1900    44.0   37.9     6.1     0.000   0   78.76  275.4    6.7      --
 21  04/02/2020  2000    43.3   37.6     7.7     0.000   0   80.17  281.2    9.4      --
 22  04/02/2020  2100    41.7   35.9     9.2     0.000   0   79.91  284.4   12.1      --
 23  04/02/2020  2200    42.7   38.3    10.8     0.000   0   84.43  286.4   14.9  no_inv
 24  04/02/2020  2300    38.5   33.3     9.4     0.000   0   81.38  285.7   13.3      --
 25  04/03/2020  0000    35.2   30.2     8.0     0.000   0   81.86  284.8   11.7      --
 26  04/03/2020  0100    32.2   29.2     6.6     0.000   0   88.56  283.6   10.1      --
 27  04/03/2020  0200    29.6   27.7     5.2     0.000   5   92.44  282.1    8.6      --
 28  04/03/2020  0300    27.4   26.1     3.8     0.000  10   94.72  279.8    7.0      --
 29  04/03/2020  0400    25.6   24.7     2.2     0.000  10   96.67  276.2    5.4  no_inv
 30  04/03/2020  0500    25.4   23.4     2.4     0.000  10   91.86  276.6    5.5      --
 31  04/03/2020  0600    24.9   23.4     2.5     0.000  10   93.95  277.0    5.5      --
 32  04/03/2020  0700    26.1   24.5     2.5     0.000  10   93.57  277.4    5.5      --
 33  04/03/2020  0800    28.8   26.6     2.5     0.000  10   91.47  277.8    5.5      --
 34  04/03/2020  0900    32.9   29.0     2.5     0.000   5   85.40  278.2    5.6      --
 35  04/03/2020  1000    38.7   30.1     2.5     0.000   0   70.99  278.6    5.6  no_inv
 36  04/03/2020  1100    44.4   31.2     4.1     0.000   0   59.64  284.5    7.1      --
 37  04/03/2020  1200    47.6   31.6     5.7     0.000   0   53.67  288.4    8.6      --
 38  04/03/2020  1300    50.2   29.8     7.3     0.000   0   45.17  291.0   10.2      --
 39  04/03/2020  1400    51.6   27.5     8.9     0.000   0   39.02  292.9   11.8      --
 40  04/03/2020  1500    52.6   25.0    10.4     0.000   0   33.96  294.4   13.4      --
 41  04/03/2020  1600    53.2   23.0    12.0     0.000   0   30.51  295.6   15.0   10816
 42  04/03/2020  1700    53.7   23.2    11.8     0.000   0   30.21  294.0   14.7      --
 43  04/03/2020  1800    50.9   23.3    11.5     0.000   0   33.62  292.4   14.4      --
 44  04/03/2020  1900    45.3   23.0    11.3     0.000   0   40.97  290.6   14.0      --
 45  04/03/2020  2000    42.3   23.0    11.0     0.000   0   45.97  288.8   13.7      --
 46  04/03/2020  2100    39.9   22.9    10.8     0.000   0   50.23  287.0   13.4      --
 47  04/03/2020  2200    37.6   23.1    10.5     0.000   0   55.42  285.0   13.2  no_inv
 48  04/03/2020  2300    34.1   23.4     8.9     0.000   0   64.28  284.3   11.2      --
 49  04/04/2020  0000    32.0   24.2     7.3     0.000   0   72.50  283.3    9.2      --
 50  04/04/2020  0100    30.0   25.2     5.6     0.000   0   81.95  281.7    7.2      --
 51  04/04/2020  0200    28.2   25.8     4.0     0.000   5   90.50  279.0    5.3      --
 52  04/04/2020  0300    26.5   25.7     2.3     0.000  10   96.73  273.1    3.3      --
 53  04/04/2020  0400    25.0   24.3     0.7     0.000  10   97.04  252.4    1.5    7975
 54  04/04/2020  0500    24.1   23.2     0.8     0.000  10   96.37  265.8    0.9      --
 55  04/04/2020  0600    23.5   23.5     0.9     0.000  10  100.00  320.4    0.4      --
 56  04/04/2020  0700    24.6   24.6     1.0     0.000  10  100.00   23.2    0.8      --
 57  04/04/2020  0800    27.8   26.6     1.1     0.000  10   95.20   38.7    1.5      --
 58  04/04/2020  0900    33.1   27.9     1.2     0.000   5   80.76   44.4    2.2      --
 59  04/04/2020  1000    39.6   29.4     1.3     0.000   0   66.58   47.3    2.9    7949
 60  04/04/2020  1100    45.4   30.4     1.6     0.000   0   55.57   40.2    3.5      --
 61  04/04/2020  1200    48.6   30.8     2.0     0.000   0   50.08   35.4    4.3      --
 62  04/04/2020  1300    51.1   30.8     2.3     0.000   0   45.64   32.0    5.0      --
 63  04/04/2020  1400    52.5   30.2     2.6     0.000   0   42.22   29.5    5.8      --
 64  04/04/2020  1500    53.4   28.5     3.0     0.000   0   38.10   27.6    6.5      --
 65  04/04/2020  1600    54.0   26.4     3.3     0.000   0   34.17   26.1    7.3    5855
 66  04/04/2020  1700    54.5   24.7     3.2     0.000   0   31.36   31.0    5.1      --
 67  04/04/2020  1800    53.8   24.1     3.2     0.000   0   31.24   43.3    2.9      --
 68  04/04/2020  1900    52.5   27.9     3.2     0.000   0   38.43   92.2    1.4      --
 69  04/04/2020  2000    51.8   28.1     2.9     0.000   0   39.77  159.6    2.4      --
 70  04/04/2020  2100    49.5   28.5     2.6     0.000   0   43.98  176.8    4.5      --
 71  04/04/2020  2200    47.1   28.8     2.2     0.000   0   48.68  182.9    6.7     737
 72  04/04/2020  2300    46.1   28.5     2.9     0.000   0   49.84  176.9    4.0      --
 73  04/05/2020  0000    45.6   28.1     3.7     0.000   0   50.12  149.5    1.5      --
 74  04/05/2020  0100    45.1   27.9     4.3     0.000   0   50.66   45.0    1.9      --
 75  04/05/2020  0200    44.7   27.9     4.8     0.000   0   51.49   25.4    4.4      --
 76  04/05/2020  0300    44.4   28.0     5.2     0.000   0   52.16   20.3    7.1      --
 77  04/05/2020  0400    44.3   28.1     5.7     0.000   0   52.73   18.0    9.8  no_inv
 78  04/05/2020  0500    44.3   28.0     5.1     0.000   0   52.41   17.3    9.0      --
 79  04/05/2020  0600    44.2   27.9     4.5     0.000   0   52.45   16.5    8.2      --
 80  04/05/2020  0700    44.3   27.9     4.0     0.000   0   52.32   15.6    7.5      --
 81  04/05/2020  0800    44.7   27.9     3.4     0.000   0   51.50   14.5    6.7      --
 82  04/05/2020  0900    45.5   31.6     2.9     0.000   0   58.04   13.1    5.9      --
 83  04/05/2020  1000    46.7   31.6     2.3     0.000   0   55.42   11.2    5.2  no_inv
 84  04/05/2020  1100    49.3   31.6     2.3     0.000   0   50.35   15.9    5.0      --
 85  04/05/2020  1200    54.2   31.6     2.2     0.000   0   42.02   20.9    4.8      --
 86  04/05/2020  1300    58.6   31.6     2.2     0.000   0   35.83   26.2    4.7      --
 87  04/05/2020  1400    60.8   31.6     2.2     0.000   0   33.14   31.8    4.6      --
 88  04/05/2020  1500    62.0   31.6     2.1     0.000   0   31.77   37.5    4.6      --
 89  04/05/2020  1600    62.3   31.6     2.1     0.000   0   31.37   43.2    4.6  no_inv
 90  04/05/2020  1700    61.2   31.6     3.5     0.000   0   32.62    7.2    3.6      --
 91  04/05/2020  1800    60.2   31.6     5.0     0.000   0   33.89  329.4    4.4      --
 92  04/05/2020  1900    58.0   32.5     6.4     0.000   0   38.00  309.2    6.4      --
 93  04/05/2020  2000    56.7   33.3     7.9     0.000   0   40.97  299.1    8.7      --
 94  04/05/2020  2100    54.4   33.2     9.4     0.000   0   44.47  293.4   11.3      --
 95  04/05/2020  2200    52.1   32.8    10.8     0.000   0   47.66  289.8   13.9  no_inv
 96  04/05/2020  2300    50.1   32.6    10.9     0.000   0   50.79  291.8   13.9      --
 97  04/06/2020  0000    48.7   32.4    11.1     0.000   0   53.23  293.8   14.1      --
 98  04/06/2020  0100    47.4   32.3    11.2     0.000   0   55.61  295.7   14.2      --
 99  04/06/2020  0200    46.2   32.2    11.4     0.000   0   57.86  297.6   14.3      --
100  04/06/2020  0300    45.1   32.1    11.5     0.000   0   59.91  299.4   14.5      --
101  04/06/2020  0400    44.3   32.0    11.6     0.000   0   61.70  301.2   14.7     870
102  04/06/2020  0500    43.7   32.5    10.2     0.000   0   64.48  299.2   13.3      --
103  04/06/2020  0600    43.3   32.6     8.8     0.000   0   65.64  296.7   12.0      --
104  04/06/2020  0700    43.6   32.5     7.4     0.000   0   64.60  293.5   10.7      --
105  04/06/2020  0800    44.6   30.8     6.0     0.000   0   58.06  289.5    9.4      --
106  04/06/2020  0900    46.3   30.9     4.6     0.000   0   54.56  284.3    8.2      --
107  04/06/2020  1000    48.8   31.5     3.2     0.000   0   50.96  277.5    7.1  no_inv
108  04/06/2020  1100    51.9   31.5     3.2     0.000   0   45.41  283.9    6.8      --
109  04/06/2020  1200    55.3   31.5     3.1     0.000   0   40.03  291.0    6.5      --
110  04/06/2020  1300    58.2   31.5     3.1     0.000   0   36.09  298.4    6.4      --
111  04/06/2020  1400    59.9   31.5     3.1     0.000   0   34.05  306.1    6.3      --
112  04/06/2020  1500    61.0   31.5     3.0     0.000   0   32.72  313.7    6.4      --
113  04/06/2020  1600    61.7   31.5     3.0     0.000   0   31.96  321.0    6.6  no_inv
114  04/06/2020  1700    61.8   31.4     4.2     0.000   0   31.69  309.3    7.2      --
115  04/06/2020  1800    59.0   31.3     5.4     0.000   0   34.86  299.7    8.0      --
116  04/06/2020  1900    53.2   32.3     6.6     0.000   0   44.72  292.0    9.0      --
117  04/06/2020  2000    50.1   32.8     7.8     0.000   0   51.18  285.9   10.1      --
118  04/06/2020  2100    47.7   32.6     8.9     0.000   0   55.47  281.1   11.4      --
119  04/06/2020  2200    45.4   32.2    10.1     0.000   0   59.73  277.3   12.7    3909
120  04/06/2020  2300    42.5   32.0     8.9     0.000   0   65.93  276.6   11.6      --
121  04/07/2020  0000    40.4   31.6     7.7     0.000   0   70.79  275.9   10.6      --
122  04/07/2020  0100    38.2   31.4     6.5     0.000   0   76.27  275.0    9.6      --
123  04/07/2020  0200    36.2   31.4     5.3     0.000   0   82.39  273.9    8.6      --
124  04/07/2020  0300    34.1   31.4     3.8     0.000   0   89.69  272.4    7.6      --
125  04/07/2020  0400    32.4   31.4     2.5     0.000   5   96.08  270.5    6.5    1036
126  04/07/2020  0500    31.4   30.6     2.4     0.000  10   96.62  272.8    5.7      --
127  04/07/2020  0600    30.8   30.8     2.3     0.000  10  100.00  275.8    4.9      --
128  04/07/2020  0700    32.0   31.7     2.0     0.000  10   99.02  279.8    4.2      --
129  04/07/2020  0800    35.2   32.9     1.6     0.000  10   91.24  285.8    3.4      --
130  04/07/2020  0900    40.6   34.3     1.3     0.000   5   78.11  294.8    2.7      --
131  04/07/2020  1000    47.3   35.5     1.0     0.000   0   63.39  309.4    2.1    5773
132  04/07/2020  1100    54.2   36.4     1.8     0.000   0   50.77  312.9    3.5      --
133  04/07/2020  1200    59.5   36.7     2.7     0.000   0   42.52  314.5    4.8      --
134  04/07/2020  1300    63.4   36.7     3.6     0.000   0   36.98  315.3    6.2      --
135  04/07/2020  1400    65.5   36.0     4.5     0.000   0   33.48  315.9    7.6      --
136  04/07/2020  1500    66.6   34.2     5.3     0.000   0   30.11  316.3    8.9      --
137  04/07/2020  1600    67.1   32.1     6.2     0.000   0   27.07  316.6   10.3    5541
138  04/07/2020  1700    67.3   30.4     6.5     0.000   0   25.10  309.1   10.0      --
139  04/07/2020  1800    63.8   29.7     6.8     0.000   0   27.59  301.3    9.9      --
140  04/07/2020  1900    56.6   30.3     7.0     0.000   0   36.43  293.5    9.9      --
141  04/07/2020  2000    52.7   29.7     7.3     0.000   0   41.12  285.9   10.2      --
142  04/07/2020  2100    50.3   29.1     7.5     0.000   0   43.76  278.8   10.6      --
143  04/07/2020  2200    48.0   28.5     7.8     0.000   0   46.53  272.3   11.1    1270
144  04/07/2020  2300    45.2   28.0     8.0     0.000   0   50.63  277.7   11.0      --
145  04/08/2020  0000    44.1   27.8     8.1     0.000   0   52.33  283.3   10.9      --
146  04/08/2020  0100    43.0   27.6     8.3     0.000   0   54.25  288.8   11.0      --
147  04/08/2020  0200    42.0   27.5     8.5     0.000   0   56.18  294.2   11.2      --
148  04/08/2020  0300    41.1   27.5     8.7     0.000   0   58.05  299.5   11.4      --
149  04/08/2020  0400    40.3   27.4     8.8     0.000   0   59.83  304.4   11.8     604
150  04/08/2020  0500    39.6   28.1     7.7     0.000   0   63.05  304.0   10.6      --
151  04/08/2020  0600    39.2   30.5     6.6     0.000   0   70.60  303.5    9.4      --
152  04/08/2020  0700    40.0   31.9     5.5     0.000   0   72.49  302.8    8.3      --
153  04/08/2020  0800    42.2   26.7     4.4     0.000   0   53.75  301.9    7.1      --
154  04/08/2020  0900    46.0   30.5     3.3     0.000   0   54.39  300.6    6.0      --
155  04/08/2020  1000    50.9   30.5     2.2     0.000   0   45.23  298.8    4.8    5918
156  04/08/2020  1100    56.3   30.5     1.9     0.000   0   37.11  297.4    4.1      --
157  04/08/2020  1200    61.6   30.5     1.6     0.000   0   30.77  295.5    3.4      --
158  04/08/2020  1300    65.7   30.5     1.3     0.000   0   26.66  292.5    2.7      --
159  04/08/2020  1400    67.9   30.5     0.9     0.000   0   24.72  287.3    2.0      --
160  04/08/2020  1500    69.0   30.5     0.6     0.000   0   23.80  276.6    1.3      --
161  04/08/2020  1600    69.6   30.5     0.3     0.000   0   23.32  247.3    0.7    7607
162  04/08/2020  1700    69.7   30.5     2.3     0.000   0   23.20  287.2    3.0      --
163  04/08/2020  1800    67.3   30.5     4.3     0.000   0   25.21  292.3    5.4      --
164  04/08/2020  1900    62.3   31.3     6.2     0.000   0   30.97  294.3    7.8      --
165  04/08/2020  2000    59.6   32.5     8.2     0.000   0   35.80  295.3   10.2      --
166  04/08/2020  2100    57.2   32.4    10.1     0.000   0   38.86  295.9   12.7      --
167  04/08/2020  2200    54.9   30.5    12.1     0.000   0   39.08  296.3   15.1     553
