  Generated by FoxLW on Thursday April 2, 2020 at 02:32 PDT
-------------------------------------------------------------------------------
  Moxee East
  46.5500:-120.3000  (46 32' 60.00"N  120 17' 60.00"W)  elev 1332.0 feet    file: 310024
-------------------------------------------------------------------------------

Line#   Date     Hour   TempF  DewPtF WS(mph)  Rain(in) LW    RH%  WDir_50m WS_50m Inv(ft)
  5  04/02/2020  0400    24.1   20.7     5.8     0.000   0   86.71   30.1   10.1     600
  6  04/02/2020  0500    23.4   20.9     5.3     0.000   5   89.89   33.8    7.6      --
  7  04/02/2020  0600    22.8   22.8     4.8     0.000  10  100.00   41.0    5.2      --
  8  04/02/2020  0700    23.6   22.1     4.2     0.000  10   93.72   59.9    3.0      --
  9  04/02/2020  0800    26.2   26.2     3.7     0.000  10  100.00  118.8    2.0      --
 10  04/02/2020  0900    30.6   28.1     3.1     0.000  10   90.44  165.4    3.5      --
 11  04/02/2020  1000    36.1   28.1     2.6     0.000   5   72.51  179.7    5.8  no_inv
 12  04/02/2020  1100    41.4   28.1     3.9     0.000   0   58.80  194.8    6.5      --
 13  04/02/2020  1200    45.5   25.8     5.2     0.000   0   45.62  206.2    7.6      --
 14  04/02/2020  1300    48.3   27.2     6.6     0.000   0   43.57  214.5    8.9      --
 15  04/02/2020  1400    49.6   28.1     7.9     0.000   0   43.12  220.6   10.4      --
 16  04/02/2020  1500    50.2   28.5     9.2     0.000   0   42.89  225.1   11.9      --
 17  04/02/2020  1600    50.3   28.6    10.6     0.000   0   42.92  228.6   13.5  no_inv
 18  04/02/2020  1700    49.6   28.5    10.9     0.000   0   43.93  245.3   10.1      --
 19  04/02/2020  1800    47.5   28.2    11.4     0.000   0   46.90  273.5    8.2      --
 20  04/02/2020  1900    43.2   28.3    11.8     0.000   0   55.43  305.9    8.9      --
 21  04/02/2020  2000    40.8   26.6    12.1     0.000   0   56.63  328.0   11.7      --
 22  04/02/2020  2100    38.4   25.2    12.6     0.000   0   58.69  340.4   15.5      --
 23  04/02/2020  2200    36.1   24.2    12.9     0.000   0   61.72  347.6   19.8  no_inv
 24  04/02/2020  2300    33.3   24.6    11.7     0.000   0   70.16  345.5   14.3      --
 25  04/03/2020  0000    31.3   24.1    10.4     0.000   0   74.36  340.8    8.8      --
 26  04/03/2020  0100    29.5   23.5     9.2     0.000   0   77.91  321.6    3.6      --
 27  04/03/2020  0200    27.9   22.9     8.0     0.000   0   81.37  210.1    3.1      --
 28  04/03/2020  0300    26.5   23.8     6.7     0.000   5   89.26  186.2    8.2      --
 29  04/03/2020  0400    25.3   23.7     5.5     0.000  10   93.41  180.9   13.7    1144
 30  04/03/2020  0500    24.4   23.3     5.0     0.000  10   95.28  186.2   11.9      --
 31  04/03/2020  0600    23.9   23.0     4.5     0.000  10   96.29  193.2   10.1      --
 32  04/03/2020  0700    24.5   23.6     4.1     0.000  10   96.30  203.0    8.6      --
 33  04/03/2020  0800    26.7   25.8     3.6     0.000  10   96.34  216.4    7.4      --
 34  04/03/2020  0900    30.5   20.4     3.1     0.000   5   65.88  233.3    6.8      --
 35  04/03/2020  1000    35.3   19.4     2.6     0.000   0   51.79  251.8    6.8  no_inv
 36  04/03/2020  1100    40.5   19.1     3.5     0.000   0   41.78  261.8    8.4      --
 37  04/03/2020  1200    45.0   18.9     4.3     0.000   0   34.87  268.6   10.2      --
 38  04/03/2020  1300    48.3   19.4     5.2     0.000   0   31.40  273.2   12.1      --
 39  04/03/2020  1400    50.1   20.1     6.1     0.000   0   30.23  276.7   14.0      --
 40  04/03/2020  1500    51.0   20.8     6.9     0.000   0   30.22  279.3   15.9      --
 41  04/03/2020  1600    51.4   21.6     7.8     0.000   0   30.76  281.3   17.9  no_inv
 42  04/03/2020  1700    51.4   21.6     7.7     0.000   0   30.71  288.9   16.6      --
 43  04/03/2020  1800    47.9   20.8     7.6     0.000   0   33.93  297.6   15.6      --
 44  04/03/2020  1900    40.6   21.0     7.5     0.000   0   45.10  307.3   14.9      --
 45  04/03/2020  2000    36.6   20.9     7.4     0.000   0   52.50  317.5   14.8      --
 46  04/03/2020  2100    34.3   20.9     7.3     0.000   0   57.58  327.6   15.1      --
 47  04/03/2020  2200    31.9   21.0     7.2     0.000   0   63.61  337.1   15.9  no_inv
 48  04/03/2020  2300    29.2   20.9     6.4     0.000   0   70.70  341.1   12.6      --
 49  04/04/2020  0000    27.9   20.8     5.4     0.000   0   74.20  347.8    9.5      --
 50  04/04/2020  0100    26.7   20.5     4.5     0.000   5   77.06    0.6    6.7      --
 51  04/04/2020  0200    25.6   20.5     3.7     0.000  10   80.81   28.0    4.6      --
 52  04/04/2020  0300    24.6   20.6     2.9     0.000  10   84.38   71.6    4.4      --
 53  04/04/2020  0400    23.7   20.6     2.1     0.000  10   87.64  101.1    6.4    1087
 54  04/04/2020  0500    23.1   20.5     2.3     0.000  10   89.76  108.2    6.0      --
 55  04/04/2020  0600    22.5   20.7     2.4     0.000  10   92.66  116.4    5.6      --
 56  04/04/2020  0700    23.5   21.5     2.5     0.000  10   91.84  125.4    5.4      --
 57  04/04/2020  0800    26.4   22.5     2.5     0.000  10   85.12  134.9    5.3      --
 58  04/04/2020  0900    31.2   23.7     2.5     0.000   5   73.44  144.3    5.4      --
 59  04/04/2020  1000    37.2   24.8     2.5     0.000   0   60.35  153.3    5.6    6093
 60  04/04/2020  1100    43.2   25.5     2.4     0.000   0   49.43  146.7    5.2      --
 61  04/04/2020  1200    47.6   25.8     2.3     0.000   0   42.30  138.8    4.8      --
 62  04/04/2020  1300    50.7   25.8     2.3     0.000   0   37.62  129.8    4.5      --
 63  04/04/2020  1400    52.2   25.3     2.2     0.000   0   34.93  119.8    4.3      --
 64  04/04/2020  1500    53.0   24.1     2.1     0.000   0   32.31  109.5    4.3      --
 65  04/04/2020  1600    53.2   22.6     2.0     0.000   0   30.03   99.3    4.4  no_inv
 66  04/04/2020  1700    53.0   21.4     3.6     0.000   0   28.73   74.8    5.3      --
 67  04/04/2020  1800    52.7   21.0     5.2     0.000   0   28.52   59.0    6.8      --
 68  04/04/2020  1900    52.0   22.2     6.9     0.000   0   30.82   49.4    8.6      --
 69  04/04/2020  2000    51.6   22.3     8.5     0.000   0   31.42   43.2   10.6      --
 70  04/04/2020  2100    49.3   23.5    10.1     0.000   0   35.98   39.0   12.6      --
 71  04/04/2020  2200    47.0   24.2    11.8     0.000   0   40.54   36.0   14.7  no_inv
 72  04/04/2020  2300    45.3   26.1    10.1     0.000   0   46.59   36.6   13.0      --
 73  04/05/2020  0000    44.1   27.3     8.5     0.000   0   51.30   37.3   11.3      --
 74  04/05/2020  0100    43.2   26.6     6.9     0.000   0   51.74   38.4    9.6      --
 75  04/05/2020  0200    42.4   25.8     5.3     0.000   0   51.39   39.8    7.9      --
 76  04/05/2020  0300    41.9   25.1     3.6     0.000   0   50.97   42.1    6.2      --
 77  04/05/2020  0400    41.5   23.7     2.0     0.000   0   48.85   46.1    4.5     836
 78  04/05/2020  0500    41.4   23.7     1.9     0.000   0   49.14   49.6    4.3      --
 79  04/05/2020  0600    41.3   23.7     1.9     0.000   0   49.31   53.5    4.1      --
 80  04/05/2020  0700    41.3   23.7     1.8     0.000   0   49.20   57.7    4.0      --
 81  04/05/2020  0800    41.7   23.7     1.8     0.000   0   48.47   62.2    3.8      --
 82  04/05/2020  0900    42.5   29.1     1.7     0.000   0   58.89   66.9    3.7      --
 83  04/05/2020  1000    43.6   29.6     1.6     0.000   0   57.47   72.0    3.6  no_inv
 84  04/05/2020  1100    46.1   29.6     1.6     0.000   0   52.34   76.1    2.5      --
 85  04/05/2020  1200    50.9   29.6     1.6     0.000   0   43.69   86.3    1.5      --
 86  04/05/2020  1300    55.3   29.6     1.5     0.000   0   37.22  132.0    0.6      --
 87  04/05/2020  1400    57.5   29.6     1.5     0.000   0   34.39  209.6    1.1      --
 88  04/05/2020  1500    58.7   29.6     1.5     0.000   0   32.92  226.5    2.1      --
 89  04/05/2020  1600    59.0   29.6     1.4     0.000   0   32.52  232.1    3.2  no_inv
 90  04/05/2020  1700    57.9   29.6     3.4     0.000   0   33.88  296.9    2.5      --
 91  04/05/2020  1800    56.7   29.5     5.4     0.000   0   35.27  336.1    4.6      --
 92  04/05/2020  1900    54.3   31.0     7.3     0.000   0   40.96  348.1    7.4      --
 93  04/05/2020  2000    52.9   31.4     9.3     0.000   0   43.59  353.4   10.4      --
 94  04/05/2020  2100    50.6   30.9    11.3     0.000   0   46.51  356.3   13.5      --
 95  04/05/2020  2200    48.2   29.2    13.2     0.000   0   47.38  358.1   16.5    1456
 96  04/05/2020  2300    46.7   29.0    12.1     0.000   0   49.93  358.8   16.4      --
 97  04/06/2020  0000    45.7   30.5    11.0     0.000   0   55.23  359.5   16.2      --
 98  04/06/2020  0100    44.6   30.9     9.9     0.000   0   58.19    0.3   16.0      --
 99  04/06/2020  0200    43.7   30.8     8.8     0.000   0   60.11    1.0   15.8      --
100  04/06/2020  0300    42.9   30.6     7.7     0.000   0   61.56    1.8   15.6      --
101  04/06/2020  0400    42.2   30.2     6.6     0.000   0   62.11    2.6   15.4     966
102  04/06/2020  0500    41.7   29.9     5.8     0.000   0   62.75  359.3   13.4      --
103  04/06/2020  0600    41.4   29.8     5.2     0.000   0   63.09  354.9   11.5      --
104  04/06/2020  0700    41.7   29.6     4.5     0.000   0   61.74  348.7    9.6      --
105  04/06/2020  0800    42.9   28.1     3.8     0.000   0   55.57  339.7    7.9      --
106  04/06/2020  0900    44.9   27.8     3.1     0.000   0   50.83  326.4    6.5      --
107  04/06/2020  1000    47.6   27.5     2.4     0.000   0   45.21  307.5    5.6  no_inv
108  04/06/2020  1100    50.9   27.1     3.2     0.000   0   39.47  308.3    7.5      --
109  04/06/2020  1200    55.0   26.8     4.1     0.000   0   33.49  308.7    9.4      --
110  04/06/2020  1300    58.3   27.2     4.9     0.000   0   30.24  309.0   11.3      --
111  04/06/2020  1400    60.0   27.7     5.7     0.000   0   29.14  309.2   13.2      --
112  04/06/2020  1500    60.7   28.4     6.6     0.000   0   29.13  309.4   15.2      --
113  04/06/2020  1600    61.1   29.1     7.4     0.000   0   29.66  309.5   17.1    8452
114  04/06/2020  1700    61.0   29.1     8.9     0.000   0   29.71  316.8   17.0      --
115  04/06/2020  1800    58.1   28.2    10.3     0.000   0   31.80  324.0   17.3      --
116  04/06/2020  1900    52.2   27.8    11.8     0.000   0   38.78  330.9   17.8      --
117  04/06/2020  2000    48.9   26.3    13.3     0.000   0   41.16  337.3   18.5      --
118  04/06/2020  2100    46.5   25.9    14.7     0.000   0   44.08  343.2   19.5      --
119  04/06/2020  2200    44.2   25.8    16.2     0.000   0   47.96  348.4   20.6    5357
120  04/06/2020  2300    42.0   25.6    15.9     0.000   0   51.86  338.7   17.9      --
121  04/07/2020  0000    41.1   25.5    15.7     0.000   0   53.54  326.0   15.8      --
122  04/07/2020  0100    40.1   25.5    15.4     0.000   0   55.41  310.4   14.7      --
123  04/07/2020  0200    39.2   25.4    15.2     0.000   0   57.37  293.8   14.8      --
124  04/07/2020  0300    38.2   25.4    14.9     0.000   0   59.37  278.7   16.1      --
125  04/07/2020  0400    37.4   25.3    14.7     0.000   0   61.35  266.5   18.3     515
126  04/07/2020  0500    36.7   25.4    12.7     0.000   0   63.25  268.2   16.3      --
127  04/07/2020  0600    36.2   26.9    10.8     0.000   0   68.56  270.4   14.2      --
128  04/07/2020  0700    36.9   27.5     8.8     0.000   0   68.53  273.4   12.2      --
129  04/07/2020  0800    38.9   26.6     6.9     0.000   0   60.86  277.5   10.2      --
130  04/07/2020  0900    42.4   26.6     4.9     0.000   0   53.28  283.5    8.4      --
131  04/07/2020  1000    46.9   26.6     3.0     0.000   0   44.84  292.8    6.6    5356
132  04/07/2020  1100    51.9   26.6     4.8     0.000   0   37.21  305.4    8.0      --
133  04/07/2020  1200    56.9   26.3     6.6     0.000   0   30.62  313.9    9.7      --
134  04/07/2020  1300    60.8   26.9     8.4     0.000   0   27.35  319.9   11.5      --
135  04/07/2020  1400    62.9   27.4    10.2     0.000   0   25.95  324.2   13.4      --
136  04/07/2020  1500    63.9   27.5    12.1     0.000   0   25.08  327.4   15.3      --
137  04/07/2020  1600    64.4   27.2    13.9     0.000   0   24.37  329.9   17.3    7764
138  04/07/2020  1700    64.6   27.1    14.2     0.000   0   24.12  334.2   17.6      --
139  04/07/2020  1800    61.2   26.7    14.6     0.000   0   26.70  338.3   17.9      --
140  04/07/2020  1900    54.4   26.3    14.9     0.000   0   33.45  342.3   18.3      --
141  04/07/2020  2000    50.7   25.8    15.3     0.000   0   37.60  346.0   18.8      --
142  04/07/2020  2100    48.3   25.3    15.7     0.000   0   40.16  349.6   19.4      --
143  04/07/2020  2200    46.0   24.8    16.0     0.000   0   43.01  352.9   20.0     842
144  04/07/2020  2300    43.1   24.3    13.9     0.000   0   47.09  356.6   17.4      --
145  04/08/2020  0000    41.8   25.1    11.8     0.000   0   51.21    1.5   14.9      --
146  04/08/2020  0100    40.5   25.0     9.7     0.000   0   53.76    8.3   12.5      --
147  04/08/2020  0200    39.2   25.5     7.7     0.000   0   57.55   18.1   10.3      --
148  04/08/2020  0300    38.1   26.2     5.6     0.000   0   62.06   32.4    8.6      --
149  04/08/2020  0400    37.1   26.8     3.5     0.000   0   65.97   51.7    7.7     668
150  04/08/2020  0500    36.2   27.1     3.1     0.000   0   69.20   55.3    6.0      --
151  04/08/2020  0600    35.8   27.6     2.8     0.000   0   71.92   61.6    4.4      --
152  04/08/2020  0700    36.7   27.6     2.5     0.000   0   69.35   74.8    2.9      --
153  04/08/2020  0800    39.2   27.8     2.1     0.000   0   63.18  108.9    1.8      --
154  04/08/2020  0900    43.3   27.8     1.8     0.000   0   53.83  162.2    2.0      --
155  04/08/2020  1000    48.7   27.8     1.5     0.000   0   44.00  188.2    3.3    5299
156  04/08/2020  1100    54.3   27.8     1.6     0.000   0   35.70  201.4    3.2      --
157  04/08/2020  1200    59.3   27.8     1.7     0.000   0   29.85  215.0    3.2      --
158  04/08/2020  1300    63.1   27.8     1.8     0.000   0   26.11  227.6    3.4      --
159  04/08/2020  1400    65.1   27.8     1.9     0.000   0   24.36  238.2    3.8      --
160  04/08/2020  1500    66.1   27.8     2.0     0.000   0   23.53  246.8    4.2      --
161  04/08/2020  1600    66.6   27.8     2.1     0.000   0   23.12  253.5    4.8    7307
162  04/08/2020  1700    66.7   27.8     3.2     0.000   0   23.03  298.1    4.5      --
163  04/08/2020  1800    63.2   27.8     4.2     0.000   0   25.98  329.3    6.5      --
164  04/08/2020  1900    56.2   27.9     5.2     0.000   0   33.55  343.5    9.4      --
165  04/08/2020  2000    52.3   28.5     6.2     0.000   0   39.74  350.8   12.7      --
166  04/08/2020  2100    50.0   29.2     7.2     0.000   0   44.54  355.0   16.0      --
167  04/08/2020  2200    47.6   29.8     8.2     0.000   0   49.70  357.8   19.4     847
