  Generated by FoxLW on Thursday April 2, 2020 at 02:32 PDT
-------------------------------------------------------------------------------
  Konnowac Pass
  46.4700:-120.3800  (46 28' 12.00"N  120 22' 48.00"W)  elev 872.7 feet    file: 310027
-------------------------------------------------------------------------------

Line#   Date     Hour   TempF  DewPtF WS(mph)  Rain(in) LW    RH%  WDir_50m WS_50m Inv(ft)
  5  04/02/2020  0400    26.9   23.2     3.6     0.000  10   85.77   31.2    7.8     692
  6  04/02/2020  0500    26.3   23.4     3.5     0.000  10   88.38   40.9    6.2      --
  7  04/02/2020  0600    25.9   25.9     3.4     0.000  10  100.00   57.0    4.8      --
  8  04/02/2020  0700    26.7   26.7     3.3     0.000  10  100.00   81.9    4.0      --
  9  04/02/2020  0800    29.2   29.2     3.2     0.000  10  100.00  110.4    4.2      --
 10  04/02/2020  0900    33.3   29.5     3.2     0.000   5   85.57  131.7    5.3      --
 11  04/02/2020  1000    38.3   29.5     3.1     0.000   0   70.16  144.8    6.8  no_inv
 12  04/02/2020  1100    42.5   29.5     3.6     0.000   0   59.71  160.4    6.2      --
 13  04/02/2020  1200    44.9   27.4     4.1     0.000   0   50.09  177.6    6.2      --
 14  04/02/2020  1300    46.7   28.8     4.6     0.000   0   49.44  193.7    6.7      --
 15  04/02/2020  1400    47.6   29.6     5.1     0.000   0   49.40  206.7    7.6      --
 16  04/02/2020  1500    48.3   30.0     5.6     0.000   0   49.08  216.5    8.8      --
 17  04/02/2020  1600    48.7   30.3     6.1     0.000   0   48.83  223.8   10.2  no_inv
 18  04/02/2020  1700    48.8   30.3     6.9     0.000   0   48.57  240.4    7.3      --
 19  04/02/2020  1800    47.5   29.9     7.8     0.000   0   50.35  271.5    5.7      --
 20  04/02/2020  1900    44.8   30.2     8.6     0.000   0   56.52  308.1    6.4      --
 21  04/02/2020  2000    43.2   29.6     9.5     0.000   0   58.20  330.8    8.8      --
 22  04/02/2020  2100    40.9   28.2    10.3     0.000   0   60.20  342.5   12.0      --
 23  04/02/2020  2200    38.6   26.8    11.1     0.000   0   62.25  349.2   15.5  no_inv
 24  04/02/2020  2300    36.0   26.0    10.1     0.000   0   66.85  352.3   14.7      --
 25  04/03/2020  0000    34.0   25.0     9.0     0.000   0   69.18  355.8   14.0      --
 26  04/03/2020  0100    32.2   24.3     7.9     0.000   0   72.27  359.7   13.3      --
 27  04/03/2020  0200    30.6   25.9     6.8     0.000   0   82.19    3.9   12.7      --
 28  04/03/2020  0300    29.3   26.5     5.7     0.000   5   89.03    8.6   12.1      --
 29  04/03/2020  0400    28.1   26.3     4.6     0.000  10   92.67   13.7   11.6     700
 30  04/03/2020  0500    27.3   26.4     4.1     0.000  10   96.35   12.4    9.3      --
 31  04/03/2020  0600    26.8   25.9     3.5     0.000  10   96.34   10.2    6.9      --
 32  04/03/2020  0700    27.4   26.5     2.9     0.000  10   96.35    5.9    4.6      --
 33  04/03/2020  0800    29.4   28.5     2.4     0.000  10   96.38  353.0    2.4      --
 34  04/03/2020  0900    32.9   23.1     1.8     0.000   5   66.87  276.7    1.1      --
 35  04/03/2020  1000    37.5   19.9     1.2     0.000   0   48.50  220.6    2.8  no_inv
 36  04/03/2020  1100    42.5   19.6     2.2     0.000   0   39.48  261.4    4.5      --
 37  04/03/2020  1200    47.1   19.4     3.2     0.000   0   32.84  276.4    7.1      --
 38  04/03/2020  1300    50.6   20.0     4.1     0.000   0   29.56  283.1    9.9      --
 39  04/03/2020  1400    52.5   20.7     5.1     0.000   0   28.48  286.8   12.7      --
 40  04/03/2020  1500    53.4   21.6     6.0     0.000   0   28.53  289.2   15.6      --
 41  04/03/2020  1600    53.8   22.4     7.0     0.000   0   29.11  290.8   18.6  no_inv
 42  04/03/2020  1700    53.9   22.4     6.7     0.000   0   29.04  296.0   17.1      --
 43  04/03/2020  1800    50.4   21.6     6.4     0.000   0   31.88  302.3   15.7      --
 44  04/03/2020  1900    43.2   21.4     6.2     0.000   0   41.50  309.5   14.6      --
 45  04/03/2020  2000    39.3   21.3     5.9     0.000   0   48.13  317.9   13.8      --
 46  04/03/2020  2100    36.9   21.2     5.6     0.000   0   52.63  327.1   13.2      --
 47  04/03/2020  2200    34.6   21.2     5.3     0.000   0   57.73  336.7   13.1  no_inv
 48  04/03/2020  2300    32.1   21.2     4.9     0.000   0   63.64  331.5   11.3      --
 49  04/04/2020  0000    31.2   21.2     4.4     0.000   0   66.06  324.4    9.6      --
 50  04/04/2020  0100    30.2   21.2     3.9     0.000   0   68.70  314.6    8.1      --
 51  04/04/2020  0200    29.2   21.2     3.5     0.000   0   71.46  301.0    7.0      --
 52  04/04/2020  0300    28.3   21.2     3.0     0.000   0   74.21  283.7    6.4      --
 53  04/04/2020  0400    27.5   21.2     2.5     0.000   5   76.87  264.8    6.5     766
 54  04/04/2020  0500    26.7   21.2     2.5     0.000  10   79.34  256.4    4.9      --
 55  04/04/2020  0600    26.2   21.2     2.5     0.000  10   81.04  241.3    3.6      --
 56  04/04/2020  0700    27.1   21.2     2.4     0.000  10   78.11  213.5    2.8      --
 57  04/04/2020  0800    29.8   21.2     2.4     0.000   5   69.96  177.8    2.9      --
 58  04/04/2020  0900    34.2   20.2     2.4     0.000   0   56.20  153.1    3.9      --
 59  04/04/2020  1000    39.6   20.0     2.4     0.000   0   45.06  139.9    5.3    6822
 60  04/04/2020  1100    44.5   19.9     2.2     0.000   0   37.04  133.6    4.7      --
 61  04/04/2020  1200    47.4   19.8     2.1     0.000   0   32.97  125.5    4.2      --
 62  04/04/2020  1300    49.7   19.6     2.0     0.000   0   30.10  115.5    3.8      --
 63  04/04/2020  1400    51.0   19.5     1.8     0.000   0   28.62  103.6    3.5      --
 64  04/04/2020  1500    51.8   19.5     1.7     0.000   0   27.68   90.3    3.4      --
 65  04/04/2020  1600    52.3   19.5     1.6     0.000   0   27.09   77.0    3.5  no_inv
 66  04/04/2020  1700    52.7   19.6     1.9     0.000   0   26.90   63.3    3.9      --
 67  04/04/2020  1800    52.3   20.0     2.2     0.000   0   27.81   52.9    4.6      --
 68  04/04/2020  1900    51.4   19.6     2.6     0.000   0   28.25   45.1    5.3      --
 69  04/04/2020  2000    50.6   19.6     2.9     0.000   0   29.17   39.3    6.1      --
 70  04/04/2020  2100    49.7   19.6     3.2     0.000   0   30.13   34.9    6.9      --
 71  04/04/2020  2200    48.8   19.6     3.6     0.000   0   31.12   31.5    7.8  no_inv
 72  04/04/2020  2300    47.3   19.6     3.2     0.000   0   32.94   32.8    7.0      --
 73  04/05/2020  0000    46.3   19.6     2.9     0.000   0   34.24   34.3    6.2      --
 74  04/05/2020  0100    45.5   19.6     2.5     0.000   0   35.31   36.4    5.5      --
 75  04/05/2020  0200    44.8   19.6     2.2     0.000   0   36.15   39.0    4.7      --
 76  04/05/2020  0300    44.4   19.6     1.8     0.000   0   36.74   42.8    3.9      --
 77  04/05/2020  0400    44.2   19.6     1.4     0.000   0   37.08   48.3    3.2    1217
 78  04/05/2020  0500    44.1   19.6     1.2     0.000   0   37.17   50.5    2.6      --
 79  04/05/2020  0600    44.1   19.6     1.1     0.000   0   37.22   53.9    2.0      --
 80  04/05/2020  0700    44.1   19.6     0.9     0.000   0   37.20   59.9    1.5      --
 81  04/05/2020  0800    44.3   19.6     0.7     0.000   0   36.88   72.8    1.0      --
 82  04/05/2020  0900    44.8   25.0     0.5     0.000   0   45.50  108.1    0.6      --
 83  04/05/2020  1000    45.5   30.4     0.3     0.000   0   55.29  164.5    0.7  no_inv
 84  04/05/2020  1100    47.4   31.1     0.5     0.000   0   52.83  207.8    0.7      --
 85  04/05/2020  1200    52.0   31.1     0.6     0.000   0   44.62  235.4    1.0      --
 86  04/05/2020  1300    56.5   31.1     0.8     0.000   0   37.77  248.4    1.4      --
 87  04/05/2020  1400    58.9   31.1     0.9     0.000   0   34.68  255.2    1.9      --
 88  04/05/2020  1500    60.2   31.1     1.1     0.000   0   33.04  259.3    2.3      --
 89  04/05/2020  1600    60.7   31.1     1.3     0.000   0   32.53  262.0    2.8  no_inv
 90  04/05/2020  1700    59.7   31.1     3.5     0.000   0   33.72  309.2    4.1      --
 91  04/05/2020  1800    58.3   31.1     5.8     0.000   0   35.43  327.1    6.7      --
 92  04/05/2020  1900    55.5   32.8     8.0     0.000   0   42.13  334.8    9.6      --
 93  04/05/2020  2000    53.9   32.6    10.3     0.000   0   44.13  338.9   12.5      --
 94  04/05/2020  2100    51.6   30.5    12.5     0.000   0   44.17  341.4   15.5      --
 95  04/05/2020  2200    49.2   30.3    14.8     0.000   0   47.77  343.1   18.5    1417
 96  04/05/2020  2300    47.8   30.0    13.7     0.000   0   49.91  344.9   19.2      --
 97  04/06/2020  0000    46.9   29.9    12.6     0.000   0   51.30  346.6   19.9      --
 98  04/06/2020  0100    46.0   31.2    11.4     0.000   0   56.02  348.1   20.5      --
 99  04/06/2020  0200    45.1   31.5    10.3     0.000   0   58.48  349.6   21.3      --
100  04/06/2020  0300    44.4   31.5     9.2     0.000   0   60.25  351.0   22.0      --
101  04/06/2020  0400    43.7   31.5     8.1     0.000   0   61.71  352.2   22.7     639
102  04/06/2020  0500    43.2   31.3     7.1     0.000   0   62.62  350.7   19.7      --
103  04/06/2020  0600    42.9   31.1     6.2     0.000   0   63.00  348.6   16.6      --
104  04/06/2020  0700    43.3   31.1     5.2     0.000   0   61.83  345.6   13.6      --
105  04/06/2020  0800    44.5   31.1     4.2     0.000   0   59.00  340.9   10.6      --
106  04/06/2020  0900    46.6   28.5     3.2     0.000   0   48.96  332.6    7.7      --
107  04/06/2020  1000    49.4   28.1     2.3     0.000   0   43.40  315.7    5.2  no_inv
108  04/06/2020  1100    52.6   27.8     2.8     0.000   0   38.05  310.6    6.7      --
109  04/06/2020  1200    55.5   27.4     3.4     0.000   0   33.77  307.4    8.2      --
110  04/06/2020  1300    58.0   27.1     4.0     0.000   0   30.53  305.1    9.7      --
111  04/06/2020  1400    59.5   26.9     4.5     0.000   0   28.69  303.5   11.2      --
112  04/06/2020  1500    60.4   26.8     5.1     0.000   0   27.60  302.3   12.8      --
113  04/06/2020  1600    61.1   26.8     5.7     0.000   0   26.90  301.3   14.3    8823
114  04/06/2020  1700    61.5   26.7     7.1     0.000   0   26.51  311.0   13.9      --
115  04/06/2020  1800    59.1   26.7     8.5     0.000   0   28.80  321.0   13.9      --
116  04/06/2020  1900    54.3   28.7     9.9     0.000   0   37.14  330.6   14.4      --
117  04/06/2020  2000    51.6   28.2    11.3     0.000   0   40.14  339.5   15.2      --
118  04/06/2020  2100    49.3   26.5    12.7     0.000   0   40.91  347.3   16.3      --
119  04/06/2020  2200    47.0   26.5    14.1     0.000   0   44.53  354.0   17.7    3650
120  04/06/2020  2300    44.6   26.4    13.7     0.000   0   48.53    3.4   14.7      --
121  04/07/2020  0000    43.5   26.3    13.3     0.000   0   50.53   17.1   12.3      --
122  04/07/2020  0100    42.3   26.3    12.9     0.000   0   52.73   36.0   10.8      --
123  04/07/2020  0200    41.1   26.2    12.5     0.000   0   55.02   57.4   10.8      --
124  04/07/2020  0300    40.1   26.2    12.1     0.000   0   57.31   76.4   12.2      --
125  04/07/2020  0400    39.1   27.6    11.7     0.000   0   63.18   90.3   14.6     204
126  04/07/2020  0500    38.2   28.2     9.9     0.000   0   66.84   90.8   11.9      --
127  04/07/2020  0600    37.7   28.2     8.1     0.000   0   68.23   91.5    9.1      --
128  04/07/2020  0700    38.4   27.7     6.2     0.000   0   65.09   92.9    6.4      --
129  04/07/2020  0800    40.4   26.3     4.4     0.000   0   56.71   96.2    3.7      --
130  04/07/2020  0900    43.8   26.5     2.6     0.000   0   50.30  117.0    1.0      --
131  04/07/2020  1000    48.3   26.5     0.8     0.000   0   42.37  252.8    1.9    7206
132  04/07/2020  1100    53.5   26.5     2.9     0.000   0   35.04  306.8    3.4      --
133  04/07/2020  1200    58.9   26.5     5.0     0.000   0   28.71  321.8    5.9      --
134  04/07/2020  1300    63.2   27.1     7.0     0.000   0   25.29  327.7    8.5      --
135  04/07/2020  1400    65.6   27.7     9.1     0.000   0   23.88  330.8   11.2      --
136  04/07/2020  1500    66.8   27.9    11.2     0.000   0   23.14  332.7   13.9      --
137  04/07/2020  1600    67.4   27.6    13.2     0.000   0   22.31  334.0   16.6    9066
138  04/07/2020  1700    67.6   27.5    13.5     0.000   0   22.04  336.2   16.9      --
139  04/07/2020  1800    64.3   27.1    13.8     0.000   0   24.33  338.3   17.2      --
140  04/07/2020  1900    57.5   26.6    14.1     0.000   0   30.41  340.4   17.5      --
141  04/07/2020  2000    53.8   26.2    14.3     0.000   0   34.18  342.4   17.8      --
142  04/07/2020  2100    51.4   25.7    14.6     0.000   0   36.53  344.3   18.2      --
143  04/07/2020  2200    49.1   25.4    14.9     0.000   0   39.37  346.2   18.6    1038
144  04/07/2020  2300    45.1   25.1    12.9     0.000   0   45.20  349.6   16.2      --
145  04/08/2020  0000    42.8   26.3    11.0     0.000   0   51.85  354.1   13.9      --
146  04/08/2020  0100    40.5   26.6     9.0     0.000   0   57.32    0.4   11.7      --
147  04/08/2020  0200    38.5   26.9     7.1     0.000   0   62.73    9.4    9.8      --
148  04/08/2020  0300    36.7   27.3     5.1     0.000   0   68.31   22.4    8.1      --
149  04/08/2020  0400    35.2   27.5     3.2     0.000   0   73.27   40.4    7.1     349
150  04/08/2020  0500    34.0   27.9     2.9     0.000   0   78.13   44.0    5.6      --
151  04/08/2020  0600    33.4   27.9     2.6     0.000   0   80.02   50.2    4.1      --
152  04/08/2020  0700    34.5   27.9     2.3     0.000   0   76.63   63.1    2.7      --
153  04/08/2020  0800    37.5   30.7     2.0     0.000   0   76.25   95.8    1.7      --
154  04/08/2020  0900    42.3   30.7     1.6     0.000   0   63.14  148.6    1.8      --
155  04/08/2020  1000    48.5   30.7     1.3     0.000   0   49.89  175.6    3.0    5678
156  04/08/2020  1100    55.1   30.7     1.3     0.000   0   39.19  183.0    2.5      --
157  04/08/2020  1200    60.5   30.7     1.2     0.000   0   32.18  193.6    2.1      --
158  04/08/2020  1300    64.8   30.7     1.1     0.000   0   27.77  208.9    1.7      --
159  04/08/2020  1400    67.0   30.7     1.0     0.000   0   25.68  228.8    1.6      --
160  04/08/2020  1500    68.2   30.7     0.9     0.000   0   24.68  249.8    1.7      --
161  04/08/2020  1600    68.8   30.7     0.9     0.000   0   24.15  267.1    1.9    7356
162  04/08/2020  1700    69.0   30.7     1.8     0.000   0   24.00  334.3    3.1      --
163  04/08/2020  1800    65.6   30.7     2.7     0.000   0   26.94  352.3    5.7      --
164  04/08/2020  1900    58.8   30.7     3.7     0.000   0   34.30  358.7    8.5      --
165  04/08/2020  2000    55.0   30.7     4.6     0.000   0   39.31    1.9   11.4      --
166  04/08/2020  2100    52.6   31.0     5.5     0.000   0   43.41    3.8   14.3      --
167  04/08/2020  2200    50.3   31.6     6.4     0.000   0   48.53    5.1   17.2     927
