  Generated by FoxLW on Thursday April 2, 2020 at 02:32 PDT
-------------------------------------------------------------------------------
  Cowiche
  46.6600:-120.7000  (46 39' 36.00"N  120 42' 0.00"W)  elev 1692.9 feet    file: 310137
-------------------------------------------------------------------------------

Line#   Date     Hour   TempF  DewPtF WS(mph)  Rain(in) LW    RH%  WDir_50m WS_50m Inv(ft)
  5  04/02/2020  0400    28.6   22.8     2.7     0.000  10   78.60  273.4    6.2     595
  6  04/02/2020  0500    28.1   22.9     2.9     0.000  10   80.41  257.1    4.6      --
  7  04/02/2020  0600    27.8   26.0     3.1     0.000  10   93.02  228.2    3.6      --
  8  04/02/2020  0700    28.2   26.0     3.3     0.000  10   91.44  193.8    3.9      --
  9  04/02/2020  0800    29.6   26.0     3.5     0.000  10   86.11  171.0    5.3      --
 10  04/02/2020  0900    32.3   26.8     3.8     0.000   5   79.69  158.6    7.1      --
 11  04/02/2020  1000    34.8   28.1     4.0     0.010   0   76.27  151.4    9.1  no_inv
 12  04/02/2020  1100    38.8   26.0     3.6     0.000   0   59.69  154.1    7.2      --
 13  04/02/2020  1200    41.5   26.0     3.2     0.000   0   53.77  158.8    5.3      --
 14  04/02/2020  1300    43.6   26.0     2.7     0.000   0   49.60  168.6    3.4      --
 15  04/02/2020  1400    44.7   26.0     2.3     0.000   0   47.54  196.5    1.9      --
 16  04/02/2020  1500    45.5   26.0     1.9     0.000   0   46.19  260.6    1.8      --
 17  04/02/2020  1600    45.9   26.0     1.5     0.000   0   45.43  292.7    3.2  no_inv
 18  04/02/2020  1700    46.0   26.0     2.4     0.000   0   45.32  306.6    4.7      --
 19  04/02/2020  1800    43.4   26.0     3.3     0.000   0   50.01  313.7    6.3      --
 20  04/02/2020  1900    38.1   26.0     4.3     0.000   0   61.37  317.9    8.0      --
 21  04/02/2020  2000    35.2   26.0     5.2     0.000   0   68.88  320.6    9.7      --
 22  04/02/2020  2100    32.9   25.7     6.1     0.000   0   74.74  322.5   11.4      --
 23  04/02/2020  2200    30.5   24.9     7.1     0.000   0   79.19  323.9   13.2     802
 24  04/02/2020  2300    29.4   24.9     6.2     0.000   0   83.12  325.4   11.6      --
 25  04/03/2020  0000    28.9   25.1     5.3     0.000   5   85.69  327.4   10.1      --
 26  04/03/2020  0100    28.3   26.0     4.5     0.000  10   91.14  330.2    8.6      --
 27  04/03/2020  0200    27.6   26.0     3.7     0.000  10   93.69  334.0    7.1      --
 28  04/03/2020  0300    26.9   26.0     2.8     0.000  10   96.34  340.0    5.6      --
 29  04/03/2020  0400    26.2   25.4     1.9     0.000  10   96.33  349.7    4.3     315
 30  04/03/2020  0500    25.6   24.7     2.0     0.000  10   96.32  337.9    3.2      --
 31  04/03/2020  0600    25.1   24.2     2.0     0.000  10   96.31  315.2    2.3      --
 32  04/03/2020  0700    25.7   24.8     2.1     0.000  10   96.32  278.9    2.1      --
 33  04/03/2020  0800    27.5   26.0     2.1     0.000  10   93.96  248.2    2.7      --
 34  04/03/2020  0900    30.7   21.9     2.2     0.000   5   69.51  231.6    3.7      --
 35  04/03/2020  1000    34.9   21.9     2.2     0.000   0   58.71  222.6    4.9    3912
 36  04/03/2020  1100    39.5   21.9     3.4     0.000   0   48.93  249.7    6.7      --
 37  04/03/2020  1200    43.9   21.9     4.6     0.000   0   41.25  263.4    9.4      --
 38  04/03/2020  1300    47.3   22.6     5.8     0.000   0   37.44  270.9   12.3      --
 39  04/03/2020  1400    48.9   23.2     7.1     0.000   0   36.09  275.4   15.4      --
 40  04/03/2020  1500    49.8   24.0     8.3     0.000   0   36.18  278.4   18.5      --
 41  04/03/2020  1600    50.1   24.7     9.5     0.000   0   36.79  280.6   21.6  no_inv
 42  04/03/2020  1700    50.1   24.7     8.3     0.000   0   36.85  277.0   17.7      --
 43  04/03/2020  1800    46.5   23.9     7.1     0.000   0   40.70  271.6   13.9      --
 44  04/03/2020  1900    39.3   23.7     5.9     0.000   0   53.20  262.1   10.3      --
 45  04/03/2020  2000    35.3   23.6     4.6     0.000   0   62.06  243.7    7.2      --
 46  04/03/2020  2100    32.9   23.6     3.4     0.000   0   68.14  209.3    5.7      --
 47  04/03/2020  2200    30.6   23.6     2.2     0.000   0   74.90  172.5    6.8    3702
 48  04/03/2020  2300    29.2   23.6     2.3     0.000   5   79.21  182.0    5.0      --
 49  04/04/2020  0000    29.2   23.6     2.4     0.000  10   79.39  201.6    3.4      --
 50  04/04/2020  0100    29.0   23.6     2.5     0.000  10   80.03  240.5    2.7      --
 51  04/04/2020  0200    28.7   23.6     2.5     0.000  10   81.02  278.8    3.4      --
 52  04/04/2020  0300    28.3   23.6     2.6     0.000  10   82.29  298.0    5.0      --
 53  04/04/2020  0400    27.9   23.6     2.7     0.000  10   83.77  307.2    6.9     674
 54  04/04/2020  0500    27.4   23.6     2.6     0.000  10   85.42  307.5    5.0      --
 55  04/04/2020  0600    27.0   23.6     2.5     0.000  10   86.81  308.0    3.0      --
 56  04/04/2020  0700    27.4   23.6     2.4     0.000  10   85.50  310.5    1.1      --
 57  04/04/2020  0800    28.6   23.6     2.3     0.000  10   81.06  122.0    0.9      --
 58  04/04/2020  0900    31.0   20.0     2.2     0.000   5   63.31  125.2    2.8      --
 59  04/04/2020  1000    34.1   20.0     2.2     0.000   0   55.70  125.8    4.8    4369
 60  04/04/2020  1100    38.2   20.0     2.1     0.000   0   47.48  124.6    4.6      --
 61  04/04/2020  1200    43.1   20.0     2.0     0.000   0   39.22  123.2    4.4      --
 62  04/04/2020  1300    47.0   20.0     1.9     0.000   0   33.85  121.8    4.2      --
 63  04/04/2020  1400    48.8   20.0     1.8     0.000   0   31.57  120.1    4.0      --
 64  04/04/2020  1500    49.8   20.0     1.7     0.000   0   30.42  118.3    3.8      --
 65  04/04/2020  1600    50.2   20.0     1.6     0.000   0   30.00  116.4    3.6  no_inv
 66  04/04/2020  1700    49.8   20.1     2.7     0.000   0   30.57   88.2    3.9      --
 67  04/04/2020  1800    49.4   20.4     3.8     0.000   0   31.51   68.2    5.0      --
 68  04/04/2020  1900    48.5   20.0     4.9     0.000   0   32.01   56.1    6.4      --
 69  04/04/2020  2000    48.1   21.2     6.0     0.000   0   34.29   48.7    8.0      --
 70  04/04/2020  2100    45.7   23.2     7.1     0.000   0   40.59   43.8    9.7      --
 71  04/04/2020  2200    43.4   25.4     8.2     0.000   0   48.75   40.3   11.4     431
 72  04/04/2020  2300    42.2   26.3     8.0     0.000   0   52.94   40.8   11.5      --
 73  04/05/2020  0000    41.4   26.7     7.8     0.000   0   55.55   41.3   11.5      --
 74  04/05/2020  0100    40.8   26.9     7.7     0.000   0   57.51   41.8   11.6      --
 75  04/05/2020  0200    40.2   26.9     7.5     0.000   0   58.72   42.3   11.6      --
 76  04/05/2020  0300    39.8   26.7     7.3     0.000   0   59.14   42.8   11.7      --
 77  04/05/2020  0400    39.5   26.3     7.1     0.000   0   58.77   43.3   11.8  no_inv
 78  04/05/2020  0500    39.3   24.3     6.4     0.000   0   54.59   47.2   10.7      --
 79  04/05/2020  0600    39.2   22.7     5.8     0.000   0   51.15   52.0    9.7      --
 80  04/05/2020  0700    39.2   20.4     5.1     0.000   0   46.28   57.7    8.8      --
 81  04/05/2020  0800    39.6   20.0     4.4     0.000   0   45.10   64.7    8.0      --
 82  04/05/2020  0900    40.2   25.5     3.8     0.000   0   55.33   73.1    7.3      --
 83  04/05/2020  1000    41.1   30.9     3.1     0.000   0   66.70   82.9    6.9  no_inv
 84  04/05/2020  1100    43.0   31.4     3.0     0.000   0   63.52   82.3    4.8      --
 85  04/05/2020  1200    46.1   31.4     2.8     0.000   0   56.43   80.8    2.8      --
 86  04/05/2020  1300    49.0   31.4     2.7     0.000   0   50.59   71.2    0.8      --
 87  04/05/2020  1400    50.8   31.4     2.6     0.000   0   47.20  271.9    1.3      --
 88  04/05/2020  1500    52.1   31.4     2.5     0.000   0   45.02  267.3    3.3      --
 89  04/05/2020  1600    52.9   31.4     2.4     0.000   0   43.76  266.2    5.4  no_inv
 90  04/05/2020  1700    52.8   31.4     3.4     0.000   0   43.95  285.4    6.6      --
 91  04/05/2020  1800    51.5   31.4     4.5     0.000   0   46.01  297.6    8.4      --
 92  04/05/2020  1900    49.0   31.7     5.5     0.000   0   51.04  305.4   10.4      --
 93  04/05/2020  2000    47.6   31.9     6.6     0.000   0   54.31  310.6   12.5      --
 94  04/05/2020  2100    45.2   33.5     7.6     0.000   0   63.29  314.3   14.7      --
 95  04/05/2020  2200    42.9   36.7     8.7     0.010   0   78.53  317.0   16.9     487
 96  04/05/2020  2300    42.1   35.7     8.4     0.000   0   77.66  316.9   17.1      --
 97  04/06/2020  0000    41.7   34.8     8.2     0.000   0   76.47  316.7   17.3      --
 98  04/06/2020  0100    41.2   34.0     8.0     0.000   0   75.54  316.6   17.5      --
 99  04/06/2020  0200    40.7   33.4     7.8     0.000   0   75.16  316.5   17.7      --
100  04/06/2020  0300    40.2   32.9     7.6     0.000   0   75.16  316.3   17.9      --
101  04/06/2020  0400    39.7   32.6     7.3     0.000   0   75.49  316.2   18.1     553
102  04/06/2020  0500    38.8   31.5     6.6     0.000   0   74.80  316.5   16.4      --
103  04/06/2020  0600    38.7   31.8     5.8     0.000   0   76.11  316.9   14.8      --
104  04/06/2020  0700    39.1   31.9     5.1     0.000   0   75.09  317.4   13.1      --
105  04/06/2020  0800    40.4   32.3     4.3     0.000   0   72.64  318.0   11.4      --
106  04/06/2020  0900    42.4   29.2     3.6     0.000   0   59.37  318.9    9.7      --
107  04/06/2020  1000    46.4   27.7     2.8     0.000   0   47.80  320.1    8.1  no_inv
108  04/06/2020  1100    50.0   27.7     3.7     0.000   0   41.84  317.8    9.9      --
109  04/06/2020  1200    53.8   27.5     4.5     0.000   0   36.06  316.2   11.8      --
110  04/06/2020  1300    56.8   28.3     5.3     0.000   0   33.40  315.1   13.7      --
111  04/06/2020  1400    58.2   28.9     6.1     0.000   0   32.56  314.2   15.5      --
112  04/06/2020  1500    58.9   29.6     6.9     0.000   0   32.62  313.6   17.4      --
113  04/06/2020  1600    59.2   30.2     7.7     0.000   0   33.13  313.0   19.3    8022
114  04/06/2020  1700    59.1   30.2     7.8     0.000   0   33.19  313.9   19.2      --
115  04/06/2020  1800    55.8   29.5     7.9     0.000   0   36.30  314.8   19.1      --
116  04/06/2020  1900    49.1   29.5     8.0     0.000   0   46.61  315.8   19.0      --
117  04/06/2020  2000    45.3   28.7     8.2     0.000   0   51.89  316.7   18.9      --
118  04/06/2020  2100    43.0   27.5     8.3     0.000   0   53.97  317.6   18.8      --
119  04/06/2020  2200    40.7   26.7     8.4     0.000   0   57.21  318.6   18.7     948
120  04/06/2020  2300    38.4   26.4     7.6     0.000   0   61.77  317.9   16.8      --
121  04/07/2020  0000    37.6   26.9     6.7     0.000   0   65.02  317.0   15.0      --
122  04/07/2020  0100    36.7   27.6     5.9     0.000   0   69.31  315.9   13.1      --
123  04/07/2020  0200    35.8   28.1     5.1     0.000   0   73.46  314.4   11.3      --
124  04/07/2020  0300    34.9   29.2     4.3     0.000   0   79.48  312.4    9.5      --
125  04/07/2020  0400    33.9   29.3     3.1     0.000   0   83.02  309.3    7.7     295
126  04/07/2020  0500    33.2   29.2     3.4     0.000   0   84.97  313.0    7.6      --
127  04/07/2020  0600    32.8   29.4     3.5     0.000   0   87.40  316.8    7.6      --
128  04/07/2020  0700    33.8   30.1     3.5     0.000   0   86.21  320.5    7.6      --
129  04/07/2020  0800    36.6   31.1     3.5     0.000   0   80.19  324.2    7.6      --
130  04/07/2020  0900    41.2   32.2     3.5     0.000   0   70.15  327.9    7.7      --
131  04/07/2020  1000    46.9   33.2     3.5     0.000   0   58.88  331.5    7.8    5582
132  04/07/2020  1100    52.5   33.9     5.0     0.000   0   49.17  330.2    9.7      --
133  04/07/2020  1200    56.5   34.2     6.5     0.000   0   42.92  329.4   11.6      --
134  04/07/2020  1300    59.3   33.1     8.0     0.000   0   36.99  328.7   13.6      --
135  04/07/2020  1400    60.8   31.7     9.5     0.000   0   33.26  328.3   15.5      --
136  04/07/2020  1500    61.5   29.8    11.0     0.000   0   30.10  327.9   17.4      --
137  04/07/2020  1600    61.8   28.6    12.6     0.000   0   28.39  327.6   19.4    8254
138  04/07/2020  1700    61.7   28.1    13.8     0.000   0   27.79  324.0   20.2      --
139  04/07/2020  1800    59.0   27.4    15.1     0.000   0   29.70  320.7   21.0      --
140  04/07/2020  1900    53.5   26.6    16.3     0.000   0   35.12  317.7   22.0      --
141  04/07/2020  2000    50.5   26.2    17.6     0.000   0   38.54  314.9   23.0      --
142  04/07/2020  2100    48.1   25.6    18.8     0.000   0   41.14  312.4   24.0      --
143  04/07/2020  2200    45.8   25.1    20.1     0.000   0   43.88  310.1   25.1     789
144  04/07/2020  2300    43.5   24.5    17.4     0.000   0   46.72  312.0   22.2      --
145  04/08/2020  0000    42.6   24.0    14.7     0.000   0   47.40  314.6   19.3      --
146  04/08/2020  0100    41.6   23.5    12.0     0.000   0   48.19  318.1   16.4      --
147  04/08/2020  0200    40.8   24.6     9.4     0.000   0   52.16  323.0   13.6      --
148  04/08/2020  0300    40.0   27.4     6.7     0.000   0   60.51  330.3   11.0      --
149  04/08/2020  0400    39.3   28.9     4.0     0.000   0   66.01  341.8    8.7     265
150  04/08/2020  0500    38.7   29.9     3.6     0.000   0   70.14  346.4    7.4      --
151  04/08/2020  0600    38.4   31.2     3.2     0.000   0   75.04  352.9    6.1      --
152  04/08/2020  0700    39.0   31.2     2.8     0.000   0   73.28    2.5    5.0      --
153  04/08/2020  0800    40.7   32.6     2.4     0.000   0   72.41   16.9    4.1      --
154  04/08/2020  0900    43.7   32.6     2.0     0.000   0   64.67   37.1    3.6      --
155  04/08/2020  1000    47.6   32.6     1.6     0.000   0   55.73   60.3    3.6    3286
156  04/08/2020  1100    52.1   32.6     1.5     0.000   0   47.18   67.7    3.0      --
157  04/08/2020  1200    57.1   32.6     1.5     0.000   0   39.30   78.3    2.5      --
158  04/08/2020  1300    61.1   32.6     1.4     0.000   0   34.08   93.3    2.2      --
159  04/08/2020  1400    63.2   32.6     1.3     0.000   0   31.59  112.6    2.0      --
160  04/08/2020  1500    64.3   32.6     1.2     0.000   0   30.42  132.9    2.1      --
161  04/08/2020  1600    64.9   32.6     1.1     0.000   0   29.83  149.9    2.4    5682
162  04/08/2020  1700    65.0   32.6     2.6     0.000   0   29.69  279.1    2.1      --
163  04/08/2020  1800    62.4   32.6     4.1     0.000   0   32.58  297.3    5.9      --
164  04/08/2020  1900    57.0   33.0     5.7     0.000   0   40.20  301.0    9.9      --
165  04/08/2020  2000    54.0   34.0     7.2     0.000   0   46.66  302.5   13.9      --
166  04/08/2020  2100    51.6   34.6     8.7     0.000   0   51.97  303.4   17.9      --
167  04/08/2020  2200    49.3   34.5    10.2     0.000   0   56.50  304.0   21.9     855
