  Generated by FoxLW on Thursday April 2, 2020 at 02:32 PDT
-------------------------------------------------------------------------------
  Moxee
  46.5400:-120.3500  (46 32' 24.00"N  120 20' 60.00"W)  elev 1131.9 feet    file: 310143
-------------------------------------------------------------------------------

Line#   Date     Hour   TempF  DewPtF WS(mph)  Rain(in) LW    RH%  WDir_50m WS_50m Inv(ft)
  5  04/02/2020  0400    28.3   22.2     7.6     0.000   0   77.48   11.1   11.1     760
  6  04/02/2020  0500    27.7   22.4     6.8     0.000   0   79.88   13.3    8.4      --
  7  04/02/2020  0600    27.3   22.7     5.9     0.000   0   82.81   17.5    5.7      --
  8  04/02/2020  0700    27.8   23.4     5.1     0.000   5   83.07   29.4    3.0      --
  9  04/02/2020  0800    29.8   24.2     4.2     0.000  10   79.37   96.2    1.3      --
 10  04/02/2020  0900    33.2   28.1     3.4     0.000   5   81.63  160.4    3.1      --
 11  04/02/2020  1000    37.5   28.1     2.6     0.000   0   68.59  171.9    5.7  no_inv
 12  04/02/2020  1100    42.2   28.1     3.2     0.000   0   57.28  184.3    6.1      --
 13  04/02/2020  1200    46.2   28.1     3.9     0.000   0   49.08  194.9    6.7      --
 14  04/02/2020  1300    49.1   27.5     4.5     0.000   0   42.90  203.4    7.5      --
 15  04/02/2020  1400    50.3   28.3     5.2     0.000   0   42.36  210.3    8.4      --
 16  04/02/2020  1500    50.9   28.8     5.8     0.000   0   42.18  215.7    9.4      --
 17  04/02/2020  1600    51.0   29.0     6.5     0.000   0   42.40  220.0   10.5  no_inv
 18  04/02/2020  1700    50.4   29.0     7.5     0.000   0   43.45  241.4    7.6      --
 19  04/02/2020  1800    48.3   28.7     8.5     0.000   0   46.37  276.8    6.6      --
 20  04/02/2020  1900    44.0   29.0     9.5     0.000   0   55.44  308.8    8.3      --
 21  04/02/2020  2000    41.6   28.3    10.5     0.000   0   58.92  326.5   11.5      --
 22  04/02/2020  2100    39.2   26.9    11.6     0.000   0   60.98  335.9   15.4      --
 23  04/02/2020  2200    36.9   24.5    12.6     0.000   0   60.43  341.5   19.5  no_inv
 24  04/02/2020  2300    34.3   25.0    11.3     0.000   0   68.41  341.7   18.1      --
 25  04/03/2020  0000    32.6   24.7    10.0     0.000   0   72.29  341.9   16.8      --
 26  04/03/2020  0100    30.9   23.9     8.7     0.000   0   74.88  342.2   15.5      --
 27  04/03/2020  0200    29.4   24.4     7.4     0.000   0   81.20  342.5   14.1      --
 28  04/03/2020  0300    28.1   25.2     6.1     0.000   5   88.61  343.0   12.8      --
 29  04/03/2020  0400    27.0   25.2     4.8     0.000  10   92.68  343.5   11.5     735
 30  04/03/2020  0500    26.1   25.2     4.4     0.000  10   96.33  338.1    9.5      --
 31  04/03/2020  0600    25.6   24.7     4.0     0.000  10   96.32  330.1    7.7      --
 32  04/03/2020  0700    26.2   25.3     3.6     0.000  10   96.33  317.8    6.2      --
 33  04/03/2020  0800    28.2   27.3     3.2     0.000  10   96.36  298.6    5.0      --
 34  04/03/2020  0900    31.7   21.9     2.7     0.000   5   66.73  273.2    4.7      --
 35  04/03/2020  1000    36.3   20.0     2.3     0.000   0   51.09  249.4    5.3  no_inv
 36  04/03/2020  1100    41.3   19.8     3.3     0.000   0   41.66  263.3    7.3      --
 37  04/03/2020  1200    45.8   19.5     4.3     0.000   0   34.78  271.1    9.4      --
 38  04/03/2020  1300    49.2   20.1     5.3     0.000   0   31.32  276.0   11.7      --
 39  04/03/2020  1400    51.0   20.8     6.3     0.000   0   30.15  279.2   14.1      --
 40  04/03/2020  1500    51.9   21.5     7.3     0.000   0   30.14  281.5   16.4      --
 41  04/03/2020  1600    52.3   22.3     8.3     0.000   0   30.69  283.3   18.8  no_inv
 42  04/03/2020  1700    52.3   22.3     8.1     0.000   0   30.63  289.8   17.6      --
 43  04/03/2020  1800    49.0   21.5     8.0     0.000   0   33.51  297.1   16.6      --
 44  04/03/2020  1900    42.2   21.8     7.8     0.000   0   43.73  305.2   16.0      --
 45  04/03/2020  2000    38.5   21.5     7.6     0.000   0   50.14  313.8   15.6      --
 46  04/03/2020  2100    36.2   21.4     7.4     0.000   0   54.71  322.5   15.7      --
 47  04/03/2020  2200    33.8   21.5     7.2     0.000   0   60.27  331.0   16.1  no_inv
 48  04/03/2020  2300    31.3   21.5     6.5     0.000   0   66.44  333.7   14.4      --
 49  04/04/2020  0000    30.4   21.4     5.7     0.000   0   68.83  337.0   12.8      --
 50  04/04/2020  0100    29.4   21.2     5.0     0.000   0   70.99  341.2   11.3      --
 51  04/04/2020  0200    28.4   21.2     4.2     0.000   0   73.88  346.8    9.8      --
 52  04/04/2020  0300    27.5   21.2     3.5     0.000   5   76.74  354.2    8.4      --
 53  04/04/2020  0400    26.6   21.2     2.7     0.000  10   79.46    4.2    7.3     550
 54  04/04/2020  0500    25.9   21.2     2.7     0.000  10   81.96    9.1    5.2      --
 55  04/04/2020  0600    25.4   21.2     2.7     0.000  10   83.72   19.8    3.3      --
 56  04/04/2020  0700    26.2   21.2     2.6     0.000  10   80.91   54.7    1.7      --
 57  04/04/2020  0800    28.8   21.2     2.6     0.000   5   72.86  123.1    2.0      --
 58  04/04/2020  0900    33.0   19.4     2.6     0.000   0   56.98  148.3    3.8      --
 59  04/04/2020  1000    38.4   19.2     2.6     0.000   0   45.49  156.8    5.8    6619
 60  04/04/2020  1100    43.9   18.9     2.3     0.000   0   36.41  153.6    5.2      --
 61  04/04/2020  1200    48.2   18.7     2.1     0.000   0   30.55  149.6    4.6      --
 62  04/04/2020  1300    51.4   18.5     1.9     0.000   0   26.95  144.4    4.1      --
 63  04/04/2020  1400    52.8   18.3     1.7     0.000   0   25.37  137.8    3.5      --
 64  04/04/2020  1500    53.6   18.2     1.5     0.000   0   24.58  129.1    3.1      --
 65  04/04/2020  1600    53.8   18.2     1.2     0.000   0   24.31  118.0    2.8  no_inv
 66  04/04/2020  1700    53.6   18.4     2.0     0.000   0   24.72   83.0    3.0      --
 67  04/04/2020  1800    53.3   18.9     2.8     0.000   0   25.50   59.6    4.0      --
 68  04/04/2020  1900    52.8   18.5     3.6     0.000   0   25.57   47.0    5.4      --
 69  04/04/2020  2000    52.4   18.5     4.4     0.000   0   25.86   39.8    7.0      --
 70  04/04/2020  2100    50.1   18.7     5.1     0.000   0   28.50   35.2    8.6      --
 71  04/04/2020  2200    47.8   20.5     5.9     0.000   0   33.60   32.2   10.3  no_inv
 72  04/04/2020  2300    46.2   19.9     5.4     0.000   0   34.74   34.2    9.6      --
 73  04/05/2020  0000    45.1   18.5     4.9     0.000   0   34.00   36.5    9.0      --
 74  04/05/2020  0100    44.2   18.5     4.4     0.000   0   35.20   39.2    8.3      --
 75  04/05/2020  0200    43.5   18.5     3.9     0.000   0   36.18   42.3    7.7      --
 76  04/05/2020  0300    43.0   18.5     3.5     0.000   0   36.93   45.9    7.2      --
 77  04/05/2020  0400    42.6   18.5     3.0     0.000   0   37.42   50.2    6.6    1009
 78  04/05/2020  0500    42.5   18.5     2.7     0.000   0   37.65   52.2    5.9      --
 79  04/05/2020  0600    42.4   18.5     2.4     0.000   0   37.78   54.8    5.3      --
 80  04/05/2020  0700    42.4   18.5     2.1     0.000   0   37.72   58.1    4.6      --
 81  04/05/2020  0800    42.8   18.5     1.8     0.000   0   37.22   62.5    4.0      --
 82  04/05/2020  0900    43.4   23.9     1.5     0.000   0   45.61   68.4    3.4      --
 83  04/05/2020  1000    44.5   29.2     1.3     0.000   0   54.84   76.9    2.8  no_inv
 84  04/05/2020  1100    46.7   30.0     1.3     0.000   0   51.89   80.2    1.8      --
 85  04/05/2020  1200    51.5   30.0     1.3     0.000   0   43.53   91.4    0.8      --
 86  04/05/2020  1300    55.8   30.0     1.4     0.000   0   37.08  201.3    0.4      --
 87  04/05/2020  1400    58.0   30.0     1.4     0.000   0   34.27  238.2    1.3      --
 88  04/05/2020  1500    59.2   30.0     1.4     0.000   0   32.80  243.9    2.3      --
 89  04/05/2020  1600    59.6   30.0     1.5     0.000   0   32.38  246.1    3.3  no_inv
 90  04/05/2020  1700    58.6   30.0     3.8     0.000   0   33.61  306.7    3.6      --
 91  04/05/2020  1800    57.2   29.9     6.2     0.000   0   35.16  334.1    6.2      --
 92  04/05/2020  1900    54.5   31.9     8.6     0.000   0   41.94  344.2    9.4      --
 93  04/05/2020  2000    53.0   31.4    10.9     0.000   0   43.57  349.1   12.8      --
 94  04/05/2020  2100    50.7   29.6    13.3     0.000   0   44.10  351.9   16.2      --
 95  04/05/2020  2200    48.3   29.5    15.6     0.000   0   47.84  353.8   19.6    1760
 96  04/05/2020  2300    47.0   29.3    14.8     0.000   0   50.01  355.6   20.5      --
 97  04/06/2020  0000    46.1   29.2    13.9     0.000   0   51.42  357.2   21.4      --
 98  04/06/2020  0100    45.2   29.1    13.1     0.000   0   52.85  358.7   22.3      --
 99  04/06/2020  0200    44.5   29.0    12.2     0.000   0   54.26    0.0   23.2      --
100  04/06/2020  0300    43.8   30.5    11.4     0.000   0   59.25    1.3   24.2      --
101  04/06/2020  0400    43.1   30.7    10.5     0.000   0   61.31    2.5   25.1    1138
102  04/06/2020  0500    42.7   30.9     9.1     0.000   0   62.79    0.8   21.6      --
103  04/06/2020  0600    42.3   30.7     7.8     0.000   0   63.07  358.4   18.2      --
104  04/06/2020  0700    42.7   30.3     6.4     0.000   0   61.25  354.9   14.8      --
105  04/06/2020  0800    43.8   28.2     5.1     0.000   0   53.98  349.4   11.4      --
106  04/06/2020  0900    45.7   27.9     3.7     0.000   0   49.50  339.5    8.3      --
107  04/06/2020  1000    48.3   27.5     2.4     0.000   0   44.17  319.3    5.7  no_inv
108  04/06/2020  1100    51.5   27.2     3.3     0.000   0   38.73  316.8    7.7      --
109  04/06/2020  1200    55.6   26.9     4.2     0.000   0   32.87  315.3    9.7      --
110  04/06/2020  1300    58.9   27.2     5.1     0.000   0   29.61  314.4   11.7      --
111  04/06/2020  1400    60.7   27.8     6.0     0.000   0   28.43  313.7   13.7      --
112  04/06/2020  1500    61.5   28.4     6.9     0.000   0   28.38  313.2   15.6      --
113  04/06/2020  1600    61.8   29.1     7.8     0.000   0   28.86  312.8   17.6    8605
114  04/06/2020  1700    61.8   29.1     9.4     0.000   0   28.86  319.0   17.9      --
115  04/06/2020  1800    59.0   28.0    11.0     0.000   0   30.49  324.9   18.3      --
116  04/06/2020  1900    53.2   27.0    12.6     0.000   0   36.06  330.5   18.9      --
117  04/06/2020  2000    50.0   26.3    14.2     0.000   0   39.48  335.7   19.7      --
118  04/06/2020  2100    47.6   26.0    15.8     0.000   0   42.58  340.4   20.6      --
119  04/06/2020  2200    45.3   26.0    17.4     0.000   0   46.41  344.8   21.7    7406
120  04/06/2020  2300    43.0   25.9    16.6     0.000   0   50.48  344.5   20.8      --
121  04/07/2020  0000    42.1   25.9    15.9     0.000   0   52.25  344.3   19.8      --
122  04/07/2020  0100    41.1   25.8    15.1     0.000   0   54.18  344.0   18.9      --
123  04/07/2020  0200    40.1   25.8    14.4     0.000   0   56.19  343.7   18.0      --
124  04/07/2020  0300    39.2   25.8    13.6     0.000   0   58.21  343.4   17.0      --
125  04/07/2020  0400    38.3   25.8    12.9     0.000   0   60.16  343.0   16.1     602
126  04/07/2020  0500    37.6   27.2    11.1     0.000   0   65.78  340.3   14.0      --
127  04/07/2020  0600    37.1   27.8     9.4     0.000   0   68.79  336.5   11.9      --
128  04/07/2020  0700    37.8   28.0     7.6     0.000   0   67.25  331.2    9.9      --
129  04/07/2020  0800    39.9   27.0     5.9     0.000   0   59.73  323.4    8.0      --
130  04/07/2020  0900    43.3   27.0     4.1     0.000   0   52.33  311.1    6.4      --
131  04/07/2020  1000    47.8   27.0     2.3     0.000   0   44.11  292.0    5.2    5846
132  04/07/2020  1100    52.8   26.5     4.4     0.000   0   35.97  307.5    7.0      --
133  04/07/2020  1200    57.7   26.7     6.4     0.000   0   30.27  316.3    9.0      --
134  04/07/2020  1300    61.5   27.4     8.4     0.000   0   27.21  321.9   11.2      --
135  04/07/2020  1400    63.6   28.0    10.4     0.000   0   25.92  325.5   13.4      --
136  04/07/2020  1500    64.6   28.0    12.4     0.000   0   25.01  328.2   15.7      --
137  04/07/2020  1600    65.1   27.6    14.4     0.000   0   24.17  330.1   18.0    8649
138  04/07/2020  1700    65.2   27.4    14.8     0.000   0   23.89  333.2   18.4      --
139  04/07/2020  1800    61.9   27.0    15.2     0.000   0   26.42  336.2   18.9      --
140  04/07/2020  1900    55.1   26.6    15.6     0.000   0   33.07  339.0   19.4      --
141  04/07/2020  2000    51.4   26.1    16.0     0.000   0   37.21  341.7   19.9      --
142  04/07/2020  2100    49.0   25.7    16.4     0.000   0   39.87  344.2   20.5      --
143  04/07/2020  2200    46.7   25.2    16.8     0.000   0   42.71  346.6   21.1     780
144  04/07/2020  2300    44.0   24.8    14.6     0.000   0   46.40  351.0   18.1      --
145  04/08/2020  0000    42.9   24.4    12.5     0.000   0   47.64  357.1   15.2      --
146  04/08/2020  0100    41.7   25.5    10.4     0.000   0   52.09    5.8   12.6      --
147  04/08/2020  0200    40.6   25.7     8.3     0.000   0   55.01   18.6   10.4      --
148  04/08/2020  0300    39.6   26.6     6.2     0.000   0   59.44   36.8    9.0      --
149  04/08/2020  0400    38.7   27.2     4.1     0.000   0   63.22   58.7    8.7     645
150  04/08/2020  0500    37.9   27.7     3.7     0.000   0   66.32   62.7    6.9      --
151  04/08/2020  0600    37.4   28.2     3.2     0.000   0   69.13   69.2    5.2      --
152  04/08/2020  0700    38.2   28.2     2.8     0.000   0   66.94   81.7    3.7      --
153  04/08/2020  0800    40.5   29.1     2.4     0.000   0   63.38  108.3    2.5      --
154  04/08/2020  0900    44.3   29.1     2.0     0.000   0   54.76  152.0    2.4      --
155  04/08/2020  1000    49.3   29.1     1.5     0.000   0   45.42  182.2    3.4    5437
156  04/08/2020  1100    54.7   29.1     1.6     0.000   0   37.20  192.7    3.2      --
157  04/08/2020  1200    59.9   29.1     1.6     0.000   0   30.89  204.6    3.0      --
158  04/08/2020  1300    63.9   29.1     1.6     0.000   0   26.82  217.0    3.0      --
159  04/08/2020  1400    66.0   29.1     1.6     0.000   0   24.89  228.8    3.2      --
160  04/08/2020  1500    67.1   29.1     1.7     0.000   0   23.98  239.2    3.5      --
161  04/08/2020  1600    67.7   29.1     1.7     0.000   0   23.51  247.8    3.8    7990
162  04/08/2020  1700    67.8   29.1     2.9     0.000   0   23.40  298.5    4.1      --
163  04/08/2020  1800    64.5   29.1     4.0     0.000   0   26.22  325.4    6.5      --
164  04/08/2020  1900    57.8   29.2     5.2     0.000   0   33.38  336.6    9.6      --
165  04/08/2020  2000    54.1   30.0     6.3     0.000   0   39.37  342.4   12.8      --
166  04/08/2020  2100    51.8   30.7     7.4     0.000   0   44.26  345.8   16.1      --
167  04/08/2020  2200    49.5   31.1     8.6     0.000   0   49.00  348.0   19.4     718
