  Generated by FoxLW on Thursday April 2, 2020 at 02:32 PDT
-------------------------------------------------------------------------------
  Sunnyside
  46.3900:-120.0000  (46 23' 24.00"N  120 0' 0.00"W)  elev 1148.3 feet    file: 310136
-------------------------------------------------------------------------------

Line#   Date     Hour   TempF  DewPtF WS(mph)  Rain(in) LW    RH%  WDir_50m WS_50m Inv(ft)
  5  04/02/2020  0400    31.9   19.0     3.3     0.000   0   58.31   16.9    6.9     241
  6  04/02/2020  0500    31.4   19.1     3.1     0.000   0   59.99   21.0    5.0      --
  7  04/02/2020  0600    31.0   24.5     2.9     0.000   5   76.64   29.9    3.2      --
  8  04/02/2020  0700    31.3   27.2     2.8     0.000  10   84.67   57.5    1.7      --
  9  04/02/2020  0800    32.5   27.2     2.6     0.000   5   80.60  129.4    1.6      --
 10  04/02/2020  0900    34.7   27.2     2.4     0.000   0   73.88  160.6    3.1      --
 11  04/02/2020  1000    37.7   27.2     2.2     0.000   0   65.61  170.3    4.8  no_inv
 12  04/02/2020  1100    41.3   27.2     2.1     0.000   0   57.00  174.6    4.6      --
 13  04/02/2020  1200    45.5   27.2     2.1     0.000   0   48.54  179.4    4.4      --
 14  04/02/2020  1300    48.8   27.2     2.0     0.000   0   42.97  184.5    4.3      --
 15  04/02/2020  1400    50.3   27.2     1.9     0.000   0   40.53  190.0    4.1      --
 16  04/02/2020  1500    51.1   27.2     1.9     0.000   0   39.38  195.9    4.0      --
 17  04/02/2020  1600    51.4   27.2     1.8     0.000   0   38.97  201.9    4.0  no_inv
 18  04/02/2020  1700    51.2   27.1     4.1     0.000   0   39.02  265.2    2.8      --
 19  04/02/2020  1800    49.8   26.7     6.4     0.000   0   40.40  307.9    5.3      --
 20  04/02/2020  1900    47.1   28.1     8.7     0.000   0   47.47  320.7    8.6      --
 21  04/02/2020  2000    45.5   27.0    11.0     0.000   0   48.00  326.2   12.2      --
 22  04/02/2020  2100    43.2   24.4    13.3     0.000   0   47.12  329.2   15.9      --
 23  04/02/2020  2200    40.8   23.4    15.6     0.000   0   49.46  331.0   19.5     699
 24  04/02/2020  2300    37.6   22.4    13.8     0.000   0   53.81  329.1   17.7      --
 25  04/03/2020  0000    35.2   22.7    11.9     0.000   0   60.10  326.7   15.9      --
 26  04/03/2020  0100    32.9   22.2    10.1     0.000   0   64.38  323.7   14.1      --
 27  04/03/2020  0200    30.9   22.1     8.2     0.000   0   69.27  319.9   12.4      --
 28  04/03/2020  0300    29.2   23.9     6.4     0.000   0   80.05  314.8   10.8      --
 29  04/03/2020  0400    27.9   25.0     4.5     0.000   5   88.84  308.1    9.2     659
 30  04/03/2020  0500    26.9   25.0     4.1     0.000  10   92.55  302.5    7.9      --
 31  04/03/2020  0600    26.3   25.4     3.7     0.000  10   96.33  294.9    6.7      --
 32  04/03/2020  0700    26.9   26.0     3.3     0.000  10   96.34  284.1    5.6      --
 33  04/03/2020  0800    28.9   27.2     2.9     0.000  10   93.13  269.1    4.9      --
 34  04/03/2020  0900    32.3   21.8     2.5     0.000   5   64.64  250.3    4.5      --
 35  04/03/2020  1000    36.9   18.2     2.1     0.000   0   46.33  230.9    4.7  no_inv
 36  04/03/2020  1100    41.9   17.9     4.4     0.000   0   37.58  256.0    6.4      --
 37  04/03/2020  1200    46.5   17.5     6.7     0.000   0   31.05  269.2    8.7      --
 38  04/03/2020  1300    50.1   18.1     8.9     0.000   0   27.79  276.6   11.3      --
 39  04/03/2020  1400    52.0   18.4    11.2     0.000   0   26.33  281.2   14.0      --
 40  04/03/2020  1500    52.9   18.1    13.4     0.000   0   25.03  284.2   16.8      --
 41  04/03/2020  1600    53.4   17.1    15.7     0.000   0   23.55  286.5   19.6  no_inv
 42  04/03/2020  1700    53.4   17.2    15.6     0.000   0   23.61  292.6   18.8      --
 43  04/03/2020  1800    50.6   17.3    15.4     0.000   0   26.36  299.3   18.2      --
 44  04/03/2020  1900    44.7   17.4    15.3     0.000   0   33.04  306.3   17.9      --
 45  04/03/2020  2000    41.5   17.6    15.1     0.000   0   37.65  313.4   17.9      --
 46  04/03/2020  2100    39.2   17.8    15.0     0.000   0   41.56  320.5   18.1      --
 47  04/03/2020  2200    36.8   18.1    14.9     0.000   0   46.18  327.3   18.6    2033
 48  04/03/2020  2300    34.0   18.4    12.5     0.000   0   52.40  327.9   15.6      --
 49  04/04/2020  0000    32.6   20.1    10.1     0.000   0   59.72  328.9   12.7      --
 50  04/04/2020  0100    31.2   20.8     7.8     0.000   0   65.05  330.4    9.8      --
 51  04/04/2020  0200    29.9   20.3     5.4     0.000   0   67.04  333.1    6.9      --
 52  04/04/2020  0300    28.7   19.9     3.0     0.000   0   69.16  340.0    4.0      --
 53  04/04/2020  0400    27.7   19.6     0.6     0.000   0   71.27   14.8    1.4     477
 54  04/04/2020  0500    26.9   19.2     0.8     0.000   0   72.44   41.9    1.4      --
 55  04/04/2020  0600    26.4   19.2     1.0     0.000   0   74.00   65.6    1.6      --
 56  04/04/2020  0700    27.1   19.2     1.2     0.000   0   71.71   81.1    2.1      --
 57  04/04/2020  0800    29.5   19.2     1.4     0.000   0   65.10   90.7    2.6      --
 58  04/04/2020  0900    33.5   18.9     1.5     0.000   0   54.68   97.0    3.2      --
 59  04/04/2020  1000    38.5   18.8     1.7     0.000   0   44.47  101.2    3.8    6823
 60  04/04/2020  1100    43.7   18.6     2.0     0.000   0   36.15   84.6    4.0      --
 61  04/04/2020  1200    47.9   18.5     2.3     0.000   0   30.60   70.8    4.5      --
 62  04/04/2020  1300    51.0   18.4     2.7     0.000   0   27.17   60.2    5.2      --
 63  04/04/2020  1400    52.5   18.3     3.0     0.000   0   25.65   52.4    6.1      --
 64  04/04/2020  1500    53.2   18.2     3.3     0.000   0   24.93   46.6    7.0      --
 65  04/04/2020  1600    53.4   18.2     3.6     0.000   0   24.66   42.2    8.0  no_inv
 66  04/04/2020  1700    53.3   18.4     5.0     0.000   0   24.98   36.1    9.0      --
 67  04/04/2020  1800    52.8   18.8     6.4     0.000   0   25.88   31.2   10.1      --
 68  04/04/2020  1900    52.0   21.3     7.8     0.000   0   29.72   27.4   11.3      --
 69  04/04/2020  2000    51.5   22.5     9.1     0.000   0   31.84   24.2   12.4      --
 70  04/04/2020  2100    49.1   23.4    10.5     0.000   0   36.13   21.6   13.6      --
 71  04/04/2020  2200    46.8   24.2    11.9     0.000   0   40.68   19.4   14.9  no_inv
 72  04/04/2020  2300    45.1   24.0    12.6     0.000   0   43.13   20.1   16.1      --
 73  04/05/2020  0000    43.8   25.1    13.2     0.000   0   47.38   20.7   17.3      --
 74  04/05/2020  0100    42.8   26.1    13.9     0.000   0   51.34   21.2   18.5      --
 75  04/05/2020  0200    41.9   26.8    14.5     0.000   0   54.72   21.7   19.7      --
 76  04/05/2020  0300    41.2   27.3    15.2     0.000   0   57.23   22.1   21.0      --
 77  04/05/2020  0400    40.8   27.4    15.9     0.000   0   58.67   22.4   22.2     954
 78  04/05/2020  0500    40.5   27.5    14.9     0.000   0   59.41   23.7   20.5      --
 79  04/05/2020  0600    40.3   27.6    13.9     0.000   0   60.16   25.1   18.9      --
 80  04/05/2020  0700    40.4   27.9    13.0     0.000   0   60.54   26.8   17.3      --
 81  04/05/2020  0800    40.9   28.2    12.0     0.000   0   60.13   28.8   15.8      --
 82  04/05/2020  0900    41.9   28.5    11.1     0.000   0   58.79   31.3   14.2      --
 83  04/05/2020  1000    43.3   28.9    10.1     0.000   0   56.51   34.4   12.7  no_inv
 84  04/05/2020  1100    46.1   29.3     8.9     0.000   0   51.64   36.2   11.6      --
 85  04/05/2020  1200    51.2   29.7     7.7     0.000   0   43.36   38.5   10.4      --
 86  04/05/2020  1300    55.7   30.8     6.5     0.000   0   38.47   41.2    9.4      --
 87  04/05/2020  1400    57.9   31.1     5.3     0.000   0   36.03   44.7    8.3      --
 88  04/05/2020  1500    59.2   31.5     4.1     0.000   0   34.95   49.2    7.3      --
 89  04/05/2020  1600    59.6   31.8     2.8     0.000   0   34.94   55.1    6.3  no_inv
 90  04/05/2020  1700    58.6   31.8     4.8     0.000   0   36.16   36.4    7.6      --
 91  04/05/2020  1800    57.9   31.5     6.8     0.000   0   36.62   24.1    9.4      --
 92  04/05/2020  1900    56.3   32.1     8.9     0.000   0   39.67   16.0   11.5      --
 93  04/05/2020  2000    55.5   32.0    10.9     0.000   0   40.65   10.5   13.8      --
 94  04/05/2020  2100    53.2   30.3    12.9     0.000   0   41.44    6.5   16.2      --
 95  04/05/2020  2200    50.8   30.3    14.9     0.000   0   45.11    3.6   18.6     922
 96  04/05/2020  2300    49.2   30.3    14.9     0.000   0   47.83    5.0   18.6      --
 97  04/06/2020  0000    48.0   30.2    14.9     0.000   0   49.96    6.4   18.5      --
 98  04/06/2020  0100    46.9   30.2    14.9     0.000   0   51.98    7.8   18.5      --
 99  04/06/2020  0200    46.0   30.2    14.8     0.000   0   53.84    9.1   18.5      --
100  04/06/2020  0300    45.2   30.2    14.8     0.000   0   55.48   10.5   18.5      --
101  04/06/2020  0400    44.5   30.2    14.8     0.000   0   56.84   11.9   18.5     343
102  04/06/2020  0500    44.0   30.1    12.7     0.000   0   57.79    9.8   14.9      --
103  04/06/2020  0600    43.8   31.5    10.6     0.000   0   61.59    6.3   11.3      --
104  04/06/2020  0700    44.0   31.9     8.4     0.000   0   62.28  359.7    7.8      --
105  04/06/2020  0800    44.6   29.7     6.3     0.000   0   55.61  343.3    4.6      --
106  04/06/2020  0900    45.8   29.5     4.2     0.000   0   52.74  290.9    2.8      --
107  04/06/2020  1000    47.4   29.3     2.1     0.000   0   49.06  238.1    4.6  no_inv
108  04/06/2020  1100    49.7   29.0     3.6     0.000   0   44.57  255.6    5.6      --
109  04/06/2020  1200    52.8   28.8     5.1     0.000   0   39.43  266.9    7.0      --
110  04/06/2020  1300    55.6   29.1     6.5     0.000   0   36.08  274.3    8.6      --
111  04/06/2020  1400    57.2   29.6     8.0     0.000   0   34.71  279.4   10.2      --
112  04/06/2020  1500    58.3   30.1     9.5     0.000   0   34.07  283.0   12.0      --
113  04/06/2020  1600    59.1   30.3    11.0     0.000   0   33.46  285.8   13.7    8538
114  04/06/2020  1700    59.5   29.6    12.7     0.000   0   32.00  295.0   15.3      --
115  04/06/2020  1800    57.8   28.5    14.4     0.000   0   32.59  302.4   17.3      --
116  04/06/2020  1900    54.2   27.6    16.2     0.000   0   35.66  308.3   19.4      --
117  04/06/2020  2000    52.2   27.1    17.9     0.000   0   37.49  312.9   21.7      --
118  04/06/2020  2100    49.9   26.5    19.6     0.000   0   39.85  316.6   24.2      --
119  04/06/2020  2200    47.6   25.8    21.3     0.000   0   42.31  319.6   26.7     952
120  04/06/2020  2300    46.1   25.1    19.3     0.000   0   43.45  318.8   24.2      --
121  04/07/2020  0000    45.3   24.5    17.3     0.000   0   43.67  317.9   21.8      --
122  04/07/2020  0100    44.5   24.0    15.3     0.000   0   44.10  316.7   19.3      --
123  04/07/2020  0200    43.7   23.6    13.3     0.000   0   44.74  315.1   16.9      --
124  04/07/2020  0300    42.9   24.7    11.3     0.000   0   48.22  313.1   14.5      --
125  04/07/2020  0400    42.2   24.8     9.3     0.000   0   49.91  310.2   12.1      67
126  04/07/2020  0500    41.6   25.3     8.3     0.000   0   52.05  306.0   11.0      --
127  04/07/2020  0600    41.2   26.5     7.3     0.000   0   55.55  300.8    9.9      --
128  04/07/2020  0700    41.5   27.9     6.2     0.000   0   58.10  294.5    8.9      --
129  04/07/2020  0800    42.8   23.8     5.2     0.000   0   46.67  286.7    8.1      --
130  04/07/2020  0900    45.0   24.1     4.2     0.000   0   43.42  277.3    7.4      --
131  04/07/2020  1000    48.1   25.6     3.2     0.000   0   41.12  266.5    7.0    5255
132  04/07/2020  1100    51.9   24.7     4.7     0.000   0   34.47  282.4    7.7      --
133  04/07/2020  1200    57.2   25.0     6.3     0.000   0   28.71  294.9    8.9      --
134  04/07/2020  1300    61.8   25.8     7.9     0.000   0   25.23  304.2   10.4      --
135  04/07/2020  1400    64.4   26.5     9.5     0.000   0   23.69  311.0   12.1      --
136  04/07/2020  1500    65.7   26.8    11.1     0.000   0   22.88  316.0   13.9      --
137  04/07/2020  1600    66.5   26.7    12.6     0.000   0   22.21  319.9   15.8    8589
138  04/07/2020  1700    66.7   27.0    11.1     0.000   0   22.33  323.7   13.8      --
139  04/07/2020  1800    63.6   27.0     9.6     0.000   0   24.86  328.8   11.8      --
140  04/07/2020  1900    57.4   27.5     8.0     0.000   0   31.62  335.9   10.0      --
141  04/07/2020  2000    53.9   27.1     6.5     0.000   0   35.24  345.9    8.4      --
142  04/07/2020  2100    51.6   26.8     5.0     0.000   0   38.01    0.0    7.1      --
143  04/07/2020  2200    49.2   26.7     3.4     0.000   0   41.28   18.4    6.5     190
144  04/07/2020  2300    47.4   26.6     4.1     0.000   0   44.09   17.3    7.3      --
145  04/08/2020  0000    46.9   26.6     4.7     0.000   0   44.86   16.4    8.1      --
146  04/08/2020  0100    46.4   26.6     5.3     0.000   0   45.77   15.7    9.0      --
147  04/08/2020  0200    45.8   26.6     5.9     0.000   0   46.70   15.1    9.8      --
148  04/08/2020  0300    45.2   26.5     6.6     0.000   0   47.62   14.6   10.6      --
149  04/08/2020  0400    44.7   26.5     7.2     0.000   0   48.53   14.2   11.5     271
150  04/08/2020  0500    44.2   26.6     6.1     0.000   0   49.68   15.3    9.4      --
151  04/08/2020  0600    43.8   26.6     5.0     0.000   0   50.49   17.0    7.3      --
152  04/08/2020  0700    44.3   26.6     3.9     0.000   0   49.56   20.1    5.3      --
153  04/08/2020  0800    45.7   27.9     2.8     0.000   0   49.40   26.9    3.3      --
154  04/08/2020  0900    48.1   27.9     1.7     0.000   0   45.10   52.7    1.5      --
155  04/08/2020  1000    51.4   27.9     0.6     0.000   0   39.94  144.7    1.4    4605
156  04/08/2020  1100    55.2   27.9     1.0     0.000   0   34.76  189.8    1.6      --
157  04/08/2020  1200    59.8   27.9     1.5     0.000   0   29.45  214.4    2.4      --
158  04/08/2020  1300    63.5   27.9     1.9     0.000   0   25.85  225.5    3.5      --
159  04/08/2020  1400    65.5   27.9     2.3     0.000   0   24.14  231.4    4.6      --
160  04/08/2020  1500    66.4   27.9     2.7     0.000   0   23.36  235.0    5.7      --
161  04/08/2020  1600    66.9   27.9     3.1     0.000   0   22.98  237.4    6.8    6233
162  04/08/2020  1700    67.0   27.9     3.1     0.000   0   22.92  249.5    5.9      --
163  04/08/2020  1800    64.2   27.9     3.2     0.000   0   25.26  265.2    5.3      --
164  04/08/2020  1900    58.4   27.9     3.2     0.000   0   30.94  283.3    5.1      --
165  04/08/2020  2000    55.3   27.9     3.2     0.000   0   34.68  300.6    5.5      --
166  04/08/2020  2100    52.9   27.9     3.3     0.000   0   37.77  314.7    6.3      --
167  04/08/2020  2200    50.6   27.9     3.3     0.000   0   41.17  325.2    7.3     633
