  Generated by FoxLW on Thursday April 2, 2020 at 02:32 PDT
-------------------------------------------------------------------------------
  Parker
  46.5200:-120.4800  (46 31' 12.00"N  120 28' 48.00"W)  elev 1013.8 feet    file: 310132
-------------------------------------------------------------------------------

Line#   Date     Hour   TempF  DewPtF WS(mph)  Rain(in) LW    RH%  WDir_50m WS_50m Inv(ft)
  5  04/02/2020  0400    32.2   24.1     3.1     0.000   0   71.86   11.5    7.2     502
  6  04/02/2020  0500    31.7   24.2     3.2     0.000   0   73.68   21.9    5.3      --
  7  04/02/2020  0600    31.3   28.9     3.2     0.000   5   90.65   42.1    3.8      --
  8  04/02/2020  0700    31.6   28.9     3.2     0.000  10   89.36   77.5    3.1      --
  9  04/02/2020  0800    32.9   28.9     3.2     0.000   5   84.78  111.7    3.9      --
 10  04/02/2020  0900    35.2   28.9     3.3     0.000   0   77.31  130.5    5.4      --
 11  04/02/2020  1000    38.4   28.9     3.3     0.000   0   68.33  140.3    7.3  no_inv
 12  04/02/2020  1100    42.1   28.9     4.0     0.000   0   59.04  153.8    7.1      --
 13  04/02/2020  1200    46.1   27.2     4.7     0.000   0   47.28  167.3    7.3      --
 14  04/02/2020  1300    49.0   28.4     5.3     0.000   0   44.57  179.5    7.9      --
 15  04/02/2020  1400    50.3   29.4     6.0     0.000   0   44.35  189.7    8.7      --
 16  04/02/2020  1500    50.9   29.7     6.7     0.000   0   43.86  197.9    9.8      --
 17  04/02/2020  1600    51.0   30.0     7.4     0.000   0   44.20  204.3   11.1  no_inv
 18  04/02/2020  1700    50.2   30.0     7.3     0.000   0   45.55  214.1    7.7      --
 19  04/02/2020  1800    48.3   29.5     7.3     0.000   0   48.04  236.3    4.9      --
 20  04/02/2020  1900    44.5   29.7     7.2     0.000   0   55.76  283.4    4.0      --
 21  04/02/2020  2000    42.4   29.2     7.2     0.000   0   59.25  321.4    5.9      --
 22  04/02/2020  2100    40.0   28.4     7.1     0.000   0   62.71  337.4    8.9      --
 23  04/02/2020  2200    37.7   27.7     7.1     0.000   0   66.88  344.9   12.4  no_inv
 24  04/02/2020  2300    36.1   27.2     6.9     0.000   0   69.80  349.7   11.9      --
 25  04/03/2020  0000    35.2   26.9     6.7     0.000   0   71.55  354.9   11.4      --
 26  04/03/2020  0100    34.2   26.8     6.5     0.000   0   73.86    0.4   11.1      --
 27  04/03/2020  0200    33.4   26.9     6.3     0.000   0   76.66    6.2   10.9      --
 28  04/03/2020  0300    32.6   27.1     6.1     0.000   0   79.87   12.2   10.8      --
 29  04/03/2020  0400    31.9   27.4     5.9     0.000   0   83.33   18.2   10.9     822
 30  04/03/2020  0500    31.3   28.8     5.2     0.000   5   90.33   19.5    8.5      --
 31  04/03/2020  0600    30.9   29.2     4.5     0.000  10   93.20   21.9    6.1      --
 32  04/03/2020  0700    31.2   29.2     3.8     0.000  10   91.87   27.4    3.7      --
 33  04/03/2020  0800    32.5   29.2     3.1     0.000   5   87.20   50.1    1.5      --
 34  04/03/2020  0900    34.8   23.8     2.4     0.000   0   63.60  157.2    1.5      --
 35  04/03/2020  1000    38.0   20.0     1.7     0.000   0   47.84  179.7    3.7  no_inv
 36  04/03/2020  1100    41.8   19.7     3.9     0.000   0   40.71  238.0    3.8      --
 37  04/03/2020  1200    46.6   19.4     6.1     0.000   0   33.53  267.7    6.4      --
 38  04/03/2020  1300    50.5   20.1     8.4     0.000   0   29.78  278.7    9.7      --
 39  04/03/2020  1400    52.7   20.7    10.6     0.000   0   28.24  284.0   13.2      --
 40  04/03/2020  1500    53.7   20.4    12.8     0.000   0   26.82  287.1   16.8      --
 41  04/03/2020  1600    54.3   19.4    15.1     0.000   0   25.18  289.1   20.4  no_inv
 42  04/03/2020  1700    54.4   19.7    14.7     0.000   0   25.36  295.7   19.2      --
 43  04/03/2020  1800    52.0   19.8    14.3     0.000   0   27.77  303.1   18.3      --
 44  04/03/2020  1900    47.1   19.8    14.0     0.000   0   33.34  311.1   17.7      --
 45  04/03/2020  2000    44.4   19.7    13.6     0.000   0   36.86  319.4   17.5      --
 46  04/03/2020  2100    42.1   19.6    13.2     0.000   0   40.20  327.7   17.7      --
 47  04/03/2020  2200    39.8   19.9    12.9     0.000   0   44.57  335.8   18.2  no_inv
 48  04/03/2020  2300    37.6   21.7    11.2     0.000   0   52.21  336.6   16.4      --
 49  04/04/2020  0000    36.6   22.5     9.6     0.000   0   56.25  337.8   14.5      --
 50  04/04/2020  0100    35.6   22.7     8.0     0.000   0   58.99  339.2   12.7      --
 51  04/04/2020  0200    34.7   22.3     6.3     0.000   0   60.08  341.2   10.9      --
 52  04/04/2020  0300    33.9   22.0     4.7     0.000   0   61.28  343.9    9.0      --
 53  04/04/2020  0400    33.1   21.7     3.1     0.000   0   62.52  348.0    7.2     640
 54  04/04/2020  0500    32.5   21.4     2.8     0.000   0   63.13  352.5    5.7      --
 55  04/04/2020  0600    32.1   21.4     2.6     0.000   0   64.14    0.4    4.2      --
 56  04/04/2020  0700    32.6   21.4     2.3     0.000   0   62.98   16.6    2.8      --
 57  04/04/2020  0800    34.0   21.4     2.1     0.000   0   59.37   52.5    2.0      --
 58  04/04/2020  0900    36.5   20.7     1.8     0.000   0   52.23   96.6    2.3      --
 59  04/04/2020  1000    39.9   20.6     1.6     0.000   0   45.58  119.3    3.6    6579
 60  04/04/2020  1100    43.4   20.5     1.5     0.000   0   39.59  115.3    3.3      --
 61  04/04/2020  1200    46.3   20.4     1.4     0.000   0   35.30  110.4    3.0      --
 62  04/04/2020  1300    48.7   20.2     1.3     0.000   0   32.15  104.7    2.8      --
 63  04/04/2020  1400    50.0   20.2     1.2     0.000   0   30.52   97.9    2.5      --
 64  04/04/2020  1500    50.9   20.1     1.1     0.000   0   29.47   90.1    2.4      --
 65  04/04/2020  1600    51.5   20.1     1.0     0.000   0   28.81   81.2    2.2  no_inv
 66  04/04/2020  1700    51.8   20.2     1.5     0.000   0   28.58   62.0    3.1      --
 67  04/04/2020  1800    51.4   20.7     2.0     0.000   0   29.53   51.5    4.1      --
 68  04/04/2020  1900    50.8   20.3     2.5     0.000   0   29.74   45.3    5.2      --
 69  04/04/2020  2000    50.2   20.3     2.9     0.000   0   30.41   41.3    6.3      --
 70  04/04/2020  2100    49.6   20.3     3.4     0.000   0   31.10   38.6    7.5      --
 71  04/04/2020  2200    49.0   20.3     3.9     0.000   0   31.81   36.5    8.6  no_inv
 72  04/04/2020  2300    47.3   20.3     3.5     0.000   0   33.81   37.8    7.8      --
 73  04/05/2020  0000    46.1   20.3     3.2     0.000   0   35.44   39.4    6.9      --
 74  04/05/2020  0100    45.0   20.3     2.8     0.000   0   36.89   41.5    6.0      --
 75  04/05/2020  0200    44.2   20.3     2.5     0.000   0   38.10   44.2    5.2      --
 76  04/05/2020  0300    43.5   20.3     2.1     0.000   0   39.06   48.0    4.4      --
 77  04/05/2020  0400    43.1   20.3     1.8     0.000   0   39.73   53.6    3.5    1096
 78  04/05/2020  0500    42.8   20.3     1.6     0.000   0   40.10   55.6    3.3      --
 79  04/05/2020  0600    42.7   20.3     1.5     0.000   0   40.28   58.0    3.0      --
 80  04/05/2020  0700    42.8   20.3     1.3     0.000   0   40.24   60.8    2.8      --
 81  04/05/2020  0800    43.0   20.3     1.2     0.000   0   39.81   64.2    2.5      --
 82  04/05/2020  0900    43.6   25.7     1.0     0.000   0   48.90   68.4    2.2      --
 83  04/05/2020  1000    44.5   29.8     0.9     0.000   0   56.14   73.5    2.0  no_inv
 84  04/05/2020  1100    46.6   29.8     1.0     0.000   0   51.75   73.9    1.2      --
 85  04/05/2020  1200    51.3   29.8     1.0     0.000   0   43.39   76.1    0.4      --
 86  04/05/2020  1300    55.8   29.8     1.1     0.000   0   36.83  249.8    0.4      --
 87  04/05/2020  1400    58.2   29.8     1.1     0.000   0   33.86  251.9    1.2      --
 88  04/05/2020  1500    59.4   29.8     1.2     0.000   0   32.35  252.3    2.0      --
 89  04/05/2020  1600    59.8   29.8     1.3     0.000   0   31.91  252.4    2.8  no_inv
 90  04/05/2020  1700    58.6   29.8     3.5     0.000   0   33.29  300.5    4.2      --
 91  04/05/2020  1800    57.2   29.8     5.8     0.000   0   35.00  318.7    6.8      --
 92  04/05/2020  1900    54.2   31.7     8.1     0.000   0   42.17  326.5    9.7      --
 93  04/05/2020  2000    52.6   31.5    10.3     0.000   0   44.44  330.6   12.7      --
 94  04/05/2020  2100    50.2   29.6    12.6     0.000   0   44.72  333.1   15.7      --
 95  04/05/2020  2200    47.9   29.5    14.9     0.000   0   48.62  334.9   18.8  no_inv
 96  04/05/2020  2300    46.6   29.4    14.2     0.000   0   50.83  336.1   18.3      --
 97  04/06/2020  0000    45.8   29.3    13.5     0.000   0   52.25  337.4   17.8      --
 98  04/06/2020  0100    45.0   29.2    12.8     0.000   0   53.72  338.7   17.3      --
 99  04/06/2020  0200    44.2   29.2    12.2     0.000   0   55.17  340.1   16.9      --
100  04/06/2020  0300    43.5   30.6    11.5     0.000   0   60.14  341.6   16.4      --
101  04/06/2020  0400    42.9   30.9    10.8     0.000   0   62.09  343.2   15.9     896
102  04/06/2020  0500    42.4   31.1     9.3     0.000   0   63.83  343.3   14.0      --
103  04/06/2020  0600    42.1   30.8     7.8     0.000   0   63.91  343.4   12.0      --
104  04/06/2020  0700    42.5   30.2     6.3     0.000   0   61.55  343.5   10.0      --
105  04/06/2020  0800    43.7   29.9     4.8     0.000   0   58.07  343.7    8.0      --
106  04/06/2020  0900    45.8   27.6     3.3     0.000   0   48.76  344.0    6.0      --
107  04/06/2020  1000    48.6   27.0     1.8     0.000   0   42.83  344.6    4.0    1566
108  04/06/2020  1100    52.0   26.5     3.3     0.000   0   36.95  325.2    5.8      --
109  04/06/2020  1200    56.3   26.0     4.8     0.000   0   30.87  315.5    7.9      --
110  04/06/2020  1300    59.8   26.2     6.3     0.000   0   27.47  309.9   10.1      --
111  04/06/2020  1400    61.7   26.7     7.8     0.000   0   26.24  306.4   12.4      --
112  04/06/2020  1500    62.6   27.4     9.3     0.000   0   26.15  304.0   14.8      --
113  04/06/2020  1600    63.0   27.7    10.8     0.000   0   26.12  302.2   17.1    8701
114  04/06/2020  1700    63.1   27.7    10.9     0.000   0   26.06  310.5   15.6      --
115  04/06/2020  1800    59.9   27.0    10.9     0.000   0   28.38  320.4   14.5      --
116  04/06/2020  1900    53.3   27.2    11.0     0.000   0   36.31  331.5   13.8      --
117  04/06/2020  2000    49.7   27.1    11.0     0.000   0   41.32  343.2   13.7      --
118  04/06/2020  2100    47.3   27.1    11.1     0.000   0   45.09  354.6   14.2      --
119  04/06/2020  2200    45.0   27.3    11.1     0.000   0   49.63    4.8   15.2    1706
120  04/06/2020  2300    42.3   27.7    10.6     0.000   0   55.91    5.4   14.6      --
121  04/07/2020  0000    41.1   28.1    10.1     0.000   0   59.53    6.0   14.0      --
122  04/07/2020  0100    39.8   28.2     9.5     0.000   0   62.96    6.7   13.4      --
123  04/07/2020  0200    38.6   28.4     9.0     0.000   0   66.38    7.4   12.8      --
124  04/07/2020  0300    37.4   28.4     8.5     0.000   0   69.67    8.3   12.2      --
125  04/07/2020  0400    36.4   28.4     7.9     0.000   0   72.59    9.2   11.6     455
126  04/07/2020  0500    35.5   27.9     6.8     0.000   0   73.66    7.9    9.4      --
127  04/07/2020  0600    35.0   27.6     5.6     0.000   0   74.22    5.8    7.2      --
128  04/07/2020  0700    35.9   27.4     4.4     0.000   0   70.97    1.9    5.0      --
129  04/07/2020  0800    38.5   26.4     3.3     0.000   0   61.46  351.9    2.8      --
130  04/07/2020  0900    42.8   26.4     2.1     0.000   0   52.02  304.6    1.2      --
131  04/07/2020  1000    48.2   26.3     1.0     0.000   0   42.27  225.6    2.1    6212
132  04/07/2020  1100    53.9   26.3     3.0     0.000   0   34.22  299.7    2.8      --
133  04/07/2020  1200    58.5   26.3     5.0     0.000   0   28.87  321.9    5.4      --
134  04/07/2020  1300    62.0   26.9     7.0     0.000   0   26.11  329.2    8.3      --
135  04/07/2020  1400    63.8   27.5     9.0     0.000   0   25.10  332.7   11.3      --
136  04/07/2020  1500    64.7   27.8    11.0     0.000   0   24.63  334.8   14.3      --
137  04/07/2020  1600    65.2   27.4    13.0     0.000   0   23.95  336.1   17.3    8939
138  04/07/2020  1700    65.2   27.3    13.3     0.000   0   23.78  336.1   17.5      --
139  04/07/2020  1800    62.4   26.9    13.5     0.000   0   25.84  336.1   17.7      --
140  04/07/2020  1900    56.5   26.5    13.7     0.000   0   31.29  336.1   17.9      --
141  04/07/2020  2000    53.2   26.0    14.0     0.000   0   34.53  336.1   18.0      --
142  04/07/2020  2100    50.9   25.5    14.2     0.000   0   36.90  336.1   18.2      --
143  04/07/2020  2200    48.6   25.3    14.5     0.000   0   39.85  336.1   18.4     923
144  04/07/2020  2300    47.0   25.0    13.7     0.000   0   41.79  339.8   17.2      --
145  04/08/2020  0000    46.8   24.8    13.0     0.000   0   41.71  343.9   16.1      --
146  04/08/2020  0100    46.6   24.6    12.3     0.000   0   41.78  348.6   15.1      --
147  04/08/2020  0200    46.3   25.9    11.5     0.000   0   44.67  353.9   14.2      --
148  04/08/2020  0300    46.0   26.1    10.8     0.000   0   45.48  360.0   13.4      --
149  04/08/2020  0400    45.7   26.3    10.1     0.000   0   46.43    6.6   12.8     233
150  04/08/2020  0500    45.3   26.5     8.6     0.000   0   47.28    8.2   10.4      --
151  04/08/2020  0600    45.1   27.1     7.1     0.000   0   49.10   10.8    8.1      --
152  04/08/2020  0700    45.4   27.6     5.6     0.000   0   49.44   15.5    5.7      --
153  04/08/2020  0800    46.6   26.3     4.1     0.000   0   44.86   26.6    3.5      --
154  04/08/2020  0900    48.5   31.7     2.5     0.000   0   51.97   66.7    1.7      --
155  04/08/2020  1000    51.3   32.2     1.0     0.000   0   47.99  137.8    2.3    5561
156  04/08/2020  1100    54.7   32.2     1.0     0.000   0   42.38  145.3    2.1      --
157  04/08/2020  1200    59.8   32.2     1.0     0.000   0   35.28  154.5    1.9      --
158  04/08/2020  1300    64.1   32.2     0.9     0.000   0   30.24  165.5    1.8      --
159  04/08/2020  1400    66.6   32.2     0.9     0.000   0   27.76  177.9    1.7      --
160  04/08/2020  1500    67.8   32.2     0.9     0.000   0   26.58  190.5    1.7      --
161  04/08/2020  1600    68.5   32.2     0.8     0.000   0   25.97  202.2    1.8    7491
162  04/08/2020  1700    68.7   32.2     2.1     0.000   0   25.79  131.9    2.4      --
163  04/08/2020  1800    66.3   32.2     3.4     0.000   0   28.02  109.3    4.5      --
164  04/08/2020  1900    61.4   32.2     4.7     0.000   0   33.28  101.6    6.8      --
165  04/08/2020  2000    58.7   32.9     6.0     0.000   0   37.68   97.9    9.3      --
166  04/08/2020  2100    56.3   33.8     7.3     0.000   0   42.44   95.8   11.7      --
167  04/08/2020  2200    54.0   34.2     8.6     0.000   0   47.03   94.3   14.1    1276
