  Generated by FoxLW on Thursday April 2, 2020 at 02:32 PDT
-------------------------------------------------------------------------------
  Ahtanum
  46.5500:-120.7100  (46 32' 60.00"N  120 42' 36.00"W)  elev 1643.7 feet    file: 310112
-------------------------------------------------------------------------------

Line#   Date     Hour   TempF  DewPtF WS(mph)  Rain(in) LW    RH%  WDir_50m WS_50m Inv(ft)
  5  04/02/2020  0400    27.1   22.5     2.0     0.000  10   82.56  204.2    4.5      68
  6  04/02/2020  0500    26.6   22.7     2.2     0.000  10   84.99  189.6    4.5      --
  7  04/02/2020  0600    26.2   26.2     2.5     0.000  10  100.00  176.0    4.8      --
  8  04/02/2020  0700    26.6   26.6     2.7     0.000  10  100.00  164.5    5.3      --
  9  04/02/2020  0800    28.4   28.4     3.0     0.000  10  100.00  155.3    6.0      --
 10  04/02/2020  0900    31.3   29.7     3.2     0.000  10   93.68  148.2    6.8      --
 11  04/02/2020  1000    35.1   30.1     3.5     0.000   5   81.73  142.6    7.7  no_inv
 12  04/02/2020  1100    38.4   31.7     3.4     0.010   0   76.62  152.7    7.1      --
 13  04/02/2020  1200    43.2   29.7     3.4     0.000   0   58.72  164.3    6.7      --
 14  04/02/2020  1300    45.8   29.7     3.4     0.000   0   53.03  176.6    6.7      --
 15  04/02/2020  1400    47.0   29.7     3.3     0.000   0   50.79  188.5    6.9      --
 16  04/02/2020  1500    46.1   31.7     3.3     0.000   0   56.91  199.2    7.4      --
 17  04/02/2020  1600    44.8   33.8     3.3     0.010   0   64.91  208.2    8.2  no_inv
 18  04/02/2020  1700    44.9   32.6     3.5     0.000   0   61.73  216.9    5.6      --
 19  04/02/2020  1800    43.5   31.5     3.7     0.000   0   62.33  238.3    3.4      --
 20  04/02/2020  1900    40.7   31.0     3.9     0.000   0   68.09  291.5    2.6      --
 21  04/02/2020  2000    39.1   30.7     4.1     0.000   0   71.52  332.7    4.1      --
 22  04/02/2020  2100    36.8   30.3     4.3     0.000   0   77.04  347.6    6.5      --
 23  04/02/2020  2200    34.5   31.5     4.5     0.010   0   88.65  354.3    9.1    1120
 24  04/02/2020  2300    32.1   30.4     3.8     0.000   0   93.17  354.6    7.8      --
 25  04/03/2020  0000    31.4   30.0     3.2     0.000   5   94.64  354.9    6.5      --
 26  04/03/2020  0100    30.7   29.7     2.5     0.000  10   96.23  355.4    5.1      --
 27  04/03/2020  0200    30.0   29.1     1.9     0.000  10   96.39  356.2    3.8      --
 28  04/03/2020  0300    29.3   28.4     1.2     0.000  10   96.38  357.9    2.5      --
 29  04/03/2020  0400    28.7   27.8     0.5     0.000  10   96.37    3.6    1.1     524
 30  04/03/2020  0500    28.9   27.1     0.8     0.000  10   93.14  268.7    0.0      --
 31  04/03/2020  0600    28.5   26.8     1.2     0.000  10   93.26  187.7    1.1      --
 32  04/03/2020  0700    29.0   27.1     1.5     0.000  10   92.79  186.7    2.3      --
 33  04/03/2020  0800    30.5   28.7     1.8     0.000  10   93.08  186.3    3.5      --
 34  04/03/2020  0900    31.5   23.3     2.2     0.000   5   71.26  186.2    4.6      --
 35  04/03/2020  1000    35.4   19.6     2.5     0.000   0   51.97  186.1    5.8  no_inv
 36  04/03/2020  1100    39.3   19.6     3.9     0.000   0   44.58  223.9    5.3      --
 37  04/03/2020  1200    43.8   19.5     5.3     0.000   0   37.38  253.7    7.1      --
 38  04/03/2020  1300    47.4   20.5     6.8     0.000   0   34.09  269.4    9.9      --
 39  04/03/2020  1400    49.4   21.6     8.2     0.000   0   33.12  277.7   13.1      --
 40  04/03/2020  1500    50.3   22.6     9.6     0.000   0   33.37  282.7   16.5      --
 41  04/03/2020  1600    50.8   22.9    11.0     0.000   0   33.24  286.0   19.9  no_inv
 42  04/03/2020  1700    50.9   23.6     9.9     0.000   0   34.12  290.9   17.5      --
 43  04/03/2020  1800    47.4   22.5     8.7     0.000   0   37.10  297.5   15.1      --
 44  04/03/2020  1900    40.4   22.3     7.6     0.000   0   48.02  306.2   13.1      --
 45  04/03/2020  2000    36.5   21.7     6.4     0.000   0   54.54  317.7   11.5      --
 46  04/03/2020  2100    34.2   21.5     5.3     0.000   0   59.27  332.3   10.4      --
 47  04/03/2020  2200    31.9   21.6     4.1     0.000   0   65.45  348.8   10.2    8805
 48  04/03/2020  2300    30.4   22.0     3.7     0.000   0   70.69  346.2    8.8      --
 49  04/04/2020  0000    30.3   22.0     3.2     0.000   0   70.82  342.6    7.4      --
 50  04/04/2020  0100    30.1   22.0     2.8     0.000   0   71.38  337.5    6.1      --
 51  04/04/2020  0200    29.8   22.0     2.3     0.000   0   72.27  329.8    4.9      --
 52  04/04/2020  0300    29.4   22.0     1.8     0.000   0   73.41  317.3    3.8      --
 53  04/04/2020  0400    29.0   22.0     1.4     0.000   0   74.74  296.8    3.0    1340
 54  04/04/2020  0500    28.5   22.0     1.5     0.000   0   76.24  304.2    1.9      --
 55  04/04/2020  0600    28.1   22.0     1.5     0.000   5   77.46  329.2    0.9      --
 56  04/04/2020  0700    28.5   22.0     1.6     0.000   5   76.26   52.0    0.8      --
 57  04/04/2020  0800    29.8   22.0     1.7     0.000   0   72.32   82.9    1.8      --
 58  04/04/2020  0900    32.1   20.7     1.7     0.000   0   62.54   91.4    2.9      --
 59  04/04/2020  1000    35.2   20.7     1.8     0.000   0   55.26   95.1    4.0    4522
 60  04/04/2020  1100    38.6   20.7     1.9     0.000   0   48.15   97.4    4.2      --
 61  04/04/2020  1200    42.0   20.7     2.0     0.000   0   42.27   99.5    4.3      --
 62  04/04/2020  1300    44.8   20.7     2.0     0.000   0   37.92  101.4    4.5      --
 63  04/04/2020  1400    46.4   20.7     2.1     0.000   0   35.76  103.3    4.7      --
 64  04/04/2020  1500    47.5   20.7     2.2     0.000   0   34.31  105.0    4.8      --
 65  04/04/2020  1600    48.2   20.7     2.2     0.000   0   33.40  106.6    5.0  no_inv
 66  04/04/2020  1700    48.6   20.8     2.8     0.000   0   32.99   87.5    4.9      --
 67  04/04/2020  1800    48.5   21.2     3.3     0.000   0   33.64   69.6    5.3      --
 68  04/04/2020  1900    48.2   20.8     3.9     0.000   0   33.53   55.4    6.1      --
 69  04/04/2020  2000    48.0   20.8     4.5     0.000   0   33.75   45.2    7.3      --
 70  04/04/2020  2100    45.7   20.8     5.0     0.000   0   36.90   37.8    8.6      --
 71  04/04/2020  2200    43.3   21.8     5.6     0.000   0   42.02   32.5    9.9     580
 72  04/04/2020  2300    42.2   22.4     5.8     0.000   0   44.95   31.9   10.2      --
 73  04/05/2020  0000    41.6   23.1     6.0     0.000   0   47.54   31.4   10.4      --
 74  04/05/2020  0100    41.0   23.9     6.3     0.000   0   50.21   30.9   10.6      --
 75  04/05/2020  0200    40.6   24.8     6.5     0.000   0   52.86   30.4   10.9      --
 76  04/05/2020  0300    40.3   25.6     6.7     0.000   0   55.34   30.0   11.1      --
 77  04/05/2020  0400    40.1   26.3     6.9     0.000   0   57.47   29.5   11.3  no_inv
 78  04/05/2020  0500    40.0   24.2     6.2     0.000   0   53.03   32.4   10.2      --
 79  04/05/2020  0600    39.9   22.9     5.5     0.000   0   50.29   36.0    9.2      --
 80  04/05/2020  0700    39.9   20.8     4.8     0.000   0   45.91   40.4    8.2      --
 81  04/05/2020  0800    40.3   20.8     4.0     0.000   0   45.31   46.1    7.2      --
 82  04/05/2020  0900    40.9   26.2     3.3     0.000   0   55.44   53.3    6.4      --
 83  04/05/2020  1000    41.9   30.5     2.5     0.000   0   63.54   62.6    5.7     587
 84  04/05/2020  1100    43.8   30.5     2.5     0.000   0   59.10   66.0    4.0      --
 85  04/05/2020  1200    46.9   30.5     2.4     0.000   0   52.43   74.1    2.4      --
 86  04/05/2020  1300    50.0   30.5     2.3     0.000   0   46.80  107.9    1.0      --
 87  04/05/2020  1400    51.9   30.5     2.2     0.000   0   43.64  196.9    1.4      --
 88  04/05/2020  1500    53.2   30.5     2.1     0.000   0   41.56  217.7    2.9      --
 89  04/05/2020  1600    54.0   30.5     2.0     0.000   0   40.32  223.8    4.5  no_inv
 90  04/05/2020  1700    54.2   30.5     3.1     0.000   0   40.11  261.2    4.0      --
 91  04/05/2020  1800    53.1   30.2     4.2     0.000   0   41.30  292.9    5.2      --
 92  04/05/2020  1900    50.9   30.6     5.4     0.000   0   45.57  309.6    7.3      --
 93  04/05/2020  2000    49.6   31.0     6.5     0.000   0   48.37  318.4    9.7      --
 94  04/05/2020  2100    47.3   34.2     7.6     0.000   0   60.09  323.6   12.3      --
 95  04/05/2020  2200    45.0   39.6     8.8     0.040   6   81.24  327.0   15.0     624
 96  04/05/2020  2300    43.2   38.7     8.5     0.000   0   84.13  325.5   14.6      --
 97  04/06/2020  0000    42.7   38.0     8.3     0.000   0   83.37  323.9   14.2      --
 98  04/06/2020  0100    42.2   37.3     8.0     0.000   0   82.76  322.2   13.9      --
 99  04/06/2020  0200    41.7   36.7     7.8     0.000   0   82.43  320.5   13.6      --
100  04/06/2020  0300    41.2   36.2     7.6     0.000   0   82.34  318.7   13.2      --
101  04/06/2020  0400    40.7   35.8     7.3     0.000   0   82.43  316.7   12.9     703
102  04/06/2020  0500    39.0   33.0     6.4     0.000   0   78.60  319.6   10.3      --
103  04/06/2020  0600    38.9   33.0     5.5     0.000   0   79.05  324.4    7.7      --
104  04/06/2020  0700    39.1   32.9     4.7     0.000   0   78.10  334.1    5.1      --
105  04/06/2020  0800    40.1   33.2     3.8     0.000   0   76.16  359.2    3.0      --
106  04/06/2020  0900    41.0   31.0     2.9     0.000   0   67.29   56.7    2.6      --
107  04/06/2020  1000    47.0   25.8     2.0     0.000   0   43.12   92.3    4.4    6335
108  04/06/2020  1100    50.5   25.6     3.3     0.000   0   37.49   36.8    1.6      --
109  04/06/2020  1200    54.6   25.4     4.7     0.000   0   32.01  317.9    3.7      --
110  04/06/2020  1300    57.8   25.9     6.1     0.000   0   29.13  305.4    7.2      --
111  04/06/2020  1400    59.4   26.5     7.5     0.000   0   28.16  301.2   10.9      --
112  04/06/2020  1500    60.2   27.1     8.8     0.000   0   28.19  299.1   14.6      --
113  04/06/2020  1600    60.5   27.8    10.2     0.000   0   28.57  297.9   18.3    8172
114  04/06/2020  1700    60.5   27.9     9.9     0.000   0   28.70  297.5   17.6      --
115  04/06/2020  1800    57.3   27.1     9.6     0.000   0   31.19  297.1   16.9      --
116  04/06/2020  1900    50.7   27.2     9.2     0.000   0   39.87  296.7   16.2      --
117  04/06/2020  2000    47.1   26.6     8.9     0.000   0   44.61  296.2   15.6      --
118  04/06/2020  2100    44.7   25.9     8.6     0.000   0   47.23  295.7   14.9      --
119  04/06/2020  2200    42.4   25.5     8.2     0.000   0   50.85  295.1   14.2     903
120  04/06/2020  2300    39.8   25.5     7.3     0.000   0   56.16  297.2   12.8      --
121  04/07/2020  0000    38.7   25.9     6.4     0.000   0   59.48  299.7   11.3      --
122  04/07/2020  0100    37.6   26.1     5.5     0.000   0   62.95  303.0    9.9      --
123  04/07/2020  0200    36.5   26.8     4.6     0.000   0   67.60  307.4    8.6      --
124  04/07/2020  0300    35.4   26.8     3.6     0.000   0   70.50  313.5    7.2      --
125  04/07/2020  0400    34.5   26.8     2.7     0.000   0   73.30  322.0    6.1     260
126  04/07/2020  0500    33.6   26.8     2.8     0.000   0   75.88  321.9    6.2      --
127  04/07/2020  0600    33.1   26.8     2.8     0.000   0   77.44  321.7    6.3      --
128  04/07/2020  0700    34.1   26.8     2.9     0.000   0   74.22  321.6    6.4      --
129  04/07/2020  0800    37.0   30.5     2.9     0.000   0   77.07  321.5    6.5      --
130  04/07/2020  0900    41.7   30.5     3.0     0.000   0   64.18  321.4    6.6      --
131  04/07/2020  1000    47.6   30.5     3.0     0.000   0   51.41  321.3    6.7    6269
132  04/07/2020  1100    53.4   30.5     4.3     0.000   0   41.40  329.0    8.5      --
133  04/07/2020  1200    57.7   30.5     5.6     0.000   0   35.45  334.1   10.3      --
134  04/07/2020  1300    60.8   30.9     6.8     0.000   0   32.13  337.6   12.2      --
135  04/07/2020  1400    62.4   30.9     8.1     0.000   0   30.41  340.1   14.1      --
136  04/07/2020  1500    63.1   31.4     9.4     0.000   0   30.30  342.0   16.1      --
137  04/07/2020  1600    63.5   31.6    10.7     0.000   0   30.19  343.5   18.1    8404
138  04/07/2020  1700    63.5   31.2    12.3     0.000   0   29.70  338.7   19.1      --
139  04/07/2020  1800    60.8   30.5    14.0     0.000   0   31.58  334.4   20.3      --
140  04/07/2020  1900    55.5   29.5    15.7     0.000   0   36.86  330.5   21.6      --
141  04/07/2020  2000    52.5   28.7    17.4     0.000   0   39.76  327.1   23.0      --
142  04/07/2020  2100    50.2   27.9    19.1     0.000   0   41.83  324.1   24.5      --
143  04/07/2020  2200    47.8   26.9    20.8     0.000   0   43.93  321.5   26.0     395
144  04/07/2020  2300    45.2   26.0    18.2     0.000   0   46.56  324.4   22.8      --
145  04/08/2020  0000    44.0   25.1    15.6     0.000   0   47.06  328.1   19.7      --
146  04/08/2020  0100    42.9   24.4    12.9     0.000   0   47.70  333.3   16.7      --
147  04/08/2020  0200    41.8   25.1    10.3     0.000   0   51.31  340.5   13.9      --
148  04/08/2020  0300    40.8   25.5     7.7     0.000   0   53.91  351.2   11.5      --
149  04/08/2020  0400    40.1   28.0     5.1     0.000   0   61.76    6.7    9.6     798
150  04/08/2020  0500    39.4   29.4     4.7     0.000   0   66.90    9.5    8.8      --
151  04/08/2020  0600    39.1   31.8     4.2     0.000   0   75.06   12.9    8.0      --
152  04/08/2020  0700    39.7   31.2     3.8     0.000   0   71.58   16.9    7.3      --
153  04/08/2020  0800    41.4   34.3     3.3     0.000   0   75.86   21.9    6.6      --
154  04/08/2020  0900    44.2   34.3     2.9     0.000   0   67.89   28.0    5.9      --
155  04/08/2020  1000    48.1   34.3     2.4     0.000   0   58.60   35.4    5.4    3423
156  04/08/2020  1100    52.6   34.3     2.3     0.000   0   49.61   41.8    4.1      --
157  04/08/2020  1200    57.8   34.3     2.2     0.000   0   41.05   53.9    2.8      --
158  04/08/2020  1300    62.1   34.3     2.1     0.000   0   35.34   80.9    1.9      --
159  04/08/2020  1400    64.3   34.3     2.0     0.000   0   32.61  126.7    1.8      --
160  04/08/2020  1500    65.5   34.3     1.9     0.000   0   31.31  157.5    2.6      --
161  04/08/2020  1600    66.1   34.3     1.7     0.000   0   30.64  171.2    3.8    5839
162  04/08/2020  1700    66.3   34.3     2.7     0.000   0   30.46  221.5    3.0      --
163  04/08/2020  1800    63.7   34.3     3.8     0.000   0   33.41  262.3    4.5      --
164  04/08/2020  1900    58.2   34.3     4.8     0.000   0   40.48  278.0    7.1      --
165  04/08/2020  2000    55.2   34.8     5.8     0.000   0   46.04  285.1    9.9      --
166  04/08/2020  2100    52.9   35.5     6.8     0.000   0   51.51  289.0   12.8      --
167  04/08/2020  2200    50.6   36.2     7.8     0.000   0   57.68  291.5   15.7     274
