  Generated by FoxLW on Thursday April 2, 2020 at 02:32 PDT
-------------------------------------------------------------------------------
  Pomona
  46.6900:-120.4700  (46 41' 24.00"N  120 28' 12.00"W)  elev 1263.1 feet    file: 310142
-------------------------------------------------------------------------------

Line#   Date     Hour   TempF  DewPtF WS(mph)  Rain(in) LW    RH%  WDir_50m WS_50m Inv(ft)
  5  04/02/2020  0400    24.2   23.4     3.8     0.000  10   96.95   14.3    8.4    1351
  6  04/02/2020  0500    23.6   23.5     3.7     0.000  10   99.91   17.0    5.9      --
  7  04/02/2020  0600    23.1   23.1     3.5     0.000  10  100.00   23.7    3.4      --
  8  04/02/2020  0700    24.0   24.0     3.4     0.000  10  100.00   58.7    1.2      --
  9  04/02/2020  0800    27.0   27.0     3.3     0.000  10  100.00  160.2    2.0      --
 10  04/02/2020  0900    31.6   28.8     3.1     0.000  10   89.07  175.7    4.4      --
 11  04/02/2020  1000    37.0   28.8     3.0     0.000   5   71.74  180.1    6.9  no_inv
 12  04/02/2020  1100    41.0   28.8     3.5     0.000   0   61.36  192.9    4.4      --
 13  04/02/2020  1200    43.2   28.8     4.0     0.000   0   56.46  230.7    2.5      --
 14  04/02/2020  1300    44.8   28.8     4.4     0.000   0   53.20  290.9    3.1      --
 15  04/02/2020  1400    45.6   28.8     4.9     0.000   0   51.58  314.6    5.4      --
 16  04/02/2020  1500    46.1   28.8     5.4     0.000   0   50.53  323.4    8.0      --
 17  04/02/2020  1600    46.4   28.8     5.9     0.000   0   49.97  327.8   10.8  no_inv
 18  04/02/2020  1700    46.4   28.8     5.5     0.000   0   50.07  320.9    7.5      --
 19  04/02/2020  1800    43.7   28.8     5.2     0.000   0   55.32  303.9    4.4      --
 20  04/02/2020  1900    38.4   28.8     4.8     0.000   0   68.06  251.7    2.8      --
 21  04/02/2020  2000    35.4   28.8     4.5     0.000   0   76.47  200.8    4.5      --
 22  04/02/2020  2100    33.1   28.8     4.2     0.000   0   83.96  184.2    7.6      --
 23  04/02/2020  2200    30.8   28.8     3.8     0.000   5   92.28  177.5   10.9  no_inv
 24  04/02/2020  2300    28.5   27.6     3.6     0.000  10   96.37  174.8    7.7      --
 25  04/03/2020  0000    27.8   26.9     3.4     0.000  10   96.36  168.4    4.5      --
 26  04/03/2020  0100    27.1   26.2     3.2     0.000  10   96.34  136.6    1.6      --
 27  04/03/2020  0200    26.3   25.4     3.0     0.000  10   96.33   33.3    2.4      --
 28  04/03/2020  0300    25.5   24.6     2.8     0.000  10   96.32   16.5    5.5      --
 29  04/03/2020  0400    24.8   23.9     2.6     0.000  10   96.30   11.8    8.7     663
 30  04/03/2020  0500    24.2   23.3     2.6     0.000  10   96.29    4.1    6.6      --
 31  04/03/2020  0600    23.7   22.8     2.5     0.000  10   96.28  350.0    4.7      --
 32  04/03/2020  0700    24.5   23.6     2.5     0.000  10   96.30  322.5    3.5      --
 33  04/03/2020  0800    27.2   26.3     2.5     0.000  10   96.34  283.9    3.5      --
 34  04/03/2020  0900    31.5   22.8     2.5     0.000   5   69.67  257.2    4.8      --
 35  04/03/2020  1000    36.8   22.8     2.5     0.000   0   56.40  243.6    6.7  no_inv
 36  04/03/2020  1100    41.5   22.8     2.8     0.000   0   46.87  255.1    7.9      --
 37  04/03/2020  1200    44.1   22.8     3.1     0.000   0   42.48  263.2    9.4      --
 38  04/03/2020  1300    46.1   22.8     3.4     0.000   0   39.36  269.0   11.0      --
 39  04/03/2020  1400    47.2   22.8     3.7     0.000   0   37.74  273.4   12.7      --
 40  04/03/2020  1500    48.0   22.8     4.0     0.000   0   36.74  276.7   14.4      --
 41  04/03/2020  1600    48.4   22.8     4.2     0.000   0   36.08  279.3   16.2    5655
 42  04/03/2020  1700    48.7   22.8     4.0     0.000   0   35.67  285.6   13.6      --
 43  04/03/2020  1800    45.5   22.8     3.7     0.000   0   40.23  294.9   11.1      --
 44  04/03/2020  1900    39.0   22.8     3.4     0.000   0   51.71  308.7    9.1      --
 45  04/03/2020  2000    35.4   22.8     3.1     0.000   0   59.57  328.3    7.9      --
 46  04/03/2020  2100    33.1   22.8     2.9     0.000   0   65.41  351.1    7.9      --
 47  04/03/2020  2200    30.8   22.8     2.6     0.000   0   71.89   11.1    9.0    8690
 48  04/03/2020  2300    28.9   22.8     2.5     0.000   5   77.48   14.9    8.3      --
 49  04/04/2020  0000    28.3   22.8     2.5     0.000  10   79.40   19.3    7.7      --
 50  04/04/2020  0100    27.6   22.8     2.4     0.000  10   81.72   24.4    7.2      --
 51  04/04/2020  0200    26.9   22.8     2.3     0.000  10   84.27   30.4    6.7      --
 52  04/04/2020  0300    26.1   22.8     2.3     0.000  10   86.92   37.2    6.2      --
 53  04/04/2020  0400    25.4   22.8     2.2     0.000  10   89.59   44.9    5.9    1120
 54  04/04/2020  0500    24.7   22.8     2.2     0.000  10   92.17   52.1    4.4      --
 55  04/04/2020  0600    24.2   22.8     2.2     0.000  10   94.12   66.2    3.0      --
 56  04/04/2020  0700    25.1   22.8     2.2     0.000  10   90.87   97.7    2.0      --
 57  04/04/2020  0800    27.6   22.8     2.2     0.000  10   81.61  143.2    2.2      --
 58  04/04/2020  0900    32.0   20.3     2.1     0.000   5   61.63  169.5    3.3      --
 59  04/04/2020  1000    37.5   20.2     2.1     0.000   0   49.15  181.3    4.7    5648
 60  04/04/2020  1100    43.1   20.0     1.9     0.000   0   39.31  184.1    4.0      --
 61  04/04/2020  1200    47.5   19.9     1.6     0.000   0   32.99  188.0    3.2      --
 62  04/04/2020  1300    50.7   19.8     1.3     0.000   0   29.12  194.3    2.5      --
 63  04/04/2020  1400    52.2   19.6     1.0     0.000   0   27.45  205.2    1.9      --
 64  04/04/2020  1500    53.0   19.6     0.8     0.000   0   26.62  226.1    1.3      --
 65  04/04/2020  1600    53.3   19.6     0.5     0.000   0   26.32  261.6    1.1  no_inv
 66  04/04/2020  1700    53.0   19.7     2.1     0.000   0   26.74   16.3    1.5      --
 67  04/04/2020  1800    52.7   20.2     3.8     0.000   0   27.54   32.6    3.7      --
 68  04/04/2020  1900    52.1   20.1     5.4     0.000   0   28.14   36.8    6.0      --
 69  04/04/2020  2000    51.8   22.4     7.0     0.000   0   31.37   38.7    8.2      --
 70  04/04/2020  2100    49.5   24.8     8.6     0.000   0   37.87   39.7   10.5      --
 71  04/04/2020  2200    47.1   25.9    10.2     0.000   0   43.22   40.4   12.8  no_inv
 72  04/04/2020  2300    45.6   27.1     9.5     0.000   0   48.18   44.0   12.2      --
 73  04/05/2020  0000    44.5   28.2     8.8     0.000   0   52.47   47.8   11.8      --
 74  04/05/2020  0100    43.6   29.1     8.0     0.000   0   56.38   52.0   11.3      --
 75  04/05/2020  0200    42.9   27.4     7.3     0.000   0   53.94   56.5   11.0      --
 76  04/05/2020  0300    42.3   25.1     6.5     0.000   0   50.15   61.3   10.7      --
 77  04/05/2020  0400    42.0   23.0     5.8     0.000   0   46.53   66.3   10.4    1611
 78  04/05/2020  0500    41.9   21.7     5.4     0.000   0   44.29   67.0   10.0      --
 79  04/05/2020  0600    41.8   20.0     5.1     0.000   0   41.24   67.7    9.6      --
 80  04/05/2020  0700    41.8   19.8     4.7     0.000   0   40.84   68.4    9.2      --
 81  04/05/2020  0800    42.1   19.8     4.3     0.000   0   40.37   69.3    8.8      --
 82  04/05/2020  0900    42.7   25.2     4.0     0.000   0   49.56   70.2    8.4      --
 83  04/05/2020  1000    43.6   28.3     3.6     0.000   0   54.51   71.2    8.0  no_inv
 84  04/05/2020  1100    45.8   28.3     3.3     0.000   0   50.12   72.0    5.8      --
 85  04/05/2020  1200    50.6   28.3     3.1     0.000   0   41.90   73.8    3.7      --
 86  04/05/2020  1300    55.1   28.3     2.9     0.000   0   35.46   80.5    1.5      --
 87  04/05/2020  1400    57.4   28.2     2.7     0.000   0   32.57  224.8    0.7      --
 88  04/05/2020  1500    58.8   28.2     2.4     0.000   0   31.04  242.9    2.8      --
 89  04/05/2020  1600    59.2   28.2     2.2     0.000   0   30.60  245.6    5.0  no_inv
 90  04/05/2020  1700    58.1   28.2     4.1     0.000   0   31.86  293.5    4.9      --
 91  04/05/2020  1800    56.4   28.3     6.0     0.000   0   33.86  323.5    7.4      --
 92  04/05/2020  1900    53.0   30.3     8.0     0.000   0   41.60  336.5   10.9      --
 93  04/05/2020  2000    51.2   30.4     9.9     0.000   0   44.74  343.1   14.6      --
 94  04/05/2020  2100    48.8   29.9    11.8     0.000   0   47.79  346.9   18.5      --
 95  04/05/2020  2200    46.5   28.6    13.7     0.000   0   49.45  349.4   22.4    1151
 96  04/05/2020  2300    44.7   29.9    11.9     0.000   0   55.97  357.4   17.4      --
 97  04/06/2020  0000    43.4   30.3    10.1     0.000   0   59.71   11.1   13.0      --
 98  04/06/2020  0100    42.1   30.8     8.2     0.000   0   63.93   35.6   10.0      --
 99  04/06/2020  0200    41.0   29.8     6.4     0.000   0   64.17   69.0    9.8      --
100  04/06/2020  0300    40.0   29.2     4.5     0.000   0   65.09   95.2   12.5      --
101  04/06/2020  0400    39.1   28.8     2.7     0.000   0   66.31  110.1   16.7    1012
102  04/06/2020  0500    38.4   28.3     2.6     0.000   0   66.58  109.0   14.8      --
103  04/06/2020  0600    38.0   28.3     2.6     0.000   0   67.66  107.5   12.9      --
104  04/06/2020  0700    38.6   28.3     2.5     0.000   0   66.15  105.6   11.0      --
105  04/06/2020  0800    40.3   28.3     2.5     0.000   0   61.87  102.8    9.2      --
106  04/06/2020  0900    43.2   27.3     2.4     0.000   0   53.26   98.7    7.3      --
107  04/06/2020  1000    47.0   26.8     2.3     0.000   0   45.05   91.8    5.5    6471
108  04/06/2020  1100    51.1   26.2     2.7     0.000   0   37.66   44.9    3.0      --
109  04/06/2020  1200    55.3   25.7     3.0     0.000   0   31.63  344.2    4.6      --
110  04/06/2020  1300    58.5   25.2     3.3     0.000   0   27.68  325.5    8.2      --
111  04/06/2020  1400    60.1   24.9     3.7     0.000   0   25.74  318.5   12.2      --
112  04/06/2020  1500    60.9   24.7     4.0     0.000   0   24.82  314.9   16.2      --
113  04/06/2020  1600    61.2   24.6     4.3     0.000   0   24.44  312.8   20.2    8474
114  04/06/2020  1700    61.2   24.6     4.6     0.000   0   24.49  317.8   18.0      --
115  04/06/2020  1800    57.2   24.8     4.8     0.000   0   28.38  324.3   15.9      --
116  04/06/2020  1900    49.1   24.9     5.0     0.000   0   38.54  332.6   14.2      --
117  04/06/2020  2000    44.6   25.1     5.2     0.000   0   45.93  342.9   12.7      --
118  04/06/2020  2100    42.3   25.3     5.4     0.000   0   50.66  355.4   11.8      --
119  04/06/2020  2200    39.9   25.5     5.6     0.000   0   56.03    9.1   11.5    2506
120  04/06/2020  2300    37.1   25.4     5.5     0.000   0   62.26    9.4   11.3      --
121  04/07/2020  0000    36.1   25.3     5.3     0.000   0   64.56    9.7   11.0      --
122  04/07/2020  0100    35.0   25.2     5.2     0.000   0   67.10   10.1   10.7      --
123  04/07/2020  0200    33.8   25.0     5.1     0.000   0   69.75   10.4   10.5      --
124  04/07/2020  0300    32.7   24.9     4.9     0.000   0   72.75   10.7   10.2      --
125  04/07/2020  0400    31.6   24.9     4.8     0.000   0   75.92   11.1    9.9     582
126  04/07/2020  0500    30.7   24.9     4.2     0.000   5   78.95    8.8    8.6      --
127  04/07/2020  0600    30.1   24.9     3.6     0.000  10   80.83    5.6    7.4      --
128  04/07/2020  0700    31.3   24.9     3.1     0.000  10   77.10    1.1    6.1      --
129  04/07/2020  0800    34.5   27.7     2.5     0.000   5   75.91  354.4    4.9      --
130  04/07/2020  0900    39.6   27.7     1.9     0.000   0   61.89  343.7    3.9      --
131  04/07/2020  1000    46.1   27.7     1.3     0.000   0   48.26  326.0    3.0    6033
132  04/07/2020  1100    52.7   27.7     2.7     0.000   0   37.79  329.7    5.4      --
133  04/07/2020  1200    57.5   27.7     4.1     0.000   0   31.68  331.1    7.9      --
134  04/07/2020  1300    61.2   28.0     5.4     0.000   0   28.29  331.9   10.3      --
135  04/07/2020  1400    63.0   28.4     6.8     0.000   0   26.88  332.4   12.7      --
136  04/07/2020  1500    64.0   28.8     8.1     0.000   0   26.42  332.7   15.2      --
137  04/07/2020  1600    64.5   29.2     9.5     0.000   0   26.39  332.9   17.6    8721
138  04/07/2020  1700    64.6   29.1    10.4     0.000   0   26.21  334.4   17.7      --
139  04/07/2020  1800    61.1   28.5    11.2     0.000   0   28.89  335.9   17.8      --
140  04/07/2020  1900    54.0   27.9    12.1     0.000   0   36.34  337.4   17.9      --
141  04/07/2020  2000    50.1   27.2    12.9     0.000   0   40.88  338.9   18.0      --
142  04/07/2020  2100    47.8   26.6    13.8     0.000   0   43.48  340.3   18.1      --
143  04/07/2020  2200    45.4   26.3    14.6     0.000   0   46.80  341.7   18.3     729
144  04/07/2020  2300    42.8   25.9    14.5     0.000   0   50.87  348.4   17.5      --
145  04/08/2020  0000    41.9   25.6    14.4     0.000   0   52.04  355.7   16.9      --
146  04/08/2020  0100    40.9   25.3    14.3     0.000   0   53.34    3.3   16.6      --
147  04/08/2020  0200    40.0   25.1    14.2     0.000   0   54.75   11.1   16.6      --
148  04/08/2020  0300    39.2   24.9    14.1     0.000   0   56.24   18.8   16.9      --
149  04/08/2020  0400    38.5   24.9    14.0     0.000   0   57.78   26.0   17.5     713
150  04/08/2020  0500    37.8   26.2    11.9     0.000   0   62.44   27.1   14.3      --
151  04/08/2020  0600    37.4   26.7     9.8     0.000   0   64.84   29.0   11.0      --
152  04/08/2020  0700    38.3   27.7     7.6     0.000   0   65.15   32.4    7.8      --
153  04/08/2020  0800    40.8   29.3     5.5     0.000   0   63.30   40.6    4.6      --
154  04/08/2020  0900    44.8   29.3     3.4     0.000   0   54.31   77.3    1.9      --
155  04/08/2020  1000    49.9   29.3     1.2     0.000   0   44.78  166.8    2.7    4262
156  04/08/2020  1100    55.3   29.3     1.4     0.000   0   36.66  181.8    2.8      --
157  04/08/2020  1200    60.1   29.3     1.6     0.000   0   30.85  195.1    3.1      --
158  04/08/2020  1300    63.8   29.3     1.7     0.000   0   27.13  205.8    3.5      --
159  04/08/2020  1400    65.7   29.3     1.9     0.000   0   25.39  214.2    4.0      --
160  04/08/2020  1500    66.6   29.3     2.1     0.000   0   24.57  220.6    4.5      --
161  04/08/2020  1600    67.1   29.3     2.2     0.000   0   24.17  225.5    5.1    7005
162  04/08/2020  1700    67.2   29.3     2.5     0.000   0   24.10  211.9    5.9      --
163  04/08/2020  1800    63.6   29.3     2.7     0.000   0   27.27  201.9    7.0      --
164  04/08/2020  1900    56.4   29.3     3.0     0.000   0   35.32  194.7    8.2      --
165  04/08/2020  2000    52.4   29.3     3.2     0.000   0   40.87  189.4    9.5      --
166  04/08/2020  2100    50.0   29.3     3.4     0.000   0   44.56  185.4   10.8      --
167  04/08/2020  2200    47.7   29.3     3.7     0.000   0   48.63  182.3   12.2    1319
