  Generated by FoxLW on Thursday April 2, 2020 at 02:32 PDT
-------------------------------------------------------------------------------
  Snipes Mountain
  46.3100:-120.0700  (46 18' 36.00"N  120 4' 12.00"W)  elev 1053.1 feet    file: 310121
-------------------------------------------------------------------------------

Line#   Date     Hour   TempF  DewPtF WS(mph)  Rain(in) LW    RH%  WDir_50m WS_50m Inv(ft)
  5  04/02/2020  0400    33.2   23.5     2.2     0.000   0   67.21  351.2    4.9  no_inv
  6  04/02/2020  0500    32.7   23.5     2.2     0.000   0   68.68  359.9    3.6      --
  7  04/02/2020  0600    32.3   28.9     2.2     0.000   0   87.37   17.7    2.4      --
  8  04/02/2020  0700    32.7   29.7     2.2     0.000   0   88.36   54.8    1.8      --
  9  04/02/2020  0800    34.3   29.7     2.1     0.000   0   82.90   95.8    2.2      --
 10  04/02/2020  0900    37.1   29.7     2.1     0.000   0   74.27  116.8    3.3      --
 11  04/02/2020  1000    40.7   29.7     2.1     0.000   0   64.36  126.7    4.6  no_inv
 12  04/02/2020  1100    44.8   29.7     1.9     0.000   0   55.10  129.4    4.1      --
 13  04/02/2020  1200    48.6   29.7     1.6     0.000   0   47.69  132.9    3.5      --
 14  04/02/2020  1300    51.4   29.7     1.4     0.000   0   43.07  137.9    2.9      --
 15  04/02/2020  1400    52.6   29.7     1.2     0.000   0   41.20  145.1    2.4      --
 16  04/02/2020  1500    53.1   29.7     0.9     0.000   0   40.34  156.1    1.9      --
 17  04/02/2020  1600    53.3   29.7     0.7     0.000   0   40.16  173.1    1.6  no_inv
 18  04/02/2020  1700    52.8   29.7     3.6     0.000   0   40.87  325.0    2.5      --
 19  04/02/2020  1800    51.4   29.7     6.4     0.000   0   42.97  331.5    6.4      --
 20  04/02/2020  1900    48.7   30.2     9.3     0.000   0   48.75  333.1   10.4      --
 21  04/02/2020  2000    47.1   27.2    12.1     0.000   0   45.63  333.8   14.4      --
 22  04/02/2020  2100    44.8   26.0    15.0     0.000   0   47.48  334.2   18.3      --
 23  04/02/2020  2200    42.4   24.8    17.8     0.000   0   49.27  334.5   22.3     356
 24  04/02/2020  2300    39.3   23.5    15.4     0.000   0   52.76  333.1   19.5      --
 25  04/03/2020  0000    36.9   22.3    12.9     0.000   0   55.16  331.1   16.8      --
 26  04/03/2020  0100    34.7   22.7    10.4     0.000   0   61.06  328.5   14.1      --
 27  04/03/2020  0200    32.8   22.4     7.9     0.000   0   65.21  324.6   11.4      --
 28  04/03/2020  0300    30.5   26.2     4.3     0.000   5   84.05  318.4    8.8      --
 29  04/03/2020  0400    29.3   27.1     2.0     0.000  10   91.65  307.2    6.4  no_inv
 30  04/03/2020  0500    28.7   26.9     2.1     0.000  10   92.95  305.1    5.2      --
 31  04/03/2020  0600    28.2   27.3     2.0     0.000  10   96.36  301.7    3.9      --
 32  04/03/2020  0700    28.8   27.9     1.8     0.000  10   96.37  295.2    2.7      --
 33  04/03/2020  0800    30.7   29.7     1.5     0.000  10   95.95  278.5    1.6      --
 34  04/03/2020  0900    34.0   29.7     1.1     0.000   5   84.28  223.4    0.9      --
 35  04/03/2020  1000    38.3   30.7     0.7     0.000   0   73.78  171.2    1.6  no_inv
 36  04/03/2020  1100    43.2   31.4     3.2     0.000   0   62.77  266.7    2.8      --
 37  04/03/2020  1200    48.0   31.7     5.6     0.000   0   52.83  282.5    5.9      --
 38  04/03/2020  1300    51.8   29.2     8.0     0.000   0   41.48  287.1    9.2      --
 39  04/03/2020  1400    53.8   25.5    10.5     0.000   0   33.19  289.4   12.5      --
 40  04/03/2020  1500    54.8   20.7    12.9     0.000   0   26.10  290.6   15.9      --
 41  04/03/2020  1600    55.4   18.3    15.4     0.000   0   23.12  291.5   19.2  no_inv
 42  04/03/2020  1700    55.5   19.4    13.8     0.000   0   24.06  294.7   17.4      --
 43  04/03/2020  1800    52.4   20.4    12.2     0.000   0   28.10  298.6   15.7      --
 44  04/03/2020  1900    46.2   20.5    10.6     0.000   0   35.59  303.5   14.0      --
 45  04/03/2020  2000    42.8   21.0     9.0     0.000   0   41.55  309.5   12.5      --
 46  04/03/2020  2100    40.4   22.0     7.4     0.000   0   47.37  317.1   11.2      --
 47  04/03/2020  2200    38.1   23.4     5.8     0.000   0   55.18  326.6   10.1     236
 48  04/03/2020  2300    35.4   24.2     5.0     0.000   0   63.30  325.2    8.5      --
 49  04/04/2020  0000    34.2   25.0     4.1     0.000   0   68.76  323.2    6.9      --
 50  04/04/2020  0100    33.0   25.0     3.2     0.000   0   72.11  319.9    5.4      --
 51  04/04/2020  0200    31.9   25.1     2.3     0.000   0   75.83  314.0    3.8      --
 52  04/04/2020  0300    30.6   25.6     1.4     0.000   5   81.32  300.7    2.4      --
 53  04/04/2020  0400    29.7   25.9     0.6     0.000  10   85.45  260.8    1.4     204
 54  04/04/2020  0500    29.1   25.4     0.7     0.000  10   85.79  234.1    0.9      --
 55  04/04/2020  0600    28.7   25.3     0.9     0.000  10   87.00  186.1    0.8      --
 56  04/04/2020  0700    29.4   26.0     1.0     0.000  10   86.91  154.2    1.2      --
 57  04/04/2020  0800    31.6   27.0     1.2     0.000  10   82.96  140.5    1.9      --
 58  04/04/2020  0900    35.2   28.1     1.3     0.000   5   75.07  133.7    2.5      --
 59  04/04/2020  1000    39.8   29.1     1.4     0.000   0   65.17  129.8    3.2    7768
 60  04/04/2020  1100    44.4   29.8     1.8     0.000   0   56.20  104.0    2.9      --
 61  04/04/2020  1200    47.5   30.1     2.1     0.000   0   50.57   78.3    3.2      --
 62  04/04/2020  1300    50.0   30.1     2.4     0.000   0   46.10   60.1    4.0      --
 63  04/04/2020  1400    51.4   29.4     2.7     0.000   0   42.65   48.7    5.0      --
 64  04/04/2020  1500    52.3   27.8     3.0     0.000   0   38.58   41.4    6.2      --
 65  04/04/2020  1600    52.9   25.8     3.4     0.000   0   34.69   36.6    7.5  no_inv
 66  04/04/2020  1700    53.3   24.2     3.5     0.000   0   31.93   34.0    7.7      --
 67  04/04/2020  1800    53.2   23.5     3.7     0.000   0   31.22   31.5    7.8      --
 68  04/04/2020  1900    53.0   27.3     3.8     0.000   0   36.74   29.1    8.1      --
 69  04/04/2020  2000    52.9   27.3     3.9     0.000   0   36.89   26.9    8.3      --
 70  04/04/2020  2100    50.6   27.5     3.8     0.000   0   40.52   24.8    8.5      --
 71  04/04/2020  2200    48.2   27.7     3.6     0.000   0   44.69   22.8    8.7     586
 72  04/04/2020  2300    47.0   27.5     4.9     0.000   0   46.32   23.8    9.9      --
 73  04/05/2020  0000    46.1   27.6     6.2     0.000   0   48.21   24.7   11.0      --
 74  04/05/2020  0100    45.2   28.5     7.2     0.000   0   51.76   25.4   12.2      --
 75  04/05/2020  0200    44.4   29.5     8.3     0.000   0   55.51   26.0   13.3      --
 76  04/05/2020  0300    43.9   29.9     9.3     0.000   0   57.59   26.5   14.4      --
 77  04/05/2020  0400    43.5   29.9    10.3     0.000   0   58.48   26.9   15.6    1185
 78  04/05/2020  0500    43.3   30.1     9.2     0.000   0   59.19   27.8   14.4      --
 79  04/05/2020  0600    43.2   30.2     8.1     0.000   0   59.74   29.0   13.2      --
 80  04/05/2020  0700    43.3   29.4     7.1     0.000   0   57.72   30.3   12.0      --
 81  04/05/2020  0800    43.7   28.7     6.0     0.000   0   55.07   32.0   10.8      --
 82  04/05/2020  0900    44.5   28.9     4.9     0.000   0   53.98   34.1    9.6      --
 83  04/05/2020  1000    45.8   30.5     3.8     0.000   0   54.90   36.7    8.5  no_inv
 84  04/05/2020  1100    48.2   30.5     3.4     0.000   0   50.16   38.5    7.5      --
 85  04/05/2020  1200    53.0   30.5     3.0     0.000   0   41.94   40.8    6.4      --
 86  04/05/2020  1300    57.6   30.5     2.5     0.000   0   35.50   44.0    5.4      --
 87  04/05/2020  1400    59.8   30.5     2.1     0.000   0   32.82   48.7    4.4      --
 88  04/05/2020  1500    61.1   30.5     1.6     0.000   0   31.38   55.9    3.5      --
 89  04/05/2020  1600    61.5   30.5     1.2     0.000   0   30.86   67.9    2.7  no_inv
 90  04/05/2020  1700    60.8   30.5     2.5     0.000   0   31.63   12.6    2.2      --
 91  04/05/2020  1800    59.7   30.5     3.9     0.000   0   32.93  336.0    3.7      --
 92  04/05/2020  1900    57.4   30.6     5.2     0.000   0   35.98  322.5    5.7      --
 93  04/05/2020  2000    56.1   31.5     6.5     0.000   0   39.05  316.3    7.9      --
 94  04/05/2020  2100    53.8   32.4     7.9     0.000   0   44.06  312.8   10.2      --
 95  04/05/2020  2200    51.4   32.5     9.2     0.000   0   48.17  310.6   12.4  no_inv
 96  04/05/2020  2300    49.6   32.5     9.5     0.000   0   51.48  309.2   12.5      --
 97  04/06/2020  0000    48.3   32.5     9.8     0.000   0   54.02  307.9   12.5      --
 98  04/06/2020  0100    47.1   32.5    10.1     0.000   0   56.46  306.5   12.6      --
 99  04/06/2020  0200    46.1   32.4    10.3     0.000   0   58.56  305.1   12.7      --
100  04/06/2020  0300    45.2   32.3    10.6     0.000   0   60.42  303.8   12.7      --
101  04/06/2020  0400    44.4   32.2    10.9     0.000   0   61.96  302.5   12.8     753
102  04/06/2020  0500    43.8   32.5     9.5     0.000   0   64.11  299.1   11.4      --
103  04/06/2020  0600    43.5   32.5     8.1     0.000   0   64.87  294.8   10.0      --
104  04/06/2020  0700    43.9   31.7     6.8     0.000   0   61.89  289.2    8.8      --
105  04/06/2020  0800    45.1   30.4     5.4     0.000   0   56.09  281.7    7.6      --
106  04/06/2020  0900    47.3   30.4     4.0     0.000   0   51.65  271.8    6.6      --
107  04/06/2020  1000    50.2   30.4     2.6     0.000   0   46.32  258.8    5.8  no_inv
108  04/06/2020  1100    53.4   30.4     3.3     0.000   0   41.13  266.8    6.4      --
109  04/06/2020  1200    56.4   30.3     4.0     0.000   0   36.85  273.3    7.1      --
110  04/06/2020  1300    58.8   30.9     4.6     0.000   0   34.53  278.6    7.9      --
111  04/06/2020  1400    60.1   31.5     5.3     0.000   0   33.78  283.0    8.7      --
112  04/06/2020  1500    61.1   32.1     5.9     0.000   0   33.48  286.6    9.6      --
113  04/06/2020  1600    61.6   32.7     6.6     0.000   0   33.63  289.5   10.5    8975
114  04/06/2020  1700    61.9   32.7     7.3     0.000   0   33.28  291.7   10.9      --
115  04/06/2020  1800    59.6   32.1     7.9     0.000   0   35.18  293.6   11.4      --
116  04/06/2020  1900    54.9   32.3     8.6     0.000   0   42.06  295.4   11.9      --
117  04/06/2020  2000    52.3   31.8     9.2     0.000   0   45.37  297.1   12.4      --
118  04/06/2020  2100    49.9   31.0     9.9     0.000   0   48.04  298.6   13.0      --
119  04/06/2020  2200    47.6   30.4    10.5     0.000   0   51.15  300.0   13.5    2174
120  04/06/2020  2300    45.4   30.2     9.4     0.000   0   54.95  302.0   12.5      --
121  04/07/2020  0000    44.0   29.8     8.2     0.000   0   57.04  304.4   11.4      --
122  04/07/2020  0100    42.6   30.2     7.0     0.000   0   61.30  307.2   10.5      --
123  04/07/2020  0200    41.2   30.7     5.8     0.000   0   65.98  310.6    9.5      --
124  04/07/2020  0300    40.0   31.1     4.7     0.000   0   70.31  314.8    8.6      --
125  04/07/2020  0400    38.9   31.8     3.5     0.000   0   75.39  319.8    7.8     268
126  04/07/2020  0500    38.0   31.8     3.1     0.000   0   78.16  317.0    6.7      --
127  04/07/2020  0600    37.4   31.8     2.7     0.000   0   79.77  313.2    5.6      --
128  04/07/2020  0700    38.1   31.8     2.3     0.000   0   77.70  307.6    4.6      --
129  04/07/2020  0800    40.1   26.8     1.9     0.000   0   58.76  298.9    3.7      --
130  04/07/2020  0900    43.5   26.8     1.5     0.000   0   51.50  284.8    2.8      --
131  04/07/2020  1000    48.0   26.8     1.0     0.000   0   43.34  262.2    2.3    6848
132  04/07/2020  1100    53.1   26.7     2.9     0.000   0   35.83  297.9    3.8      --
133  04/07/2020  1200    58.4   26.7     4.7     0.000   0   29.46  311.2    5.9      --
134  04/07/2020  1300    62.7   27.4     6.5     0.000   0   26.08  317.4    8.1      --
135  04/07/2020  1400    65.0   28.1     8.4     0.000   0   24.79  320.9   10.4      --
136  04/07/2020  1500    66.2   28.8    10.2     0.000   0   24.46  323.1   12.7      --
137  04/07/2020  1600    66.8   28.6    12.0     0.000   0   23.73  324.6   15.0    8211
138  04/07/2020  1700    67.0   28.8    11.6     0.000   0   23.78  325.1   14.6      --
139  04/07/2020  1800    64.0   28.4    11.2     0.000   0   25.97  325.5   14.1      --
140  04/07/2020  1900    57.8   28.7    10.8     0.000   0   32.76  326.1   13.6      --
141  04/07/2020  2000    54.3   28.5    10.3     0.000   0   36.76  326.6   13.1      --
142  04/07/2020  2100    52.0   28.1     9.9     0.000   0   39.44  327.2   12.6      --
143  04/07/2020  2200    49.7   27.9     9.5     0.000   0   42.71  327.9   12.2     445
144  04/07/2020  2300    47.8   27.8     9.6     0.000   0   45.45  332.9   12.0      --
145  04/08/2020  0000    47.4   27.6     9.6     0.000   0   45.92  338.0   11.9      --
146  04/08/2020  0100    46.9   27.5     9.7     0.000   0   46.53  343.2   12.0      --
147  04/08/2020  0200    46.3   27.4     9.8     0.000   0   47.23  348.3   12.1      --
148  04/08/2020  0300    45.8   27.3     9.9     0.000   0   48.01  353.2   12.3      --
149  04/08/2020  0400    45.4   27.3     9.9     0.000   0   48.85  358.0   12.6     438
150  04/08/2020  0500    44.9   27.3     8.4     0.000   0   49.84  356.7   10.4      --
151  04/08/2020  0600    44.6   27.9     6.8     0.000   0   51.62  354.7    8.2      --
152  04/08/2020  0700    45.1   28.2     5.3     0.000   0   51.48  351.3    6.0      --
153  04/08/2020  0800    46.4   29.8     3.8     0.000   0   52.11  344.0    3.9      --
154  04/08/2020  0900    48.8   29.8     2.2     0.000   0   47.70  320.7    1.9      --
155  04/08/2020  1000    52.0   29.8     0.7     0.000   0   42.31  242.2    1.6    5815
156  04/08/2020  1100    55.9   29.8     0.8     0.000   0   36.78  246.5    1.7      --
157  04/08/2020  1200    60.8   29.8     0.9     0.000   0   30.76  250.1    1.9      --
158  04/08/2020  1300    64.9   29.8     0.9     0.000   0   26.64  253.0    2.1      --
159  04/08/2020  1400    67.2   29.8     1.0     0.000   0   24.65  255.5    2.2      --
160  04/08/2020  1500    68.3   29.8     1.1     0.000   0   23.71  257.6    2.4      --
161  04/08/2020  1600    68.9   29.8     1.2     0.000   0   23.23  259.4    2.6    7460
162  04/08/2020  1700    69.1   29.8     3.0     0.000   0   23.12  303.8    3.7      --
163  04/08/2020  1800    67.0   29.8     4.9     0.000   0   24.80  322.1    5.8      --
164  04/08/2020  1900    62.8   31.0     6.8     0.000   0   30.10  330.2    8.2      --
165  04/08/2020  2000    60.5   31.8     8.6     0.000   0   33.74  334.7   10.7      --
166  04/08/2020  2100    58.2   31.7    10.5     0.000   0   36.43  337.4   13.2      --
167  04/08/2020  2200    55.8   29.8    12.4     0.000   0   36.79  339.3   15.8     327
