  Generated by FoxLW on Thursday April 2, 2020 at 02:32 PDT
-------------------------------------------------------------------------------
  Wapato
  46.4400:-120.5300  (46 26' 24.00"N  120 31' 48.00"W)  elev 876.0 feet    file: 310131
-------------------------------------------------------------------------------

Line#   Date     Hour   TempF  DewPtF WS(mph)  Rain(in) LW    RH%  WDir_50m WS_50m Inv(ft)
  5  04/02/2020  0400    24.1   23.2     0.4     0.000  10   96.29  354.0    3.7  no_inv
  6  04/02/2020  0500    24.1   23.2     0.4     0.000  10   96.29   19.1    2.6      --
  7  04/02/2020  0600    24.1   24.1     0.8     0.000  10  100.00   60.6    2.4      --
  8  04/02/2020  0700    24.6   24.6     1.5     0.000  10  100.00   91.7    3.3      --
  9  04/02/2020  0800    27.3   27.3     2.4     0.000  10  100.00  106.8    4.8      --
 10  04/02/2020  0900    33.1   30.9     3.3     0.000   5   91.41  114.5    6.4      --
 11  04/02/2020  1000    38.7   30.9     3.6     0.000   0   73.02  119.1    8.0  no_inv
 12  04/02/2020  1100    42.9   30.9     3.9     0.000   0   62.17  132.6    6.1      --
 13  04/02/2020  1200    45.0   29.6     4.2     0.000   0   54.40  155.9    4.8      --
 14  04/02/2020  1300    46.6   29.6     4.4     0.000   0   51.36  187.4    4.6      --
 15  04/02/2020  1400    47.4   30.3     4.7     0.000   0   51.22  213.2    5.7      --
 16  04/02/2020  1500    46.6   32.7     5.0     0.000   0   58.17  228.6    7.6      --
 17  04/02/2020  1600    45.4   34.8     5.2     0.010   0   66.06  237.6    9.7  no_inv
 18  04/02/2020  1700    46.2   33.8     6.5     0.000   0   61.95  256.6    7.4      --
 19  04/02/2020  1800    45.2   32.8     7.7     0.000   0   61.47  286.1    6.4      --
 20  04/02/2020  1900    43.4   32.5     9.0     0.000   0   65.17  315.6    7.4      --
 21  04/02/2020  2000    42.3   30.7    10.2     0.000   0   63.08  334.6    9.7      --
 22  04/02/2020  2100    40.0   28.7    11.5     0.000   0   63.78  345.6   12.7      --
 23  04/02/2020  2200    37.7   26.0    12.7     0.000   0   62.34  352.3   15.9     339
 24  04/02/2020  2300    34.8   26.2    11.0     0.000   0   70.39  354.2   14.0      --
 25  04/03/2020  0000    31.4   26.5     7.9     0.000   0   81.91  356.8   12.1      --
 26  04/03/2020  0100    27.8   26.8     4.4     0.000   5   95.92    0.3   10.2      --
 27  04/03/2020  0200    25.6   25.1     2.0     0.000  10   98.31    5.4    8.4      --
 28  04/03/2020  0300    24.3   23.4     0.4     0.000  10   96.30   13.3    6.7      --
 29  04/03/2020  0400    24.3   23.4     0.4     0.000  10   96.30   26.0    5.2    1045
 30  04/03/2020  0500    24.3   23.4     0.4     0.000  10   96.30   32.1    4.1      --
 31  04/03/2020  0600    24.3   23.7     0.9     0.000  10   97.38   42.4    3.0      --
 32  04/03/2020  0700    24.7   24.7     1.2     0.000  10  100.00   61.6    2.2      --
 33  04/03/2020  0800    26.9   26.8     1.5     0.000  10   99.61   94.5    1.8      --
 34  04/03/2020  0900    31.5   28.7     1.5     0.000  10   89.30  127.7    2.2      --
 35  04/03/2020  1000    36.8   30.3     1.4     0.000   5   76.91  147.3    3.0  no_inv
 36  04/03/2020  1100    42.5   31.3     3.4     0.000   0   64.37  226.1    1.8      --
 37  04/03/2020  1200    47.3   31.7     5.4     0.000   0   54.41  269.7    4.3      --
 38  04/03/2020  1300    51.0   29.6     7.4     0.000   0   43.52  279.7    7.3      --
 39  04/03/2020  1400    53.0   27.1     9.4     0.000   0   36.53  283.7   10.5      --
 40  04/03/2020  1500    54.0   23.5    11.5     0.000   0   30.36  285.9   13.7      --
 41  04/03/2020  1600    54.5   21.4    13.5     0.000   0   27.19  287.3   16.9  no_inv
 42  04/03/2020  1700    54.6   22.1    11.9     0.000   0   28.01  289.5   15.3      --
 43  04/03/2020  1800    49.3   22.6    10.2     0.000   0   34.79  292.2   13.7      --
 44  04/03/2020  1900    38.4   22.8     8.6     0.000   0   52.94  295.5   12.2      --
 45  04/03/2020  2000    32.4   23.8     7.0     0.000   0   70.27  299.8   10.8      --
 46  04/03/2020  2100    30.1   28.8     0.4     0.000   5   94.79  305.4    9.4      --
 47  04/03/2020  2200    27.7   25.7     0.4     0.000  10   91.91  312.8    8.2  no_inv
 48  04/03/2020  2300    25.2   24.3     0.4     0.000  10   96.31  315.7    7.4      --
 49  04/04/2020  0000    24.5   23.6     0.4     0.000  10   96.30  319.2    6.6      --
 50  04/04/2020  0100    24.0   23.0     0.4     0.000  10   96.29  323.7    5.9      --
 51  04/04/2020  0200    24.0   23.0     0.4     0.000  10   96.29  329.4    5.2      --
 52  04/04/2020  0300    24.0   23.0     0.4     0.000  10   96.29  336.8    4.5      --
 53  04/04/2020  0400    24.0   23.0     0.4     0.000  10   96.29  346.3    4.0     840
 54  04/04/2020  0500    24.0   23.0     0.4     0.000  10   96.29  356.0    3.2      --
 55  04/04/2020  0600    23.9   23.2     0.8     0.000  10   97.18   11.5    2.5      --
 56  04/04/2020  0700    24.5   24.3     1.1     0.000  10   99.42   34.9    2.2      --
 57  04/04/2020  0800    27.2   26.5     1.4     0.000  10   96.99   61.8    2.2      --
 58  04/04/2020  0900    32.9   28.2     1.6     0.000   5   82.58   82.8    2.7      --
 59  04/04/2020  1000    39.0   29.7     1.5     0.000   0   69.21   96.2    3.4    6894
 60  04/04/2020  1100    44.2   30.8     1.4     0.000   0   58.90   95.4    3.1      --
 61  04/04/2020  1200    47.2   31.2     1.3     0.000   0   53.38   94.3    2.8      --
 62  04/04/2020  1300    49.6   31.2     1.1     0.000   0   48.89   93.1    2.5      --
 63  04/04/2020  1400    50.9   30.6     1.0     0.000   0   45.58   91.4    2.2      --
 64  04/04/2020  1500    51.7   29.2     0.9     0.000   0   41.64   89.2    1.9      --
 65  04/04/2020  1600    52.3   27.4     0.7     0.000   0   37.87   86.2    1.6  no_inv
 66  04/04/2020  1700    52.7   25.9     0.9     0.000   0   35.16   74.3    1.9      --
 67  04/04/2020  1800    52.2   25.3     1.1     0.000   0   34.98   66.0    2.2      --
 68  04/04/2020  1900    51.2   28.7     1.2     0.000   0   41.66   60.1    2.7      --
 69  04/04/2020  2000    50.6   30.3     0.8     0.000   0   45.44   55.8    3.1      --
 70  04/04/2020  2100    48.3   31.0     0.6     0.000   0   50.92   52.5    3.5      --
 71  04/04/2020  2200    45.9   31.2     0.4     0.000   0   56.10   49.9    3.9  no_inv
 72  04/04/2020  2300    45.4   31.0     0.6     0.000   0   56.68   52.6    4.2      --
 73  04/05/2020  0000    45.4   30.3     1.0     0.000   0   55.22   55.0    4.6      --
 74  04/05/2020  0100    45.3   29.6     1.5     0.000   0   54.00   57.0    4.9      --
 75  04/05/2020  0200    45.1   29.0     2.1     0.000   0   52.98   58.8    5.2      --
 76  04/05/2020  0300    44.8   28.7     2.5     0.000   0   52.84   60.4    5.5      --
 77  04/05/2020  0400    44.7   28.7     2.7     0.000   0   53.12   61.8    5.8  no_inv
 78  04/05/2020  0500    44.7   28.7     2.3     0.000   0   53.05   63.0    5.0      --
 79  04/05/2020  0600    44.7   28.9     1.9     0.000   0   53.55   64.8    4.1      --
 80  04/05/2020  0700    44.7   29.6     1.5     0.000   0   55.13   67.5    3.3      --
 81  04/05/2020  0800    44.9   30.6     1.2     0.000   0   57.13   72.1    2.4      --
 82  04/05/2020  0900    45.2   31.7     0.8     0.000   0   59.08   81.4    1.6      --
 83  04/05/2020  1000    45.7   32.7     0.4     0.000   0   60.40  106.3    0.9  no_inv
 84  04/05/2020  1100    47.2   33.4     0.4     0.000   0   58.51  112.0    0.6      --
 85  04/05/2020  1200    51.6   33.7     0.5     0.000   0   50.28  134.5    0.2      --
 86  04/05/2020  1300    56.2   33.7     0.5     0.000   0   42.50  236.8    0.2      --
 87  04/05/2020  1400    58.7   33.5     0.5     0.000   0   38.61  261.9    0.6      --
 88  04/05/2020  1500    60.1   33.2     0.6     0.000   0   36.18  268.0    0.9      --
 89  04/05/2020  1600    60.5   32.7     0.6     0.000   0   34.96  270.6    1.3  no_inv
 90  04/05/2020  1700    59.3   32.3     3.0     0.000   0   35.97  318.2    3.8      --
 91  04/05/2020  1800    57.9   32.2     5.5     0.000   0   37.54  326.1    6.9      --
 92  04/05/2020  1900    55.1   32.4     7.9     0.000   0   41.97  329.1   10.0      --
 93  04/05/2020  2000    53.6   32.2    10.4     0.000   0   43.88  330.7   13.1      --
 94  04/05/2020  2100    51.2   30.1    12.9     0.000   0   44.04  331.6   16.2      --
 95  04/05/2020  2200    48.9   29.9    15.3     0.000   0   47.70  332.3   19.3  no_inv
 96  04/05/2020  2300    46.9   29.8    14.8     0.000   0   51.10  333.6   18.8      --
 97  04/06/2020  0000    45.3   29.6    14.4     0.000   0   53.83  335.0   18.4      --
 98  04/06/2020  0100    43.9   29.5    13.9     0.000   0   56.58  336.5   18.0      --
 99  04/06/2020  0200    42.5   29.4    13.4     0.000   0   59.26  338.0   17.5      --
100  04/06/2020  0300    41.4   29.3    13.0     0.000   0   61.80  339.6   17.1      --
101  04/06/2020  0400    40.4   29.3    12.5     0.000   0   64.12  341.3   16.7     715
102  04/06/2020  0500    39.6   30.7    10.6     0.000   0   70.12  342.3   14.3      --
103  04/06/2020  0600    39.2   31.1     8.7     0.000   0   72.40  343.6   11.8      --
104  04/06/2020  0700    39.8   31.7     6.8     0.000   0   72.69  345.7    9.3      --
105  04/06/2020  0800    41.5   32.2     4.9     0.000   0   69.12  349.2    6.9      --
106  04/06/2020  0900    44.5   28.3     3.0     0.000   0   52.76  356.6    4.5      --
107  04/06/2020  1000    48.4   28.0     1.0     0.000   0   44.88   19.0    2.3  no_inv
108  04/06/2020  1100    52.8   27.6     3.0     0.000   0   37.63  331.7    3.6      --
109  04/06/2020  1200    57.3   27.3     5.0     0.000   0   31.48  315.1    5.9      --
110  04/06/2020  1300    60.8   27.7     7.0     0.000   0   28.17  308.0    8.5      --
111  04/06/2020  1400    62.7   28.2     9.0     0.000   0   26.96  304.3   11.1      --
112  04/06/2020  1500    63.6   28.5    10.9     0.000   0   26.45  302.0   13.7      --
113  04/06/2020  1600    64.1   28.1    12.9     0.000   0   25.66  300.4   16.4    8904
114  04/06/2020  1700    64.1   28.7    11.3     0.000   0   26.22  305.2   13.9      --
115  04/06/2020  1800    58.2   28.9     9.7     0.000   0   32.54  312.1   11.6      --
116  04/06/2020  1900    46.0   29.2     8.1     0.000   0   51.59  322.1    9.6      --
117  04/06/2020  2000    39.3   29.4     1.9     0.000   0   67.35  336.7    7.9      --
118  04/06/2020  2100    37.0   29.6     0.4     0.000   0   74.33  356.8    7.1      --
119  04/06/2020  2200    34.6   29.6     0.4     0.000   0   81.56   18.9    7.2    2380
120  04/06/2020  2300    30.0   29.1     0.4     0.000   5   96.39   17.9    7.5      --
121  04/07/2020  0000    28.9   28.0     0.4     0.000  10   96.37   17.0    7.8      --
122  04/07/2020  0100    28.1   27.2     0.4     0.000  10   96.36   16.1    8.1      --
123  04/07/2020  0200    28.1   27.2     0.4     0.000  10   96.36   15.3    8.4      --
124  04/07/2020  0300    28.1   27.2     0.4     0.000  10   96.36   14.6    8.7      --
125  04/07/2020  0400    28.1   27.2     0.4     0.000  10   96.36   13.9    9.0     473
126  04/07/2020  0500    28.1   27.2     0.4     0.000  10   96.36   14.2    7.4      --
127  04/07/2020  0600    28.1   27.2     1.0     0.000  10   96.36   14.9    5.8      --
128  04/07/2020  0700    28.8   28.2     1.5     0.000  10   97.74   15.9    4.2      --
129  04/07/2020  0800    32.2   27.9     1.5     0.000   5   84.03   18.3    2.6      --
130  04/07/2020  0900    39.2   27.5     1.0     0.000   0   62.77   28.2    1.0      --
131  04/07/2020  1000    46.6   27.5     0.3     0.000   0   47.17  167.9    0.7    8170
132  04/07/2020  1100    54.0   27.5     2.5     0.000   0   35.85  345.4    2.3      --
133  04/07/2020  1200    59.1   27.5     4.8     0.000   0   29.81  345.8    5.2      --
134  04/07/2020  1300    62.9   28.1     7.0     0.000   0   26.66  345.8    8.2      --
135  04/07/2020  1400    64.9   28.7     9.2     0.000   0   25.43  345.9   11.2      --
136  04/07/2020  1500    65.9   28.8    11.4     0.000   0   24.71  345.9   14.1      --
137  04/07/2020  1600    66.4   28.4    13.7     0.000   0   23.86  345.9   17.1    8808
138  04/07/2020  1700    66.6   28.4    13.6     0.000   0   23.76  344.7   16.9      --
139  04/07/2020  1800    62.7   28.1    13.5     0.000   0   26.86  343.5   16.8      --
140  04/07/2020  1900    54.7   27.6    13.4     0.000   0   35.05  342.2   16.7      --
141  04/07/2020  2000    50.3   27.0    13.2     0.000   0   40.16  340.9   16.5      --
142  04/07/2020  2100    48.0   26.2    13.1     0.000   0   42.42  339.6   16.4      --
143  04/07/2020  2200    45.6   25.8    13.1     0.000   0   45.45  338.3   16.3    1107
144  04/07/2020  2300    42.2   25.3    12.2     0.000   0   50.93  340.1   15.4      --
145  04/08/2020  0000    40.5   26.4    11.3     0.000   0   56.84  342.1   14.5      --
146  04/08/2020  0100    39.0   26.4    10.5     0.000   0   60.22  344.5   13.6      --
147  04/08/2020  0200    37.5   26.2     9.6     0.000   0   63.44  347.1   12.8      --
148  04/08/2020  0300    36.2   26.0     8.8     0.000   0   66.29  350.1   12.0      --
149  04/08/2020  0400    35.1   26.1     7.9     0.000   0   69.33  353.6   11.2     431
150  04/08/2020  0500    34.2   27.3     6.7     0.000   0   75.57  354.5    9.2      --
151  04/08/2020  0600    33.7   28.1     5.4     0.000   0   79.68  355.9    7.3      --
152  04/08/2020  0700    34.7   28.5     4.2     0.000   0   77.82  358.2    5.4      --
153  04/08/2020  0800    37.7   32.7     2.9     0.000   0   82.00    3.2    3.5      --
154  04/08/2020  0900    42.5   32.7     1.7     0.000   0   67.97   19.5    1.7      --
155  04/08/2020  1000    48.7   32.7     0.4     0.000   0   53.75  110.5    1.0    5752
156  04/08/2020  1100    55.3   32.7     0.4     0.000   0   42.23  118.5    0.9      --
157  04/08/2020  1200    60.8   32.7     0.4     0.000   0   34.61  127.6    0.9      --
158  04/08/2020  1300    65.1   32.7     0.4     0.000   0   29.80  137.6    0.8      --
159  04/08/2020  1400    67.4   32.7     0.4     0.000   0   27.53  148.0    0.8      --
160  04/08/2020  1500    68.5   32.7     0.4     0.000   0   26.44  158.0    0.9      --
161  04/08/2020  1600    69.2   32.7     0.4     0.000   0   25.86  167.2    0.9    7437
162  04/08/2020  1700    69.4   32.7     2.0     0.000   0   25.69   28.3    1.5      --
163  04/08/2020  1800    66.2   32.7     3.6     0.000   0   28.66   19.0    3.7      --
164  04/08/2020  1900    59.7   32.8     5.2     0.000   0   36.16   16.7    5.9      --
165  04/08/2020  2000    56.1   33.9     6.8     0.000   0   42.91   15.7    8.1      --
166  04/08/2020  2100    53.8   34.7     8.4     0.000   0   48.28   15.1   10.4      --
167  04/08/2020  2200    51.4   34.7     9.9     0.000   0   52.61   14.7   12.6    1003
