  Generated by FoxLW on Thursday April 2, 2020 at 02:32 PDT
-------------------------------------------------------------------------------
  Gleed
  46.7000:-120.6200  (46 42' 0.00"N  120 37' 12.00"W)  elev 1866.8 feet    file: 310111
-------------------------------------------------------------------------------

Line#   Date     Hour   TempF  DewPtF WS(mph)  Rain(in) LW    RH%  WDir_50m WS_50m Inv(ft)
  5  04/02/2020  0400    34.0   21.3     3.3     0.000   0   59.23  300.2    7.3     377
  6  04/02/2020  0500    33.7   21.4     3.3     0.000   0   60.25  292.3    5.1      --
  7  04/02/2020  0600    33.5   26.8     3.3     0.000   0   76.17  274.2    3.2      --
  8  04/02/2020  0700    33.7   28.3     3.3     0.000   0   80.50  228.2    2.2      --
  9  04/02/2020  0800    34.2   28.3     3.3     0.000   0   78.81  181.9    3.2      --
 10  04/02/2020  0900    35.1   28.3     3.3     0.000   0   75.84  163.6    5.1      --
 11  04/02/2020  1000    36.5   28.3     3.3     0.000   0   71.85  155.7    7.3  no_inv
 12  04/02/2020  1100    38.3   28.3     3.2     0.000   0   67.06  153.3    5.2      --
 13  04/02/2020  1200    40.3   28.3     3.0     0.000   0   61.97  147.7    3.1      --
 14  04/02/2020  1300    42.0   28.3     2.9     0.000   0   57.98  122.2    1.2      --
 15  04/02/2020  1400    42.9   28.3     2.8     0.000   0   56.00   13.7    1.4      --
 16  04/02/2020  1500    43.5   28.3     2.6     0.000   0   54.72  354.4    3.4      --
 17  04/02/2020  1600    43.9   28.3     2.5     0.000   0   53.99  349.5    5.5  no_inv
 18  04/02/2020  1700    43.9   28.3     3.1     0.000   0   53.90  340.0    6.6      --
 19  04/02/2020  1800    42.8   28.3     3.7     0.000   0   56.27  333.4    7.9      --
 20  04/02/2020  1900    40.5   28.3     4.3     0.000   0   61.49  328.6    9.2      --
 21  04/02/2020  2000    39.2   28.3     4.9     0.000   0   64.60  325.1   10.6      --
 22  04/02/2020  2100    36.9   28.1     5.5     0.000   0   70.29  322.4   12.0      --
 23  04/02/2020  2200    34.5   27.5     6.1     0.000   0   75.19  320.3   13.4  no_inv
 24  04/02/2020  2300    33.6   27.6     5.3     0.000   0   78.38  322.6   10.9      --
 25  04/03/2020  0000    33.0   28.3     4.6     0.000   0   82.48  326.2    8.3      --
 26  04/03/2020  0100    32.5   28.3     3.8     0.000   0   84.42  333.0    5.8      --
 27  04/03/2020  0200    31.9   28.3     3.0     0.000   5   86.43  349.1    3.5      --
 28  04/03/2020  0300    31.3   28.3     2.3     0.000  10   88.42   37.1    2.2      --
 29  04/03/2020  0400    30.8   28.3     1.5     0.000  10   90.33   89.6    3.3     345
 30  04/03/2020  0500    30.3   28.3     1.6     0.000  10   92.09  105.9    2.3      --
 31  04/03/2020  0600    30.0   28.3     1.8     0.000  10   93.32  140.1    1.6      --
 32  04/03/2020  0700    30.4   28.3     1.9     0.000  10   91.89  181.9    1.9      --
 33  04/03/2020  0800    31.6   28.3     2.0     0.000  10   87.35  204.9    2.8      --
 34  04/03/2020  0900    33.8   22.9     2.2     0.000   5   64.03  215.9    3.9      --
 35  04/03/2020  1000    36.5   22.5     2.3     0.000   0   56.35  221.8    5.1  no_inv
 36  04/03/2020  1100    39.3   21.5     4.3     0.000   0   48.50  246.5    6.3      --
 37  04/03/2020  1200    41.5   21.9     6.2     0.000   0   45.16  261.7    8.2      --
 38  04/03/2020  1300    43.2   23.0     8.1     0.000   0   44.36  270.8   10.4      --
 39  04/03/2020  1400    44.2   24.0    10.1     0.000   0   44.60  276.6   12.9      --
 40  04/03/2020  1500    44.8   24.0    12.0     0.000   0   43.73  280.5   15.4      --
 41  04/03/2020  1600    45.1   23.6    13.9     0.000   0   42.26  283.3   17.9  no_inv
 42  04/03/2020  1700    45.3   24.4    12.1     0.000   0   43.37  286.6   15.5      --
 43  04/03/2020  1800    43.9   24.1    10.2     0.000   0   45.41  291.2   13.1      --
 44  04/03/2020  1900    40.9   24.7     8.4     0.000   0   52.05  297.7   10.9      --
 45  04/03/2020  2000    39.3   24.0     6.5     0.000   0   53.84  307.4    8.8      --
 46  04/03/2020  2100    36.9   23.6     4.7     0.000   0   58.17  322.3    7.1      --
 47  04/03/2020  2200    34.6   23.7     2.8     0.000   0   64.10  343.6    6.2  no_inv
 48  04/03/2020  2300    33.7   24.2     2.7     0.000   0   67.85  341.0    5.9      --
 49  04/04/2020  0000    33.5   24.2     2.5     0.000   0   68.48  338.1    5.6      --
 50  04/04/2020  0100    33.2   24.2     2.4     0.000   0   69.29  334.9    5.3      --
 51  04/04/2020  0200    32.9   24.2     2.3     0.000   0   70.22  331.3    5.0      --
 52  04/04/2020  0300    32.5   24.2     2.2     0.000   0   71.19  327.2    4.7      --
 53  04/04/2020  0400    32.2   24.2     2.0     0.000   0   72.19  322.8    4.5     490
 54  04/04/2020  0500    31.9   24.2     2.1     0.000   0   73.17  319.7    2.8      --
 55  04/04/2020  0600    31.6   24.2     2.2     0.000   0   73.96  308.5    1.2      --
 56  04/04/2020  0700    31.8   24.2     2.3     0.000   0   73.26  186.0    0.6      --
 57  04/04/2020  0800    32.7   24.2     2.3     0.000   0   70.73  158.4    2.2      --
 58  04/04/2020  0900    34.3   19.0     2.4     0.000   0   53.19  153.9    3.9      --
 59  04/04/2020  1000    36.5   19.0     2.5     0.000   0   48.73  152.1    5.5    5023
 60  04/04/2020  1100    39.4   19.0     2.3     0.000   0   43.47  146.3    4.9      --
 61  04/04/2020  1200    43.5   19.0     2.2     0.000   0   37.08  138.9    4.3      --
 62  04/04/2020  1300    46.8   19.0     2.0     0.000   0   32.69  129.4    3.9      --
 63  04/04/2020  1400    48.4   19.0     1.9     0.000   0   30.80  117.8    3.5      --
 64  04/04/2020  1500    49.2   19.0     1.7     0.000   0   29.89  104.5    3.4      --
 65  04/04/2020  1600    49.5   19.0     1.5     0.000   0   29.56   90.6    3.4  no_inv
 66  04/04/2020  1700    49.2   19.1     2.7     0.000   0   30.01   71.6    4.5      --
 67  04/04/2020  1800    49.0   19.6     3.9     0.000   0   30.81   60.7    5.8      --
 68  04/04/2020  1900    48.6   19.2     5.1     0.000   0   30.84   54.1    7.3      --
 69  04/04/2020  2000    48.3   20.8     6.3     0.000   0   33.34   49.7    8.9      --
 70  04/04/2020  2100    46.0   23.2     7.5     0.000   0   40.32   46.7   10.5      --
 71  04/04/2020  2200    43.7   25.2     8.6     0.000   0   47.90   44.5   12.1     232
 72  04/04/2020  2300    42.3   26.3     8.8     0.000   0   52.71   46.0   13.0      --
 73  04/05/2020  0000    41.4   27.3     9.0     0.000   0   57.07   47.4   13.9      --
 74  04/05/2020  0100    40.5   28.2     9.2     0.000   0   61.14   48.6   14.8      --
 75  04/05/2020  0200    39.8   28.9     9.4     0.000   0   64.63   49.6   15.7      --
 76  04/05/2020  0300    39.2   29.3     9.5     0.000   0   67.26   50.5   16.6      --
 77  04/05/2020  0400    38.8   29.4     9.7     0.000   0   68.83   51.4   17.5  no_inv
 78  04/05/2020  0500    38.5   29.5     8.7     0.000   0   69.69   54.0   15.7      --
 79  04/05/2020  0600    38.3   28.4     7.7     0.000   0   67.17   57.4   13.9      --
 80  04/05/2020  0700    38.4   24.9     6.7     0.000   0   58.02   61.7   12.2      --
 81  04/05/2020  0800    38.7   22.6     5.6     0.000   0   52.03   67.3   10.6      --
 82  04/05/2020  0900    39.4   28.0     4.6     0.000   0   63.33   74.9    9.2      --
 83  04/05/2020  1000    40.4   29.0     3.6     0.000   0   63.38   85.0    7.9  no_inv
 84  04/05/2020  1100    42.4   29.0     3.3     0.000   0   58.74   87.1    5.9      --
 85  04/05/2020  1200    45.6   29.0     3.0     0.000   0   51.97   91.2    3.9      --
 86  04/05/2020  1300    48.6   29.0     2.8     0.000   0   46.43  103.4    2.0      --
 87  04/05/2020  1400    50.5   29.0     2.5     0.000   0   43.25  180.7    0.9      --
 88  04/05/2020  1500    51.8   29.0     2.2     0.000   0   41.14  238.0    2.3      --
 89  04/05/2020  1600    52.7   29.0     1.9     0.000   0   39.90  247.7    4.3  no_inv
 90  04/05/2020  1700    52.7   29.0     4.1     0.000   0   39.82  285.9    5.3      --
 91  04/05/2020  1800    51.7   29.0     6.3     0.000   0   41.30  306.1    7.7      --
 92  04/05/2020  1900    49.7   30.7     8.4     0.000   0   47.71  316.1   10.5      --
 93  04/05/2020  2000    48.6   30.3    10.6     0.000   0   48.92  321.7   13.6      --
 94  04/05/2020  2100    46.3   28.2    12.8     0.000   0   49.15  325.2   16.7      --
 95  04/05/2020  2200    43.9   28.0    14.9     0.000   0   53.16  327.6   19.9     303
 96  04/05/2020  2300    43.0   27.7    14.1     0.000   0   54.42  327.3   18.8      --
 97  04/06/2020  0000    42.5   27.5    13.3     0.000   0   55.06  327.0   17.7      --
 98  04/06/2020  0100    41.9   27.3    12.4     0.000   0   55.78  326.6   16.7      --
 99  04/06/2020  0200    41.4   28.6    11.6     0.000   0   60.12  326.1   15.6      --
100  04/06/2020  0300    40.9   28.8    10.7     0.000   0   61.73  325.6   14.5      --
101  04/06/2020  0400    40.5   29.0     9.9     0.000   0   63.34  325.0   13.5     372
102  04/06/2020  0500    40.1   29.0     8.5     0.000   0   64.19  322.6   11.5      --
103  04/06/2020  0600    39.8   28.9     7.1     0.000   0   64.66  319.3    9.6      --
104  04/06/2020  0700    40.2   28.9     5.7     0.000   0   63.63  314.3    7.8      --
105  04/06/2020  0800    41.4   28.9     4.3     0.000   0   60.84  306.3    6.0      --
106  04/06/2020  0900    43.3   26.4     2.9     0.000   0   50.97  292.1    4.4      --
107  04/06/2020  1000    45.9   26.2     1.5     0.000   0   45.78  266.2    3.4  no_inv
108  04/06/2020  1100    48.8   26.0     4.2     0.000   0   40.65  293.0    6.0      --
109  04/06/2020  1200    52.2   25.8     6.8     0.000   0   35.66  302.5    9.1      --
110  04/06/2020  1300    54.6   26.2     9.4     0.000   0   33.22  307.1   12.4      --
111  04/06/2020  1400    55.8   26.4    12.1     0.000   0   31.95  309.8   15.7      --
112  04/06/2020  1500    56.3   25.9    14.7     0.000   0   30.72  311.6   19.0      --
113  04/06/2020  1600    56.5   25.4    17.4     0.000   0   29.96  312.8   22.3    7865
114  04/06/2020  1700    56.3   25.6    15.4     0.000   0   30.38  314.2   20.6      --
115  04/06/2020  1800    54.3   26.1    13.5     0.000   0   33.40  315.8   18.9      --
116  04/06/2020  1900    50.2   26.7    11.5     0.000   0   39.72  317.7   17.1      --
117  04/06/2020  2000    48.0   26.6     9.6     0.000   0   43.07  320.1   15.5      --
118  04/06/2020  2100    45.6   26.5     7.6     0.000   0   46.86  323.1   13.8      --
119  04/06/2020  2200    43.3   26.6     5.7     0.000   0   51.40  326.8   12.2    2859
120  04/06/2020  2300    42.1   26.7     5.1     0.000   0   54.04  326.9   10.8      --
121  04/07/2020  0000    41.9   26.8     4.4     0.000   0   54.77  327.1    9.5      --
122  04/07/2020  0100    41.6   27.1     3.8     0.000   0   56.15  327.4    8.1      --
123  04/07/2020  0200    41.3   27.1     3.1     0.000   0   56.89  327.7    6.8      --
124  04/07/2020  0300    40.9   27.1     2.5     0.000   0   57.70  328.2    5.4      --
125  04/07/2020  0400    40.5   27.1     1.8     0.000   0   58.54  329.1    4.0     476
126  04/07/2020  0500    40.1   27.1     1.7     0.000   0   59.40  334.0    3.6      --
127  04/07/2020  0600    39.8   27.1     1.5     0.000   0   60.07  340.3    3.2      --
128  04/07/2020  0700    40.3   27.1     1.4     0.000   0   59.08  348.3    2.8      --
129  04/07/2020  0800    41.6   27.0     1.3     0.000   0   55.85  358.4    2.5      --
130  04/07/2020  0900    43.8   27.0     1.1     0.000   0   51.28   10.7    2.3      --
131  04/07/2020  1000    46.8   27.0     1.0     0.000   0   45.73   24.6    2.2    5373
132  04/07/2020  1100    50.3   27.0     3.2     0.000   0   40.09  342.3    4.1      --
133  04/07/2020  1200    54.7   25.9     5.4     0.000   0   32.71  329.5    6.7      --
134  04/07/2020  1300    58.1   27.0     7.7     0.000   0   30.21  324.0    9.5      --
135  04/07/2020  1400    60.0   27.9     9.9     0.000   0   29.29  321.0   12.3      --
136  04/07/2020  1500    60.8   28.0    12.1     0.000   0   28.50  319.1   15.2      --
137  04/07/2020  1600    61.3   27.6    14.3     0.000   0   27.64  317.8   18.0    8078
138  04/07/2020  1700    61.3   27.2    15.2     0.000   0   27.21  319.1   19.1      --
139  04/07/2020  1800    59.6   26.8    16.1     0.000   0   28.42  320.3   20.3      --
140  04/07/2020  1900    56.0   26.5    17.0     0.000   0   31.92  321.4   21.4      --
141  04/07/2020  2000    54.1   26.2    17.9     0.000   0   33.81  322.4   22.5      --
142  04/07/2020  2100    51.8   25.9    18.8     0.000   0   36.27  323.2   23.7      --
143  04/07/2020  2200    49.4   25.5    19.7     0.000   0   38.91  324.0   24.8     309
144  04/07/2020  2300    48.3   25.1    17.9     0.000   0   39.86  328.4   19.4      --
145  04/08/2020  0000    48.1   24.7    16.0     0.000   0   39.57  335.9   14.2      --
146  04/08/2020  0100    47.9   24.4    14.2     0.000   0   39.40  351.3    9.6      --
147  04/08/2020  0200    47.6   24.1    12.4     0.000   0   39.38   26.3    6.6      --
148  04/08/2020  0300    47.4   25.5    10.6     0.000   0   42.04   71.9    7.7      --
149  04/08/2020  0400    47.1   25.9     8.8     0.000   0   43.25   95.6   11.7    3090
150  04/08/2020  0500    46.9   26.3     7.6     0.000   0   44.35   95.6   10.4      --
151  04/08/2020  0600    46.7   29.9     6.4     0.000   0   51.74   95.6    9.0      --
152  04/08/2020  0700    46.8   29.1     5.2     0.000   0   49.89   95.6    7.6      --
153  04/08/2020  0800    47.4   31.6     4.0     0.000   0   54.18   95.5    6.2      --
154  04/08/2020  0900    48.3   31.6     2.8     0.000   0   52.26   95.4    4.8      --
155  04/08/2020  1000    49.7   31.6     1.6     0.000   0   49.61   95.2    3.5    3102
156  04/08/2020  1100    51.6   31.6     1.7     0.000   0   46.27  113.4    2.6      --
157  04/08/2020  1200    55.8   31.6     1.9     0.000   0   39.66  142.9    2.2      --
158  04/08/2020  1300    59.8   31.6     2.0     0.000   0   34.34  174.0    2.5      --
159  04/08/2020  1400    62.2   31.6     2.2     0.000   0   31.63  194.2    3.3      --
160  04/08/2020  1500    63.3   31.6     2.3     0.000   0   30.34  205.6    4.3      --
161  04/08/2020  1600    63.9   31.6     2.5     0.000   0   29.71  212.5    5.4    2615
162  04/08/2020  1700    64.1   31.6     4.8     0.000   0   29.56  253.1    5.6      --
163  04/08/2020  1800    62.5   31.6     7.2     0.000   0   31.24  279.6    7.9      --
164  04/08/2020  1900    59.3   33.6     9.6     0.000   0   37.94  292.5   11.2      --
165  04/08/2020  2000    57.5   33.0    12.0     0.000   0   39.37  299.5   14.7      --
166  04/08/2020  2100    55.2   31.6    14.3     0.000   0   40.59  303.8   18.3      --
167  04/08/2020  2200    52.8   31.6    16.7     0.000   0   44.21  306.6   22.0     652
