  Generated by FoxLW on Thursday April 2, 2020 at 02:32 PDT
-------------------------------------------------------------------------------
  WSU Puyallup
  47.1900:-122.3300  (47 11' 24.00"N  122 19' 48.00"W)  elev 62.3 feet    file: 310102
-------------------------------------------------------------------------------

Line#   Date     Hour   TempF  DewPtF WS(mph)  Rain(in) LW    RH%  WDir_50m WS_50m Inv(ft)
  5  04/02/2020  0400    33.6   33.5     1.4     0.020  10   99.84  198.9    5.5    1164
  6  04/02/2020  0500    33.5   32.7     1.9     0.000  10   96.54  207.6    5.9      --
  7  04/02/2020  0600    33.2   32.3     2.3     0.000  10   96.75  214.9    6.5      --
  8  04/02/2020  0700    34.5   33.1     2.8     0.000  10   94.42  220.9    7.2      --
  9  04/02/2020  0800    34.9   33.2     3.3     0.000  10   93.64  225.8    7.9      --
 10  04/02/2020  0900    36.2   31.9     3.7     0.000   5   84.32  229.9    8.7      --
 11  04/02/2020  1000    39.4   30.2     4.2     0.000   0   69.25  233.3    9.6  no_inv
 12  04/02/2020  1100    42.7   29.2     5.6     0.000   0   58.54  241.5   10.4      --
 13  04/02/2020  1200    45.4   28.2     7.0     0.000   0   50.67  248.3   11.5      --
 14  04/02/2020  1300    47.4   28.1     8.4     0.000   0   46.69  253.9   12.7      --
 15  04/02/2020  1400    48.6   28.5     9.8     0.000   0   45.42  258.5   14.0      --
 16  04/02/2020  1500    49.3   28.7    11.2     0.000   0   44.56  262.2   15.4      --
 17  04/02/2020  1600    49.8   28.5    12.6     0.000   0   43.54  265.4   16.8  no_inv
 18  04/02/2020  1700    49.5   29.2    11.0     0.000   0   45.26  260.2   15.5      --
 19  04/02/2020  1800    46.6   29.4     9.4     0.000   0   50.94  254.2   14.4      --
 20  04/02/2020  1900    40.5   30.0     7.8     0.000   0   65.74  247.3   13.4      --
 21  04/02/2020  2000    37.2   30.0     6.2     0.000   0   74.77  239.4   12.7      --
 22  04/02/2020  2100    34.9   29.9     4.7     0.000   0   81.76  230.6   12.2      --
 23  04/02/2020  2200    32.5   29.6     3.1     0.000   0   88.83  221.5   12.0    1148
 24  04/02/2020  2300    31.9   29.1     3.2     0.000   5   89.33  217.8   12.7      --
 25  04/03/2020  0000    31.9   29.1     3.2     0.000  10   89.33  214.5   13.4      --
 26  04/03/2020  0100    32.4   29.1     3.3     0.000   5   87.59  211.5   14.1      --
 27  04/03/2020  0200    32.6   29.1     3.4     0.000   0   86.77  208.8   14.8      --
 28  04/03/2020  0300    32.6   29.1     3.5     0.000   0   86.68  206.4   15.6      --
 29  04/03/2020  0400    32.5   29.1     3.5     0.000   0   87.20  204.2   16.4    7906
 30  04/03/2020  0500    32.2   29.1     4.0     0.000   0   88.24  208.3   16.1      --
 31  04/03/2020  0600    31.9   29.1     4.4     0.000   5   89.39  212.6   15.8      --
 32  04/03/2020  0700    32.2   29.1     4.8     0.000   5   88.04  217.1   15.6      --
 33  04/03/2020  0800    33.5   29.3     5.2     0.000   0   84.30  221.6   15.5      --
 34  04/03/2020  0900    35.7   29.5     5.7     0.000   0   77.75  226.1   15.5      --
 35  04/03/2020  1000    38.6   29.5     6.1     0.000   0   69.32  230.6   15.6    7821
 36  04/03/2020  1100    41.6   29.4     6.8     0.000   0   61.67  235.5   15.9      --
 37  04/03/2020  1200    44.2   29.4     7.6     0.000   0   55.79  240.1   16.4      --
 38  04/03/2020  1300    46.2   29.9     8.4     0.000   0   52.81  244.5   16.9      --
 39  04/03/2020  1400    47.2   30.4     9.1     0.000   0   51.68  248.6   17.5      --
 40  04/03/2020  1500    47.9   30.9     9.8     0.000   0   51.33  252.4   18.2      --
 41  04/03/2020  1600    48.3   31.1    10.6     0.000   0   51.16  255.9   19.0    8668
 42  04/03/2020  1700    48.2   31.3     9.3     0.000   0   51.85  251.4   16.9      --
 43  04/03/2020  1800    45.7   30.9     8.0     0.000   0   55.86  245.7   15.0      --
 44  04/03/2020  1900    40.6   31.0     6.7     0.000   0   68.36  238.4   13.3      --
 45  04/03/2020  2000    37.8   30.9     5.4     0.000   0   75.75  229.3   11.9      --
 46  04/03/2020  2100    35.5   30.8     4.1     0.000   0   82.74  217.9   10.8      --
 47  04/03/2020  2200    33.2   30.6     2.8     0.000   0   90.08  204.8   10.2    1035
 48  04/03/2020  2300    32.5   30.6     2.6     0.000   0   92.39  202.4    9.2      --
 49  04/04/2020  0000    32.5   30.6     2.5     0.000   0   92.39  199.4    8.2      --
 50  04/04/2020  0100    33.0   30.6     2.4     0.000   0   90.84  195.5    7.2      --
 51  04/04/2020  0200    33.2   30.6     2.3     0.000   0   90.11  190.4    6.2      --
 52  04/04/2020  0300    33.2   30.6     2.2     0.000   0   90.03  183.4    5.3      --
 53  04/04/2020  0400    33.0   30.6     2.0     0.000   0   90.49  174.0    4.5     893
 54  04/04/2020  0500    32.8   30.6     2.0     0.000   0   91.41  173.1    3.0      --
 55  04/04/2020  0600    32.5   30.6     2.0     0.000   5   92.46  170.4    1.6      --
 56  04/04/2020  0700    33.0   30.6     2.0     0.000   5   90.60  110.4    0.2      --
 57  04/04/2020  0800    34.6   30.6     2.0     0.000   0   85.03    1.7    1.4      --
 58  04/04/2020  0900    37.3   27.3     2.0     0.000   0   66.93  358.7    2.9      --
 59  04/04/2020  1000    40.8   27.1     2.0     0.000   0   57.76  357.7    4.4    3679
 60  04/04/2020  1100    44.3   26.8     2.2     0.000   0   49.93  355.3    4.8      --
 61  04/04/2020  1200    47.0   26.6     2.4     0.000   0   44.66  353.3    5.2      --
 62  04/04/2020  1300    49.2   26.4     2.5     0.000   0   40.84  351.6    5.7      --
 63  04/04/2020  1400    50.4   26.3     2.7     0.000   0   38.88  350.1    6.1      --
 64  04/04/2020  1500    51.2   26.2     2.9     0.000   0   37.61  348.9    6.5      --
 65  04/04/2020  1600    51.7   26.2     3.1     0.000   0   36.85  347.8    7.0  no_inv
 66  04/04/2020  1700    52.1   26.3     3.5     0.000   0   36.58  326.0    6.8      --
 67  04/04/2020  1800    51.7   26.7     3.9     0.000   0   37.67  306.1    7.6      --
 68  04/04/2020  1900    50.8   26.4     4.3     0.000   0   38.39  291.4    9.1      --
 69  04/04/2020  2000    50.4   26.4     4.8     0.000   0   39.04  281.3   11.0      --
 70  04/04/2020  2100    48.0   26.6     5.2     0.000   0   42.99  274.3   13.1      --
 71  04/04/2020  2200    45.7   27.4     5.6     0.000   0   48.45  269.4   15.4  no_inv
 72  04/04/2020  2300    44.7   27.0     5.3     0.000   0   49.72  279.1   12.5      --
 73  04/05/2020  0000    44.1   26.5     5.1     0.000   0   49.78  293.9   10.2      --
 74  04/05/2020  0100    43.6   26.4     4.8     0.000   0   50.36  315.0    8.9      --
 75  04/05/2020  0200    43.2   26.4     4.6     0.000   0   51.14  339.1    9.0      --
 76  04/05/2020  0300    42.9   26.4     4.3     0.000   0   51.76  359.2   10.6      --
 77  04/05/2020  0400    42.7   26.4     4.1     0.000   0   52.23   12.9   13.0    2059
 78  04/05/2020  0500    42.5   26.4     4.0     0.000   0   52.52   10.6   12.1      --
 79  04/05/2020  0600    42.5   26.4     3.9     0.000   0   52.66    7.9   11.2      --
 80  04/05/2020  0700    42.5   26.4     3.8     0.000   0   52.65    4.7   10.3      --
 81  04/05/2020  0800    42.6   26.4     3.7     0.000   0   52.41    1.0    9.4      --
 82  04/05/2020  0900    42.2   31.8     3.6     0.000   0   66.26  356.5    8.6      --
 83  04/05/2020  1000    41.9   36.8     3.5     0.030   0   82.06  351.2    7.9    3566
 84  04/05/2020  1100    44.2   34.1     4.1     0.000   0   67.35  349.6    8.5      --
 85  04/05/2020  1200    46.8   34.3     4.7     0.000   0   61.68  348.3    9.1      --
 86  04/05/2020  1300    49.5   34.6     5.2     0.000   0   56.32  347.2    9.7      --
 87  04/05/2020  1400    51.4   34.8     5.8     0.000   0   52.96  346.1   10.3      --
 88  04/05/2020  1500    52.8   35.0     6.4     0.000   0   50.62  345.2   10.9      --
 89  04/05/2020  1600    53.6   35.1     6.9     0.000   0   49.24  344.4   11.5  no_inv
 90  04/05/2020  1700    53.7   35.1     7.2     0.000   0   49.06  351.3   12.1      --
 91  04/05/2020  1800    52.8   35.0     7.4     0.000   0   50.52  357.4   12.9      --
 92  04/05/2020  1900    51.0   35.7     7.6     0.000   0   55.72    2.8   13.8      --
 93  04/05/2020  2000    50.0   36.1     7.8     0.000   0   58.81    7.5   14.8      --
 94  04/05/2020  2100    47.6   36.5     8.0     0.000   0   65.25   11.6   15.9      --
 95  04/05/2020  2200    45.3   36.5     8.2     0.000   0   71.13   15.1   17.1  no_inv
 96  04/05/2020  2300    44.1   36.0     7.2     0.000   0   73.07   18.2   14.3      --
 97  04/06/2020  0000    43.2   35.5     6.2     0.000   0   74.09   22.8   11.6      --
 98  04/06/2020  0100    42.3   35.2     5.2     0.000   0   75.73   30.1    9.0      --
 99  04/06/2020  0200    41.5   34.8     4.1     0.000   0   76.94   42.9    6.6      --
100  04/06/2020  0300    40.8   34.8     3.1     0.000   0   79.20   66.8    4.9      --
101  04/06/2020  0400    40.1   34.8     2.1     0.000   0   81.26  102.0    4.7  no_inv
102  04/06/2020  0500    39.5   34.8     2.2     0.000   0   83.03  105.9    2.9      --
103  04/06/2020  0600    39.2   34.8     2.3     0.000   0   84.11  120.7    1.2      --
104  04/06/2020  0700    39.5   34.8     2.4     0.000   0   83.06  237.2    0.8      --
105  04/06/2020  0800    40.6   34.8     2.5     0.000   0   79.83  263.5    2.5      --
106  04/06/2020  0900    42.3   32.8     2.6     0.000   0   68.79  268.5    4.2      --
107  04/06/2020  1000    44.8   32.3     2.7     0.000   0   61.43  270.6    5.9    6154
108  04/06/2020  1100    47.7   31.8     2.7     0.000   0   53.86  266.8    5.8      --
109  04/06/2020  1200    50.9   31.3     2.6     0.000   0   46.89  262.9    5.7      --
110  04/06/2020  1300    53.7   30.9     2.6     0.000   0   41.64  258.8    5.6      --
111  04/06/2020  1400    55.2   30.6     2.6     0.000   0   38.86  254.6    5.6      --
112  04/06/2020  1500    56.3   30.4     2.5     0.000   0   37.09  250.4    5.6      --
113  04/06/2020  1600    57.0   30.3     2.5     0.000   0   36.06  246.2    5.6    7070
114  04/06/2020  1700    57.4   30.4     2.9     0.000   0   35.52  232.8    6.7      --
115  04/06/2020  1800    54.5   30.5     3.3     0.000   0   39.71  223.5    8.1      --
116  04/06/2020  1900    48.4   30.6     3.8     0.000   0   50.08  217.1    9.7      --
117  04/06/2020  2000    45.0   30.6     4.2     0.000   0   56.84  212.5   11.3      --
118  04/06/2020  2100    42.7   30.6     4.6     0.000   0   62.16  209.1   13.0      --
119  04/06/2020  2200    40.3   30.7     5.0     0.000   0   68.12  206.5   14.7    1555
120  04/06/2020  2300    38.5   30.6     4.6     0.000   0   72.97  205.0   13.8      --
121  04/07/2020  0000    37.6   30.6     4.2     0.000   0   75.60  203.3   13.0      --
122  04/07/2020  0100    36.6   30.6     3.8     0.000   0   78.67  201.4   12.2      --
123  04/07/2020  0200    35.6   30.6     3.3     0.000   0   81.99  199.2   11.3      --
124  04/07/2020  0300    34.5   30.6     2.9     0.000   0   85.41  196.6   10.5      --
125  04/07/2020  0400    33.6   30.6     2.5     0.000   0   88.80  193.7    9.8    1111
126  04/07/2020  0500    32.7   30.6     2.4     0.000   0   92.05  195.7    8.9      --
127  04/07/2020  0600    32.1   30.6     2.4     0.000   0   94.09  198.1    8.0      --
128  04/07/2020  0700    32.8   30.6     2.3     0.000   0   91.60  201.1    7.1      --
129  04/07/2020  0800    34.8   30.6     2.3     0.000   0   84.72  205.0    6.3      --
130  04/07/2020  0900    38.0   33.0     2.2     0.000   0   82.02  209.9    5.5      --
131  04/07/2020  1000    42.4   33.0     2.2     0.000   0   69.23  216.5    4.8    3289
132  04/07/2020  1100    47.4   33.0     2.2     0.000   0   57.15  225.7    3.5      --
133  04/07/2020  1200    52.8   33.0     2.1     0.000   0   46.84  244.7    2.3      --
134  04/07/2020  1300    56.9   33.0     2.1     0.000   0   40.30  283.7    1.8      --
135  04/07/2020  1400    59.0   33.0     2.1     0.000   0   37.45  323.3    2.3      --
136  04/07/2020  1500    60.1   33.0     2.1     0.000   0   36.02  342.8    3.4      --
137  04/07/2020  1600    60.6   33.0     2.1     0.000   0   35.39  352.2    4.7    5609
138  04/07/2020  1700    60.4   33.1     2.1     0.000   0   35.57   10.1    3.9      --
139  04/07/2020  1800    57.2   33.1     2.1     0.000   0   39.98   33.5    3.7      --
140  04/07/2020  1900    50.6   33.0     2.1     0.000   0   50.78   56.3    4.0      --
141  04/07/2020  2000    47.0   33.0     2.0     0.000   0   58.17   73.1    4.9      --
142  04/07/2020  2100    44.6   33.0     2.0     0.000   0   63.56   84.3    6.0      --
143  04/07/2020  2200    42.3   33.0     2.0     0.000   0   69.51   91.7    7.3    1208
144  04/07/2020  2300    40.5   33.0     2.1     0.000   0   74.47   79.0    7.0      --
145  04/08/2020  0000    39.9   33.0     2.2     0.000   0   76.41   65.8    7.1      --
146  04/08/2020  0100    39.2   33.0     2.3     0.000   0   78.53   53.5    7.5      --
147  04/08/2020  0200    38.5   33.0     2.4     0.000   0   80.74   42.9    8.2      --
148  04/08/2020  0300    37.8   33.0     2.5     0.000   0   82.92   34.2    9.2      --
149  04/08/2020  0400    37.1   33.0     2.6     0.000   0   85.02   27.3   10.3    1202
150  04/08/2020  0500    36.6   33.0     2.6     0.000   0   86.96   23.0    9.2      --
151  04/08/2020  0600    36.2   33.0     2.6     0.000   0   88.18   17.8    8.3      --
152  04/08/2020  0700    37.0   33.0     2.6     0.000   0   85.36   11.3    7.4      --
153  04/08/2020  0800    39.3   33.0     2.6     0.000   0   78.13    3.2    6.7      --
154  04/08/2020  0900    43.0   32.7     2.6     0.000   0   66.84  353.2    6.1      --
155  04/08/2020  1000    47.8   32.4     2.6     0.000   0   54.98  341.6    5.7    2665
156  04/08/2020  1100    52.9   32.0     2.5     0.000   0   44.80  342.0    5.7      --
157  04/08/2020  1200    57.7   31.7     2.5     0.000   0   37.20  342.4    5.8      --
158  04/08/2020  1300    61.3   31.4     2.5     0.000   0   32.32  342.7    5.8      --
159  04/08/2020  1400    63.2   31.2     2.5     0.000   0   29.95  343.1    5.9      --
160  04/08/2020  1500    64.2   31.1     2.5     0.000   0   28.82  343.5    5.9      --
161  04/08/2020  1600    64.6   31.0     2.5     0.000   0   28.30  343.9    5.9    6426
162  04/08/2020  1700    64.7   31.0     2.3     0.000   0   28.22  356.4    5.1      --
163  04/08/2020  1800    61.1   31.0     2.2     0.000   0   32.02   13.0    4.5      --
164  04/08/2020  1900    53.8   31.2     2.1     0.000   0   42.03   32.0    4.4      --
165  04/08/2020  2000    49.7   31.2     2.0     0.000   0   48.81   49.8    4.8      --
166  04/08/2020  2100    47.3   31.2     1.9     0.000   0   53.27   63.8    5.6      --
167  04/08/2020  2200    45.0   31.2     1.8     0.000   0   58.20   74.0    6.6    2638
