  Generated by FoxLW on Thursday April 2, 2020 at 02:32 PDT
-------------------------------------------------------------------------------
  Outlook
  46.4200:-120.1300  (46 25' 12.00"N  120 7' 48.00"W)  elev 1282.8 feet    file: 310135
-------------------------------------------------------------------------------

Line#   Date     Hour   TempF  DewPtF WS(mph)  Rain(in) LW    RH%  WDir_50m WS_50m Inv(ft)
  5  04/02/2020  0400    30.3   19.9     1.5     0.000   0   64.68   22.7    3.4     610
  6  04/02/2020  0500    29.8   20.0     1.7     0.000   0   66.45   40.0    2.2      --
  7  04/02/2020  0600    29.4   25.4     1.9     0.000   5   84.77   77.8    1.6      --
  8  04/02/2020  0700    29.9   27.5     2.0     0.000  10   90.61  120.6    2.0      --
  9  04/02/2020  0800    31.4   27.5     2.2     0.000  10   85.00  141.8    3.1      --
 10  04/02/2020  0900    34.2   27.5     2.4     0.000   5   76.18  151.6    4.3      --
 11  04/02/2020  1000    37.7   27.5     2.5     0.000   0   66.15  156.9    5.6  no_inv
 12  04/02/2020  1100    41.2   27.5     3.0     0.000   0   57.68  176.4    5.0      --
 13  04/02/2020  1200    44.1   27.5     3.6     0.000   0   51.74  198.4    5.0      --
 14  04/02/2020  1300    46.3   27.5     4.1     0.000   0   47.62  217.4    5.7      --
 15  04/02/2020  1400    47.4   27.5     4.6     0.000   0   45.55  231.1    6.9      --
 16  04/02/2020  1500    48.2   27.5     5.1     0.000   0   44.19  240.4    8.4      --
 17  04/02/2020  1600    48.7   27.5     5.6     0.000   0   43.44  246.9    9.9  no_inv
 18  04/02/2020  1700    48.8   27.3     7.8     0.000   0   43.10  271.8    9.1      --
 19  04/02/2020  1800    47.5   26.9     9.9     0.000   0   44.36  296.3   10.1      --
 20  04/02/2020  1900    45.0   26.3    12.0     0.000   0   47.45  313.8   12.5      --
 21  04/02/2020  2000    43.7   25.4    14.1     0.000   0   48.28  325.0   15.7      --
 22  04/02/2020  2100    41.3   24.4    16.3     0.000   0   50.70  332.3   19.3      --
 23  04/02/2020  2200    39.0   23.4    18.4     0.000   0   53.12  337.2   23.1  no_inv
 24  04/02/2020  2300    37.6   22.3    16.0     0.000   0   53.60  336.8   20.7      --
 25  04/03/2020  0000    36.7   21.4    13.6     0.000   0   53.27  336.3   18.3      --
 26  04/03/2020  0100    35.9   21.8    11.2     0.000   0   56.14  335.6   15.9      --
 27  04/03/2020  0200    35.1   21.4     8.8     0.000   0   57.04  334.8   13.5      --
 28  04/03/2020  0300    34.4   23.8     6.4     0.000   0   64.87  333.5   11.1      --
 29  04/03/2020  0400    33.8   25.2     4.0     0.000   0   70.32  331.5    8.8     542
 30  04/03/2020  0500    33.3   26.0     3.6     0.000   0   74.26  326.4    7.4      --
 31  04/03/2020  0600    33.0   27.4     3.2     0.000   0   79.41  319.2    6.2      --
 32  04/03/2020  0700    33.3   27.4     2.9     0.000   0   78.66  308.7    5.1      --
 33  04/03/2020  0800    34.2   27.4     2.5     0.000   0   75.81  293.3    4.2      --
 34  04/03/2020  0900    35.9   22.0     2.2     0.000   0   56.61  272.6    3.8      --
 35  04/03/2020  1000    38.2   17.8     1.8     0.000   0   43.23  250.4    4.0  no_inv
 36  04/03/2020  1100    41.1   17.5     4.2     0.000   0   37.95  270.1    6.3      --
 37  04/03/2020  1200    45.4   17.1     6.5     0.000   0   31.77  278.8    8.9      --
 38  04/03/2020  1300    48.9   17.7     8.9     0.000   0   28.48  283.5   11.6      --
 39  04/03/2020  1400    50.9   18.0    11.3     0.000   0   26.92  286.4   14.4      --
 40  04/03/2020  1500    51.8   17.6    13.6     0.000   0   25.47  288.4   17.2      --
 41  04/03/2020  1600    52.3   16.4    16.0     0.000   0   23.78  289.8   20.0  no_inv
 42  04/03/2020  1700    52.3   16.8    15.4     0.000   0   24.15  295.5   18.8      --
 43  04/03/2020  1800    50.1   17.0    14.9     0.000   0   26.56  301.9   17.8      --
 44  04/03/2020  1900    45.5   17.2    14.3     0.000   0   31.76  308.9   17.0      --
 45  04/03/2020  2000    43.0   17.3    13.8     0.000   0   35.07  316.5   16.5      --
 46  04/03/2020  2100    40.7   17.3    13.2     0.000   0   38.38  324.4   16.4      --
 47  04/03/2020  2200    38.3   17.6    12.7     0.000   0   42.64  332.3   16.5    7425
 48  04/03/2020  2300    36.9   19.4    10.8     0.000   0   48.75  333.9   14.2      --
 49  04/04/2020  0000    36.5   20.2     8.9     0.000   0   51.29  336.1   11.8      --
 50  04/04/2020  0100    36.1   20.0     7.1     0.000   0   51.70  339.5    9.5      --
 51  04/04/2020  0200    35.6   19.7     5.2     0.000   0   51.86  344.8    7.3      --
 52  04/04/2020  0300    35.1   19.4     3.4     0.000   0   52.23  354.8    5.2      --
 53  04/04/2020  0400    34.7   18.9     1.5     0.000   0   52.11   16.8    3.4     377
 54  04/04/2020  0500    34.2   18.9     1.7     0.000   0   53.01   34.3    2.7      --
 55  04/04/2020  0600    33.9   18.9     1.8     0.000   0   53.71   58.9    2.4      --
 56  04/04/2020  0700    34.2   18.9     1.9     0.000   0   53.07   84.2    2.7      --
 57  04/04/2020  0800    35.3   18.9     2.0     0.000   0   50.87  102.7    3.3      --
 58  04/04/2020  0900    37.2   18.6     2.2     0.000   0   46.59  114.5    4.1      --
 59  04/04/2020  1000    39.8   18.5     2.3     0.000   0   41.89  122.0    5.1    6966
 60  04/04/2020  1100    43.0   18.4     2.4     0.000   0   36.76  111.5    4.8      --
 61  04/04/2020  1200    47.2   18.3     2.4     0.000   0   31.23   99.9    4.7      --
 62  04/04/2020  1300    50.5   18.3     2.5     0.000   0   27.53   88.2    4.7      --
 63  04/04/2020  1400    52.1   18.2     2.6     0.000   0   25.88   77.3    5.0      --
 64  04/04/2020  1500    52.9   18.2     2.6     0.000   0   25.11   67.8    5.4      --
 65  04/04/2020  1600    53.2   18.1     2.7     0.000   0   24.84   59.8    5.9  no_inv
 66  04/04/2020  1700    53.0   18.3     4.1     0.000   0   25.20   48.8    7.0      --
 67  04/04/2020  1800    52.6   18.8     5.5     0.000   0   26.07   40.9    8.3      --
 68  04/04/2020  1900    51.9   20.4     6.9     0.000   0   28.70   35.2    9.7      --
 69  04/04/2020  2000    51.5   22.5     8.3     0.000   0   31.91   30.9   11.1      --
 70  04/04/2020  2100    49.1   23.7     9.7     0.000   0   36.52   27.7   12.6      --
 71  04/04/2020  2200    46.8   24.5    11.2     0.000   0   41.30   25.1   14.1  no_inv
 72  04/04/2020  2300    45.3   25.8    11.0     0.000   0   46.00   26.2   14.5      --
 73  04/05/2020  0000    44.3   27.0    10.9     0.000   0   50.28   27.2   14.8      --
 74  04/05/2020  0100    43.3   28.0    10.8     0.000   0   54.33   28.2   15.1      --
 75  04/05/2020  0200    42.6   28.8    10.7     0.000   0   57.84   29.1   15.4      --
 76  04/05/2020  0300    41.9   29.3    10.6     0.000   0   60.53   30.1   15.7      --
 77  04/05/2020  0400    41.4   29.5    10.4     0.000   0   62.18   30.9   16.0     829
 78  04/05/2020  0500    41.1   29.7     9.3     0.000   0   63.44   32.2   14.6      --
 79  04/05/2020  0600    40.9   29.8     8.1     0.000   0   64.25   33.7   13.2      --
 80  04/05/2020  0700    41.0   26.0     6.9     0.000   0   54.93   35.5   11.8      --
 81  04/05/2020  0800    41.4   23.0     5.8     0.000   0   47.52   37.8   10.4      --
 82  04/05/2020  0900    42.2   28.4     4.6     0.000   0   57.62   40.9    9.0      --
 83  04/05/2020  1000    43.5   30.2     3.5     0.000   0   59.19   45.0    7.7  no_inv
 84  04/05/2020  1100    46.1   30.2     3.2     0.000   0   53.66   48.8    6.8      --
 85  04/05/2020  1200    51.0   30.2     2.8     0.000   0   44.65   53.7    6.0      --
 86  04/05/2020  1300    55.4   30.2     2.5     0.000   0   37.96   60.2    5.2      --
 87  04/05/2020  1400    57.6   30.2     2.2     0.000   0   35.08   68.8    4.5      --
 88  04/05/2020  1500    58.8   30.2     1.9     0.000   0   33.61   80.1    3.9      --
 89  04/05/2020  1600    59.2   30.2     1.6     0.000   0   33.18   94.5    3.6  no_inv
 90  04/05/2020  1700    58.0   30.2     3.7     0.000   0   34.52   93.1    5.9      --
 91  04/05/2020  1800    57.1   30.2     5.7     0.000   0   35.68   92.4    8.2      --
 92  04/05/2020  1900    55.3   31.9     7.8     0.000   0   40.94   92.1   10.5      --
 93  04/05/2020  2000    54.2   32.0     9.8     0.000   0   42.65   91.8   12.8      --
 94  04/05/2020  2100    51.9   31.3    11.8     0.000   0   45.16   91.7   15.1      --
 95  04/05/2020  2200    49.5   29.8    13.9     0.000   0   46.37   91.6   17.4  no_inv
 96  04/05/2020  2300    48.1   29.7    13.9     0.000   0   48.81   80.5   15.2      --
 97  04/06/2020  0000    47.0   29.6    13.8     0.000   0   50.63   66.3   13.7      --
 98  04/06/2020  0100    46.0   29.5    13.8     0.000   0   52.39   50.0   13.2      --
 99  04/06/2020  0200    45.1   29.5    13.8     0.000   0   54.05   33.7   13.8      --
100  04/06/2020  0300    44.3   29.5    13.7     0.000   0   55.56   19.8   15.3      --
101  04/06/2020  0400    43.7   29.4    13.7     0.000   0   56.87    9.0   17.6     770
102  04/06/2020  0500    43.2   30.7    11.9     0.000   0   60.91    5.8   14.2      --
103  04/06/2020  0600    43.0   30.9    10.0     0.000   0   62.12    0.6   10.8      --
104  04/06/2020  0700    43.1   31.2     8.1     0.000   0   62.53  350.9    7.6      --
105  04/06/2020  0800    43.8   29.1     6.3     0.000   0   55.79  329.2    4.9      --
106  04/06/2020  0900    45.1   28.9     4.4     0.000   0   52.79  283.8    4.0      --
107  04/06/2020  1000    46.9   28.7     2.6     0.000   0   48.91  245.5    5.7  no_inv
108  04/06/2020  1100    49.6   28.5     3.4     0.000   0   43.79  257.8    6.2      --
109  04/06/2020  1200    54.2   28.3     4.2     0.000   0   36.71  267.8    7.0      --
110  04/06/2020  1300    58.1   28.8     5.1     0.000   0   32.47  275.6    7.9      --
111  04/06/2020  1400    60.1   29.3     5.9     0.000   0   31.01  281.7    8.9      --
112  04/06/2020  1500    61.1   30.0     6.7     0.000   0   30.71  286.5   10.1      --
113  04/06/2020  1600    61.4   30.6     7.6     0.000   0   31.13  290.3   11.2    8435
114  04/06/2020  1700    61.1   30.6    10.0     0.000   0   31.53  302.2   13.4      --
115  04/06/2020  1800    58.7   29.0    12.5     0.000   0   32.06  310.5   16.0      --
116  04/06/2020  1900    53.8   27.6    15.0     0.000   0   36.15  316.4   18.9      --
117  04/06/2020  2000    51.1   26.9    17.5     0.000   0   38.72  320.8   21.9      --
118  04/06/2020  2100    48.8   26.3    20.0     0.000   0   41.33  324.0   25.0      --
119  04/06/2020  2200    46.4   25.8    22.5     0.000   0   44.09  326.5   28.2    2604
120  04/06/2020  2300    45.4   25.2    20.5     0.000   0   44.86  326.7   25.7      --
121  04/07/2020  0000    45.0   24.7    18.5     0.000   0   44.41  326.9   23.3      --
122  04/07/2020  0100    44.7   24.2    16.6     0.000   0   44.23  327.2   20.8      --
123  04/07/2020  0200    44.2   23.9    14.6     0.000   0   44.32  327.5   18.4      --
124  04/07/2020  0300    43.8   23.7    12.6     0.000   0   44.69  327.9   15.9      --
125  04/07/2020  0400    43.3   25.0    10.6     0.000   0   48.18  328.5   13.5     278
126  04/07/2020  0500    42.9   25.6     9.4     0.000   0   50.25  324.9   12.0      --
127  04/07/2020  0600    42.5   25.8     8.1     0.000   0   51.20  320.2   10.6      --
128  04/07/2020  0700    42.8   27.5     6.8     0.000   0   54.25  314.2    9.3      --
129  04/07/2020  0800    43.9   24.3     5.5     0.000   0   45.68  306.4    8.1      --
130  04/07/2020  0900    45.7   24.6     4.2     0.000   0   43.18  296.1    7.1      --
131  04/07/2020  1000    48.3   26.4     2.9     0.000   0   42.11  283.0    6.4    6545
132  04/07/2020  1100    51.6   25.4     4.7     0.000   0   35.71  297.3    7.7      --
133  04/07/2020  1200    56.8   25.7     6.5     0.000   0   30.04  307.1    9.3      --
134  04/07/2020  1300    61.2   26.5     8.3     0.000   0   26.52  313.9   11.1      --
135  04/07/2020  1400    63.8   27.2    10.1     0.000   0   24.92  318.7   13.0      --
136  04/07/2020  1500    65.1   27.3    11.8     0.000   0   23.92  322.3   15.0      --
137  04/07/2020  1600    65.8   27.1    13.6     0.000   0   23.12  325.0   17.0    7774
138  04/07/2020  1700    66.1   27.4    12.6     0.000   0   23.23  332.1   13.2      --
139  04/07/2020  1800    63.3   27.4    11.6     0.000   0   25.49  344.5    9.8      --
140  04/07/2020  1900    57.7   28.0    10.6     0.000   0   31.92    7.5    7.3      --
141  04/07/2020  2000    54.6   27.9     9.5     0.000   0   35.67   42.5    6.7      --
142  04/07/2020  2100    52.2   27.5     8.5     0.000   0   38.25   71.6    8.5      --
143  04/07/2020  2200    49.9   27.3     7.5     0.000   0   41.23   87.8   11.7     646
144  04/07/2020  2300    47.5   27.1     6.6     0.000   0   44.79   84.2   10.0      --
145  04/08/2020  0000    46.5   27.1     5.7     0.000   0   46.59   79.2    8.4      --
146  04/08/2020  0100    45.4   27.2     4.8     0.000   0   48.55   71.7    6.8      --
147  04/08/2020  0200    44.4   27.4     3.9     0.000   0   50.81   60.3    5.5      --
148  04/08/2020  0300    43.5   27.4     3.0     0.000   0   52.63   42.7    4.5      --
149  04/08/2020  0400    42.7   27.4     2.2     0.000   0   54.32   18.7    4.1      27
150  04/08/2020  0500    42.0   27.4     2.0     0.000   0   55.81   18.7    3.0      --
151  04/08/2020  0600    41.6   27.4     1.7     0.000   0   56.68   18.7    2.0      --
152  04/08/2020  0700    42.1   27.4     1.5     0.000   0   55.57   18.6    1.0      --
153  04/08/2020  0800    43.6   28.0     1.3     0.000   0   53.83    9.3    0.0      --
154  04/08/2020  0900    46.2   28.0     1.1     0.000   0   48.80  198.9    1.0      --
155  04/08/2020  1000    49.7   28.0     0.9     0.000   0   42.79  198.8    2.0    5286
156  04/08/2020  1100    53.8   28.0     1.2     0.000   0   36.80  218.8    2.4      --
157  04/08/2020  1200    58.8   28.0     1.5     0.000   0   30.75  232.1    3.0      --
158  04/08/2020  1300    62.8   28.0     1.8     0.000   0   26.66  240.7    3.7      --
159  04/08/2020  1400    65.0   28.0     2.1     0.000   0   24.70  246.4    4.5      --
160  04/08/2020  1500    66.1   28.0     2.4     0.000   0   23.78  250.5    5.2      --
161  04/08/2020  1600    66.6   28.0     2.7     0.000   0   23.32  253.5    6.1    6082
162  04/08/2020  1700    66.8   28.0     3.8     0.000   0   23.21  273.7    5.6      --
163  04/08/2020  1800    65.2   28.0     4.8     0.000   0   24.54  294.1    6.0      --
164  04/08/2020  1900    61.8   28.6     5.9     0.000   0   28.21  310.6    7.0      --
165  04/08/2020  2000    60.0   29.3     6.9     0.000   0   30.96  322.3    8.4      --
166  04/08/2020  2100    57.7   30.0     8.0     0.000   0   34.63  330.4   10.0      --
167  04/08/2020  2200    55.3   30.0     9.0     0.000   0   37.72  336.2   11.8     536
