  Generated by FoxLW on Thursday April 2, 2020 at 02:32 PDT
-------------------------------------------------------------------------------
  Alderdale
  45.8900:-119.8900  (45 53' 24.00"N  119 53' 24.00"W)  elev 616.8 feet    file: 310107
-------------------------------------------------------------------------------

Line#   Date     Hour   TempF  DewPtF WS(mph)  Rain(in) LW    RH%  WDir_50m WS_50m Inv(ft)
  5  04/02/2020  0400    37.5   27.2     0.4     0.000   0   65.77  172.4    0.9     625
  6  04/02/2020  0500    37.0   27.1     0.8     0.000   0   67.05  160.1    1.6      --
  7  04/02/2020  0600    36.6   26.9     1.1     0.000   0   67.65  155.8    2.5      --
  8  04/02/2020  0700    36.8   26.6     1.5     0.000   0   66.22  153.6    3.3      --
  9  04/02/2020  0800    37.7   26.2     1.9     0.000   0   62.77  152.3    4.1      --
 10  04/02/2020  0900    39.4   23.7     2.2     0.000   0   52.91  151.4    4.9      --
 11  04/02/2020  1000    41.9   23.2     2.6     0.000   0   47.04  150.8    5.7  no_inv
 12  04/02/2020  1100    45.0   22.6     4.4     0.000   0   40.81  180.4    5.8      --
 13  04/02/2020  1200    49.9   22.2     6.3     0.000   0   33.27  203.4    7.2      --
 14  04/02/2020  1300    54.2   22.4     8.2     0.000   0   28.68  217.5    9.3      --
 15  04/02/2020  1400    56.7   22.9    10.1     0.000   0   26.77  226.0   11.8      --
 16  04/02/2020  1500    58.0   22.8    11.9     0.000   0   25.50  231.4   14.5      --
 17  04/02/2020  1600    58.7   22.3    13.8     0.000   0   24.37  235.2   17.2  no_inv
 18  04/02/2020  1700    58.9   22.0    14.4     0.000   0   23.87  249.6   14.4      --
 19  04/02/2020  1800    56.7   21.6    15.0     0.000   0   25.29  269.0   12.9      --
 20  04/02/2020  1900    52.4   21.3    15.6     0.000   0   29.28  290.5   13.1      --
 21  04/02/2020  2000    50.0   21.2    16.2     0.000   0   31.86  308.9   15.0      --
 22  04/02/2020  2100    47.6   21.2    16.8     0.000   0   34.78  322.2   18.0      --
 23  04/02/2020  2200    45.3   21.2    17.3     0.000   0   38.01  331.3   21.7     584
 24  04/02/2020  2300    42.1   21.2    16.3     0.000   0   42.92  325.9   19.5      --
 25  04/03/2020  0000    40.1   21.2    15.2     0.000   0   46.40  319.3   17.6      --
 26  04/03/2020  0100    38.2   21.2    14.2     0.000   0   49.93  311.2   16.0      --
 27  04/03/2020  0200    36.5   21.2    13.1     0.000   0   53.39  301.5   14.7      --
 28  04/03/2020  0300    35.1   21.2    12.1     0.000   0   56.62  290.4   14.0      --
 29  04/03/2020  0400    33.8   22.8    11.0     0.000   0   63.60  278.5   13.8     607
 30  04/03/2020  0500    32.9   22.6    12.0     0.000   0   65.56  270.7   14.5      --
 31  04/03/2020  0600    32.3   21.4    12.9     0.000   0   63.58  263.6   15.4      --
 32  04/03/2020  0700    33.2   21.6    13.8     0.000   0   61.92  257.5   16.5      --
 33  04/03/2020  0800    35.7   21.8    14.8     0.000   0   56.60  252.1   17.8      --
 34  04/03/2020  0900    39.7   22.1    15.7     0.000   0   48.93  247.6   19.2      --
 35  04/03/2020  1000    44.3   22.4    16.6     0.000   0   41.40  243.7   20.8  no_inv
 36  04/03/2020  1100    48.4   22.7    17.2     0.000   0   35.95  246.1   21.5      --
 37  04/03/2020  1200    50.1   23.0    17.9     0.000   0   34.16  248.4   22.2      --
 38  04/03/2020  1300    51.4   23.2    18.5     0.000   0   32.89  250.5   23.0      --
 39  04/03/2020  1400    52.1   23.4    19.1     0.000   0   32.26  252.4   23.8      --
 40  04/03/2020  1500    52.5   23.5    19.7     0.000   0   31.91  254.3   24.6      --
 41  04/03/2020  1600    52.8   23.5    20.3     0.000   0   31.62  256.0   25.4  no_inv
 42  04/03/2020  1700    53.0   23.5    18.5     0.000   0   31.44  260.2   22.4      --
 43  04/03/2020  1800    51.0   23.5    16.6     0.000   0   33.83  265.7   19.5      --
 44  04/03/2020  1900    46.9   23.7    14.8     0.000   0   39.69  273.0   16.8      --
 45  04/03/2020  2000    44.7   23.8    12.9     0.000   0   43.28  282.7   14.5      --
 46  04/03/2020  2100    42.4   24.9    11.1     0.000   0   49.68  295.6   12.8      --
 47  04/03/2020  2200    40.0   25.5     9.3     0.000   0   55.72  311.3   11.9     449
 48  04/03/2020  2300    38.1   25.5     8.2     0.000   0   60.05  316.8   10.0      --
 49  04/04/2020  0000    37.4   25.2     7.0     0.000   0   61.03  324.7    8.2      --
 50  04/04/2020  0100    36.6   24.9     5.9     0.000   0   62.23  336.6    6.7      --
 51  04/04/2020  0200    35.9   24.8     4.8     0.000   0   63.71  354.3    5.6      --
 52  04/04/2020  0300    35.2   24.6     3.7     0.000   0   64.93   17.4    5.2      --
 53  04/04/2020  0400    34.5   24.6     2.6     0.000   0   66.61   39.9    5.7     405
 54  04/04/2020  0500    34.0   24.6     2.7     0.000   0   68.12   44.1    6.0      --
 55  04/04/2020  0600    33.6   24.6     2.9     0.000   0   69.21   47.9    6.3      --
 56  04/04/2020  0700    34.1   24.6     3.0     0.000   0   67.86   51.3    6.6      --
 57  04/04/2020  0800    35.7   24.6     3.2     0.000   0   63.59   54.4    7.0      --
 58  04/04/2020  0900    38.5   23.2     3.3     0.000   0   53.68   57.2    7.4      --
 59  04/04/2020  1000    42.3   23.1     3.5     0.000   0   46.20   59.7    7.8  no_inv
 60  04/04/2020  1100    46.3   23.0     3.4     0.000   0   39.46   59.4    7.4      --
 61  04/04/2020  1200    49.6   22.9     3.2     0.000   0   34.69   59.0    7.1      --
 62  04/04/2020  1300    52.4   22.8     3.1     0.000   0   31.19   58.6    6.8      --
 63  04/04/2020  1400    54.0   22.8     2.9     0.000   0   29.34   58.2    6.4      --
 64  04/04/2020  1500    55.1   22.7     2.8     0.000   0   28.18   57.7    6.1      --
 65  04/04/2020  1600    55.8   22.7     2.6     0.000   0   27.43   57.1    5.8  no_inv
 66  04/04/2020  1700    56.3   22.8     3.9     0.000   0   26.99   37.8    6.0      --
 67  04/04/2020  1800    56.1   22.9     5.2     0.000   0   27.36   21.6    6.8      --
 68  04/04/2020  1900    55.7   23.9     6.5     0.000   0   29.03    9.6    8.0      --
 69  04/04/2020  2000    55.4   25.2     7.8     0.000   0   30.87    1.1    9.5      --
 70  04/04/2020  2100    53.1   25.7     9.0     0.000   0   34.40  355.0   11.2      --
 71  04/04/2020  2200    50.7   26.0    10.3     0.000   0   37.89  350.5   12.9     328
 72  04/04/2020  2300    49.2   26.5     9.3     0.000   0   40.96  352.6   12.2      --
 73  04/05/2020  0000    48.2   26.8     8.3     0.000   0   43.13  355.1   11.5      --
 74  04/05/2020  0100    47.3   26.0     7.2     0.000   0   43.08  357.8   10.8      --
 75  04/05/2020  0200    46.6   24.8     6.2     0.000   0   42.12    0.9   10.1      --
 76  04/05/2020  0300    46.0   24.0     5.2     0.000   0   41.64    4.4    9.5      --
 77  04/05/2020  0400    45.7   22.8     4.1     0.000   0   40.10    8.5    8.9  no_inv
 78  04/05/2020  0500    45.4   22.8     4.2     0.000   0   40.45   17.0    8.4      --
 79  04/05/2020  0600    45.3   22.8     4.3     0.000   0   40.67   26.4    8.2      --
 80  04/05/2020  0700    45.4   22.8     4.4     0.000   0   40.52   36.1    8.1      --
 81  04/05/2020  0800    45.9   22.8     4.5     0.000   0   39.78   45.5    8.4      --
 82  04/05/2020  0900    46.8   27.8     4.6     0.000   0   47.22   54.3    8.8      --
 83  04/05/2020  1000    48.2   28.5     4.6     0.000   0   46.33   62.2    9.4  no_inv
 84  04/05/2020  1100    50.4   29.3     4.5     0.000   0   43.95   63.3    9.1      --
 85  04/05/2020  1200    53.8   31.6     4.3     0.000   0   42.53   64.6    8.9      --
 86  04/05/2020  1300    56.9   31.6     4.1     0.000   0   37.98   65.8    8.7      --
 87  04/05/2020  1400    58.8   31.6     4.0     0.000   0   35.51   67.2    8.5      --
 88  04/05/2020  1500    60.2   31.6     3.8     0.000   0   33.84   68.6    8.3      --
 89  04/05/2020  1600    61.0   31.6     3.7     0.000   0   32.88   70.1    8.1  no_inv
 90  04/05/2020  1700    61.2   31.6     3.8     0.000   0   32.58   76.5    5.1      --
 91  04/05/2020  1800    59.8   31.6     4.0     0.000   0   34.30   98.2    2.4      --
 92  04/05/2020  1900    56.8   31.6     4.2     0.000   0   38.15  185.6    1.9      --
 93  04/05/2020  2000    55.2   31.6     4.3     0.000   0   40.48  218.9    4.4      --
 94  04/05/2020  2100    52.8   34.4     4.5     0.000   0   49.31  227.2    7.3      --
 95  04/05/2020  2200    50.5   39.8     4.7     0.010   0   66.51  230.7   10.3     868
 96  04/05/2020  2300    48.7   39.9     6.3     0.000   0   71.49  250.6    8.8      --
 97  04/06/2020  0000    48.2   39.8     7.9     0.000   0   72.32  274.7    8.6      --
 98  04/06/2020  0100    47.7   39.1     9.5     0.000   0   71.93  296.0    9.9      --
 99  04/06/2020  0200    47.2   37.4    11.2     0.000   0   68.57  310.9   12.1      --
100  04/06/2020  0300    46.7   32.0    12.8     0.000   0   56.39  320.7   14.9      --
101  04/06/2020  0400    46.2   30.4    14.4     0.000   0   53.91  327.2   18.0     459
102  04/06/2020  0500    45.7   30.5    12.1     0.000   0   54.91  326.9   14.9      --
103  04/06/2020  0600    45.4   32.0     9.7     0.000   0   59.21  326.5   11.8      --
104  04/06/2020  0700    45.7   32.5     7.4     0.000   0   59.83  325.8    8.6      --
105  04/06/2020  0800    46.5   32.6     5.1     0.000   0   58.21  324.2    5.5      --
106  04/06/2020  0900    48.0   32.6     2.7     0.000   0   54.98  318.6    2.4      --
107  04/06/2020  1000    50.2   32.6     0.4     0.000   0   50.76  177.8    0.9    6426
108  04/06/2020  1100    53.1   32.6     2.8     0.000   0   45.57  224.9    3.6      --
109  04/06/2020  1200    56.6   32.6     5.2     0.000   0   40.16  230.4    6.6      --
110  04/06/2020  1300    59.5   32.9     7.7     0.000   0   36.52  232.4    9.6      --
111  04/06/2020  1400    61.2   33.5    10.1     0.000   0   35.29  233.5   12.6      --
112  04/06/2020  1500    62.4   33.5    12.6     0.000   0   33.77  234.1   15.7      --
113  04/06/2020  1600    63.1   33.0    15.0     0.000   0   32.28  234.6   18.7  no_inv
114  04/06/2020  1700    63.2   33.5    13.2     0.000   0   32.85  238.9   16.5      --
115  04/06/2020  1800    60.3   33.6    11.4     0.000   0   36.49  244.5   14.3      --
116  04/06/2020  1900    54.3   34.0     9.6     0.000   0   46.15  252.0   12.4      --
117  04/06/2020  2000    50.9   34.1     7.8     0.000   0   52.31  262.1   10.7      --
118  04/06/2020  2100    48.6   33.7     6.0     0.000   0   56.16  275.3    9.4      --
119  04/06/2020  2200    46.3   33.6     4.2     0.000   0   61.14  291.4    8.8     477
120  04/06/2020  2300    45.2   33.6     3.7     0.000   0   63.63  295.3    7.2      --
121  04/07/2020  0000    44.7   33.8     3.3     0.000   0   65.24  301.4    5.7      --
122  04/07/2020  0100    44.1   33.8     2.8     0.000   0   66.76  311.7    4.3      --
123  04/07/2020  0200    43.5   33.8     2.3     0.000   0   68.52  330.7    3.1      --
124  04/07/2020  0300    42.7   33.8     1.9     0.000   0   70.41    3.0    2.6      --
125  04/07/2020  0400    42.0   33.8     1.4     0.000   0   72.38   36.0    3.1     525
126  04/07/2020  0500    41.3   33.8     1.2     0.000   0   74.33   39.6    2.6      --
127  04/07/2020  0600    40.9   33.8     1.1     0.000   0   75.67   45.1    2.0      --
128  04/07/2020  0700    41.3   33.8     0.9     0.000   0   74.38   54.0    1.6      --
129  04/07/2020  0800    42.8   28.7     0.8     0.000   0   57.34   70.0    1.2      --
130  04/07/2020  0900    45.3   28.2     0.6     0.000   0   50.92   98.0    0.9      --
131  04/07/2020  1000    48.8   27.6     0.4     0.000   0   43.57  131.9    1.0    4373
132  04/07/2020  1100    52.9   27.0     0.8     0.000   0   36.39   48.1    0.7      --
133  04/07/2020  1200    58.5   26.4     1.2     0.000   0   29.06   11.9    1.6      --
134  04/07/2020  1300    63.2   25.9     1.6     0.000   0   24.12    3.0    2.8      --
135  04/07/2020  1400    65.8   25.6     2.0     0.000   0   21.66  359.3    3.9      --
136  04/07/2020  1500    67.2   25.3     2.4     0.000   0   20.46  357.2    5.0      --
137  04/07/2020  1600    68.0   25.2     2.8     0.000   0   19.86  355.9    6.2    8475
138  04/07/2020  1700    68.3   25.3     5.1     0.000   0   19.72  347.3    8.4      --
139  04/07/2020  1800    66.3   25.5     7.4     0.000   0   21.21  342.5   10.9      --
140  04/07/2020  1900    62.3   27.7     9.7     0.000   0   26.74  339.4   13.3      --
141  04/07/2020  2000    60.1   26.0    12.0     0.000   0   26.93  337.3   15.8      --
142  04/07/2020  2100    57.8   26.3    14.3     0.000   0   29.71  335.8   18.3      --
143  04/07/2020  2200    55.4   26.7    16.6     0.000   0   32.83  334.6   20.8     636
144  04/07/2020  2300    52.4   27.1    15.0     0.000   0   37.25  334.9   19.0      --
145  04/08/2020  0000    50.5   27.4    13.4     0.000   0   40.55  335.3   17.2      --
146  04/08/2020  0100    48.8   29.0    11.8     0.000   0   46.24  335.7   15.4      --
147  04/08/2020  0200    47.2   29.5    10.2     0.000   0   50.02  336.3   13.6      --
148  04/08/2020  0300    45.9   30.1     8.6     0.000   0   53.77  337.1   11.8      --
149  04/08/2020  0400    44.8   28.7     7.1     0.000   0   52.89  338.2   10.0     673
150  04/08/2020  0500    44.0   27.5     6.2     0.000   0   51.79  343.4    8.1      --
151  04/08/2020  0600    43.7   26.7     5.4     0.000   0   51.01  351.8    6.3      --
152  04/08/2020  0700    44.3   25.6     4.6     0.000   0   47.55    6.2    4.7      --
153  04/08/2020  0800    46.1   28.5     3.8     0.000   0   49.98   31.2    3.7      --
154  04/08/2020  0900    49.1   28.5     3.0     0.000   0   44.59   63.8    3.7      --
155  04/08/2020  1000    53.2   28.5     2.1     0.000   0   38.41   88.6    4.7    5770
156  04/08/2020  1100    57.7   28.5     2.0     0.000   0   32.59   93.9    4.1      --
157  04/08/2020  1200    62.5   28.5     1.8     0.000   0   27.46  101.3    3.4      --
158  04/08/2020  1300    66.3   28.5     1.6     0.000   0   24.08  111.7    2.9      --
159  04/08/2020  1400    68.3   28.5     1.4     0.000   0   22.48  126.3    2.5      --
160  04/08/2020  1500    69.2   28.5     1.2     0.000   0   21.74  145.0    2.2      --
161  04/08/2020  1600    69.7   28.5     1.0     0.000   0   21.37  164.8    2.3    5767
162  04/08/2020  1700    69.8   28.5     3.0     0.000   0   21.31  214.6    3.5      --
163  04/08/2020  1800    68.3   28.5     5.0     0.000   0   22.45  232.6    5.8      --
164  04/08/2020  1900    65.2   29.8     6.9     0.000   0   26.36  240.0    8.3      --
165  04/08/2020  2000    63.5   30.5     8.9     0.000   0   28.80  244.0   10.8      --
166  04/08/2020  2100    61.1   30.2    10.9     0.000   0   30.90  246.4   13.4      --
167  04/08/2020  2200    58.8   28.5    12.9     0.000   0   31.32  248.0   16.1     528
