  Generated by FoxLW on Thursday April 2, 2020 at 02:32 PDT
-------------------------------------------------------------------------------
  Naches
  46.7000:-120.6600  (46 42' 0.00"N  120 39' 36.00"W)  elev 1374.7 feet    file: 310126
-------------------------------------------------------------------------------

Line#   Date     Hour   TempF  DewPtF WS(mph)  Rain(in) LW    RH%  WDir_50m WS_50m Inv(ft)
  5  04/02/2020  0400    29.3   22.2     3.2     0.000   0   74.25  304.0    7.2     864
  6  04/02/2020  0500    28.9   22.3     3.2     0.000   0   76.00  296.8    4.9      --
  7  04/02/2020  0600    28.6   27.7     3.2     0.000   5   96.49  277.9    2.8      --
  8  04/02/2020  0700    29.1   28.5     3.3     0.000  10   97.45  217.9    1.8      --
  9  04/02/2020  0800    30.9   28.5     3.3     0.000  10   90.63  171.4    3.3      --
 10  04/02/2020  0900    33.9   28.5     3.4     0.000   5   80.47  157.5    5.5      --
 11  04/02/2020  1000    37.5   28.5     3.4     0.000   0   69.78  151.7    7.9  no_inv
 12  04/02/2020  1100    40.5   28.5     3.2     0.000   0   61.97  146.8    5.9      --
 13  04/02/2020  1200    42.4   28.5     3.0     0.000   0   57.63  137.1    4.0      --
 14  04/02/2020  1300    43.8   28.5     2.9     0.000   0   54.61  112.3    2.4      --
 15  04/02/2020  1400    44.5   28.5     2.7     0.000   0   53.17   56.7    2.0      --
 16  04/02/2020  1500    45.0   28.5     2.5     0.000   0   52.24   20.6    3.3      --
 17  04/02/2020  1600    45.2   28.5     2.3     0.000   0   51.73    7.3    5.2  no_inv
 18  04/02/2020  1700    45.2   28.5     2.9     0.000   0   51.74  353.3    5.8      --
 19  04/02/2020  1800    42.8   28.5     3.4     0.000   0   56.78  342.7    6.8      --
 20  04/02/2020  1900    37.8   28.5     4.0     0.000   0   68.90  334.8    7.9      --
 21  04/02/2020  2000    35.0   28.5     4.5     0.000   0   76.79  329.0    9.1      --
 22  04/02/2020  2100    32.7   28.5     5.1     0.000   0   84.24  324.5   10.4      --
 23  04/02/2020  2200    30.4   28.1     5.6     0.000   5   90.99  321.1   11.7     605
 24  04/02/2020  2300    28.6   27.7     4.9     0.000  10   96.37  322.5    9.4      --
 25  04/03/2020  0000    28.4   27.5     4.2     0.000  10   96.36  324.9    7.1      --
 26  04/03/2020  0100    28.0   27.1     3.4     0.000  10   96.36  329.5    4.8      --
 27  04/03/2020  0200    27.5   26.6     2.7     0.000  10   96.35  342.6    2.5      --
 28  04/03/2020  0300    27.0   26.1     1.9     0.000  10   96.34   49.8    1.2      --
 29  04/03/2020  0400    26.4   25.5     1.2     0.000  10   96.33  109.9    2.7    1387
 30  04/03/2020  0500    25.9   25.0     1.3     0.000  10   96.32  127.3    2.2      --
 31  04/03/2020  0600    25.4   24.5     1.4     0.000  10   96.31  150.2    2.1      --
 32  04/03/2020  0700    26.1   25.2     1.5     0.000  10   96.33  172.9    2.3      --
 33  04/03/2020  0800    28.4   27.5     1.6     0.000  10   96.36  190.0    2.7      --
 34  04/03/2020  0900    32.1   22.7     1.7     0.000   5   68.04  201.4    3.4      --
 35  04/03/2020  1000    36.8   22.7     1.8     0.000   0   56.42  209.0    4.1    4122
 36  04/03/2020  1100    41.4   22.7     2.7     0.000   0   47.05  244.0    5.2      --
 37  04/03/2020  1200    45.0   22.7     3.5     0.000   0   40.93  262.7    7.4      --
 38  04/03/2020  1300    47.5   23.2     4.4     0.000   0   37.95  272.2   10.0      --
 39  04/03/2020  1400    48.6   24.1     5.2     0.000   0   37.91  277.7   12.8      --
 40  04/03/2020  1500    49.1   25.0     6.1     0.000   0   38.51  281.2   15.6      --
 41  04/03/2020  1600    49.2   25.7     6.9     0.000   0   39.58  283.6   18.5  no_inv
 42  04/03/2020  1700    48.7   25.7     6.1     0.000   0   40.34  279.7   15.2      --
 43  04/03/2020  1800    45.2   25.0     5.3     0.000   0   44.74  273.8   12.1      --
 44  04/03/2020  1900    37.9   24.5     4.5     0.000   0   58.07  263.8    9.1      --
 45  04/03/2020  2000    33.9   24.5     3.7     0.000   0   68.07  245.6    6.7      --
 46  04/03/2020  2100    31.5   24.5     2.9     0.000   0   74.78  214.8    5.5      --
 47  04/03/2020  2200    29.2   24.5     2.1     0.000   5   82.25  181.8    6.3  no_inv
 48  04/03/2020  2300    28.3   24.5     2.0     0.000  10   85.27  187.5    4.8      --
 49  04/04/2020  0000    28.5   24.5     2.0     0.000  10   84.72  197.9    3.5      --
 50  04/04/2020  0100    28.5   24.5     1.9     0.000  10   84.77  220.1    2.3      --
 51  04/04/2020  0200    28.3   24.5     1.9     0.000  10   85.30  262.4    1.9      --
 52  04/04/2020  0300    28.0   24.5     1.8     0.000  10   86.21  298.2    2.7      --
 53  04/04/2020  0400    27.7   24.5     1.8     0.000  10   87.46  314.9    3.9     815
 54  04/04/2020  0500    27.3   24.5     1.9     0.000  10   89.00  312.1    2.4      --
 55  04/04/2020  0600    26.9   24.5     2.0     0.000  10   90.43  298.6    0.8      --
 56  04/04/2020  0700    27.4   24.5     2.1     0.000  10   88.44  160.2    0.8      --
 57  04/04/2020  0800    29.2   24.5     2.2     0.000  10   82.25  146.5    2.4      --
 58  04/04/2020  0900    32.2   20.0     2.3     0.000   5   60.09  143.6    3.9      --
 59  04/04/2020  1000    36.3   20.0     2.5     0.000   0   51.13  142.4    5.5    5345
 60  04/04/2020  1100    40.8   20.0     2.3     0.000   0   42.79  137.2    5.1      --
 61  04/04/2020  1200    45.4   20.0     2.2     0.000   0   35.96  131.3    4.7      --
 62  04/04/2020  1300    48.8   20.0     2.1     0.000   0   31.64  124.4    4.4      --
 63  04/04/2020  1400    50.4   20.0     2.0     0.000   0   29.79  116.7    4.2      --
 64  04/04/2020  1500    51.2   20.0     1.9     0.000   0   28.90  108.2    4.1      --
 65  04/04/2020  1600    51.5   20.0     1.8     0.000   0   28.57   99.3    4.0  no_inv
 66  04/04/2020  1700    51.2   20.1     3.0     0.000   0   28.99   79.1    4.7      --
 67  04/04/2020  1800    50.8   20.4     4.2     0.000   0   29.94   65.4    5.8      --
 68  04/04/2020  1900    49.8   20.4     5.4     0.000   0   31.05   56.5    7.2      --
 69  04/04/2020  2000    49.3   22.0     6.6     0.000   0   33.84   50.5    8.7      --
 70  04/04/2020  2100    46.9   24.2     7.8     0.000   0   40.62   46.3   10.2      --
 71  04/04/2020  2200    44.6   25.4     9.0     0.000   0   46.59   43.2   11.8     563
 72  04/04/2020  2300    43.3   26.3     9.2     0.000   0   50.85   44.3   12.3      --
 73  04/05/2020  0000    42.4   27.1     9.4     0.000   0   54.44   45.4   12.8      --
 74  04/05/2020  0100    41.7   27.9     9.6     0.000   0   57.70   46.4   13.3      --
 75  04/05/2020  0200    41.0   28.4     9.8     0.000   0   60.42   47.3   13.9      --
 76  04/05/2020  0300    40.6   28.8     9.9     0.000   0   62.40   48.1   14.4      --
 77  04/05/2020  0400    40.2   28.8    10.1     0.000   0   63.38   48.9   14.9  no_inv
 78  04/05/2020  0500    40.1   28.9     9.0     0.000   0   64.13   52.5   13.5      --
 79  04/05/2020  0600    40.0   28.9     7.9     0.000   0   64.39   56.8   12.1      --
 80  04/05/2020  0700    40.0   25.8     6.8     0.000   0   56.46   62.3   10.8      --
 81  04/05/2020  0800    40.3   23.6     5.7     0.000   0   51.00   69.1    9.6      --
 82  04/05/2020  0900    40.9   28.3     4.6     0.000   0   60.51   77.7    8.7      --
 83  04/05/2020  1000    41.8   30.8     3.5     0.000   0   64.61   88.1    7.9  no_inv
 84  04/05/2020  1100    43.7   30.8     3.3     0.000   0   60.07   88.9    5.7      --
 85  04/05/2020  1200    46.9   30.8     3.2     0.000   0   53.27   90.7    3.4      --
 86  04/05/2020  1300    49.8   30.8     3.0     0.000   0   47.71   99.2    1.2      --
 87  04/05/2020  1400    51.7   30.8     2.8     0.000   0   44.43  251.7    1.1      --
 88  04/05/2020  1500    53.1   30.8     2.6     0.000   0   42.31  261.4    3.3      --
 89  04/05/2020  1600    53.9   30.8     2.4     0.000   0   41.04  263.3    5.5  no_inv
 90  04/05/2020  1700    53.8   30.8     3.7     0.000   0   41.21  285.1    6.7      --
 91  04/05/2020  1800    52.6   30.8     5.1     0.000   0   43.06  299.2    8.4      --
 92  04/05/2020  1900    50.2   31.5     6.4     0.000   0   48.47  308.1   10.5      --
 93  04/05/2020  2000    48.8   31.8     7.7     0.000   0   51.68  314.0   12.8      --
 94  04/05/2020  2100    46.5   31.5     9.1     0.000   0   55.73  318.0   15.2      --
 95  04/05/2020  2200    44.1   30.9    10.4     0.000   0   59.50  320.9   17.6     663
 96  04/05/2020  2300    42.2   30.6     9.6     0.000   0   63.32  320.8   17.0      --
 97  04/06/2020  0000    40.6   30.2     8.9     0.000   0   66.23  320.6   16.4      --
 98  04/06/2020  0100    39.0   29.9     8.1     0.000   0   69.28  320.4   15.8      --
 99  04/06/2020  0200    37.6   29.9     7.3     0.000   0   73.20  320.1   15.2      --
100  04/06/2020  0300    36.4   30.1     6.6     0.000   0   77.57  319.9   14.6      --
101  04/06/2020  0400    35.3   30.3     5.8     0.000   0   81.75  319.6   14.0     696
102  04/06/2020  0500    34.5   30.5     5.2     0.000   0   85.13  317.7   12.5      --
103  04/06/2020  0600    34.0   30.8     4.6     0.000   0   87.64  315.1   11.0      --
104  04/06/2020  0700    34.9   30.8     4.0     0.000   0   84.77  311.8    9.5      --
105  04/06/2020  0800    37.2   30.8     3.4     0.000   0   77.23  307.3    8.1      --
106  04/06/2020  0900    41.1   26.9     2.8     0.000   0   56.77  300.9    6.7      --
107  04/06/2020  1000    45.8   26.8     2.2     0.000   0   46.98  291.4    5.5  no_inv
108  04/06/2020  1100    50.6   26.6     3.3     0.000   0   39.01  300.8    8.2      --
109  04/06/2020  1200    54.2   26.5     4.4     0.000   0   33.95  305.4   10.9      --
110  04/06/2020  1300    56.8   27.0     5.5     0.000   0   31.62  308.1   13.8      --
111  04/06/2020  1400    58.1   27.6     6.6     0.000   0   31.00  310.0   16.6      --
112  04/06/2020  1500    58.7   28.3     7.6     0.000   0   31.25  311.2   19.5      --
113  04/06/2020  1600    58.9   29.0     8.7     0.000   0   31.93  312.2   22.4    8579
114  04/06/2020  1700    58.8   29.0     7.8     0.000   0   32.02  314.8   20.1      --
115  04/06/2020  1800    54.5   28.3     7.0     0.000   0   36.29  318.0   17.8      --
116  04/06/2020  1900    45.7   28.1     6.1     0.000   0   50.08  322.2   15.6      --
117  04/06/2020  2000    40.8   28.0     5.2     0.000   0   59.91  327.7   13.5      --
118  04/06/2020  2100    38.5   28.0     4.4     0.000   0   65.64  335.1   11.6      --
119  04/06/2020  2200    36.1   28.0     3.5     0.000   0   71.98  345.1   10.0    3083
120  04/06/2020  2300    33.7   28.0     3.1     0.000   0   79.14  341.8    8.5      --
121  04/07/2020  0000    33.2   28.0     2.8     0.000   0   80.91  337.0    7.0      --
122  04/07/2020  0100    32.5   28.0     2.4     0.000   0   83.23  329.7    5.6      --
123  04/07/2020  0200    31.7   28.0     2.1     0.000   5   85.93  318.0    4.3      --
124  04/07/2020  0300    30.9   28.0     1.7     0.000  10   88.89  298.3    3.4      --
125  04/07/2020  0400    30.0   28.0     1.4     0.000  10   92.01  270.0    3.1     737
126  04/07/2020  0500    29.2   28.0     1.3     0.000  10   95.17  269.3    2.1      --
127  04/07/2020  0600    28.6   27.7     1.3     0.000  10   96.37  267.4    1.2      --
128  04/07/2020  0700    30.0   28.0     1.3     0.000  10   92.12  248.7    0.2      --
129  04/07/2020  0800    33.5   27.5     1.2     0.000   5   78.18   98.0    0.8      --
130  04/07/2020  0900    39.2   27.5     1.2     0.000   0   62.44   94.4    1.7      --
131  04/07/2020  1000    46.1   27.5     1.2     0.000   0   47.91   93.4    2.7    5757
132  04/07/2020  1100    52.8   27.5     2.6     0.000   0   37.42    4.5    2.2      --
133  04/07/2020  1200    57.0   27.5     4.0     0.000   0   32.02  332.4    5.0      --
134  04/07/2020  1300    60.1   27.6     5.4     0.000   0   28.81  324.5    8.3      --
135  04/07/2020  1400    61.7   28.4     6.8     0.000   0   28.17  321.1   11.6      --
136  04/07/2020  1500    62.5   29.0     8.2     0.000   0   28.15  319.2   15.0      --
137  04/07/2020  1600    62.8   29.6     9.7     0.000   0   28.42  318.0   18.4    8503
138  04/07/2020  1700    62.8   29.1    11.2     0.000   0   27.91  317.8   19.3      --
139  04/07/2020  1800    59.7   28.2    12.8     0.000   0   29.91  317.7   20.2      --
140  04/07/2020  1900    53.4   27.3    14.3     0.000   0   36.18  317.5   21.1      --
141  04/07/2020  2000    50.0   26.5    15.9     0.000   0   39.82  317.4   22.0      --
142  04/07/2020  2100    47.6   26.0    17.4     0.000   0   42.57  317.3   22.9      --
143  04/07/2020  2200    45.3   25.5    19.0     0.000   0   45.50  317.2   23.7     991
144  04/07/2020  2300    42.3   25.0    16.8     0.000   0   49.94  313.3   20.8      --
145  04/08/2020  0000    40.8   24.5    14.7     0.000   0   51.80  308.2   18.0      --
146  04/08/2020  0100    39.4   24.0    12.5     0.000   0   53.73  301.2   15.3      --
147  04/08/2020  0200    38.1   25.2    10.4     0.000   0   59.18  291.6   13.0      --
148  04/08/2020  0300    37.0   25.5     8.2     0.000   0   62.79  278.4   11.2      --
149  04/08/2020  0400    36.1   26.8     6.1     0.000   0   68.55  261.4   10.2    1695
150  04/08/2020  0500    35.3   27.6     5.3     0.000   0   73.07  261.1    7.8      --
151  04/08/2020  0600    34.9   29.5     4.6     0.000   0   80.54  260.5    5.5      --
152  04/08/2020  0700    35.8   28.7     3.9     0.000   0   74.92  259.1    3.1      --
153  04/08/2020  0800    38.4   32.7     3.2     0.000   0   79.86  248.8    0.8      --
154  04/08/2020  0900    42.5   32.7     2.5     0.000   0   68.00   88.7    1.6      --
155  04/08/2020  1000    47.8   32.7     1.8     0.000   0   55.56   85.0    4.0    3515
156  04/08/2020  1100    53.5   32.7     1.9     0.000   0   45.08   99.1    3.0      --
157  04/08/2020  1200    58.4   32.7     1.9     0.000   0   37.71  124.5    2.3      --
158  04/08/2020  1300    62.1   32.7     2.0     0.000   0   33.01  158.7    2.3      --
159  04/08/2020  1400    64.1   32.7     2.1     0.000   0   30.80  184.5    2.9      --
160  04/08/2020  1500    65.1   32.7     2.2     0.000   0   29.76  199.0    4.0      --
161  04/08/2020  1600    65.6   32.7     2.2     0.000   0   29.25  207.2    5.1    5697
162  04/08/2020  1700    65.7   32.7     3.2     0.000   0   29.14  250.4    5.2      --
163  04/08/2020  1800    62.4   32.7     4.2     0.000   0   32.72  278.1    7.6      --
164  04/08/2020  1900    55.6   32.8     5.1     0.000   0   41.78  291.1   10.8      --
165  04/08/2020  2000    51.9   33.4     6.1     0.000   0   49.13  297.9   14.3      --
166  04/08/2020  2100    49.6   34.1     7.0     0.000   0   54.97  302.0   17.9      --
167  04/08/2020  2200    47.2   34.7     8.0     0.000   0   61.56  304.7   21.6    1014
