  Generated by FoxLW on Thursday April 2, 2020 at 02:32 PDT
-------------------------------------------------------------------------------
  Warden Golf
  46.9300:-119.1200  (46 55' 48.00"N  119 7' 12.00"W)  elev 1236.9 feet    file: 330042
-------------------------------------------------------------------------------

Line#   Date     Hour   TempF  DewPtF WS(mph)  Rain(in) LW    RH%  WDir_50m WS_50m Inv(ft)
  5  04/02/2020  0400    31.5   17.3    10.4     0.000   0   55.22    7.5   13.6      10
  6  04/02/2020  0500    31.0   17.5     9.0     0.000   0   56.86    3.9   11.5      --
  7  04/02/2020  0600    30.5   17.6     7.6     0.000   0   58.06  358.8    9.5      --
  8  04/02/2020  0700    30.8   17.7     6.2     0.000   0   57.86  351.1    7.7      --
  9  04/02/2020  0800    31.8   17.9     4.8     0.000   0   55.91  338.7    6.0      --
 10  04/02/2020  0900    33.8   17.3     3.4     0.000   0   50.37  318.9    4.8      --
 11  04/02/2020  1000    36.5   17.3     2.0     0.000   0   45.17  291.8    4.5  no_inv
 12  04/02/2020  1100    40.2   17.3     2.2     0.000   0   38.99  275.1    4.1      --
 13  04/02/2020  1200    45.1   17.3     2.4     0.000   0   32.32  256.7    4.1      --
 14  04/02/2020  1300    49.0   17.3     2.6     0.000   0   27.91  239.9    4.4      --
 15  04/02/2020  1400    50.8   17.3     2.8     0.000   0   26.09  226.7    5.2      --
 16  04/02/2020  1500    51.8   17.3     3.0     0.000   0   25.14  217.0    6.1      --
 17  04/02/2020  1600    52.2   17.3     3.2     0.000   0   24.83  210.0    7.1  no_inv
 18  04/02/2020  1700    51.4   17.3     3.5     0.000   0   25.61  227.2    6.4      --
 19  04/02/2020  1800    49.8   17.6     3.9     0.000   0   27.45  246.0    6.5      --
 20  04/02/2020  1900    49.0   17.6     4.2     0.000   0   28.35  262.9    7.2      --
 21  04/02/2020  2000    46.7   17.6     4.5     0.000   0   30.95  275.9    8.3      --
 22  04/02/2020  2100    44.3   17.6     4.9     0.000   0   33.83  285.3    9.8      --
 23  04/02/2020  2200    42.0   17.9     5.2     0.000   0   37.38  292.2   11.5     637
 24  04/02/2020  2300    38.9   17.6     5.0     0.000   0   41.71  292.7   11.1      --
 25  04/03/2020  0000    37.4   17.6     4.8     0.000   0   44.27  293.3   10.6      --
 26  04/03/2020  0100    35.9   17.6     4.7     0.000   0   46.84  293.9   10.2      --
 27  04/03/2020  0200    34.7   17.6     4.5     0.000   0   49.27  294.5    9.8      --
 28  04/03/2020  0300    33.6   17.6     4.3     0.000   0   51.46  295.3    9.4      --
 29  04/03/2020  0400    32.7   17.6     4.1     0.000   0   53.34  296.1    8.9  no_inv
 30  04/03/2020  0500    32.0   17.6     4.7     0.000   0   54.82  285.4    8.5      --
 31  04/03/2020  0600    31.6   18.1     5.3     0.000   0   56.82  274.0    8.4      --
 32  04/03/2020  0700    32.0   19.1     5.9     0.000   0   58.42  262.9    8.7      --
 33  04/03/2020  0800    33.4   20.1     6.5     0.000   0   57.82  252.8    9.2      --
 34  04/03/2020  0900    35.7   20.8     7.1     0.000   0   54.14  244.0   10.1      --
 35  04/03/2020  1000    38.8   20.7     7.7     0.000   0   47.92  236.7   11.1  no_inv
 36  04/03/2020  1100    42.0   20.7     8.9     0.000   0   42.15  243.5   12.1      --
 37  04/03/2020  1200    44.6   20.7    10.1     0.000   0   38.10  249.2   13.3      --
 38  04/03/2020  1300    46.8   20.9    11.4     0.000   0   35.46  254.0   14.6      --
 39  04/03/2020  1400    48.0   21.0    12.6     0.000   0   34.00  257.9   15.9      --
 40  04/03/2020  1500    48.8   21.0    13.9     0.000   0   32.96  261.2   17.4      --
 41  04/03/2020  1600    49.4   20.8    15.1     0.000   0   32.05  264.0   18.9  no_inv
 42  04/03/2020  1700    48.8   20.8    15.2     0.000   0   32.69  272.0   18.0      --
 43  04/03/2020  1800    47.6   20.6    15.3     0.000   0   33.94  280.5   17.6      --
 44  04/03/2020  1900    46.9   20.4    15.4     0.000   0   34.45  289.3   17.5      --
 45  04/03/2020  2000    44.6   20.1    15.5     0.000   0   37.19  297.9   17.9      --
 46  04/03/2020  2100    42.3   19.8    15.7     0.000   0   40.21  306.1   18.6      --
 47  04/03/2020  2200    39.9   19.5    15.8     0.000   0   43.49  313.4   19.7     516
 48  04/03/2020  2300    38.2   19.2    13.6     0.000   0   45.85  315.9   17.1      --
 49  04/04/2020  0000    37.4   20.2    11.4     0.000   0   49.55  319.2   14.5      --
 50  04/04/2020  0100    36.5   20.3     9.2     0.000   0   51.36  323.9   12.0      --
 51  04/04/2020  0200    35.7   20.9     7.0     0.000   0   54.24  331.1    9.6      --
 52  04/04/2020  0300    35.0   21.0     4.8     0.000   0   56.26  342.5    7.5      --
 53  04/04/2020  0400    34.4   21.2     2.7     0.000   0   58.02    1.6    5.9     466
 54  04/04/2020  0500    33.9   21.5     2.3     0.000   0   59.83    0.1    4.7      --
 55  04/04/2020  0600    33.6   21.5     2.0     0.000   0   60.65  357.8    3.6      --
 56  04/04/2020  0700    33.9   21.5     1.6     0.000   0   59.92  353.2    2.4      --
 57  04/04/2020  0800    35.0   19.8     1.3     0.000   0   53.40  340.9    1.3      --
 58  04/04/2020  0900    36.9   19.8     0.9     0.000   0   49.45  280.6    0.6      --
 59  04/04/2020  1000    39.6   19.8     0.6     0.000   0   44.47  215.3    1.3    7410
 60  04/04/2020  1100    42.9   19.8     1.0     0.000   0   39.18  129.4    0.5      --
 61  04/04/2020  1200    47.3   19.8     1.4     0.000   0   33.15   75.5    1.6      --
 62  04/04/2020  1300    50.9   19.8     1.9     0.000   0   28.94   67.3    2.9      --
 63  04/04/2020  1400    52.9   19.8     2.3     0.000   0   26.91   64.2    4.2      --
 64  04/04/2020  1500    53.9   19.8     2.7     0.000   0   25.97   62.6    5.6      --
 65  04/04/2020  1600    54.4   19.8     3.1     0.000   0   25.51   61.6    6.9  no_inv
 66  04/04/2020  1700    54.5   20.0     4.5     0.000   0   25.63   55.7    8.0      --
 67  04/04/2020  1800    53.7   20.5     5.9     0.000   0   26.95   51.2    9.2      --
 68  04/04/2020  1900    52.0   22.4     7.3     0.000   0   31.08   47.8   10.4      --
 69  04/04/2020  2000    51.2   24.3     8.6     0.000   0   34.73   45.1   11.7      --
 70  04/04/2020  2100    48.8   25.5    10.0     0.000   0   39.82   42.9   13.0      --
 71  04/04/2020  2200    46.5   26.3    11.4     0.000   0   45.01   41.1   14.2  no_inv
 72  04/04/2020  2300    44.6   27.9    10.6     0.000   0   51.56   38.0   14.3      --
 73  04/05/2020  0000    43.3   29.3     9.9     0.000   0   57.36   34.9   14.4      --
 74  04/05/2020  0100    42.2   30.3     9.1     0.000   0   62.50   31.8   14.5      --
 75  04/05/2020  0200    41.2   31.1     8.4     0.000   0   67.04   28.8   14.7      --
 76  04/05/2020  0300    40.4   30.1     7.6     0.000   0   66.40   25.9   14.9      --
 77  04/05/2020  0400    39.7   27.2     6.9     0.000   0   60.56   23.0   15.1    1657
 78  04/05/2020  0500    39.3   26.2     6.6     0.000   0   59.07   22.5   14.3      --
 79  04/05/2020  0600    39.0   25.2     6.3     0.000   0   57.21   21.8   13.5      --
 80  04/05/2020  0700    39.1   24.2     6.1     0.000   0   54.66   21.1   12.7      --
 81  04/05/2020  0800    39.6   29.6     5.8     0.000   0   66.98   20.3   11.9      --
 82  04/05/2020  0900    40.6   29.9     5.6     0.000   0   65.37   19.3   11.1      --
 83  04/05/2020  1000    42.1   30.0     5.3     0.000   0   61.88   18.2   10.4  no_inv
 84  04/05/2020  1100    44.9   30.0     4.8     0.000   0   55.67   19.1    9.4      --
 85  04/05/2020  1200    50.1   30.1     4.2     0.000   0   45.94   20.2    8.4      --
 86  04/05/2020  1300    54.8   30.2     3.7     0.000   0   38.85   21.6    7.4      --
 87  04/05/2020  1400    57.1   30.2     3.2     0.000   0   35.75   23.4    6.5      --
 88  04/05/2020  1500    58.4   30.2     2.6     0.000   0   34.12   25.8    5.5      --
 89  04/05/2020  1600    58.8   30.2     2.1     0.000   0   33.56   29.1    4.6  no_inv
 90  04/05/2020  1700    57.9   30.3     2.2     0.000   0   34.82   25.4    4.9      --
 91  04/05/2020  1800    57.0   30.6     2.4     0.000   0   36.44   22.0    5.1      --
 92  04/05/2020  1900    55.1   30.3     2.5     0.000   0   38.48   19.0    5.4      --
 93  04/05/2020  2000    54.1   30.3     2.7     0.000   0   39.97   16.3    5.8      --
 94  04/05/2020  2100    51.7   30.3     2.8     0.000   0   43.55   13.9    6.1      --
 95  04/05/2020  2200    49.4   30.3     2.9     0.000   0   47.50   11.7    6.4     147
 96  04/05/2020  2300    47.1   30.3     3.5     0.000   0   51.77   20.1    7.5      --
 97  04/06/2020  0000    45.3   30.3     4.1     0.000   0   55.44   26.2    8.8      --
 98  04/06/2020  0100    43.6   30.3     4.7     0.000   0   59.02   30.8   10.1      --
 99  04/06/2020  0200    42.2   31.0     5.3     0.000   0   64.16   34.2   11.4      --
100  04/06/2020  0300    41.0   32.5     5.9     0.000   0   71.59   37.0   12.8      --
101  04/06/2020  0400    40.0   34.1     6.4     0.000   0   79.17   39.2   14.2     325
102  04/06/2020  0500    39.3   32.5     5.9     0.000   0   76.36   34.0   12.2      --
103  04/06/2020  0600    39.0   31.0     5.3     0.000   0   72.84   26.7   10.2      --
104  04/06/2020  0700    39.2   30.3     4.8     0.000   0   69.93   16.3    8.5      --
105  04/06/2020  0800    40.3   32.2     4.2     0.000   0   72.74    1.4    7.2      --
106  04/06/2020  0900    42.1   30.3     3.6     0.000   0   62.64  342.0    6.5      --
107  04/06/2020  1000    44.8   28.3     3.1     0.000   0   52.08  321.2    6.8  no_inv
108  04/06/2020  1100    48.0   26.2     5.2     0.000   0   42.24  303.9    8.2      --
109  04/06/2020  1200    53.0   24.3     7.4     0.000   0   32.43  292.6   10.2      --
110  04/06/2020  1300    57.3   23.2     9.5     0.000   0   26.56  285.1   12.5      --
111  04/06/2020  1400    59.7   22.7    11.7     0.000   0   23.81  280.1   14.9      --
112  04/06/2020  1500    61.0   21.8    13.8     0.000   0   21.93  276.4   17.4      --
113  04/06/2020  1600    61.6   20.3    16.0     0.000   0   20.12  273.7   20.0    8498
114  04/06/2020  1700    61.8   20.5    16.9     0.000   0   20.12  281.6   20.3      --
115  04/06/2020  1800    59.2   20.9    17.8     0.000   0   22.46  289.2   21.0      --
116  04/06/2020  1900    54.0   21.6    18.6     0.000   0   27.98  296.2   22.0      --
117  04/06/2020  2000    51.1   22.5    19.5     0.000   0   32.36  302.4   23.3      --
118  04/06/2020  2100    48.8   23.6    20.4     0.000   0   36.94  308.0   24.9      --
119  04/06/2020  2200    46.4   24.8    21.3     0.000   0   42.33  312.8   26.6     540
120  04/06/2020  2300    44.5   25.9    19.8     0.000   0   47.74  311.5   25.8      --
121  04/07/2020  0000    43.8   27.0    18.3     0.000   0   51.27  310.0   25.0      --
122  04/07/2020  0100    43.1   27.9    16.8     0.000   0   54.77  308.5   24.1      --
123  04/07/2020  0200    42.4   28.6    15.2     0.000   0   57.97  306.9   23.4      --
124  04/07/2020  0300    41.7   29.1    13.7     0.000   0   60.61  305.1   22.6      --
125  04/07/2020  0400    41.0   29.2    12.2     0.000   0   62.48  303.2   21.8  no_inv
126  04/07/2020  0500    40.5   30.7    10.7     0.000   0   67.75  301.4   19.2      --
127  04/07/2020  0600    40.1   30.9     9.2     0.000   0   69.14  298.9   16.6      --
128  04/07/2020  0700    40.6   29.8     7.7     0.000   0   64.94  295.5   14.1      --
129  04/07/2020  0800    42.1   27.8     6.2     0.000   0   56.56  290.7   11.6      --
130  04/07/2020  0900    44.6   27.1     4.7     0.000   0   49.91  283.4    9.2      --
131  04/07/2020  1000    48.0   26.4     3.2     0.000   0   42.59  271.4    7.1    5227
132  04/07/2020  1100    51.9   25.6     3.1     0.000   0   35.74  276.4    6.7      --
133  04/07/2020  1200    56.4   25.0     3.0     0.000   0   29.50  282.1    6.4      --
134  04/07/2020  1300    59.9   24.4     2.9     0.000   0   25.36  288.4    6.1      --
135  04/07/2020  1400    61.8   23.9     2.8     0.000   0   23.29  295.1    5.9      --
136  04/07/2020  1500    62.7   23.6     2.7     0.000   0   22.29  302.2    5.8      --
137  04/07/2020  1600    63.1   23.5     2.6     0.000   0   21.86  309.5    5.8    8741
138  04/07/2020  1700    63.2   23.5     3.7     0.000   0   21.82  315.1    6.7      --
139  04/07/2020  1800    61.4   23.4     4.8     0.000   0   23.13  319.3    7.8      --
140  04/07/2020  1900    57.7   24.3     5.8     0.000   0   27.38  322.5    8.8      --
141  04/07/2020  2000    55.7   24.6     6.9     0.000   0   29.91  325.0    9.9      --
142  04/07/2020  2100    53.3   24.8     8.0     0.000   0   32.83  327.1   11.0      --
143  04/07/2020  2200    51.0   24.6     9.1     0.000   0   35.42  328.7   12.1       6
144  04/07/2020  2300    48.7   24.3     9.7     0.000   0   38.21  345.5    9.8      --
145  04/08/2020  0000    47.3   24.0    10.3     0.000   0   39.58    9.1    8.7      --
146  04/08/2020  0100    46.1   23.6    10.9     0.000   0   40.76   33.9    9.3      --
147  04/08/2020  0200    45.0   23.2    11.6     0.000   0   41.87   52.8   11.3      --
148  04/08/2020  0300    44.0   21.7    12.2     0.000   0   40.63   65.0   14.1      --
149  04/08/2020  0400    43.3   21.6    12.8     0.000   0   41.82   72.9   17.4      53
150  04/08/2020  0500    42.7   23.1    10.8     0.000   0   45.65   74.3   14.7      --
151  04/08/2020  0600    42.3   24.0     8.9     0.000   0   47.83   76.2   12.0      --
152  04/08/2020  0700    42.9   25.5     6.9     0.000   0   49.82   79.2    9.4      --
153  04/08/2020  0800    44.6   26.3     5.0     0.000   0   48.38   84.6    6.7      --
154  04/08/2020  0900    47.5   26.3     3.0     0.000   0   43.42   96.6    4.2      --
155  04/08/2020  1000    51.2   26.3     1.1     0.000   0   37.71  132.6    2.4    6228
156  04/08/2020  1100    55.5   26.3     1.4     0.000   0   32.28  161.6    2.4      --
157  04/08/2020  1200    60.0   26.3     1.8     0.000   0   27.42  184.2    3.0      --
158  04/08/2020  1300    63.6   26.3     2.1     0.000   0   24.21  198.2    3.9      --
159  04/08/2020  1400    65.4   26.3     2.5     0.000   0   22.69  206.6    4.9      --
160  04/08/2020  1500    66.3   26.3     2.8     0.000   0   21.99  212.1    5.9      --
161  04/08/2020  1600    66.8   26.3     3.2     0.000   0   21.66  215.9    7.1    6184
162  04/08/2020  1700    66.8   26.3     4.3     0.000   0   21.62  233.8    6.6      --
163  04/08/2020  1800    65.7   26.3     5.4     0.000   0   22.50  252.5    6.8      --
164  04/08/2020  1900    63.3   27.4     6.5     0.000   0   25.46  268.6    7.6      --
165  04/08/2020  2000    62.0   28.1     7.6     0.000   0   27.47  280.8    8.9      --
166  04/08/2020  2100    59.7   28.3     8.7     0.000   0   30.15  289.5   10.5      --
167  04/08/2020  2200    57.3   28.3     9.8     0.000   0   32.79  295.8   12.3     619
