  Generated by FoxLW on Thursday April 2, 2020 at 02:32 PDT
-------------------------------------------------------------------------------
  Brewster
  48.0600:-119.8600  (48 3' 36.00"N  119 51' 36.00"W)  elev 912.1 feet    file: 330074
-------------------------------------------------------------------------------

Line#   Date     Hour   TempF  DewPtF WS(mph)  Rain(in) LW    RH%  WDir_50m WS_50m Inv(ft)
  5  04/02/2020  0400    25.7   12.1     3.9     0.000   0   55.66   42.5   10.0    2539
  6  04/02/2020  0500    25.1   12.3     3.6     0.000   0   57.80   44.5    9.1      --
  7  04/02/2020  0600    24.6   17.7     3.3     0.000   0   74.75   47.1    8.1      --
  8  04/02/2020  0700    24.9   23.1     3.0     0.000   5   92.74   50.3    7.2      --
  9  04/02/2020  0800    26.3   23.8     2.7     0.000  10   90.04   54.3    6.3      --
 10  04/02/2020  0900    28.8   23.8     2.4     0.000  10   81.26   59.7    5.5      --
 11  04/02/2020  1000    32.3   23.8     2.1     0.000   5   70.54   67.0    4.7  no_inv
 12  04/02/2020  1100    36.7   23.8     2.2     0.000   0   59.06   74.7    2.1      --
 13  04/02/2020  1200    42.1   23.8     2.4     0.000   0   47.90  201.2    0.8      --
 14  04/02/2020  1300    46.4   23.8     2.6     0.000   0   40.65  232.1    3.3      --
 15  04/02/2020  1400    48.5   23.8     2.7     0.000   0   37.56  236.0    5.9      --
 16  04/02/2020  1500    47.2   27.6     2.9     0.000   0   46.19  237.5    8.6      --
 17  04/02/2020  1600    44.9   31.4     3.1     0.020   0   58.74  238.3   11.2  no_inv
 18  04/02/2020  1700    45.7   30.1     3.0     0.000   0   54.12  244.5   10.3      --
 19  04/02/2020  1800    45.1   28.5     2.9     0.000   0   52.05  251.8    9.5      --
 20  04/02/2020  1900    43.7   27.8     2.8     0.000   0   53.33  260.2    8.9      --
 21  04/02/2020  2000    42.9   27.7     2.7     0.000   0   54.53  269.6    8.5      --
 22  04/02/2020  2100    40.6   27.0     2.6     0.000   0   58.12  279.6    8.4      --
 23  04/02/2020  2200    38.2   28.0     2.5     0.000   0   66.28  289.6    8.5    1430
 24  04/02/2020  2300    35.6   27.0     2.3     0.000   0   70.65  292.0    7.6      --
 25  04/03/2020  0000    33.7   26.3     2.2     0.000   0   74.03  295.0    6.7      --
 26  04/03/2020  0100    32.0   25.8     2.0     0.000   5   77.42  299.1    5.8      --
 27  04/03/2020  0200    30.5   25.2     1.9     0.000  10   80.69  304.5    4.9      --
 28  04/03/2020  0300    29.2   24.9     1.7     0.000  10   83.69  312.0    4.2      --
 29  04/03/2020  0400    28.1   24.6     1.5     0.000  10   86.28  322.8    3.5  no_inv
 30  04/03/2020  0500    27.5   24.1     1.5     0.000  10   86.66  319.0    3.5      --
 31  04/03/2020  0600    27.1   24.0     1.6     0.000  10   87.85  315.1    3.5      --
 32  04/03/2020  0700    28.0   24.0     1.6     0.000  10   84.69  311.4    3.5      --
 33  04/03/2020  0800    30.7   24.3     1.6     0.000  10   76.85  307.7    3.6      --
 34  04/03/2020  0900    34.6   19.7     1.6     0.000   5   54.08  304.1    3.7      --
 35  04/03/2020  1000    39.6   18.7     1.6     0.000   0   42.45  300.7    3.7  no_inv
 36  04/03/2020  1100    43.2   18.7     2.6     0.000   0   36.91  284.3    5.4      --
 37  04/03/2020  1200    44.7   18.7     3.5     0.000   0   34.87  275.9    7.2      --
 38  04/03/2020  1300    45.8   19.3     4.5     0.000   0   34.36  270.9    9.2      --
 39  04/03/2020  1400    46.4   20.2     5.4     0.000   0   34.85  267.8   11.2      --
 40  04/03/2020  1500    46.8   21.0     6.4     0.000   0   35.56  265.5   13.2      --
 41  04/03/2020  1600    47.0   21.7     7.3     0.000   0   36.42  263.9   15.2  no_inv
 42  04/03/2020  1700    47.1   21.7     6.2     0.000   0   36.30  263.5   12.4      --
 43  04/03/2020  1800    44.3   21.0     5.2     0.000   0   39.05  262.8    9.6      --
 44  04/03/2020  1900    38.7   20.5     4.1     0.000   0   47.66  261.4    6.8      --
 45  04/03/2020  2000    35.5   20.5     3.0     0.000   0   53.90  258.2    4.0      --
 46  04/03/2020  2100    33.2   20.5     1.9     0.000   0   59.18  240.5    1.2      --
 47  04/03/2020  2200    30.9   20.5     0.8     0.000   0   65.04  103.1    1.8   13300
 48  04/03/2020  2300    29.3   20.5     1.0     0.000   0   69.23   92.0    2.3      --
 49  04/04/2020  0000    28.8   20.5     1.2     0.000   0   70.67   84.9    2.8      --
 50  04/04/2020  0100    28.2   20.5     1.4     0.000   0   72.48   80.2    3.4      --
 51  04/04/2020  0200    27.5   20.5     1.5     0.000   0   74.51   76.9    4.0      --
 52  04/04/2020  0300    26.8   20.5     1.7     0.000   5   76.66   74.4    4.6      --
 53  04/04/2020  0400    26.2   20.5     1.9     0.000  10   78.85   72.5    5.2    8495
 54  04/04/2020  0500    25.5   20.5     2.1     0.000  10   81.00   71.8    5.5      --
 55  04/04/2020  0600    25.1   20.5     2.3     0.000  10   82.57   71.2    5.8      --
 56  04/04/2020  0700    25.6   20.5     2.5     0.000  10   80.64   70.6    6.0      --
 57  04/04/2020  0800    27.5   20.5     2.7     0.000   5   74.76   70.1    6.3      --
 58  04/04/2020  0900    30.6   17.6     2.8     0.000   0   58.08   69.6    6.6      --
 59  04/04/2020  1000    34.7   17.6     3.0     0.000   0   49.17   69.1    6.9    7488
 60  04/04/2020  1100    39.1   17.6     3.1     0.000   0   41.39   63.5    6.9      --
 61  04/04/2020  1200    42.7   17.6     3.2     0.000   0   35.93   58.0    7.0      --
 62  04/04/2020  1300    45.8   17.6     3.3     0.000   0   31.99   52.7    7.2      --
 63  04/04/2020  1400    47.5   17.6     3.3     0.000   0   30.01   47.6    7.4      --
 64  04/04/2020  1500    48.7   17.6     3.4     0.000   0   28.71   42.9    7.7      --
 65  04/04/2020  1600    49.4   17.6     3.5     0.000   0   27.87   38.6    8.0    9342
 66  04/04/2020  1700    50.0   17.7     5.2     0.000   0   27.38   30.7    9.8      --
 67  04/04/2020  1800    48.8   17.9     6.9     0.000   0   28.91   25.3   11.8      --
 68  04/04/2020  1900    46.3   20.2     8.6     0.000   0   35.08   21.5   13.8      --
 69  04/04/2020  2000    44.9   20.5    10.3     0.000   0   37.47   18.7   15.9      --
 70  04/04/2020  2100    42.6   20.5    12.0     0.000   0   40.84   16.5   18.0      --
 71  04/04/2020  2200    40.2   19.6    13.7     0.000   0   43.18   14.8   20.1    9198
 72  04/04/2020  2300    39.2   20.2    12.4     0.000   0   46.02   15.6   18.4      --
 73  04/05/2020  0000    38.8   22.2    11.1     0.000   0   50.90   16.6   16.8      --
 74  04/05/2020  0100    38.4   23.1     9.8     0.000   0   53.62   17.7   15.1      --
 75  04/05/2020  0200    38.1   23.4     8.5     0.000   0   55.03   19.2   13.4      --
 76  04/05/2020  0300    37.8   22.1     7.2     0.000   0   52.67   21.0   11.7      --
 77  04/05/2020  0400    37.6   20.4     6.0     0.000   0   49.31   23.5   10.1  no_inv
 78  04/05/2020  0500    37.5   19.3     5.3     0.000   0   47.43   27.0    9.1      --
 79  04/05/2020  0600    37.3   17.7     4.8     0.000   0   44.47   31.4    8.2      --
 80  04/05/2020  0700    37.4   17.7     4.1     0.000   0   44.23   37.0    7.3      --
 81  04/05/2020  0800    38.0   23.1     3.5     0.000   0   54.38   43.9    6.5      --
 82  04/05/2020  0900    39.2   26.7     2.9     0.000   0   60.71   52.6    5.8      --
 83  04/05/2020  1000    40.8   26.7     2.3     0.000   0   57.00   63.2    5.3  no_inv
 84  04/05/2020  1100    43.3   26.7     2.0     0.000   0   51.70   64.2    4.4      --
 85  04/05/2020  1200    46.8   26.7     1.6     0.000   0   45.26   65.6    3.4      --
 86  04/05/2020  1300    49.9   26.7     1.3     0.000   0   40.26   68.3    2.4      --
 87  04/05/2020  1400    51.8   26.7     1.0     0.000   0   37.54   74.2    1.5      --
 88  04/05/2020  1500    53.2   26.7     0.6     0.000   0   35.71   98.3    0.6      --
 89  04/05/2020  1600    54.0   26.7     0.3     0.000   0   34.65  199.9    0.6  no_inv
 90  04/05/2020  1700    54.2   26.8     1.5     0.000   0   34.39   30.1    1.7      --
 91  04/05/2020  1800    53.1   26.8     2.7     0.000   0   35.91   28.5    4.0      --
 92  04/05/2020  1900    50.8   26.8     3.9     0.000   0   39.01   28.1    6.3      --
 93  04/05/2020  2000    49.5   26.8     5.1     0.000   0   41.02   27.9    8.7      --
 94  04/05/2020  2100    47.2   27.8     6.3     0.000   0   46.56   27.8   11.0      --
 95  04/05/2020  2200    44.9   28.8     7.5     0.000   0   53.11   27.7   13.3  no_inv
 96  04/05/2020  2300    43.0   28.5     7.0     0.000   0   56.21   25.2   13.5      --
 97  04/06/2020  0000    41.6   28.1     6.5     0.000   0   58.39   22.7   13.8      --
 98  04/06/2020  0100    40.3   27.6     5.9     0.000   0   60.38   20.4   14.1      --
 99  04/06/2020  0200    39.0   27.3     5.4     0.000   0   62.40   18.1   14.3      --
100  04/06/2020  0300    38.0   26.8     4.9     0.000   0   63.57   15.9   14.7      --
101  04/06/2020  0400    37.1   26.8     4.4     0.000   0   65.81   13.8   15.0    5295
102  04/06/2020  0500    36.4   26.8     3.7     0.000   0   67.62   14.2   12.4      --
103  04/06/2020  0600    36.0   26.8     3.0     0.000   0   68.66   14.8    9.8      --
104  04/06/2020  0700    36.5   26.8     2.4     0.000   0   67.34   15.8    7.2      --
105  04/06/2020  0800    38.0   27.1     1.7     0.000   0   64.40   17.9    4.6      --
106  04/06/2020  0900    40.6   26.8     1.0     0.000   0   57.60   25.5    2.0      --
107  04/06/2020  1000    44.0   26.5     0.4     0.000   0   49.81  157.8    0.8    8604
108  04/06/2020  1100    48.0   26.1     1.4     0.000   0   42.31  321.8    2.2      --
109  04/06/2020  1200    52.5   25.9     2.5     0.000   0   35.24  324.2    5.2      --
110  04/06/2020  1300    56.2   25.6     3.6     0.000   0   30.48  324.9    8.3      --
111  04/06/2020  1400    58.2   25.4     4.7     0.000   0   28.16  325.2   11.3      --
112  04/06/2020  1500    59.2   25.3     5.8     0.000   0   27.04  325.4   14.3      --
113  04/06/2020  1600    59.7   25.2     6.8     0.000   0   26.52  325.5   17.4    8507
114  04/06/2020  1700    59.8   25.2     6.6     0.000   0   26.44  320.2   17.6      --
115  04/06/2020  1800    55.7   25.2     6.4     0.000   0   30.63  315.0   18.1      --
116  04/06/2020  1900    47.3   26.1     6.2     0.000   0   43.19  310.2   18.7      --
117  04/06/2020  2000    42.7   25.9     6.0     0.000   0   51.13  305.7   19.4      --
118  04/06/2020  2100    40.4   25.8     5.8     0.000   0   55.64  301.5   20.2      --
119  04/06/2020  2200    38.0   25.6     5.6     0.000   0   60.64  297.7   21.1    1664
120  04/06/2020  2300    35.1   25.4     5.1     0.000   0   67.51  297.2   18.7      --
121  04/07/2020  0000    34.0   25.4     4.7     0.000   0   70.51  296.5   16.4      --
122  04/07/2020  0100    32.7   25.4     4.2     0.000   0   74.05  295.7   14.0      --
123  04/07/2020  0200    31.5   25.4     3.8     0.000   5   77.83  294.4   11.6      --
124  04/07/2020  0300    30.3   25.4     3.4     0.000  10   81.70  292.6    9.2      --
125  04/07/2020  0400    29.2   25.4     2.9     0.000  10   85.51  289.5    6.8    1430
126  04/07/2020  0500    28.2   25.4     2.9     0.000  10   89.14  300.2    5.2      --
127  04/07/2020  0600    27.6   25.4     2.8     0.000  10   91.23  319.4    3.9      --
128  04/07/2020  0700    28.9   25.4     2.7     0.000  10   86.69  350.4    3.3      --
129  04/07/2020  0800    32.2   24.0     2.7     0.000   5   71.43   21.4    3.9      --
130  04/07/2020  0900    37.4   23.9     2.6     0.000   0   57.72   40.7    5.2      --
131  04/07/2020  1000    43.9   23.8     2.5     0.000   0   44.71   51.5    6.8    7859
132  04/07/2020  1100    50.4   23.7     2.1     0.000   0   34.96   52.4    5.6      --
133  04/07/2020  1200    54.9   23.6     1.8     0.000   0   29.47   53.8    4.4      --
134  04/07/2020  1300    58.3   23.6     1.4     0.000   0   26.03   56.3    3.2      --
135  04/07/2020  1400    60.0   23.5     1.0     0.000   0   24.40   61.7    2.0      --
136  04/07/2020  1500    60.9   23.5     0.7     0.000   0   23.64   80.8    0.9      --
137  04/07/2020  1600    61.3   23.5     0.3     0.000   0   23.28  177.5    0.7    8821
138  04/07/2020  1700    61.3   23.5     0.9     0.000   0   23.23  298.7    1.2      --
139  04/07/2020  1800    57.8   23.5     1.5     0.000   0   26.40  310.9    2.7      --
140  04/07/2020  1900    50.4   23.5     2.1     0.000   0   34.55  314.1    4.3      --
141  04/07/2020  2000    46.4   23.5     2.7     0.000   0   40.19  315.6    5.9      --
142  04/07/2020  2100    44.1   23.5     3.3     0.000   0   43.92  316.5    7.6      --
143  04/07/2020  2200    41.7   23.5     3.9     0.000   0   48.05  317.0    9.2    8112
144  04/07/2020  2300    38.7   23.5     3.8     0.000   0   54.03  326.7    7.8      --
145  04/08/2020  0000    37.4   23.5     3.7     0.000   0   56.94  340.0    6.7      --
146  04/08/2020  0100    36.1   23.5     3.5     0.000   0   59.97  357.3    6.0      --
147  04/08/2020  0200    34.8   23.5     3.4     0.000   0   62.99   16.5    6.0      --
148  04/08/2020  0300    33.7   23.5     3.3     0.000   0   65.88   33.8    6.7      --
149  04/08/2020  0400    32.7   23.5     3.1     0.000   0   68.52   47.1    7.8    1091
150  04/08/2020  0500    31.9   23.5     3.0     0.000   0   70.80   55.1    6.2      --
151  04/08/2020  0600    31.4   23.5     2.9     0.000   0   72.22   67.9    4.9      --
152  04/08/2020  0700    32.4   23.5     2.8     0.000   0   69.39   88.3    4.0      --
153  04/08/2020  0800    35.1   28.9     2.6     0.000   0   77.82  115.5    3.8      --
154  04/08/2020  0900    39.6   30.0     2.5     0.000   0   68.16  140.0    4.4      --
155  04/08/2020  1000    45.5   30.0     2.4     0.000   0   54.36  156.3    5.5    3910
156  04/08/2020  1100    52.0   30.0     2.7     0.000   0   42.70  182.4    5.5      --
157  04/08/2020  1200    58.1   30.0     3.0     0.000   0   34.14  204.4    6.5      --
158  04/08/2020  1300    63.0   30.0     3.3     0.000   0   28.69  219.1    8.1      --
159  04/08/2020  1400    65.8   30.0     3.6     0.000   0   26.09  228.4   10.1      --
160  04/08/2020  1500    67.2   30.0     3.9     0.000   0   24.81  234.6   12.3      --
161  04/08/2020  1600    68.1   30.0     4.2     0.000   0   24.11  238.8   14.6  no_inv
162  04/08/2020  1700    68.4   30.0     4.0     0.000   0   23.84  241.9   13.4      --
163  04/08/2020  1800    64.8   30.0     3.8     0.000   0   26.95  245.7   12.2      --
164  04/08/2020  1900    57.6   30.0     3.5     0.000   0   34.81  250.2   11.1      --
165  04/08/2020  2000    53.6   30.0     3.3     0.000   0   40.23  255.6   10.1      --
166  04/08/2020  2100    51.3   30.0     3.1     0.000   0   43.84  262.3    9.2      --
167  04/08/2020  2200    48.9   30.0     2.9     0.000   0   47.82  270.2    8.4    2233
