  Generated by FoxLW on Thursday April 2, 2020 at 02:32 PDT
-------------------------------------------------------------------------------
  Quincy
  47.2300:-119.9600  (47 13' 48.00"N  119 57' 36.00"W)  elev 1489.5 feet    file: 330073
-------------------------------------------------------------------------------

Line#   Date     Hour   TempF  DewPtF WS(mph)  Rain(in) LW    RH%  WDir_50m WS_50m Inv(ft)
  5  04/02/2020  0400    30.8   16.2    10.7     0.000   0   54.35  181.1   14.2     532
  6  04/02/2020  0500    30.4   16.7     9.1     0.000   0   56.36  181.3   12.1      --
  7  04/02/2020  0600    30.1   17.4     7.4     0.000   0   58.78  181.7   10.1      --
  8  04/02/2020  0700    30.4   18.5     5.8     0.000   0   60.89  182.2    8.0      --
  9  04/02/2020  0800    31.5   20.0     4.1     0.000   0   61.94  183.0    5.9      --
 10  04/02/2020  0900    33.4   25.4     2.5     0.000   0   71.97  184.8    3.9      --
 11  04/02/2020  1000    36.0   28.4     0.8     0.000   0   73.66  190.5    1.9  no_inv
 12  04/02/2020  1100    38.7   28.4     1.2     0.000   0   66.21  232.2    1.1      --
 13  04/02/2020  1200    41.1   28.4     1.5     0.000   0   60.29  286.9    1.5      --
 14  04/02/2020  1300    42.9   28.4     1.9     0.000   0   56.24  308.1    2.5      --
 15  04/02/2020  1400    43.9   28.4     2.2     0.000   0   54.12  316.6    3.7      --
 16  04/02/2020  1500    44.6   28.4     2.5     0.000   0   52.80  320.9    4.9      --
 17  04/02/2020  1600    44.9   28.4     2.9     0.000   0   52.10  323.5    6.1  no_inv
 18  04/02/2020  1700    44.7   28.2     5.1     0.000   0   52.03  313.2    8.2      --
 19  04/02/2020  1800    44.3   27.6     7.2     0.000   0   51.48  307.1   10.5      --
 20  04/02/2020  1900    43.5   28.6     9.4     0.000   0   55.33  303.2   12.8      --
 21  04/02/2020  2000    43.1   26.8    11.6     0.000   0   52.20  300.5   15.2      --
 22  04/02/2020  2100    40.7   23.8    13.8     0.000   0   50.48  298.6   17.6      --
 23  04/02/2020  2200    38.4   22.2    16.0     0.000   0   51.67  297.1   20.0     441
 24  04/02/2020  2300    37.4   20.5    16.2     0.000   0   50.12  299.4   20.4      --
 25  04/03/2020  0000    36.7   19.0    16.5     0.000   0   48.29  301.6   20.8      --
 26  04/03/2020  0100    36.1   17.8    16.7     0.000   0   46.84  303.8   21.3      --
 27  04/03/2020  0200    35.5   16.8    17.0     0.000   0   45.90  305.8   21.8      --
 28  04/03/2020  0300    35.0   16.1    17.2     0.000   0   45.55  307.7   22.3      --
 29  04/03/2020  0400    34.6   15.9    17.5     0.000   0   45.85  309.6   22.8     459
 30  04/03/2020  0500    34.3   16.0    15.1     0.000   0   46.51  310.7   20.2      --
 31  04/03/2020  0600    34.1   16.1    12.8     0.000   0   47.20  312.1   17.6      --
 32  04/03/2020  0700    34.4   17.7    10.4     0.000   0   49.96  314.0   15.1      --
 33  04/03/2020  0800    35.5   18.2     8.1     0.000   0   48.97  316.7   12.5      --
 34  04/03/2020  0900    37.4   18.7     5.7     0.000   0   46.34  320.7   10.0      --
 35  04/03/2020  1000    39.9   18.7     3.4     0.000   0   41.97  327.4    7.6  no_inv
 36  04/03/2020  1100    42.8   18.7     5.2     0.000   0   37.53  319.1    9.3      --
 37  04/03/2020  1200    46.0   18.0     7.1     0.000   0   32.21  313.4   11.1      --
 38  04/03/2020  1300    48.4   18.9     9.0     0.000   0   30.62  309.4   13.1      --
 39  04/03/2020  1400    49.5   19.5    10.9     0.000   0   30.09  306.5   15.0      --
 40  04/03/2020  1500    50.0   19.5    12.7     0.000   0   29.62  304.2   17.0      --
 41  04/03/2020  1600    50.1   19.2    14.6     0.000   0   29.07  302.4   19.0  no_inv
 42  04/03/2020  1700    50.0   18.9    15.3     0.000   0   28.93  306.2   19.8      --
 43  04/03/2020  1800    48.3   18.6    16.0     0.000   0   30.43  309.8   20.7      --
 44  04/03/2020  1900    44.8   18.5    16.8     0.000   0   34.53  313.0   21.6      --
 45  04/03/2020  2000    42.9   18.4    17.5     0.000   0   36.95  316.0   22.6      --
 46  04/03/2020  2100    40.6   18.3    18.2     0.000   0   40.21  318.7   23.7      --
 47  04/03/2020  2200    38.2   18.1    19.0     0.000   0   43.78  321.1   24.8  no_inv
 48  04/03/2020  2300    36.7   18.0    17.6     0.000   0   46.12  323.6   22.8      --
 49  04/04/2020  0000    36.1   17.9    16.3     0.000   0   47.10  326.5   20.8      --
 50  04/04/2020  0100    35.4   17.7    15.0     0.000   0   48.14  329.9   18.9      --
 51  04/04/2020  0200    34.7   17.6    13.7     0.000   0   49.24  334.2   17.1      --
 52  04/04/2020  0300    34.1   17.6    12.4     0.000   0   50.34  339.4   15.4      --
 53  04/04/2020  0400    33.5   19.1    11.1     0.000   0   54.91  345.8   13.9     917
 54  04/04/2020  0500    33.1   19.5     9.4     0.000   0   56.95  346.4   11.4      --
 55  04/04/2020  0600    32.7   19.3     7.6     0.000   0   57.29  347.3    8.9      --
 56  04/04/2020  0700    33.0   19.3     5.8     0.000   0   56.63  349.0    6.4      --
 57  04/04/2020  0800    34.0   19.3     4.1     0.000   0   54.51  352.9    4.0      --
 58  04/04/2020  0900    35.8   15.7     2.3     0.000   0   43.47    8.7    1.6      --
 59  04/04/2020  1000    38.2   15.1     0.6     0.000   0   38.35  130.1    1.3    6363
 60  04/04/2020  1100    41.2   14.4     0.9     0.000   0   33.17  111.2    1.8      --
 61  04/04/2020  1200    45.4   13.8     1.1     0.000   0   27.48  101.1    2.3      --
 62  04/04/2020  1300    48.9   13.3     1.4     0.000   0   23.54   95.1    3.0      --
 63  04/04/2020  1400    50.8   12.9     1.7     0.000   0   21.55   91.2    3.6      --
 64  04/04/2020  1500    51.8   12.7     2.0     0.000   0   20.60   88.5    4.3      --
 65  04/04/2020  1600    52.2   12.6     2.2     0.000   0   20.19   86.5    4.9  no_inv
 66  04/04/2020  1700    52.3   12.8     3.8     0.000   0   20.34   90.9    6.6      --
 67  04/04/2020  1800    51.7   13.4     5.3     0.000   0   21.37   93.4    8.3      --
 68  04/04/2020  1900    50.5   15.2     6.9     0.000   0   24.17   95.2   10.0      --
 69  04/04/2020  2000    49.8   17.7     8.5     0.000   0   27.64   96.4   11.7      --
 70  04/04/2020  2100    47.5   19.2    10.0     0.000   0   32.19   97.3   13.4      --
 71  04/04/2020  2200    45.1   20.4    11.6     0.000   0   36.88   98.0   15.1  no_inv
 72  04/04/2020  2300    43.2   22.1    11.2     0.000   0   42.81   86.9   11.9      --
 73  04/05/2020  0000    41.8   23.7    10.9     0.000   0   48.40   69.2    9.4      --
 74  04/05/2020  0100    40.5   25.2    10.6     0.000   0   53.91   43.4    8.4      --
 75  04/05/2020  0200    39.5   26.3    10.2     0.000   0   58.88   16.9    9.2      --
 76  04/05/2020  0300    38.6   27.0     9.9     0.000   0   62.76  358.1   11.6      --
 77  04/05/2020  0400    37.9   27.2     9.5     0.000   0   65.05  346.4   14.7    2758
 78  04/05/2020  0500    37.4   27.2     8.5     0.000   0   66.41  348.4   13.4      --
 79  04/05/2020  0600    37.1   25.0     7.5     0.000   0   61.29  350.8   12.2      --
 80  04/05/2020  0700    37.2   20.5     6.5     0.000   0   50.37  353.7   11.0      --
 81  04/05/2020  0800    37.8   25.9     5.5     0.000   0   61.73  357.4    9.8      --
 82  04/05/2020  0900    39.0   27.9     4.5     0.000   0   64.00    2.0    8.7      --
 83  04/05/2020  1000    40.7   27.9     3.5     0.000   0   59.93    7.8    7.7    4629
 84  04/05/2020  1100    43.8   27.9     3.0     0.000   0   53.05    9.1    6.3      --
 85  04/05/2020  1200    49.2   27.9     2.5     0.000   0   43.29   11.2    4.9      --
 86  04/05/2020  1300    53.9   27.9     2.0     0.000   0   36.38   14.9    3.5      --
 87  04/05/2020  1400    56.3   27.9     1.5     0.000   0   33.44   23.2    2.2      --
 88  04/05/2020  1500    57.5   27.9     1.0     0.000   0   31.93   54.3    1.0      --
 89  04/05/2020  1600    58.0   27.9     0.5     0.000   0   31.45  138.1    1.1  no_inv
 90  04/05/2020  1700    56.9   27.9     3.3     0.000   0   32.78  318.5    3.1      --
 91  04/05/2020  1800    55.4   28.0     6.2     0.000   0   34.79  318.5    7.2      --
 92  04/05/2020  1900    52.3   30.3     9.0     0.000   0   42.59  318.4   11.4      --
 93  04/05/2020  2000    50.7   30.0    11.8     0.000   0   44.72  318.4   15.6      --
 94  04/05/2020  2100    48.3   28.9    14.7     0.000   0   46.75  318.4   19.8      --
 95  04/05/2020  2200    46.0   29.3    17.5     0.000   0   51.82  318.4   23.9     364
 96  04/05/2020  2300    44.5   29.6    16.1     0.000   0   55.74  322.1   23.1      --
 97  04/06/2020  0000    43.4   30.0    14.8     0.000   0   58.78  326.0   22.3      --
 98  04/06/2020  0100    42.4   30.3    13.4     0.000   0   61.75  330.2   21.6      --
 99  04/06/2020  0200    41.5   31.8    12.0     0.000   0   68.04  334.6   21.1      --
100  04/06/2020  0300    40.8   32.2    10.6     0.000   0   71.31  339.2   20.7      --
101  04/06/2020  0400    40.1   32.7     9.2     0.000   0   74.51  344.0   20.4     886
102  04/06/2020  0500    39.6   32.5     8.4     0.000   0   75.68  342.9   18.4      --
103  04/06/2020  0600    39.3   31.4     7.5     0.000   0   73.24  341.6   16.4      --
104  04/06/2020  0700    39.6   29.9     6.6     0.000   0   67.84  339.9   14.5      --
105  04/06/2020  0800    40.7   28.8     5.7     0.000   0   62.34  337.6   12.5      --
106  04/06/2020  0900    42.6   28.0     4.8     0.000   0   55.87  334.6   10.6      --
107  04/06/2020  1000    45.2   27.0     4.0     0.000   0   48.62  330.2    8.7  no_inv
108  04/06/2020  1100    48.3   26.1     6.3     0.000   0   41.53  326.5   11.2      --
109  04/06/2020  1200    52.6   25.2     8.7     0.000   0   34.24  324.1   13.6      --
110  04/06/2020  1300    56.0   25.0    11.0     0.000   0   29.98  322.4   16.1      --
111  04/06/2020  1400    57.8   24.6    13.4     0.000   0   27.57  321.2   18.6      --
112  04/06/2020  1500    58.7   23.6    15.7     0.000   0   25.64  320.2   21.1      --
113  04/06/2020  1600    59.1   23.4    18.1     0.000   0   24.99  319.5   23.6    8344
114  04/06/2020  1700    59.2   23.4    18.9     0.000   0   25.00  320.7   24.7      --
115  04/06/2020  1800    57.0   23.5    19.7     0.000   0   27.15  321.8   25.8      --
116  04/06/2020  1900    52.6   23.7    20.5     0.000   0   32.14  322.9   27.0      --
117  04/06/2020  2000    50.1   23.9    21.3     0.000   0   35.51  323.8   28.1      --
118  04/06/2020  2100    47.8   24.2    22.1     0.000   0   39.19  324.6   29.2      --
119  04/06/2020  2200    45.5   24.5    23.0     0.000   0   43.32  325.4   30.4    2546
120  04/06/2020  2300    44.3   24.7    23.0     0.000   0   45.74  324.0   30.5      --
121  04/07/2020  0000    44.2   25.0    23.2     0.000   0   46.44  322.6   30.6      --
122  04/07/2020  0100    44.0   25.2    23.3     0.000   0   47.21  321.2   30.7      --
123  04/07/2020  0200    43.8   25.4    23.4     0.000   0   47.99  319.8   30.9      --
124  04/07/2020  0300    43.5   25.5    23.5     0.000   0   48.73  318.4   31.1      --
125  04/07/2020  0400    43.2   25.6    23.6     0.000   0   49.37  317.1   31.2     392
126  04/07/2020  0500    42.9   25.6    21.0     0.000   0   50.05  316.9   28.0      --
127  04/07/2020  0600    42.7   25.7    18.5     0.000   0   50.80  316.8   24.7      --
128  04/07/2020  0700    43.1   25.9    15.9     0.000   0   50.43  316.5   21.4      --
129  04/07/2020  0800    44.3   26.2    13.4     0.000   0   48.68  316.2   18.1      --
130  04/07/2020  0900    46.3   26.5    10.8     0.000   0   45.64  315.8   14.9      --
131  04/07/2020  1000    49.0   26.8     8.3     0.000   0   41.78  315.1   11.6    5869
132  04/07/2020  1100    52.1   27.2     8.9     0.000   0   37.76  315.8   12.2      --
133  04/07/2020  1200    55.8   27.5     9.5     0.000   0   33.53  316.4   12.9      --
134  04/07/2020  1300    58.5   28.2    10.1     0.000   0   31.30  317.0   13.6      --
135  04/07/2020  1400    59.9   28.7    10.7     0.000   0   30.40  317.5   14.3      --
136  04/07/2020  1500    60.5   29.0    11.3     0.000   0   30.11  318.0   14.9      --
137  04/07/2020  1600    60.7   29.1    11.9     0.000   0   30.07  318.4   15.6    8555
138  04/07/2020  1700    60.6   28.9    12.9     0.000   0   29.82  319.7   16.7      --
139  04/07/2020  1800    59.3   28.3    13.8     0.000   0   30.56  320.9   17.7      --
140  04/07/2020  1900    56.7   27.8    14.8     0.000   0   32.82  321.9   18.8      --
141  04/07/2020  2000    55.2   27.2    15.8     0.000   0   33.80  322.8   19.9      --
142  04/07/2020  2100    52.9   26.7    16.7     0.000   0   36.10  323.7   21.0      --
143  04/07/2020  2200    50.5   26.2    17.7     0.000   0   38.58  324.4   22.1     557
144  04/07/2020  2300    48.9   25.8    16.4     0.000   0   40.23  327.4   20.3      --
145  04/08/2020  0000    48.0   25.3    15.2     0.000   0   40.83  331.0   18.6      --
146  04/08/2020  0100    47.1   24.9    14.0     0.000   0   41.48  335.2   17.0      --
147  04/08/2020  0200    46.4   24.6    12.7     0.000   0   42.18  340.3   15.5      --
148  04/08/2020  0300    45.7   25.9    11.5     0.000   0   45.62  346.4   14.1      --
149  04/08/2020  0400    45.1   26.3    10.2     0.000   0   47.39  353.8   12.9     588
150  04/08/2020  0500    44.7   26.4     8.7     0.000   0   48.43  354.9   10.6      --
151  04/08/2020  0600    44.4   27.2     7.1     0.000   0   50.60  356.6    8.2      --
152  04/08/2020  0700    44.6   27.9     5.5     0.000   0   51.59  359.7    5.9      --
153  04/08/2020  0800    45.5   25.9     3.9     0.000   0   45.87    6.8    3.6      --
154  04/08/2020  0900    47.2   25.9     2.3     0.000   0   43.18   35.0    1.5      --
155  04/08/2020  1000    49.4   25.9     0.8     0.000   0   39.64  128.1    1.7    3604
156  04/08/2020  1100    52.4   25.9     1.3     0.000   0   35.56  145.7    2.8      --
157  04/08/2020  1200    57.5   25.9     1.9     0.000   0   29.45  153.1    4.0      --
158  04/08/2020  1300    62.3   25.9     2.4     0.000   0   24.90  157.1    5.2      --
159  04/08/2020  1400    65.0   25.9     3.0     0.000   0   22.62  159.6    6.4      --
160  04/08/2020  1500    66.5   25.9     3.5     0.000   0   21.51  161.2    7.7      --
161  04/08/2020  1600    67.3   25.9     4.1     0.000   0   20.92  162.4    8.9    6209
162  04/08/2020  1700    67.6   25.9     6.6     0.000   0   20.72  180.5    3.8      --
163  04/08/2020  1800    65.6   25.9     9.1     0.000   0   22.15  287.4    2.9      --
164  04/08/2020  1900    61.7   27.4    11.6     0.000   0   27.04  315.4    7.8      --
165  04/08/2020  2000    59.5   25.9    14.1     0.000   0   27.48  321.3   13.1      --
166  04/08/2020  2100    57.1   25.9    16.6     0.000   0   29.89  323.8   18.5      --
167  04/08/2020  2200    54.8   25.9    19.1     0.000   0   32.53  325.1   23.9     433
