  Generated by FoxLW on Thursday April 2, 2020 at 02:32 PDT
-------------------------------------------------------------------------------
  Woodinville
  47.7500:-122.1500  (47 45' 0.00"N  122 9' 0.00"W)  elev 98.4 feet    file: 330026
-------------------------------------------------------------------------------

Line#   Date     Hour   TempF  DewPtF WS(mph)  Rain(in) LW    RH%  WDir_50m WS_50m Inv(ft)
  5  04/02/2020  0400    36.3   34.0     1.0     0.000  10   91.16  164.3    3.2    1027
  6  04/02/2020  0500    36.0   34.0     1.4     0.000  10   92.37  178.3    3.8      --
  7  04/02/2020  0600    35.7   33.9     1.9     0.000  10   93.17  188.2    4.5      --
  8  04/02/2020  0700    35.8   33.8     2.3     0.000  10   92.72  195.2    5.3      --
  9  04/02/2020  0800    36.1   33.8     2.8     0.000  10   91.23  200.3    6.2      --
 10  04/02/2020  0900    36.7   31.7     3.2     0.000   5   81.82  204.1    7.2      --
 11  04/02/2020  1000    37.6   31.5     3.6     0.000   0   78.58  207.1    8.1    2308
 12  04/02/2020  1100    39.5   31.4     3.7     0.000   0   72.63  218.1    7.3      --
 13  04/02/2020  1200    42.5   31.3     3.8     0.000   0   64.25  231.3    6.8      --
 14  04/02/2020  1300    45.4   31.2     3.9     0.000   0   57.42  245.4    6.8      --
 15  04/02/2020  1400    47.2   31.2     3.9     0.000   0   53.41  259.0    7.1      --
 16  04/02/2020  1500    48.5   31.1     4.0     0.000   0   50.88  270.8    7.8      --
 17  04/02/2020  1600    49.3   31.1     4.1     0.000   0   49.37  280.3    8.8  no_inv
 18  04/02/2020  1700    49.1   31.1     3.6     0.000   0   49.70  276.0    7.2      --
 19  04/02/2020  1800    48.1   31.1     3.1     0.000   0   51.48  269.2    5.6      --
 20  04/02/2020  1900    46.2   31.2     2.6     0.000   0   55.49  257.4    4.1      --
 21  04/02/2020  2000    45.2   31.2     2.1     0.000   0   57.77  235.2    3.0      --
 22  04/02/2020  2100    42.8   31.2     1.6     0.000   0   63.17  200.1    2.7      --
 23  04/02/2020  2200    40.5   31.2     1.1     0.000   0   69.14  169.8    3.4    8640
 24  04/02/2020  2300    39.0   31.2     1.6     0.000   0   73.07  169.2    5.0      --
 25  04/03/2020  0000    37.9   31.2     2.1     0.000   0   76.39  169.0    6.6      --
 26  04/03/2020  0100    36.8   31.2     2.6     0.000   0   79.74  168.8    8.2      --
 27  04/03/2020  0200    35.8   31.2     3.1     0.000   0   83.01  168.7    9.8      --
 28  04/03/2020  0300    34.9   32.0     3.6     0.000   0   88.94  168.6   11.4      --
 29  04/03/2020  0400    35.0   32.9     4.1     0.020   5   91.72  168.6   13.0    2372
 30  04/03/2020  0500    34.0   31.2     4.6     0.000   5   89.43  177.0   12.9      --
 31  04/03/2020  0600    33.7   31.2     5.1     0.000   0   90.36  185.4   13.1      --
 32  04/03/2020  0700    34.2   31.7     5.6     0.000   0   90.29  193.4   13.5      --
 33  04/03/2020  0800    35.1   32.5     6.1     0.000   0   90.14  200.7   14.2      --
 34  04/03/2020  0900    36.9   35.0     6.6     0.000   0   92.69  207.3   15.1      --
 35  04/03/2020  1000    38.2   32.9     7.1     0.000   0   81.01  213.1   16.2    7313
 36  04/03/2020  1100    41.4   35.7     6.5     0.000   0   80.18  217.8   12.7      --
 37  04/03/2020  1200    44.7   35.7     5.9     0.000   0   70.66  226.1    9.3      --
 38  04/03/2020  1300    46.6   35.7     5.4     0.000   0   65.69  242.8    6.3      --
 39  04/03/2020  1400    47.3   35.7     4.8     0.000   0   64.05  278.1    4.6      --
 40  04/03/2020  1500    45.7   37.8     4.2     0.000   0   73.82  320.1    5.5      --
 41  04/03/2020  1600    43.8   39.6     3.7     0.060  10   85.28  342.5    8.1   10309
 42  04/03/2020  1700    42.7   38.6     3.1     0.000   5   85.35  343.5    6.6      --
 43  04/03/2020  1800    41.8   38.1     2.6     0.060  10   86.51  345.0    5.0      --
 44  04/03/2020  1900    41.4   37.7     2.1     0.010  10   86.56  348.1    3.4      --
 45  04/03/2020  2000    41.1   37.8     1.6     0.000  10   88.19  356.2    1.9      --
 46  04/03/2020  2100    40.6   37.4     1.1     0.000  10   88.26   46.1    0.6      --
 47  04/03/2020  2200    40.9   40.0     0.6     0.080  10   96.57  134.8    1.5    8496
 48  04/03/2020  2300    38.9   38.0     0.8     0.000  10   96.53  127.0    1.8      --
 49  04/04/2020  0000    39.0   38.1     0.9     0.010  10   96.53  121.6    2.1      --
 50  04/04/2020  0100    38.2   37.3     1.1     0.000  10   96.52  117.7    2.5      --
 51  04/04/2020  0200    36.6   35.7     1.3     0.000  10   96.50  114.8    2.8      --
 52  04/04/2020  0300    36.0   35.1     1.4     0.000  10   96.49  112.5    3.2      --
 53  04/04/2020  0400    36.4   35.5     1.6     0.000  10   96.49  110.7    3.5     793
 54  04/04/2020  0500    36.5   33.4     1.5     0.000  10   88.32  102.2    2.9      --
 55  04/04/2020  0600    36.2   33.1     1.5     0.000  10   88.31   89.8    2.4      --
 56  04/04/2020  0700    36.9   33.3     1.4     0.000  10   86.69   72.3    2.1      --
 57  04/04/2020  0800    38.0   34.5     1.3     0.000  10   86.77   51.0    2.0      --
 58  04/04/2020  0900    36.8   33.1     1.2     0.000  10   86.53   30.8    2.2      --
 59  04/04/2020  1000    38.5   33.8     1.2     0.000   5   83.25   15.4    2.6    7509
 60  04/04/2020  1100    42.9   30.6     1.6     0.000   0   61.66  354.8    3.3      --
 61  04/04/2020  1200    47.0   27.9     2.0     0.000   0   47.26  342.5    4.3      --
 62  04/04/2020  1300    49.3   27.6     2.5     0.000   0   42.74  335.0    5.4      --
 63  04/04/2020  1400    50.5   27.3     2.9     0.000   0   40.29  330.1    6.6      --
 64  04/04/2020  1500    51.4   27.1     3.3     0.000   0   38.75  326.7    7.8      --
 65  04/04/2020  1600    52.0   27.1     3.8     0.000   0   37.85  324.2    9.0  no_inv
 66  04/04/2020  1700    52.4   27.2     4.2     0.000   0   37.47  324.9   10.1      --
 67  04/04/2020  1800    51.7   27.4     4.6     0.000   0   38.83  325.4   11.1      --
 68  04/04/2020  1900    50.3   27.4     4.9     0.000   0   40.75  325.9   12.2      --
 69  04/04/2020  2000    49.6   27.7     5.3     0.000   0   42.45  326.2   13.3      --
 70  04/04/2020  2100    47.2   28.2     5.7     0.000   0   47.37  326.5   14.4      --
 71  04/04/2020  2200    44.9   28.9     6.1     0.000   0   53.30  326.8   15.4    1222
 72  04/04/2020  2300    43.8   28.5     5.4     0.000   0   54.55  326.7   13.5      --
 73  04/05/2020  0000    43.2   27.4     4.6     0.000   0   53.33  326.6   11.6      --
 74  04/05/2020  0100    42.7   27.4     3.9     0.000   0   54.45  326.5    9.7      --
 75  04/05/2020  0200    42.2   27.4     3.2     0.000   0   55.47  326.3    7.8      --
 76  04/05/2020  0300    41.8   27.4     2.5     0.000   0   56.37  325.9    5.8      --
 77  04/05/2020  0400    41.4   27.4     1.8     0.000   0   57.12  325.2    3.9    1205
 78  04/05/2020  0500    41.1   27.4     2.0     0.000   0   57.70  323.7    4.3      --
 79  04/05/2020  0600    41.0   27.4     2.1     0.000   0   58.06  322.5    4.8      --
 80  04/05/2020  0700    41.0   27.4     2.3     0.000   0   57.93  321.5    5.2      --
 81  04/05/2020  0800    41.3   27.4     2.5     0.000   0   57.24  320.7    5.6      --
 82  04/05/2020  0900    41.7   32.8     2.7     0.000   0   70.46  320.0    6.0      --
 83  04/05/2020  1000    42.0   37.3     2.9     0.030   0   83.30  319.3    6.4  no_inv
 84  04/05/2020  1100    45.2   35.8     4.4     0.000   0   69.38  322.8    7.9      --
 85  04/05/2020  1200    49.7   35.8     5.9     0.000   0   58.78  325.2    9.4      --
 86  04/05/2020  1300    53.1   35.5     7.4     0.000   0   51.09  326.9   10.9      --
 87  04/05/2020  1400    54.7   35.9     8.9     0.000   0   48.83  328.2   12.4      --
 88  04/05/2020  1500    55.3   36.0    10.4     0.000   0   48.18  329.2   13.9      --
 89  04/05/2020  1600    54.8   36.0    11.9     0.000   0   49.00  330.0   15.4  no_inv
 90  04/05/2020  1700    52.7   36.0    11.6     0.000   0   53.08  329.8   16.7      --
 91  04/05/2020  1800    51.4   35.9    11.3     0.000   0   55.32  329.5   17.9      --
 92  04/05/2020  1900    48.8   36.5    10.9     0.000   0   62.26  329.3   19.2      --
 93  04/05/2020  2000    47.4   36.5    10.6     0.000   0   65.65  329.1   20.5      --
 94  04/05/2020  2100    45.0   36.2    10.3     0.000   0   71.04  329.0   21.8      --
 95  04/05/2020  2200    42.7   35.8    10.0     0.000   0   76.35  328.8   23.1  no_inv
 96  04/05/2020  2300    40.9   35.2     8.5     0.000   0   80.07  327.7   19.6      --
 97  04/06/2020  0000    39.5   35.1     7.1     0.000   0   84.17  326.2   16.1      --
 98  04/06/2020  0100    38.1   35.3     5.7     0.000   0   89.30  323.8   12.6      --
 99  04/06/2020  0200    36.9   35.5     4.2     0.000   5   94.50  319.6    9.1      --
100  04/06/2020  0300    35.8   34.9     2.8     0.000  10   96.49  310.4    5.8      --
101  04/06/2020  0400    34.8   33.9     1.3     0.000  10   96.47  281.0    3.0     726
102  04/06/2020  0500    34.0   33.1     1.5     0.000  10   96.46  293.0    3.2      --
103  04/06/2020  0600    33.6   32.7     1.7     0.000  10   96.45  302.7    3.7      --
104  04/06/2020  0700    34.3   33.4     1.9     0.000  10   96.46  310.4    4.1      --
105  04/06/2020  0800    36.2   35.3     2.0     0.000  10   96.49  316.3    4.7      --
106  04/06/2020  0900    39.4   33.5     2.2     0.000   5   78.98  321.0    5.2      --
107  04/06/2020  1000    43.5   33.5     2.4     0.000   0   67.55  324.8    5.9    6895
108  04/06/2020  1100    47.3   33.5     2.4     0.000   0   58.48  317.4    5.6      --
109  04/06/2020  1200    50.2   33.5     2.5     0.000   0   52.53  309.2    5.3      --
110  04/06/2020  1300    52.4   33.5     2.5     0.000   0   48.42  300.7    5.3      --
111  04/06/2020  1400    53.5   33.5     2.5     0.000   0   46.39  292.0    5.3      --
112  04/06/2020  1500    54.3   33.5     2.5     0.000   0   45.03  283.7    5.4      --
113  04/06/2020  1600    54.8   33.5     2.6     0.000   0   44.27  275.9    5.7    6908
114  04/06/2020  1700    54.9   33.5     2.4     0.000   0   44.11  285.0    4.6      --
115  04/06/2020  1800    54.0   33.5     2.3     0.000   0   45.68  299.5    3.6      --
116  04/06/2020  1900    52.0   33.5     2.2     0.000   0   48.97  322.2    3.0      --
117  04/06/2020  2000    51.0   33.5     2.0     0.000   0   50.92  349.7    3.0      --
118  04/06/2020  2100    48.7   33.5     1.9     0.000   0   55.55   12.1    3.6      --
119  04/06/2020  2200    46.3   33.5     1.7     0.000   0   60.66   26.4    4.6    1616
120  04/06/2020  2300    44.5   33.5     1.7     0.000   0   64.92   35.4    3.3      --
121  04/07/2020  0000    43.2   33.5     1.8     0.000   0   68.18   54.5    2.2      --
122  04/07/2020  0100    42.1   33.5     1.8     0.000   0   71.32   94.5    1.7      --
123  04/07/2020  0200    41.0   33.5     1.8     0.000   0   74.23  134.9    2.2      --
124  04/07/2020  0300    40.2   33.5     1.8     0.000   0   76.79  154.2    3.3      --
125  04/07/2020  0400    39.5   33.5     1.8     0.000   0   78.92  163.4    4.6     973
126  04/07/2020  0500    38.9   33.5     1.6     0.000   0   80.52  166.7    4.0      --
127  04/07/2020  0600    38.7   33.5     1.5     0.000   0   81.38  171.0    3.5      --
128  04/07/2020  0700    38.9   33.5     1.3     0.000   0   80.73  176.7    3.0      --
129  04/07/2020  0800    39.6   33.5     1.2     0.000   0   78.52  184.6    2.6      --
130  04/07/2020  0900    40.9   33.7     1.0     0.000   0   75.50  195.4    2.2      --
131  04/07/2020  1000    42.7   33.7     0.9     0.000   0   70.27  210.1    1.9    3916
132  04/07/2020  1100    45.5   33.6     1.6     0.000   0   62.93  282.6    1.2      --
133  04/07/2020  1200    50.6   33.6     2.4     0.000   0   52.01  327.5    2.6      --
134  04/07/2020  1300    55.0   33.6     3.2     0.000   0   44.06  338.7    4.4      --
135  04/07/2020  1400    57.3   33.5     4.0     0.000   0   40.54  343.2    6.2      --
136  04/07/2020  1500    58.6   33.5     4.8     0.000   0   38.69  345.7    8.1      --
137  04/07/2020  1600    59.2   33.5     5.6     0.000   0   37.93  347.2   10.1    6645
138  04/07/2020  1700    58.9   33.5     5.3     0.000   0   38.38  348.3   10.4      --
139  04/07/2020  1800    56.2   33.7     5.1     0.000   0   42.44  349.3   10.7      --
140  04/07/2020  1900    50.7   33.6     4.9     0.000   0   51.68  350.2   11.0      --
141  04/07/2020  2000    47.7   33.6     4.6     0.000   0   57.85  351.1   11.3      --
142  04/07/2020  2100    45.3   33.6     4.4     0.000   0   63.19  352.0   11.7      --
143  04/07/2020  2200    43.0   33.6     4.1     0.000   0   69.10  352.8   12.0    1067
144  04/07/2020  2300    41.7   33.6     4.0     0.000   0   72.56  350.4   11.5      --
145  04/08/2020  0000    41.3   33.6     3.8     0.000   0   73.80  347.8   11.1      --
146  04/08/2020  0100    40.8   33.6     3.6     0.000   0   75.28  345.0   10.7      --
147  04/08/2020  0200    40.2   33.6     3.4     0.000   0   76.90  342.0   10.3      --
148  04/08/2020  0300    39.7   33.6     3.3     0.000   0   78.59  338.8   10.0      --
149  04/08/2020  0400    39.1   33.6     3.1     0.000   0   80.28  335.4    9.7     407
150  04/08/2020  0500    38.6   33.6     2.8     0.000   0   81.94  334.4    8.7      --
151  04/08/2020  0600    38.3   33.6     2.6     0.000   0   83.00  333.2    7.6      --
152  04/08/2020  0700    38.9   33.6     2.4     0.000   0   80.86  331.6    6.6      --
153  04/08/2020  0800    40.8   33.6     2.1     0.000   0   75.29  329.4    5.6      --
154  04/08/2020  0900    43.8   35.2     1.9     0.000   0   71.42  326.2    4.6      --
155  04/08/2020  1000    47.7   35.0     1.6     0.000   0   61.18  321.4    3.7    3263
156  04/08/2020  1100    52.1   34.9     2.1     0.000   0   51.77  324.4    4.6      --
157  04/08/2020  1200    56.5   34.8     2.5     0.000   0   43.83  326.3    5.5      --
158  04/08/2020  1300    60.0   34.7     3.0     0.000   0   38.63  327.7    6.4      --
159  04/08/2020  1400    61.7   34.6     3.4     0.000   0   36.15  328.7    7.3      --
160  04/08/2020  1500    62.6   34.5     3.9     0.000   0   35.00  329.5    8.2      --
161  04/08/2020  1600    63.0   34.5     4.3     0.000   0   34.47  330.2    9.2    4746
162  04/08/2020  1700    63.0   34.5     4.4     0.000   0   34.42  340.3    9.1      --
163  04/08/2020  1800    60.7   34.5     4.6     0.000   0   37.38  350.2    9.4      --
164  04/08/2020  1900    55.9   34.6     4.7     0.000   0   44.46  359.3    9.9      --
165  04/08/2020  2000    53.3   34.6     4.8     0.000   0   48.93    7.4   10.6      --
166  04/08/2020  2100    51.0   34.6     4.9     0.000   0   53.33   14.3   11.5      --
167  04/08/2020  2200    48.6   34.6     5.1     0.000   0   58.27   20.1   12.6    1006
