  Generated by FoxLW on Thursday April 2, 2020 at 02:32 PDT
-------------------------------------------------------------------------------
  Orondo
  47.5700:-120.2500  (47 34' 12.00"N  120 15' 0.00"W)  elev 731.6 feet    file: 330078
-------------------------------------------------------------------------------

Line#   Date     Hour   TempF  DewPtF WS(mph)  Rain(in) LW    RH%  WDir_50m WS_50m Inv(ft)
  5  04/02/2020  0400    19.4   16.5     3.4     0.000  10   88.39   29.2    7.9    2387
  6  04/02/2020  0500    18.7   16.7     2.9     0.000  10   91.84   29.0    6.8      --
  7  04/02/2020  0600    18.1   18.1     2.4     0.000  10  100.00   28.6    5.6      --
  8  04/02/2020  0700    19.1   19.1     1.9     0.000  10  100.00   28.1    4.5      --
  9  04/02/2020  0800    22.2   22.2     1.5     0.000  10  100.00   27.3    3.4      --
 10  04/02/2020  0900    27.5   23.4     1.0     0.000  10   84.35   25.6    2.2      --
 11  04/02/2020  1000    33.8   23.4     0.5     0.000   5   65.26   20.5    1.1  no_inv
 12  04/02/2020  1100    38.7   23.4     1.0     0.000   0   53.66  303.2    1.2      --
 13  04/02/2020  1200    42.0   23.4     1.5     0.000   0   47.25  276.4    2.4      --
 14  04/02/2020  1300    44.3   23.4     1.9     0.000   0   43.17  268.2    3.8      --
 15  04/02/2020  1400    45.7   23.4     2.4     0.000   0   41.01  264.5    5.3      --
 16  04/02/2020  1500    44.5   26.8     2.9     0.000   0   49.50  262.3    6.7      --
 17  04/02/2020  1600    42.8   30.4     3.4     0.020   0   61.13  260.9    8.1  no_inv
 18  04/02/2020  1700    43.4   29.1     3.3     0.000   0   56.65  255.3    7.7      --
 19  04/02/2020  1800    39.8   27.3     3.3     0.000   0   60.71  249.2    7.4      --
 20  04/02/2020  1900    32.3   26.1     3.2     0.000   0   77.51  242.5    7.2      --
 21  04/02/2020  2000    28.3   25.5     3.2     0.000   5   89.21  235.6    7.1      --
 22  04/02/2020  2100    25.9   24.2     3.1     0.000  10   92.97  228.4    7.0      --
 23  04/02/2020  2200    23.6   22.7     3.1     0.000  10   96.28  221.4    7.1  no_inv
 24  04/02/2020  2300    23.1   22.2     3.1     0.000  10   96.27  214.1    5.2      --
 25  04/03/2020  0000    23.1   22.2     3.0     0.000  10   96.27  198.7    3.4      --
 26  04/03/2020  0100    22.9   22.0     3.0     0.000  10   96.27  161.4    2.3      --
 27  04/03/2020  0200    22.6   21.7     3.0     0.000  10   96.27  113.2    2.8      --
 28  04/03/2020  0300    22.1   21.2     3.0     0.000  10   96.26   90.3    4.3      --
 29  04/03/2020  0400    21.6   20.7     3.0     0.000  10   96.25   80.4    6.2    2037
 30  04/03/2020  0500    21.3   20.0     4.3     0.000  10   94.43   66.7    2.5      --
 31  04/03/2020  0600    20.8   19.5     5.6     0.000  10   94.56  303.0    1.8      --
 32  04/03/2020  0700    22.2   20.2     6.8     0.000  10   91.72  279.9    5.4      --
 33  04/03/2020  0800    26.0   20.2     8.1     0.000   5   78.06  275.6    9.2      --
 34  04/03/2020  0900    32.2   18.2     9.4     0.000   0   55.91  273.8   13.0      --
 35  04/03/2020  1000    39.0   18.2    10.6     0.000   0   42.51  272.8   16.8  no_inv
 36  04/03/2020  1100    44.5   18.4    10.4     0.000   0   34.70  273.6   17.2      --
 37  04/03/2020  1200    46.8   18.6    10.1     0.000   0   32.10  274.3   17.6      --
 38  04/03/2020  1300    48.2   19.4     9.8     0.000   0   31.55  275.0   18.0      --
 39  04/03/2020  1400    48.9   20.2     9.5     0.000   0   31.84  275.7   18.4      --
 40  04/03/2020  1500    49.1   20.9     9.3     0.000   0   32.55  276.4   18.8      --
 41  04/03/2020  1600    49.1   21.6     9.0     0.000   0   33.50  277.0   19.2  no_inv
 42  04/03/2020  1700    48.9   21.6     9.7     0.000   0   33.77  281.8   19.2      --
 43  04/03/2020  1800    45.6   20.7    10.3     0.000   0   36.77  286.6   19.3      --
 44  04/03/2020  1900    39.1   20.5    11.0     0.000   0   46.98  291.3   19.6      --
 45  04/03/2020  2000    35.4   19.7    11.7     0.000   0   52.33  295.8   20.0      --
 46  04/03/2020  2100    33.1   17.5    12.3     0.000   0   52.31  300.2   20.5      --
 47  04/03/2020  2200    30.8   17.1    13.0     0.000   0   56.31  304.3   21.1    5097
 48  04/03/2020  2300    28.1   16.6    12.0     0.000   0   61.57  310.6   17.5      --
 49  04/04/2020  0000    26.9   17.7    11.1     0.000   0   67.88  319.9   14.2      --
 50  04/04/2020  0100    25.7   17.7    10.1     0.000   0   71.19  334.2   11.5      --
 51  04/04/2020  0200    24.6   17.5     9.2     0.000   0   73.77  355.0    9.9      --
 52  04/04/2020  0300    23.6   17.3     8.2     0.000   0   76.42   19.5    9.9      --
 53  04/04/2020  0400    22.6   18.0     7.2     0.000   0   82.04   40.2   11.5    5346
 54  04/04/2020  0500    21.9   18.5     6.8     0.000   0   86.79   40.5   11.2      --
 55  04/04/2020  0600    21.3   19.1     6.3     0.000   5   90.81   40.9   10.8      --
 56  04/04/2020  0700    22.1   19.6     5.8     0.000  10   90.03   41.3   10.4      --
 57  04/04/2020  0800    24.5   20.1     5.3     0.000  10   83.28   41.7   10.1      --
 58  04/04/2020  0900    28.5   15.4     4.8     0.000   5   57.27   42.1    9.7      --
 59  04/04/2020  1000    33.9   15.4     4.3     0.000   0   46.14   42.6    9.4    6795
 60  04/04/2020  1100    39.7   15.4     4.1     0.000   0   36.71   46.0    8.9      --
 61  04/04/2020  1200    45.0   15.4     3.9     0.000   0   29.94   49.7    8.4      --
 62  04/04/2020  1300    49.0   15.4     3.7     0.000   0   25.75   53.9    8.0      --
 63  04/04/2020  1400    50.9   15.4     3.5     0.000   0   23.98   58.5    7.6      --
 64  04/04/2020  1500    52.0   15.4     3.2     0.000   0   23.05   63.5    7.3      --
 65  04/04/2020  1600    52.4   15.4     3.0     0.000   0   22.66   68.9    7.1    8521
 66  04/04/2020  1700    52.2   15.5     4.3     0.000   0   22.97   55.4    9.3      --
 67  04/04/2020  1800    50.1   15.9     5.5     0.000   0   25.20   47.3   11.8      --
 68  04/04/2020  1900    45.9   17.2     6.7     0.000   0   31.23   42.1   14.5      --
 69  04/04/2020  2000    43.6   19.2     7.9     0.000   0   37.18   38.6   17.2      --
 70  04/04/2020  2100    41.3   20.2     9.2     0.000   0   42.45   36.0   20.0      --
 71  04/04/2020  2200    38.9   21.0    10.4     0.000   0   48.20   34.1   22.9    8398
 72  04/04/2020  2300    37.7   22.1    10.2     0.000   0   52.89   35.2   22.0      --
 73  04/05/2020  0000    37.3   23.0    10.0     0.000   0   56.03   36.4   21.1      --
 74  04/05/2020  0100    36.9   23.8     9.8     0.000   0   58.83   37.7   20.3      --
 75  04/05/2020  0200    36.5   24.4     9.6     0.000   0   61.21   39.1   19.4      --
 76  04/05/2020  0300    36.2   24.8     9.4     0.000   0   62.97   40.7   18.6      --
 77  04/05/2020  0400    35.9   24.9     9.2     0.000   0   63.99   42.4   17.8  no_inv
 78  04/05/2020  0500    35.7   25.0     8.4     0.000   0   64.86   41.0   16.5      --
 79  04/05/2020  0600    35.5   23.9     7.5     0.000   0   62.24   39.3   15.3      --
 80  04/05/2020  0700    35.7   21.5     6.7     0.000   0   55.94   37.4   14.0      --
 81  04/05/2020  0800    36.4   19.4     5.9     0.000   0   49.58   35.1   12.8      --
 82  04/05/2020  0900    37.7   24.8     5.1     0.000   0   59.18   32.4   11.7      --
 83  04/05/2020  1000    39.6   26.5     4.3     0.000   0   59.00   29.0   10.5    4795
 84  04/05/2020  1100    42.5   30.0     3.8     0.000   0   60.82   26.1    9.0      --
 85  04/05/2020  1200    46.3   30.0     3.3     0.000   0   52.63   22.0    7.6      --
 86  04/05/2020  1300    49.5   30.0     2.8     0.000   0   46.63   16.1    6.2      --
 87  04/05/2020  1400    51.6   30.0     2.3     0.000   0   43.29    6.9    4.9      --
 88  04/05/2020  1500    52.9   30.0     1.9     0.000   0   41.21  352.2    3.9      --
 89  04/05/2020  1600    53.8   30.0     1.4     0.000   0   39.92  329.2    3.2  no_inv
 90  04/05/2020  1700    53.6   30.0     1.5     0.000   0   40.14  331.7    3.5      --
 91  04/05/2020  1800    52.7   30.0     1.6     0.000   0   41.50  333.7    3.8      --
 92  04/05/2020  1900    50.8   30.0     1.8     0.000   0   44.46  335.5    4.2      --
 93  04/05/2020  2000    49.8   30.0     1.9     0.000   0   46.19  337.0    4.5      --
 94  04/05/2020  2100    47.5   30.0     2.1     0.000   0   50.41  338.3    4.8      --
 95  04/05/2020  2200    45.1   30.0     2.2     0.000   0   55.07  339.4    5.1    1351
 96  04/05/2020  2300    42.0   30.0     2.9     0.000   0   62.12    0.2    6.2      --
 97  04/06/2020  0000    40.1   30.0     3.6     0.000   0   66.75   13.4    7.9      --
 98  04/06/2020  0100    38.4   30.0     4.3     0.000   0   71.42   21.8    9.8      --
 99  04/06/2020  0200    36.8   30.0     5.0     0.000   0   75.94   27.3   11.9      --
100  04/06/2020  0300    35.5   30.1     5.7     0.000   0   80.41   31.2   14.0      --
101  04/06/2020  0400    34.4   30.1     6.4     0.000   0   84.31   34.0   16.2    2748
102  04/06/2020  0500    33.5   30.1     5.7     0.000   0   86.88   31.8   12.9      --
103  04/06/2020  0600    33.1   30.0     5.0     0.000   0   88.05   28.0    9.7      --
104  04/06/2020  0700    33.9   30.0     4.2     0.000   0   85.24   20.4    6.5      --
105  04/06/2020  0800    36.2   27.5     3.5     0.000   0   70.49    0.1    3.7      --
106  04/06/2020  0900    39.8   27.1     2.7     0.000   0   60.07  298.8    2.6      --
107  04/06/2020  1000    44.4   26.7     2.0     0.000   0   49.49  255.2    4.7     600
108  04/06/2020  1100    49.0   26.3     4.3     0.000   0   40.84  278.2    8.2      --
109  04/06/2020  1200    52.6   25.9     6.6     0.000   0   35.17  286.8   12.3      --
110  04/06/2020  1300    55.2   26.1     8.9     0.000   0   32.40  291.1   16.4      --
111  04/06/2020  1400    56.4   26.4    11.2     0.000   0   31.24  293.6   20.7      --
112  04/06/2020  1500    57.0   26.0    13.5     0.000   0   30.16  295.3   24.9      --
113  04/06/2020  1600    57.2   25.1    15.8     0.000   0   28.86  296.5   29.2    7838
114  04/06/2020  1700    57.1   25.4    15.4     0.000   0   29.22  296.7   28.9      --
115  04/06/2020  1800    53.0   25.5    14.9     0.000   0   34.17  296.9   28.5      --
116  04/06/2020  1900    44.5   25.5    14.5     0.000   0   47.04  297.2   28.2      --
117  04/06/2020  2000    39.8   25.5    14.1     0.000   0   56.28  297.4   27.8      --
118  04/06/2020  2100    37.5   25.4    13.6     0.000   0   61.43  297.6   27.5      --
119  04/06/2020  2200    35.1   25.5    13.2     0.000   0   67.77  297.9   27.2    2481
120  04/06/2020  2300    33.5   25.7    12.0     0.000   0   72.55  300.1   20.6      --
121  04/07/2020  0000    33.7   27.4    10.8     0.000   0   77.47  304.5   14.1      --
122  04/07/2020  0100    33.6   27.9     9.6     0.000   0   79.33  316.1    7.8      --
123  04/07/2020  0200    33.4   28.0     8.4     0.000   0   80.36   14.5    3.3      --
124  04/07/2020  0300    33.0   27.8     7.2     0.000   0   80.79   83.1    7.1      --
125  04/07/2020  0400    32.5   27.5     5.9     0.000   0   81.39   96.6   13.3    2281
126  04/07/2020  0500    32.0   27.3     5.6     0.000   5   82.69   88.9   11.3      --
127  04/07/2020  0600    31.6   27.2     5.2     0.000  10   83.53   78.4    9.6      --
128  04/07/2020  0700    32.8   27.0     4.8     0.000   5   79.04   63.9    8.3      --
129  04/07/2020  0800    36.0   29.8     4.3     0.000   0   77.76   45.9    7.8      --
130  04/07/2020  0900    41.0   29.8     4.0     0.000   0   63.94   27.1    8.0      --
131  04/07/2020  1000    46.9   29.8     3.5     0.000   0   51.05   11.0    9.0    7187
132  04/07/2020  1100    52.3   29.8     4.2     0.000   0   41.74    2.5    9.2      --
133  04/07/2020  1200    55.7   29.8     4.8     0.000   0   36.94  354.5    9.6      --
134  04/07/2020  1300    58.0   30.2     5.4     0.000   0   34.58  347.2   10.2      --
135  04/07/2020  1400    59.0   30.6     6.0     0.000   0   33.84  340.8   10.9      --
136  04/07/2020  1500    59.5   31.0     6.6     0.000   0   33.84  335.2   11.7      --
137  04/07/2020  1600    59.7   31.4     7.2     0.000   0   34.24  330.4   12.6    7423
138  04/07/2020  1700    59.5   31.4     7.0     0.000   0   34.43  337.2   11.9      --
139  04/07/2020  1800    55.0   31.0     6.9     0.000   0   39.74  344.9   11.4      --
140  04/07/2020  1900    46.0   31.0     6.7     0.000   0   55.59  353.0   11.1      --
141  04/07/2020  2000    41.0   30.6     6.5     0.000   0   66.42    1.5   11.0      --
142  04/07/2020  2100    38.6   30.2     6.3     0.000   0   71.44    9.8   11.2      --
143  04/07/2020  2200    36.3   30.0     6.1     0.000   0   77.61   17.7   11.6    7260
144  04/07/2020  2300    34.3   30.1     5.5     0.000   0   84.51   19.8   10.4      --
145  04/08/2020  0000    34.0   30.8     4.8     0.000   0   87.82   22.4    9.2      --
146  04/08/2020  0100    33.5   30.8     4.1     0.000   0   89.43   25.7    8.1      --
147  04/08/2020  0200    33.0   30.8     3.5     0.000   0   91.50   30.2    6.9      --
148  04/08/2020  0300    32.3   30.8     2.8     0.000   5   93.91   36.3    5.9      --
149  04/08/2020  0400    31.6   30.7     2.1     0.000  10   96.42   45.0    4.9    2484
150  04/08/2020  0500    30.9   30.0     2.0     0.000  10   96.41   47.2    3.6      --
151  04/08/2020  0600    30.4   29.5     1.9     0.000  10   96.40   51.8    2.3      --
152  04/08/2020  0700    31.6   30.7     1.7     0.000  10   96.42   67.5    1.1      --
153  04/08/2020  0800    34.8   30.6     1.6     0.000   5   84.30  163.9    0.6      --
154  04/08/2020  0900    40.0   30.6     1.4     0.000   0   68.83  201.7    1.8      --
155  04/08/2020  1000    46.5   30.6     1.3     0.000   0   53.64  209.1    3.0    4792
156  04/08/2020  1100    53.2   30.6     1.8     0.000   0   41.75  221.2    4.0      --
157  04/08/2020  1200    58.6   30.6     2.3     0.000   0   34.38  228.2    5.2      --
158  04/08/2020  1300    62.7   30.6     2.9     0.000   0   29.75  232.7    6.3      --
159  04/08/2020  1400    64.8   30.6     3.4     0.000   0   27.56  235.8    7.5      --
160  04/08/2020  1500    66.0   30.6     3.9     0.000   0   26.51  238.0    8.7      --
161  04/08/2020  1600    66.6   30.6     4.4     0.000   0   25.96  239.7   10.0    7349
162  04/08/2020  1700    66.8   30.6     4.1     0.000   0   25.80  240.8    7.3      --
163  04/08/2020  1800    62.2   30.6     3.8     0.000   0   30.28  243.1    4.6      --
164  04/08/2020  1900    52.8   30.6     3.5     0.000   0   42.41  252.1    1.9      --
165  04/08/2020  2000    47.6   30.6     3.2     0.000   0   51.38   26.1    1.0      --
166  04/08/2020  2100    45.3   30.6     3.0     0.000   0   56.12   48.7    3.6      --
167  04/08/2020  2200    43.0   30.6     2.7     0.000   0   61.37   52.1    6.3    2439
