  Generated by FoxLW on Thursday April 2, 2020 at 02:32 PDT
-------------------------------------------------------------------------------
  Boyd District
  47.8900:-120.0700  (47 53' 24.00"N  120 4' 12.00"W)  elev 2129.3 feet    file: 330037
-------------------------------------------------------------------------------

Line#   Date     Hour   TempF  DewPtF WS(mph)  Rain(in) LW    RH%  WDir_50m WS_50m Inv(ft)
  5  04/02/2020  0400    26.4   12.5     2.2     0.000   0   55.11   33.3    4.5    2601
  6  04/02/2020  0500    26.0   12.7     2.1     0.000   0   56.61   42.6    3.9      --
  7  04/02/2020  0600    25.7   18.1     2.0     0.000   0   72.55   55.1    3.4      --
  8  04/02/2020  0700    25.8   23.5     2.0     0.000   5   90.77   70.9    3.1      --
  9  04/02/2020  0800    26.5   24.8     1.9     0.000  10   93.17   88.6    3.0      --
 10  04/02/2020  0900    27.6   24.8     1.8     0.000  10   88.77  105.0    3.3      --
 11  04/02/2020  1000    29.3   24.8     1.7     0.000  10   82.82  118.2    3.8  no_inv
 12  04/02/2020  1100    31.6   24.8     1.9     0.000   5   75.42  130.2    2.0      --
 13  04/02/2020  1200    34.6   24.8     2.2     0.000   0   67.03  204.9    0.8      --
 14  04/02/2020  1300    37.3   24.8     2.4     0.000   0   60.26  264.3    2.2      --
 15  04/02/2020  1400    38.7   24.8     2.7     0.000   0   56.87  274.3    4.0      --
 16  04/02/2020  1500    39.8   24.8     2.9     0.000   0   54.53  278.0    5.9      --
 17  04/02/2020  1600    40.5   24.8     3.2     0.000   0   53.10  280.0    7.8  no_inv
 18  04/02/2020  1700    40.9   24.8     3.1     0.000   0   52.34  282.3    7.7      --
 19  04/02/2020  1800    39.8   24.8     3.1     0.000   0   54.48  284.8    7.6      --
 20  04/02/2020  1900    37.7   24.8     3.0     0.000   0   59.15  287.3    7.5      --
 21  04/02/2020  2000    36.6   24.8     3.0     0.000   0   61.91  289.9    7.4      --
 22  04/02/2020  2100    34.2   24.8     2.9     0.000   0   67.94  292.5    7.3      --
 23  04/02/2020  2200    31.9   24.8     2.8     0.000   0   74.64  295.1    7.3  no_inv
 24  04/02/2020  2300    31.0   24.8     3.4     0.000   5   77.42  295.2    8.1      --
 25  04/03/2020  0000    30.5   24.8     4.0     0.000  10   78.81  295.2    8.9      --
 26  04/03/2020  0100    30.1   24.8     4.6     0.000  10   80.27  295.2    9.6      --
 27  04/03/2020  0200    29.7   24.4     5.2     0.000  10   80.38  295.3   10.4      --
 28  04/03/2020  0300    29.2   23.2     5.8     0.000   5   77.85  295.3   11.2      --
 29  04/03/2020  0400    28.9   22.0     6.4     0.000   0   75.15  295.3   11.9     111
 30  04/03/2020  0500    28.5   20.9     7.0     0.000   0   72.59  294.5   12.4      --
 31  04/03/2020  0600    28.3   19.8     7.6     0.000   0   70.08  293.7   12.9      --
 32  04/03/2020  0700    28.6   19.2     8.2     0.000   0   67.32  293.0   13.4      --
 33  04/03/2020  0800    29.8   19.4     8.8     0.000   0   64.88  292.3   13.9      --
 34  04/03/2020  0900    31.7   17.7     9.4     0.000   0   55.65  291.6   14.4      --
 35  04/03/2020  1000    34.2   18.0    10.0     0.000   0   50.85  291.1   14.9  no_inv
 36  04/03/2020  1100    37.0   18.2    10.8     0.000   0   46.10  288.3   16.0      --
 37  04/03/2020  1200    39.8   18.5    11.5     0.000   0   41.79  286.0   17.1      --
 38  04/03/2020  1300    41.8   19.2    12.3     0.000   0   39.95  283.9   18.3      --
 39  04/03/2020  1400    42.7   19.7    13.1     0.000   0   39.29  282.1   19.5      --
 40  04/03/2020  1500    43.1   19.8    13.9     0.000   0   39.02  280.5   20.7      --
 41  04/03/2020  1600    43.1   19.7    14.7     0.000   0   38.75  279.1   21.9  no_inv
 42  04/03/2020  1700    42.9   20.7    12.6     0.000   0   40.64  281.7   18.7      --
 43  04/03/2020  1800    41.2   20.6    10.6     0.000   0   43.31  285.3   15.5      --
 44  04/03/2020  1900    37.7   21.3     8.6     0.000   0   51.22  290.8   12.5      --
 45  04/03/2020  2000    35.7   20.6     6.5     0.000   0   53.80  299.6    9.6      --
 46  04/03/2020  2100    33.4   22.3     4.5     0.000   0   63.34  315.3    7.2      --
 47  04/03/2020  2200    31.0   25.0     2.5     0.010   5   77.85  342.4    5.7  no_inv
 48  04/03/2020  2300    29.2   24.2     2.5     0.000  10   81.37  349.5    5.7      --
 49  04/04/2020  0000    29.2   24.1     2.5     0.000  10   81.11  356.5    5.7      --
 50  04/04/2020  0100    29.1   24.0     2.6     0.000  10   81.03    3.3    5.9      --
 51  04/04/2020  0200    28.9   23.9     2.7     0.000  10   81.09    9.6    6.1      --
 52  04/04/2020  0300    28.7   23.7     2.7     0.000  10   81.27   15.4    6.4      --
 53  04/04/2020  0400    28.4   23.5     2.8     0.000  10   81.55   20.6    6.8    5805
 54  04/04/2020  0500    28.1   22.4     3.2     0.000  10   79.00   32.5    6.7      --
 55  04/04/2020  0600    27.8   22.3     3.5     0.000  10   79.35   44.0    7.0      --
 56  04/04/2020  0700    28.0   22.1     4.0     0.000  10   78.06   54.3    7.5      --
 57  04/04/2020  0800    28.9   22.2     4.3     0.000   5   75.87   63.1    8.2      --
 58  04/04/2020  0900    29.9   18.5     4.8     0.000   0   61.97   70.3    9.1      --
 59  04/04/2020  1000    32.9   16.0     5.2     0.000   0   49.38   76.2   10.1    6313
 60  04/04/2020  1100    35.6   16.3     5.1     0.000   0   44.80   74.8    9.9      --
 61  04/04/2020  1200    38.7   16.6     5.0     0.000   0   40.24   73.3    9.8      --
 62  04/04/2020  1300    41.3   16.8     4.9     0.000   0   36.67   71.8    9.7      --
 63  04/04/2020  1400    42.8   17.0     4.8     0.000   0   34.85   70.3    9.6      --
 64  04/04/2020  1500    43.9   17.1     4.8     0.000   0   33.66   68.7    9.5      --
 65  04/04/2020  1600    44.6   17.2     4.7     0.000   0   32.83   67.1    9.4    8084
 66  04/04/2020  1700    45.0   17.2     7.3     0.000   0   32.38   57.0   11.9      --
 67  04/04/2020  1800    44.6   17.5     9.9     0.000   0   33.26   50.5   14.7      --
 68  04/04/2020  1900    43.8   17.9    12.4     0.000   0   34.96   46.2   17.7      --
 69  04/04/2020  2000    43.3   18.4    15.0     0.000   0   36.41   43.0   20.7      --
 70  04/04/2020  2100    41.0   19.0    17.6     0.000   0   40.91   40.7   23.7      --
 71  04/04/2020  2200    38.6   19.7    20.2     0.000   0   46.09   39.0   26.8  no_inv
 72  04/04/2020  2300    37.5   20.4    18.3     0.000   0   49.58   38.0   24.8      --
 73  04/05/2020  0000    36.8   21.0    16.4     0.000   0   52.25   36.9   22.8      --
 74  04/05/2020  0100    36.2   21.5    14.4     0.000   0   54.72   35.6   20.8      --
 75  04/05/2020  0200    35.7   21.9    12.5     0.000   0   56.83   33.9   18.8      --
 76  04/05/2020  0300    35.2   23.6    10.6     0.000   0   62.19   32.0   16.8      --
 77  04/05/2020  0400    34.9   24.2     8.6     0.000   0   64.70   29.4   14.9  no_inv
 78  04/05/2020  0500    34.7   23.4     7.6     0.000   0   63.02   32.3   13.1      --
 79  04/05/2020  0600    34.5   21.0     6.6     0.000   0   57.36   36.2   11.3      --
 80  04/05/2020  0700    34.5   19.9     5.6     0.000   0   54.66   41.4    9.6      --
 81  04/05/2020  0800    34.9   25.3     4.5     0.000   0   67.75   48.8    8.0      --
 82  04/05/2020  0900    35.5   26.0     3.5     0.000   0   68.04   59.5    6.6      --
 83  04/05/2020  1000    36.5   26.0     2.5     0.000   0   65.47   75.2    5.5    4857
 84  04/05/2020  1100    38.4   26.0     2.4     0.000   0   60.72   72.7    3.9      --
 85  04/05/2020  1200    41.6   26.0     2.3     0.000   0   53.55   66.7    2.3      --
 86  04/05/2020  1300    44.8   26.0     2.2     0.000   0   47.52   38.0    0.9      --
 87  04/05/2020  1400    46.7   26.0     2.1     0.000   0   44.10  290.9    1.2      --
 88  04/05/2020  1500    48.2   26.0     2.0     0.000   0   41.79  273.5    2.7      --
 89  04/05/2020  1600    49.0   26.0     1.9     0.000   0   40.44  268.9    4.3  no_inv
 90  04/05/2020  1700    49.2   26.1     2.1     0.000   0   40.23  286.2    2.9      --
 91  04/05/2020  1800    48.7   26.1     2.3     0.000   0   41.15  322.6    2.2      --
 92  04/05/2020  1900    47.5   26.0     2.5     0.000   0   42.84    4.3    2.6      --
 93  04/05/2020  2000    46.9   26.0     2.8     0.000   0   43.85   25.8    3.9      --
 94  04/05/2020  2100    44.5   26.0     3.0     0.000   0   47.92   36.0    5.4      --
 95  04/05/2020  2200    42.2   26.0     3.2     0.000   0   52.41   41.6    7.1  no_inv
 96  04/05/2020  2300    40.8   26.0     3.9     0.000   0   55.39   36.7    8.5      --
 97  04/06/2020  0000    39.7   26.0     4.6     0.000   0   57.79   33.2   10.0      --
 98  04/06/2020  0100    38.7   26.3     5.2     0.000   0   60.66   30.7   11.5      --
 99  04/06/2020  0200    37.8   26.9     5.9     0.000   0   64.58   28.7   13.0      --
100  04/06/2020  0300    37.0   27.6     6.6     0.000   0   68.47   27.2   14.6      --
101  04/06/2020  0400    36.3   28.3     7.2     0.000   0   72.18   25.9   16.1     324
102  04/06/2020  0500    35.9   27.4     6.4     0.000   0   71.03   23.6   12.9      --
103  04/06/2020  0600    35.6   26.8     5.5     0.000   0   70.11   19.6    9.6      --
104  04/06/2020  0700    35.9   26.0     4.7     0.000   0   67.14   11.8    6.5      --
105  04/06/2020  0800    36.7   26.6     3.8     0.000   0   66.47  351.2    3.7      --
106  04/06/2020  0900    38.2   26.5     2.9     0.000   0   62.27  292.0    2.7      --
107  04/06/2020  1000    40.2   26.3     2.1     0.000   0   57.10  248.8    4.7    7365
108  04/06/2020  1100    42.6   26.1     4.3     0.000   0   51.60  272.2    7.1      --
109  04/06/2020  1200    46.0   25.9     6.5     0.000   0   45.04  282.9   10.1      --
110  04/06/2020  1300    48.7   26.3     8.7     0.000   0   41.49  288.6   13.2      --
111  04/06/2020  1400    50.0   26.7    10.9     0.000   0   40.03  292.1   16.5      --
112  04/06/2020  1500    50.6   26.5    13.1     0.000   0   38.84  294.4   19.8      --
113  04/06/2020  1600    50.8   25.8    15.4     0.000   0   37.51  296.1   23.0    8292
114  04/06/2020  1700    50.7   26.7    13.3     0.000   0   39.03  293.6   20.1      --
115  04/06/2020  1800    48.5   26.8    11.2     0.000   0   42.61  290.2   17.2      --
116  04/06/2020  1900    44.0   27.3     9.2     0.000   0   51.65  285.5   14.4      --
117  04/06/2020  2000    41.5   27.5     7.1     0.000   0   57.18  278.6   11.8      --
118  04/06/2020  2100    39.1   27.2     5.1     0.000   0   62.07  268.0    9.4      --
119  04/06/2020  2200    36.8   27.2     3.0     0.000   0   67.91  251.3    7.6     685
120  04/06/2020  2300    35.6   27.2     2.8     0.000   0   70.94  253.2    6.9      --
121  04/07/2020  0000    35.5   27.2     2.6     0.000   0   71.30  255.5    6.3      --
122  04/07/2020  0100    35.3   27.2     2.4     0.000   0   71.94  258.2    5.6      --
123  04/07/2020  0200    35.0   27.2     2.2     0.000   0   72.80  261.7    5.0      --
124  04/07/2020  0300    34.6   27.2     1.9     0.000   0   73.82  266.1    4.4      --
125  04/07/2020  0400    34.3   27.2     1.7     0.000   0   74.95  271.9    3.9     341
126  04/07/2020  0500    33.8   27.2     1.5     0.000   0   76.17  270.1    3.2      --
127  04/07/2020  0600    33.6   27.2     1.2     0.000   0   77.06  267.3    2.6      --
128  04/07/2020  0700    34.3   27.2     1.0     0.000   0   74.96  262.8    2.0      --
129  04/07/2020  0800    36.1   28.0     0.8     0.000   0   71.97  254.2    1.4      --
130  04/07/2020  0900    39.2   28.0     0.5     0.000   0   63.87  233.3    0.8      --
131  04/07/2020  1000    43.0   28.0     0.3     0.000   0   55.08  181.8    0.6    4858
132  04/07/2020  1100    46.9   28.0     0.7     0.000   0   47.41  264.8    1.3      --
133  04/07/2020  1200    50.3   28.0     1.1     0.000   0   41.84  278.2    2.6      --
134  04/07/2020  1300    52.7   28.0     1.5     0.000   0   38.31  282.6    4.0      --
135  04/07/2020  1400    53.8   28.0     2.0     0.000   0   36.73  284.8    5.4      --
136  04/07/2020  1500    54.3   28.0     2.4     0.000   0   36.08  286.0    6.8      --
137  04/07/2020  1600    54.5   28.0     2.8     0.000   0   35.87  286.9    8.1    6934
138  04/07/2020  1700    54.3   27.9     4.7     0.000   0   35.94  316.9    6.8      --
139  04/07/2020  1800    53.5   27.8     6.5     0.000   0   36.87  348.3    7.8      --
140  04/07/2020  1900    51.7   29.5     8.4     0.000   0   42.30    8.4   10.4      --
141  04/07/2020  2000    50.7   29.1    10.2     0.000   0   43.15   19.7   13.7      --
142  04/07/2020  2100    48.3   26.7    12.1     0.000   0   42.77   26.4   17.4      --
143  04/07/2020  2200    46.0   26.3    13.9     0.000   0   45.87   30.8   21.2    6837
144  04/07/2020  2300    44.2   27.1    11.7     0.000   0   50.72   30.2   17.7      --
145  04/08/2020  0000    43.0   27.0     9.4     0.000   0   52.76   29.5   14.3      --
146  04/08/2020  0100    42.0   27.3     7.2     0.000   0   55.64   28.2   10.8      --
147  04/08/2020  0200    41.2   27.5     4.9     0.000   0   57.86   25.7    7.3      --
148  04/08/2020  0300    40.4   27.6     2.7     0.000   0   59.88   19.0    3.9      --
149  04/08/2020  0400    39.9   27.9     0.5     0.000   0   62.07  322.6    1.0    2300
150  04/08/2020  0500    39.5   27.9     0.8     0.000   0   63.05  247.5    0.5      --
151  04/08/2020  0600    39.2   27.9     1.1     0.000   0   63.68  196.6    1.3      --
152  04/08/2020  0700    39.5   27.9     1.4     0.000   0   63.05  186.0    2.3      --
153  04/08/2020  0800    40.3   30.1     1.8     0.000   0   66.58  181.9    3.3      --
154  04/08/2020  0900    41.9   30.1     2.1     0.000   0   62.74  179.7    4.3      --
155  04/08/2020  1000    44.0   30.1     2.4     0.000   0   57.69  178.3    5.4    3425
156  04/08/2020  1100    46.9   30.1     3.7     0.000   0   51.84  207.6    5.2      --
157  04/08/2020  1200    51.9   30.1     4.9     0.000   0   42.94  232.6    6.2      --
158  04/08/2020  1300    56.5   30.5     6.2     0.000   0   36.88  248.3    8.0      --
159  04/08/2020  1400    59.2   30.7     7.4     0.000   0   33.76  257.8   10.2      --
160  04/08/2020  1500    60.6   31.2     8.7     0.000   0   32.83  263.7   12.6      --
161  04/08/2020  1600    61.4   31.7    10.0     0.000   0   32.47  267.8   15.1    6106
162  04/08/2020  1700    61.7   31.7     9.2     0.000   0   32.16  266.9   14.3      --
163  04/08/2020  1800    59.5   31.3     8.4     0.000   0   34.19  265.9   13.4      --
164  04/08/2020  1900    55.1   31.8     7.7     0.000   0   40.94  264.8   12.6      --
165  04/08/2020  2000    52.7   31.6     6.9     0.000   0   44.49  263.5   11.8      --
166  04/08/2020  2100    50.3   31.4     6.1     0.000   0   48.11  262.1   11.0      --
167  04/08/2020  2200    48.0   31.3     5.4     0.000   0   52.15  260.4   10.2     595
