  Generated by FoxLW on Thursday April 2, 2020 at 02:32 PDT
-------------------------------------------------------------------------------
  Royal Slope East
  46.9500:-119.3200  (46 57' 0.00"N  119 19' 12.00"W)  elev 1440.3 feet    file: 330099
-------------------------------------------------------------------------------

Line#   Date     Hour   TempF  DewPtF WS(mph)  Rain(in) LW    RH%  WDir_50m WS_50m Inv(ft)
  5  04/02/2020  0400    32.9   14.7    13.4     0.000   0   46.57    6.7   17.2     579
  6  04/02/2020  0500    32.4   16.0    11.4     0.000   0   50.44    5.4   14.7      --
  7  04/02/2020  0600    32.0   16.4     9.4     0.000   0   51.96    3.6   12.3      --
  8  04/02/2020  0700    32.1   16.9     7.4     0.000   0   52.83    1.0    9.9      --
  9  04/02/2020  0800    32.8   17.0     5.4     0.000   0   51.69  356.6    7.5      --
 10  04/02/2020  0900    34.1   15.8     3.4     0.000   0   46.73  348.4    5.2      --
 11  04/02/2020  1000    36.0   15.8     1.5     0.000   0   43.33  328.8    3.2  no_inv
 12  04/02/2020  1100    39.0   15.8     2.1     0.000   0   38.35  291.0    2.0      --
 13  04/02/2020  1200    44.1   15.8     2.7     0.000   0   31.56  236.3    2.4      --
 14  04/02/2020  1300    48.5   15.8     3.3     0.000   0   26.73  212.8    4.0      --
 15  04/02/2020  1400    50.6   15.8     4.0     0.000   0   24.68  203.5    5.9      --
 16  04/02/2020  1500    51.9   15.8     4.6     0.000   0   23.58  198.7    7.8      --
 17  04/02/2020  1600    52.3   15.8     5.2     0.000   0   23.20  195.8    9.9  no_inv
 18  04/02/2020  1700    51.5   15.9     5.5     0.000   0   23.95  211.2    7.5      --
 19  04/02/2020  1800    50.0   16.6     5.8     0.000   0   26.22  236.4    6.1      --
 20  04/02/2020  1900    49.1   16.9     6.0     0.000   0   27.42  266.9    6.3      --
 21  04/02/2020  2000    46.8   17.3     6.3     0.000   0   30.44  289.7    8.0      --
 22  04/02/2020  2100    44.4   17.8     6.6     0.000   0   33.97  303.3   10.4      --
 23  04/02/2020  2200    42.1   18.4     6.8     0.000   0   38.13  311.5   13.3  no_inv
 24  04/02/2020  2300    39.3   19.5     7.4     0.000   0   44.49  307.6   13.1      --
 25  04/03/2020  0000    38.0   20.7     7.9     0.000   0   49.38  303.6   12.9      --
 26  04/03/2020  0100    36.8   21.2     8.5     0.000   0   52.96  299.5   12.9      --
 27  04/03/2020  0200    35.7   21.6     9.0     0.000   0   56.05  295.4   12.8      --
 28  04/03/2020  0300    34.7   21.8     9.6     0.000   0   58.70  291.3   12.9      --
 29  04/03/2020  0400    34.0   21.8    10.1     0.000   0   60.63  287.3   13.0  no_inv
 30  04/03/2020  0500    33.3   21.8     8.8     0.000   0   62.11  284.8   11.4      --
 31  04/03/2020  0600    33.0   20.6     7.4     0.000   0   59.81  281.4    9.8      --
 32  04/03/2020  0700    33.3   18.7     6.1     0.000   0   54.49  276.8    8.2      --
 33  04/03/2020  0800    34.4   17.6     4.7     0.000   0   49.76  270.1    6.8      --
 34  04/03/2020  0900    36.3   18.7     3.3     0.000   0   48.35  259.8    5.4      --
 35  04/03/2020  1000    38.8   18.2     2.0     0.000   0   42.94  243.9    4.4  no_inv
 36  04/03/2020  1100    41.7   17.8     4.6     0.000   0   37.71  260.2    7.0      --
 37  04/03/2020  1200    44.3   17.5     7.2     0.000   0   33.65  267.3    9.9      --
 38  04/03/2020  1300    46.4   17.8     9.7     0.000   0   31.41  271.2   12.8      --
 39  04/03/2020  1400    47.8   17.7    12.3     0.000   0   29.81  273.6   15.9      --
 40  04/03/2020  1500    48.6   17.1    14.9     0.000   0   28.15  275.3   18.9      --
 41  04/03/2020  1600    49.2   16.7    17.5     0.000   0   27.02  276.5   21.9  no_inv
 42  04/03/2020  1700    49.5   16.7    17.2     0.000   0   26.71  282.9   20.7      --
 43  04/03/2020  1800    48.3   16.8    16.9     0.000   0   28.09  290.0   19.9      --
 44  04/03/2020  1900    45.9   17.0    16.5     0.000   0   31.08  297.7   19.3      --
 45  04/03/2020  2000    44.5   17.3    16.2     0.000   0   33.10  305.6   19.2      --
 46  04/03/2020  2100    42.2   17.6    15.9     0.000   0   36.68  313.6   19.4      --
 47  04/03/2020  2200    39.8   17.9    15.6     0.000   0   40.73  321.2   19.9  no_inv
 48  04/03/2020  2300    38.1   18.2    13.7     0.000   0   44.19  325.1   17.6      --
 49  04/04/2020  0000    37.3   19.8    11.8     0.000   0   48.72  330.1   15.4      --
 50  04/04/2020  0100    36.6   20.4     9.9     0.000   0   51.44  336.6   13.4      --
 51  04/04/2020  0200    35.8   21.0     8.0     0.000   0   54.43  345.4   11.6      --
 52  04/04/2020  0300    35.2   20.1     6.1     0.000   0   53.90  356.9   10.2      --
 53  04/04/2020  0400    34.6   19.6     4.2     0.000   0   53.85   11.3    9.3     400
 54  04/04/2020  0500    34.1   19.2     3.6     0.000   0   54.08   13.0    7.9      --
 55  04/04/2020  0600    33.7   18.7     3.0     0.000   0   53.57   15.5    6.4      --
 56  04/04/2020  0700    34.0   18.7     2.5     0.000   0   53.00   19.4    5.0      --
 57  04/04/2020  0800    35.0   19.0     1.9     0.000   0   51.57   26.4    3.6      --
 58  04/04/2020  0900    36.7   18.9     1.3     0.000   0   47.88   41.5    2.3      --
 59  04/04/2020  1000    39.2   18.8     0.7     0.000   0   43.23   79.7    1.5    6494
 60  04/04/2020  1100    42.3   18.6     1.1     0.000   0   38.24   70.8    2.4      --
 61  04/04/2020  1200    46.6   18.5     1.5     0.000   0   32.26   66.7    3.3      --
 62  04/04/2020  1300    50.3   18.4     1.9     0.000   0   28.03   64.3    4.2      --
 63  04/04/2020  1400    52.2   18.4     2.3     0.000   0   25.96   62.8    5.1      --
 64  04/04/2020  1500    53.2   18.3     2.7     0.000   0   25.00   61.8    6.0      --
 65  04/04/2020  1600    53.7   18.3     3.1     0.000   0   24.54   61.0    6.9  no_inv
 66  04/04/2020  1700    53.8   18.5     4.8     0.000   0   24.66   63.5    8.5      --
 67  04/04/2020  1800    53.2   19.0     6.4     0.000   0   25.77   65.2   10.0      --
 68  04/04/2020  1900    52.0   21.9     8.0     0.000   0   30.35   66.4   11.6      --
 69  04/04/2020  2000    51.4   23.0     9.6     0.000   0   32.60   67.4   13.1      --
 70  04/04/2020  2100    49.1   23.9    11.2     0.000   0   36.91   68.1   14.6      --
 71  04/04/2020  2200    46.7   23.6    12.8     0.000   0   39.93   68.7   16.2  no_inv
 72  04/04/2020  2300    44.7   25.0    12.1     0.000   0   45.73   59.4   15.6      --
 73  04/05/2020  0000    43.2   27.9    11.4     0.000   0   54.43   49.6   15.4      --
 74  04/05/2020  0100    41.8   29.2    10.7     0.000   0   60.52   39.9   15.6      --
 75  04/05/2020  0200    40.7   30.3     9.9     0.000   0   66.05   30.7   16.3      --
 76  04/05/2020  0300    39.8   30.8     9.2     0.000   0   69.98   22.5   17.4      --
 77  04/05/2020  0400    39.1   31.0     8.5     0.000   0   72.50   15.3   18.8    1570
 78  04/05/2020  0500    38.6   31.0     8.2     0.000   0   73.89   15.0   17.6      --
 79  04/05/2020  0600    38.3   30.8     8.0     0.000   0   74.24   14.7   16.5      --
 80  04/05/2020  0700    38.4   29.7     7.7     0.000   0   70.71   14.3   15.3      --
 81  04/05/2020  0800    38.8   28.8     7.4     0.000   0   67.16   13.8   14.1      --
 82  04/05/2020  0900    39.6   28.8     7.2     0.000   0   64.81   13.2   12.9      --
 83  04/05/2020  1000    40.9   28.7     6.9     0.000   0   61.50   12.6   11.8  no_inv
 84  04/05/2020  1100    43.3   28.6     6.1     0.000   0   55.92   12.8   10.5      --
 85  04/05/2020  1200    48.3   28.5     5.3     0.000   0   46.07   13.2    9.3      --
 86  04/05/2020  1300    53.2   28.5     4.4     0.000   0   38.37   13.6    8.1      --
 87  04/05/2020  1400    55.8   28.4     3.6     0.000   0   34.86   14.2    6.9      --
 88  04/05/2020  1500    57.3   28.4     2.8     0.000   0   33.01   15.1    5.6      --
 89  04/05/2020  1600    57.9   28.4     2.0     0.000   0   32.23   16.5    4.4  no_inv
 90  04/05/2020  1700    57.5   28.5     4.0     0.000   0   32.90  359.9    6.4      --
 91  04/05/2020  1800    56.6   29.0     6.0     0.000   0   34.59  351.4    8.6      --
 92  04/05/2020  1900    54.7   31.5     7.9     0.000   0   41.17  346.5   11.0      --
 93  04/05/2020  2000    53.6   32.4     9.9     0.000   0   44.34  343.4   13.4      --
 94  04/05/2020  2100    51.3   32.8    11.9     0.000   0   49.00  341.2   15.9      --
 95  04/05/2020  2200    49.0   32.5    13.9     0.000   0   52.79  339.6   18.3     157
 96  04/05/2020  2300    46.8   33.5    13.1     0.000   0   59.58  345.0   18.1      --
 97  04/06/2020  0000    45.3   34.5    12.2     0.000   0   65.79  350.4   18.1      --
 98  04/06/2020  0100    43.8   36.9    11.4     0.000   0   76.39  355.8   18.2      --
 99  04/06/2020  0200    42.6   37.8    10.5     0.000   0   83.14    1.1   18.5      --
100  04/06/2020  0300    41.5   38.4     9.6     0.000   0   88.55    6.2   18.9      --
101  04/06/2020  0400    40.7   38.5     8.8     0.000   0   91.96   11.0   19.5     251
102  04/06/2020  0500    40.1   37.9     7.9     0.000   0   91.84    8.9   17.3      --
103  04/06/2020  0600    39.8   34.4     7.0     0.000   0   81.07    6.2   15.1      --
104  04/06/2020  0700    40.1   31.6     6.1     0.000   0   71.47    2.6   13.0      --
105  04/06/2020  0800    41.1   32.7     5.1     0.000   0   71.66  357.6   10.9      --
106  04/06/2020  0900    43.0   30.8     4.2     0.000   0   61.80  350.3    9.0      --
107  04/06/2020  1000    45.7   28.8     3.3     0.000   0   51.48  339.5    7.3  no_inv
108  04/06/2020  1100    49.0   26.8     5.2     0.000   0   41.93  322.1    8.3      --
109  04/06/2020  1200    53.7   25.0     7.2     0.000   0   32.53  309.4    9.9      --
110  04/06/2020  1300    57.8   24.2     9.1     0.000   0   27.15  300.6   11.9      --
111  04/06/2020  1400    60.1   24.0    11.0     0.000   0   24.84  294.3   14.0      --
112  04/06/2020  1500    61.2   23.4    12.9     0.000   0   23.23  289.8   16.3      --
113  04/06/2020  1600    61.8   22.1    14.9     0.000   0   21.59  286.3   18.6    8422
114  04/06/2020  1700    62.0   21.8    15.4     0.000   0   21.17  291.9   19.3      --
115  04/06/2020  1800    59.5   21.7    15.9     0.000   0   23.02  297.1   20.1      --
116  04/06/2020  1900    54.3   22.1    16.3     0.000   0   28.27  301.9   21.0      --
117  04/06/2020  2000    51.5   22.8    16.8     0.000   0   32.34  306.2   22.2      --
118  04/06/2020  2100    49.1   23.7    17.3     0.000   0   36.53  310.1   23.4      --
119  04/06/2020  2200    46.8   24.6    17.8     0.000   0   41.41  313.6   24.7     536
120  04/06/2020  2300    45.1   25.5    16.6     0.000   0   45.82  310.4   23.1      --
121  04/07/2020  0000    44.6   26.3    15.4     0.000   0   48.37  306.8   21.5      --
122  04/07/2020  0100    44.0   27.0    14.2     0.000   0   50.90  302.6   20.1      --
123  04/07/2020  0200    43.4   27.5    13.0     0.000   0   53.22  297.8   18.8      --
124  04/07/2020  0300    42.9   29.3    11.8     0.000   0   58.43  292.3   17.6      --
125  04/07/2020  0400    42.3   29.8    10.6     0.000   0   60.94  286.1   16.6  no_inv
126  04/07/2020  0500    41.8   29.9     9.3     0.000   0   62.32  286.1   15.0      --
127  04/07/2020  0600    41.5   29.6     8.1     0.000   0   62.38  286.1   13.4      --
128  04/07/2020  0700    41.9   27.7     6.8     0.000   0   56.62  286.1   11.7      --
129  04/07/2020  0800    43.2   26.5     5.6     0.000   0   51.41  286.0   10.1      --
130  04/07/2020  0900    45.5   25.8     4.3     0.000   0   45.82  286.0    8.4      --
131  04/07/2020  1000    48.6   25.1     3.1     0.000   0   39.57  285.9    6.8    5351
132  04/07/2020  1100    52.1   24.3     3.2     0.000   0   33.58  291.1    6.9      --
133  04/07/2020  1200    56.5   23.6     3.3     0.000   0   27.76  296.1    7.0      --
134  04/07/2020  1300    60.1   23.0     3.3     0.000   0   23.86  300.9    7.2      --
135  04/07/2020  1400    61.9   22.5     3.4     0.000   0   21.89  305.5    7.4      --
136  04/07/2020  1500    62.8   22.3     3.5     0.000   0   20.95  309.7    7.7      --
137  04/07/2020  1600    63.3   22.2     3.6     0.000   0   20.54  313.7    8.0    8665
138  04/07/2020  1700    63.3   22.2     5.2     0.000   0   20.52  320.5    9.3      --
139  04/07/2020  1800    61.6   22.2     6.9     0.000   0   21.85  325.5   10.7      --
140  04/07/2020  1900    58.0   24.3     8.5     0.000   0   27.05  329.4   12.2      --
141  04/07/2020  2000    56.1   24.4    10.1     0.000   0   29.09  332.4   13.7      --
142  04/07/2020  2100    53.8   23.9    11.7     0.000   0   31.11  334.9   15.2      --
143  04/07/2020  2200    51.4   22.6    13.4     0.000   0   32.10  336.8   16.8  no_inv
144  04/07/2020  2300    48.9   22.8    13.4     0.000   0   35.43  347.2   15.3      --
145  04/08/2020  0000    47.4   22.9    13.5     0.000   0   37.70  359.3   14.4      --
146  04/08/2020  0100    46.0   23.0    13.5     0.000   0   39.94   12.2   14.3      --
147  04/08/2020  0200    44.7   23.0    13.6     0.000   0   42.04   24.9   14.9      --
148  04/08/2020  0300    43.6   23.1    13.7     0.000   0   43.93   36.1   16.1      --
149  04/08/2020  0400    42.7   23.1    13.7     0.000   0   45.50   45.4   17.8  no_inv
150  04/08/2020  0500    42.0   24.4    11.7     0.000   0   49.34   45.2   15.5      --
151  04/08/2020  0600    41.6   24.9     9.7     0.000   0   50.98   45.0   13.1      --
152  04/08/2020  0700    42.1   25.3     7.7     0.000   0   50.92   44.7   10.8      --
153  04/08/2020  0800    43.5   23.8     5.7     0.000   0   45.36   44.1    8.5      --
154  04/08/2020  0900    46.0   25.9     3.7     0.000   0   45.12   43.1    6.2      --
155  04/08/2020  1000    49.4   25.9     1.7     0.000   0   39.77   41.0    3.8    5265
156  04/08/2020  1100    53.3   25.9     2.0     0.000   0   34.32   49.0    2.2      --
157  04/08/2020  1200    58.4   25.9     2.2     0.000   0   28.56   95.9    0.7      --
158  04/08/2020  1300    62.6   25.9     2.4     0.000   0   24.62  186.1    1.6      --
159  04/08/2020  1400    64.9   25.9     2.6     0.000   0   22.71  199.3    3.2      --
160  04/08/2020  1500    66.1   25.9     2.8     0.000   0   21.81  203.4    5.0      --
161  04/08/2020  1600    66.7   25.9     3.0     0.000   0   21.35  205.4    6.7    5789
162  04/08/2020  1700    66.9   25.9     4.1     0.000   0   21.23  226.4    5.9      --
163  04/08/2020  1800    65.5   25.9     5.1     0.000   0   22.24  250.1    6.0      --
164  04/08/2020  1900    62.8   26.7     6.1     0.000   0   25.29  269.7    7.0      --
165  04/08/2020  2000    61.2   27.4     7.2     0.000   0   27.46  283.2    8.6      --
166  04/08/2020  2100    58.9   27.9     8.2     0.000   0   30.51  292.2   10.5      --
167  04/08/2020  2200    56.5   27.9     9.3     0.000   0   33.19  298.2   12.6     538
