  Generated by FoxLW on Thursday April 2, 2020 at 02:32 PDT
-------------------------------------------------------------------------------
  Royal City East
  46.9200:-119.5100  (46 55' 12.00"N  119 30' 36.00"W)  elev 1145.0 feet    file: 330041
-------------------------------------------------------------------------------

Line#   Date     Hour   TempF  DewPtF WS(mph)  Rain(in) LW    RH%  WDir_50m WS_50m Inv(ft)
  5  04/02/2020  0400    31.5   16.0     9.3     0.000   0   52.25    0.1   12.6     654
  6  04/02/2020  0500    31.0   16.1     7.9     0.000   0   53.47  359.8   10.7      --
  7  04/02/2020  0600    30.6   16.6     6.4     0.000   0   55.53  359.3    8.9      --
  8  04/02/2020  0700    30.8   16.6     5.0     0.000   0   54.91  358.7    7.1      --
  9  04/02/2020  0800    32.0   16.6     3.6     0.000   0   52.66  357.6    5.2      --
 10  04/02/2020  0900    34.0   16.6     2.1     0.000   0   48.28  355.2    3.4      --
 11  04/02/2020  1000    36.9   16.6     0.7     0.000   0   43.06  347.5    1.6  no_inv
 12  04/02/2020  1100    40.4   16.6     1.7     0.000   0   37.58  210.6    0.6      --
 13  04/02/2020  1200    44.0   16.6     2.6     0.000   0   32.68  185.3    2.5      --
 14  04/02/2020  1300    47.1   16.6     3.5     0.000   0   29.12  182.2    4.5      --
 15  04/02/2020  1400    48.8   16.6     4.5     0.000   0   27.30  181.1    6.5      --
 16  04/02/2020  1500    50.0   16.6     5.4     0.000   0   26.08  180.4    8.6      --
 17  04/02/2020  1600    50.8   16.6     6.4     0.000   0   25.35  180.1   10.6  no_inv
 18  04/02/2020  1700    50.2   16.6     6.6     0.000   0   25.94  193.9    8.0      --
 19  04/02/2020  1800    49.1   18.0     6.8     0.000   0   28.75  217.8    6.2      --
 20  04/02/2020  1900    48.5   18.3     7.0     0.000   0   29.83  250.1    6.1      --
 21  04/02/2020  2000    46.1   18.8     7.3     0.000   0   33.16  275.7    7.6      --
 22  04/02/2020  2100    43.8   19.3     7.5     0.000   0   37.04  290.7   10.2      --
 23  04/02/2020  2200    41.5   19.9     7.7     0.000   0   41.57  299.4   13.1     753
 24  04/02/2020  2300    38.7   20.6     8.0     0.000   0   47.67  294.1   12.9      --
 25  04/03/2020  0000    37.5   21.0     8.4     0.000   0   50.95  288.8   12.9      --
 26  04/03/2020  0100    36.2   21.3     8.7     0.000   0   54.21  283.5   13.0      --
 27  04/03/2020  0200    35.1   21.6     9.0     0.000   0   57.25  278.2   13.2      --
 28  04/03/2020  0300    34.2   21.7     9.3     0.000   0   59.90  273.2   13.5      --
 29  04/03/2020  0400    33.4   21.8     9.7     0.000   0   62.01  268.5   13.9      51
 30  04/03/2020  0500    32.7   21.7     8.4     0.000   0   63.41  270.4   12.3      --
 31  04/03/2020  0600    32.3   20.2     7.2     0.000   0   60.36  273.0   10.6      --
 32  04/03/2020  0700    32.8   18.7     5.9     0.000   0   55.73  276.4    9.0      --
 33  04/03/2020  0800    34.2   17.9     4.6     0.000   0   50.75  281.3    7.5      --
 34  04/03/2020  0900    36.7   18.2     3.4     0.000   0   46.61  288.7    6.0      --
 35  04/03/2020  1000    40.0   17.6     2.1     0.000   0   39.95  300.7    4.7  no_inv
 36  04/03/2020  1100    43.7   17.0     4.8     0.000   0   33.79  291.6    7.6      --
 37  04/03/2020  1200    47.5   16.5     7.5     0.000   0   28.55  287.6   10.6      --
 38  04/03/2020  1300    50.5   16.7    10.1     0.000   0   25.80  285.4   13.6      --
 39  04/03/2020  1400    52.0   16.5    12.8     0.000   0   24.20  284.0   16.6      --
 40  04/03/2020  1500    52.7   15.7    15.5     0.000   0   22.78  283.0   19.7      --
 41  04/03/2020  1600    53.0   15.4    18.2     0.000   0   22.26  282.3   22.7  no_inv
 42  04/03/2020  1700    52.9   15.5    17.8     0.000   0   22.37  288.5   21.6      --
 43  04/03/2020  1800    50.8   15.7    17.5     0.000   0   24.39  295.3   20.7      --
 44  04/03/2020  1900    46.6   16.1    17.1     0.000   0   29.04  302.6   20.2      --
 45  04/03/2020  2000    44.2   16.5    16.8     0.000   0   32.38  310.2   20.0      --
 46  04/03/2020  2100    41.9   17.0    16.4     0.000   0   36.24  317.8   20.1      --
 47  04/03/2020  2200    39.5   17.6    16.1     0.000   0   40.66  325.1   20.6  no_inv
 48  04/03/2020  2300    37.6   18.2    14.4     0.000   0   45.02  328.8   18.4      --
 49  04/04/2020  0000    36.7   18.7    12.6     0.000   0   47.75  333.4   16.3      --
 50  04/04/2020  0100    35.8   20.6    10.9     0.000   0   53.74  339.3   14.4      --
 51  04/04/2020  0200    34.9   21.5     9.2     0.000   0   57.71  347.0   12.6      --
 52  04/04/2020  0300    34.1   21.0     7.5     0.000   0   58.35  356.9   11.2      --
 53  04/04/2020  0400    33.4   19.7     5.8     0.000   0   56.72    9.3   10.1     340
 54  04/04/2020  0500    32.8   18.9     4.9     0.000   0   56.02   10.5    8.5      --
 55  04/04/2020  0600    32.5   17.7     4.0     0.000   0   53.97   12.3    6.9      --
 56  04/04/2020  0700    32.8   17.7     3.2     0.000   0   53.14   15.2    5.4      --
 57  04/04/2020  0800    34.1   17.7     2.3     0.000   0   50.44   20.5    3.8      --
 58  04/04/2020  0900    36.4   19.0     1.4     0.000   0   48.90   32.7    2.3      --
 59  04/04/2020  1000    39.5   18.8     0.6     0.000   0   42.78   73.9    1.2    6641
 60  04/04/2020  1100    43.2   18.5     1.1     0.000   0   36.76   51.2    2.2      --
 61  04/04/2020  1200    47.5   18.3     1.6     0.000   0   30.90   43.0    3.3      --
 62  04/04/2020  1300    50.9   18.1     2.1     0.000   0   26.94   38.9    4.4      --
 63  04/04/2020  1400    52.7   17.9     2.6     0.000   0   25.02   36.5    5.6      --
 64  04/04/2020  1500    53.6   17.8     3.1     0.000   0   24.12   35.0    6.8      --
 65  04/04/2020  1600    54.0   17.8     3.6     0.000   0   23.71   33.9    7.9  no_inv
 66  04/04/2020  1700    54.0   17.9     4.6     0.000   0   23.84   29.6    8.6      --
 67  04/04/2020  1800    53.5   18.4     5.7     0.000   0   24.77   26.0    9.3      --
 68  04/04/2020  1900    52.4   19.8     6.8     0.000   0   27.40   23.0   10.0      --
 69  04/04/2020  2000    51.8   21.8     7.8     0.000   0   30.43   20.3   10.8      --
 70  04/04/2020  2100    49.5   23.1     8.9     0.000   0   35.11   18.0   11.6      --
 71  04/04/2020  2200    47.2   24.2     9.9     0.000   0   40.24   16.1   12.4     300
 72  04/04/2020  2300    45.1   25.2    10.5     0.000   0   45.34   14.6   13.6      --
 73  04/05/2020  0000    43.6   26.1    11.0     0.000   0   49.83   13.3   14.8      --
 74  04/05/2020  0100    42.3   26.9    11.6     0.000   0   54.05   12.2   16.0      --
 75  04/05/2020  0200    41.2   26.1    12.1     0.000   0   54.68   11.3   17.3      --
 76  04/05/2020  0300    40.3   26.6    12.7     0.000   0   57.71   10.5   18.5      --
 77  04/05/2020  0400    39.6   26.7    13.2     0.000   0   59.66    9.9   19.7    1765
 78  04/05/2020  0500    39.1   26.8    12.6     0.000   0   60.85   11.1   18.5      --
 79  04/05/2020  0600    38.9   26.9    12.1     0.000   0   61.74   12.5   17.2      --
 80  04/05/2020  0700    38.9   28.6    11.5     0.000   0   66.02   14.2   16.0      --
 81  04/05/2020  0800    39.4   27.3    10.9     0.000   0   61.53   16.1   14.8      --
 82  04/05/2020  0900    40.2   27.5    10.3     0.000   0   60.12   18.3   13.6      --
 83  04/05/2020  1000    41.6   27.8     9.7     0.000   0   57.80   21.0   12.4  no_inv
 84  04/05/2020  1100    44.1   28.1     8.5     0.000   0   53.01   22.7   11.2      --
 85  04/05/2020  1200    49.3   28.4     7.3     0.000   0   44.04   24.8   10.1      --
 86  04/05/2020  1300    54.4   28.6     6.1     0.000   0   36.91   27.4    8.9      --
 87  04/05/2020  1400    56.8   28.9     4.9     0.000   0   34.17   30.8    7.8      --
 88  04/05/2020  1500    58.3   28.9     3.8     0.000   0   32.40   35.3    6.8      --
 89  04/05/2020  1600    59.0   28.9     2.6     0.000   0   31.69   41.4    5.7  no_inv
 90  04/05/2020  1700    58.3   29.0     4.6     0.000   0   32.47   13.2    6.5      --
 91  04/05/2020  1800    57.0   29.2     6.6     0.000   0   34.38  354.6    8.5      --
 92  04/05/2020  1900    54.2   31.5     8.6     0.000   0   41.77  343.6   10.9      --
 93  04/05/2020  2000    52.7   31.7    10.6     0.000   0   44.56  336.9   13.6      --
 94  04/05/2020  2100    50.3   30.4    12.6     0.000   0   46.05  332.4   16.5      --
 95  04/05/2020  2200    48.0   30.9    14.6     0.000   0   51.31  329.2   19.4     339
 96  04/05/2020  2300    46.2   31.4    13.9     0.000   0   56.02  335.4   19.5      --
 97  04/06/2020  0000    45.0   31.9    13.2     0.000   0   59.84  341.4   19.7      --
 98  04/06/2020  0100    43.9   32.3    12.5     0.000   0   63.55  347.2   20.2      --
 99  04/06/2020  0200    42.8   34.0    11.8     0.000   0   70.87  352.7   20.9      --
100  04/06/2020  0300    41.9   34.5    11.0     0.000   0   74.62  357.8   21.8      --
101  04/06/2020  0400    41.2   34.8    10.3     0.000   0   77.71    2.5   22.8     437
102  04/06/2020  0500    40.6   34.7     9.1     0.000   0   78.98    0.6   20.0      --
103  04/06/2020  0600    40.3   33.8     7.9     0.000   0   77.31  358.1   17.1      --
104  04/06/2020  0700    40.7   31.1     6.7     0.000   0   68.41  354.7   14.4      --
105  04/06/2020  0800    42.0   29.3     5.5     0.000   0   60.38  349.6   11.7      --
106  04/06/2020  0900    44.2   27.5     4.3     0.000   0   51.62  341.6    9.1      --
107  04/06/2020  1000    47.2   25.7     3.1     0.000   0   42.59  328.0    6.9  no_inv
108  04/06/2020  1100    50.8   23.8     5.6     0.000   0   34.48  309.0    8.7      --
109  04/06/2020  1200    55.3   22.1     8.1     0.000   0   27.22  297.3   11.1      --
110  04/06/2020  1300    58.8   21.3    10.5     0.000   0   23.15  289.9   13.7      --
111  04/06/2020  1400    60.8   20.5    13.0     0.000   0   20.90  285.0   16.6      --
112  04/06/2020  1500    61.7   19.0    15.5     0.000   0   18.99  281.6   19.5      --
113  04/06/2020  1600    62.2   18.5    18.0     0.000   0   18.23  279.0   22.5    8608
114  04/06/2020  1700    62.2   18.6    17.3     0.000   0   18.33  284.4   21.1      --
115  04/06/2020  1800    59.5   19.1    16.6     0.000   0   20.66  290.5   20.0      --
116  04/06/2020  1900    53.8   19.9    16.0     0.000   0   26.21  297.3   19.1      --
117  04/06/2020  2000    50.7   21.0    15.3     0.000   0   30.83  304.6   18.5      --
118  04/06/2020  2100    48.4   22.2    14.7     0.000   0   35.30  312.3   18.2      --
119  04/06/2020  2200    46.0   23.5    14.0     0.000   0   40.73  320.0   18.2     629
120  04/06/2020  2300    44.4   24.8    12.7     0.000   0   45.71  316.7   17.1      --
121  04/07/2020  0000    44.1   27.5    11.4     0.000   0   51.76  313.0   16.0      --
122  04/07/2020  0100    43.6   29.0    10.1     0.000   0   56.13  308.7   15.0      --
123  04/07/2020  0200    43.2   29.9     8.7     0.000   0   59.10  303.9   14.1      --
124  04/07/2020  0300    42.7   28.8     7.4     0.000   0   57.64  298.5   13.3      --
125  04/07/2020  0400    42.2   26.3     6.1     0.000   0   53.19  292.4   12.7     164
126  04/07/2020  0500    41.7   24.8     5.7     0.000   0   50.81  293.9   11.9      --
127  04/07/2020  0600    41.3   23.2     5.3     0.000   0   48.11  295.5   11.1      --
128  04/07/2020  0700    41.8   22.5     4.8     0.000   0   45.84  297.5   10.3      --
129  04/07/2020  0800    43.4   27.7     4.4     0.000   0   53.57  299.8    9.5      --
130  04/07/2020  0900    46.0   27.3     4.0     0.000   0   47.67  302.4    8.8      --
131  04/07/2020  1000    49.5   26.8     3.6     0.000   0   41.06  305.6    8.1    6149
132  04/07/2020  1100    53.5   26.4     3.8     0.000   0   34.84  307.9    8.2      --
133  04/07/2020  1200    57.8   26.0     3.9     0.000   0   29.27  310.1    8.5      --
134  04/07/2020  1300    61.2   25.6     4.1     0.000   0   25.57  312.2    8.7      --
135  04/07/2020  1400    63.0   25.4     4.2     0.000   0   23.76  314.2    8.9      --
136  04/07/2020  1500    63.8   25.2     4.3     0.000   0   22.91  316.0    9.2      --
137  04/07/2020  1600    64.2   25.1     4.5     0.000   0   22.54  317.8    9.4    8840
138  04/07/2020  1700    64.2   25.1     6.6     0.000   0   22.50  321.9   11.3      --
139  04/07/2020  1800    62.0   25.1     8.6     0.000   0   24.25  324.8   13.2      --
140  04/07/2020  1900    57.5   26.8    10.7     0.000   0   30.51  326.9   15.2      --
141  04/07/2020  2000    55.1   24.9    12.8     0.000   0   30.87  328.6   17.2      --
142  04/07/2020  2100    52.7   24.8    14.9     0.000   0   33.45  329.9   19.2      --
143  04/07/2020  2200    50.4   24.6    17.0     0.000   0   36.25  331.0   21.2     113
144  04/07/2020  2300    48.1   24.5    16.8     0.000   0   39.30  338.6   19.8      --
145  04/08/2020  0000    46.9   24.4    16.6     0.000   0   40.87  347.2   18.9      --
146  04/08/2020  0100    45.7   24.2    16.4     0.000   0   42.48  356.4   18.4      --
147  04/08/2020  0200    44.7   24.2    16.2     0.000   0   44.06    5.9   18.3      --
148  04/08/2020  0300    43.8   24.1    16.0     0.000   0   45.56   15.2   18.8      --
149  04/08/2020  0400    42.9   24.1    15.9     0.000   0   46.95   23.8   19.8     165
150  04/08/2020  0500    42.3   24.1    13.7     0.000   0   48.22   24.4   17.5      --
151  04/08/2020  0600    41.9   25.5    11.6     0.000   0   51.81   25.2   15.3      --
152  04/08/2020  0700    42.4   26.0     9.4     0.000   0   51.90   26.2   13.1      --
153  04/08/2020  0800    43.8   24.6     7.2     0.000   0   46.47   27.7   10.9      --
154  04/08/2020  0900    46.3   24.9     5.1     0.000   0   42.77   30.0    8.6      --
155  04/08/2020  1000    49.7   26.3     2.9     0.000   0   39.90   33.7    6.4    3111
156  04/08/2020  1100    53.8   26.3     2.8     0.000   0   34.32   33.1    4.5      --
157  04/08/2020  1200    59.2   26.3     2.7     0.000   0   28.26   31.6    2.6      --
158  04/08/2020  1300    63.7   26.3     2.6     0.000   0   24.09   22.4    0.8      --
159  04/08/2020  1400    66.2   26.3     2.5     0.000   0   22.06  223.3    1.2      --
160  04/08/2020  1500    67.5   26.3     2.4     0.000   0   21.09  218.3    3.1      --
161  04/08/2020  1600    68.2   26.3     2.2     0.000   0   20.58  217.1    5.0    6287
162  04/08/2020  1700    68.5   26.3     3.0     0.000   0   20.41  236.1    5.2      --
163  04/08/2020  1800    66.4   26.3     3.8     0.000   0   21.88  251.9    5.9      --
164  04/08/2020  1900    62.3   26.3     4.6     0.000   0   25.26  263.7    7.0      --
165  04/08/2020  2000    60.1   26.6     5.4     0.000   0   27.70  272.1    8.2      --
166  04/08/2020  2100    57.7   27.1     6.2     0.000   0   30.79  278.2    9.6      --
167  04/08/2020  2200    55.4   27.7     7.0     0.000   0   34.24  282.7   11.1     720
