  Generated by FoxLW on Thursday April 2, 2020 at 02:32 PDT
-------------------------------------------------------------------------------
  Waterville North
  47.7200:-120.0700  (47 43' 12.00"N  120 4' 12.00"W)  elev 3041.3 feet    file: 330046
-------------------------------------------------------------------------------

Line#   Date     Hour   TempF  DewPtF WS(mph)  Rain(in) LW    RH%  WDir_50m WS_50m Inv(ft)
  5  04/02/2020  0400    24.0   12.6     8.1     0.000   0   61.23   34.9   11.0     363
  6  04/02/2020  0500    23.6   12.8     6.9     0.000   0   62.80   36.4    9.5      --
  7  04/02/2020  0600    23.3   13.4     5.7     0.000   0   65.28   38.5    7.9      --
  8  04/02/2020  0700    23.5   14.4     4.6     0.000   0   67.67   41.5    6.4      --
  9  04/02/2020  0800    24.1   19.8     3.4     0.000   5   83.17   46.5    4.9      --
 10  04/02/2020  0900    25.3   22.6     2.2     0.000  10   89.24   55.6    3.5      --
 11  04/02/2020  1000    27.1   22.6     1.0     0.000  10   82.98   75.8    2.3  no_inv
 12  04/02/2020  1100    29.5   22.6     1.9     0.000   5   75.02   18.0    0.3      --
 13  04/02/2020  1200    32.5   22.6     2.8     0.000   0   66.44  269.5    2.0      --
 14  04/02/2020  1300    35.1   22.6     3.8     0.000   0   59.98  265.8    4.1      --
 15  04/02/2020  1400    36.6   21.8     4.7     0.000   0   54.65  264.6    6.2      --
 16  04/02/2020  1500    37.6   22.4     5.6     0.000   0   53.78  264.0    8.4      --
 17  04/02/2020  1600    38.2   22.6     6.5     0.000   0   52.96  263.6   10.5  no_inv
 18  04/02/2020  1700    38.3   22.5     6.8     0.000   0   52.59  267.4   11.8      --
 19  04/02/2020  1800    37.7   22.3     7.2     0.000   0   53.22  270.5   13.2      --
 20  04/02/2020  1900    36.5   23.6     7.5     0.000   0   59.03  272.9   14.6      --
 21  04/02/2020  2000    35.9   23.2     7.8     0.000   0   59.68  275.0   16.0      --
 22  04/02/2020  2100    33.5   22.6     8.2     0.000   0   63.89  276.7   17.4      --
 23  04/02/2020  2200    31.2   22.0     8.5     0.000   0   68.20  278.1   18.8  no_inv
 24  04/02/2020  2300    30.1   21.3     9.1     0.000   0   69.35  279.8   20.2      --
 25  04/03/2020  0000    29.3   20.6     9.8     0.000   0   69.70  281.2   21.5      --
 26  04/03/2020  0100    28.5   20.0    10.4     0.000   0   69.81  282.5   22.9      --
 27  04/03/2020  0200    27.9   19.3    11.0     0.000   0   69.86  283.6   24.3      --
 28  04/03/2020  0300    27.3   18.9    11.6     0.000   0   70.13  284.6   25.6      --
 29  04/03/2020  0400    26.8   17.3    12.2     0.000   0   66.92  285.5   27.0    1097
 30  04/03/2020  0500    26.4   17.3    13.3     0.000   0   68.01  284.5   26.5      --
 31  04/03/2020  0600    26.2   17.4    14.3     0.000   0   68.80  283.3   25.9      --
 32  04/03/2020  0700    26.4   17.4    15.4     0.000   0   68.33  282.2   25.4      --
 33  04/03/2020  0800    27.3   17.5    16.4     0.000   0   66.30  281.0   24.8      --
 34  04/03/2020  0900    28.7   17.6    17.4     0.000   0   62.79  279.7   24.3      --
 35  04/03/2020  1000    30.7   17.8    18.5     0.000   0   58.28  278.3   23.8  no_inv
 36  04/03/2020  1100    32.9   17.9    19.0     0.000   0   53.50  278.4   24.3      --
 37  04/03/2020  1200    35.6   18.0    19.5     0.000   0   48.21  278.5   24.9      --
 38  04/03/2020  1300    37.6   18.1    20.0     0.000   0   44.74  278.5   25.4      --
 39  04/03/2020  1400    38.6   18.2    20.5     0.000   0   43.29  278.6   26.0      --
 40  04/03/2020  1500    38.9   18.2    21.0     0.000   0   42.80  278.6   26.6      --
 41  04/03/2020  1600    39.0   18.2    21.5     0.000   0   42.74  278.7   27.1  no_inv
 42  04/03/2020  1700    38.8   18.1    18.9     0.000   0   42.87  279.9   24.2      --
 43  04/03/2020  1800    37.8   17.8    16.3     0.000   0   43.99  281.3   21.3      --
 44  04/03/2020  1900    35.8   18.0    13.6     0.000   0   48.02  283.3   18.5      --
 45  04/03/2020  2000    34.6   18.3    11.0     0.000   0   50.85  285.9   15.6      --
 46  04/03/2020  2100    32.3   17.6     8.4     0.000   0   54.07  289.7   12.8      --
 47  04/03/2020  2200    30.0   18.2     5.8     0.000   0   61.11  295.6   10.1    9381
 48  04/03/2020  2300    28.8   17.7     6.8     0.000   0   62.81  314.3    8.3      --
 49  04/04/2020  0000    28.2   15.9     7.9     0.000   0   59.34  339.1    7.7      --
 50  04/04/2020  0100    27.6   15.1     9.0     0.000   0   58.79    3.0    8.6      --
 51  04/04/2020  0200    27.1   14.6    10.1     0.000   0   58.82   20.0   10.6      --
 52  04/04/2020  0300    26.6   13.9    11.1     0.000   0   58.32   30.9   13.3      --
 53  04/04/2020  0400    26.1   12.2    12.2     0.000   0   55.04   38.0   16.3    4028
 54  04/04/2020  0500    25.8   13.8    10.9     0.000   0   59.99   42.8   14.6      --
 55  04/04/2020  0600    25.5   14.4     9.6     0.000   0   62.23   48.7   12.9      --
 56  04/04/2020  0700    25.6   14.6     8.2     0.000   0   62.52   56.3   11.5      --
 57  04/04/2020  0800    26.2   16.7     6.9     0.000   0   66.91   65.8   10.3      --
 58  04/04/2020  0900    27.3   15.0     5.6     0.000   0   59.25   77.3    9.5      --
 59  04/04/2020  1000    28.9   15.0     4.2     0.000   0   55.50   90.4    9.1    4754
 60  04/04/2020  1100    31.4   15.0     4.2     0.000   0   50.02   90.3    9.1      --
 61  04/04/2020  1200    36.1   15.0     4.2     0.000   0   41.43   90.3    9.0      --
 62  04/04/2020  1300    40.4   15.0     4.2     0.000   0   35.06   90.2    9.0      --
 63  04/04/2020  1400    42.6   15.0     4.1     0.000   0   32.22   90.1    9.0      --
 64  04/04/2020  1500    43.8   15.0     4.1     0.000   0   30.72   90.1    9.0      --
 65  04/04/2020  1600    44.3   15.0     4.1     0.000   0   30.12   90.0    8.9    6875
 66  04/04/2020  1700    44.0   15.1     5.7     0.000   0   30.57   73.0   10.8      --
 67  04/04/2020  1800    42.5   15.3     7.2     0.000   0   32.79   61.7   13.3      --
 68  04/04/2020  1900    39.5   17.8     8.8     0.000   0   41.07   54.1   16.1      --
 69  04/04/2020  2000    37.8   18.3    10.3     0.000   0   44.81   48.9   19.1      --
 70  04/04/2020  2100    35.5   18.5    11.9     0.000   0   49.52   45.1   22.3      --
 71  04/04/2020  2200    33.1   17.8    13.4     0.000   0   52.92   42.3   25.5  no_inv
 72  04/04/2020  2300    32.0   18.6    12.8     0.000   0   57.08   42.2   24.8      --
 73  04/05/2020  0000    31.5   19.3    12.1     0.000   0   60.01   42.1   24.0      --
 74  04/05/2020  0100    31.0   21.4    11.4     0.000   0   67.04   42.0   23.2      --
 75  04/05/2020  0200    30.5   22.1    10.8     0.000   0   70.37   41.9   22.4      --
 76  04/05/2020  0300    30.1   22.6    10.1     0.000   0   73.23   41.8   21.6      --
 77  04/05/2020  0400    29.7   22.7     9.4     0.000   0   74.85   41.7   20.9  no_inv
 78  04/05/2020  0500    29.3   22.8     8.4     0.000   0   76.25   41.8   18.5      --
 79  04/05/2020  0600    29.1   21.3     7.3     0.000   0   72.32   42.1   16.2      --
 80  04/05/2020  0700    29.1   19.0     6.3     0.000   0   65.42   42.4   13.9      --
 81  04/05/2020  0800    29.6   22.2     5.2     0.000   0   73.65   42.8   11.6      --
 82  04/05/2020  0900    30.4   23.0     4.2     0.000   0   73.36   43.4    9.2      --
 83  04/05/2020  1000    31.7   26.8     3.1     0.000   5   81.63   44.5    6.9    3037
 84  04/05/2020  1100    35.0   26.8     3.0     0.000   5   71.49   38.4    6.2      --
 85  04/05/2020  1200    40.8   26.8     2.8     0.000   0   56.94   30.9    5.6      --
 86  04/05/2020  1300    45.6   26.8     2.6     0.000   0   47.35   21.5    5.0      --
 87  04/05/2020  1400    48.1   26.8     2.4     0.000   0   43.12   10.4    4.7      --
 88  04/05/2020  1500    49.2   26.8     2.2     0.000   0   41.36  357.9    4.5      --
 89  04/05/2020  1600    49.1   26.8     2.1     0.000   0   41.53  345.1    4.6  no_inv
 90  04/05/2020  1700    46.8   26.8     2.2     0.000   0   45.26  346.6    5.0      --
 91  04/05/2020  1800    46.2   26.8     2.4     0.000   0   46.51  348.0    5.4      --
 92  04/05/2020  1900    44.8   26.8     2.6     0.000   0   48.95  349.1    5.8      --
 93  04/05/2020  2000    44.0   26.8     2.8     0.000   0   50.40  350.0    6.2      --
 94  04/05/2020  2100    41.7   28.5     3.0     0.000   0   59.17  350.9    6.7      --
 95  04/05/2020  2200    39.3   32.2     3.2     0.010   0   75.29  351.6    7.1  no_inv
 96  04/05/2020  2300    37.0   31.0     4.5     0.000   0   78.64    8.1    9.2      --
 97  04/06/2020  0000    35.9   30.7     5.7     0.000   0   81.29   17.9   11.8      --
 98  04/06/2020  0100    34.9   30.8     6.9     0.000   0   84.98   24.1   14.6      --
 99  04/06/2020  0200    34.0   30.9     8.2     0.000   0   88.51   28.2   17.5      --
100  04/06/2020  0300    33.2   30.5     9.4     0.000   0   89.93   31.2   20.5      --
101  04/06/2020  0400    32.5   30.0    10.7     0.000   0   90.17   33.4   23.6      63
102  04/06/2020  0500    32.0   29.5     9.2     0.000   0   90.29   31.6   19.5      --
103  04/06/2020  0600    31.8   29.2     7.7     0.000   5   90.10   29.0   15.5      --
104  04/06/2020  0700    32.1   28.2     6.2     0.000   5   85.47   24.5   11.5      --
105  04/06/2020  0800    33.0   27.5     4.7     0.000   0   79.72   15.4    7.7      --
106  04/06/2020  0900    34.6   27.4     3.2     0.000   0   74.63  351.2    4.4      --
107  04/06/2020  1000    36.8   27.4     1.7     0.000   0   68.37  291.1    3.7     508
108  04/06/2020  1100    39.3   27.4     5.2     0.000   0   61.89  287.3    7.8      --
109  04/06/2020  1200    42.4   27.3     8.7     0.000   0   54.83  286.2   12.0      --
110  04/06/2020  1300    44.8   27.7    12.3     0.000   0   50.89  285.6   16.2      --
111  04/06/2020  1400    45.9   27.3    15.8     0.000   0   48.08  285.3   20.4      --
112  04/06/2020  1500    46.3   27.3    19.4     0.000   0   47.17  285.1   24.6      --
113  04/06/2020  1600    46.5   27.3    22.9     0.000   0   46.94  284.9   28.8    5976
114  04/06/2020  1700    46.3   27.2    21.5     0.000   0   47.12  286.4   27.4      --
115  04/06/2020  1800    45.4   27.1    20.2     0.000   0   48.60  288.0   26.1      --
116  04/06/2020  1900    43.4   27.0    18.8     0.000   0   51.90  289.8   24.8      --
117  04/06/2020  2000    42.4   26.7    17.4     0.000   0   53.51  291.7   23.5      --
118  04/06/2020  2100    40.0   26.4    16.0     0.000   0   57.89  293.9   22.2      --
119  04/06/2020  2200    37.7   26.1    14.7     0.000   0   62.63  296.4   21.0    3170
120  04/06/2020  2300    37.0   25.8    13.6     0.000   0   63.49  296.1   20.0      --
121  04/07/2020  0000    36.9   25.5    12.6     0.000   0   63.03  295.9   19.0      --
122  04/07/2020  0100    36.8   26.8    11.5     0.000   0   66.75  295.6   17.9      --
123  04/07/2020  0200    36.6   26.9    10.4     0.000   0   67.67  295.2   16.9      --
124  04/07/2020  0300    36.4   27.0     9.4     0.000   0   68.18  294.8   15.9      --
125  04/07/2020  0400    36.3   26.9     8.3     0.000   0   68.53  294.4   14.8     230
126  04/07/2020  0500    36.1   27.3     7.4     0.000   0   70.19  298.9   12.7      --
127  04/07/2020  0600    35.9   28.1     6.5     0.000   0   73.06  305.1   10.7      --
128  04/07/2020  0700    36.2   28.4     5.6     0.000   0   73.09  314.0    8.8      --
129  04/07/2020  0800    37.0   27.5     4.6     0.000   0   68.21  327.1    7.3      --
130  04/07/2020  0900    38.4   27.5     3.7     0.000   0   64.59  345.6    6.3      --
131  04/07/2020  1000    40.3   27.5     2.8     0.000   0   59.91    7.5    6.2    5986
132  04/07/2020  1100    42.7   27.5     2.9     0.000   0   54.66  356.2    5.9      --
133  04/07/2020  1200    46.3   27.5     3.1     0.000   0   47.55  344.5    5.9      --
134  04/07/2020  1300    49.3   27.5     3.2     0.000   0   42.48  333.1    6.2      --
135  04/07/2020  1400    50.9   27.5     3.3     0.000   0   40.08  322.9    6.6      --
136  04/07/2020  1500    51.6   27.5     3.5     0.000   0   39.03  314.3    7.2      --
137  04/07/2020  1600    51.9   27.5     3.6     0.000   0   38.61  307.1    8.0    6783
138  04/07/2020  1700    51.9   27.5     4.8     0.000   0   38.68  327.2    7.6      --
139  04/07/2020  1800    50.6   27.5     5.9     0.000   0   40.48  346.8    8.2      --
140  04/07/2020  1900    48.1   28.4     7.1     0.000   0   46.14    2.3    9.5      --
141  04/07/2020  2000    46.7   28.3     8.2     0.000   0   48.47   13.4   11.4      --
142  04/07/2020  2100    44.4   27.8     9.4     0.000   0   51.75   21.1   13.6      --
143  04/07/2020  2200    42.0   27.0    10.5     0.000   0   54.83   26.7   15.9    6139
144  04/07/2020  2300    40.8   26.5     9.9     0.000   0   56.52   27.8   14.8      --
145  04/08/2020  0000    40.2   26.0     9.3     0.000   0   56.41   29.1   13.6      --
146  04/08/2020  0100    39.7   25.5     8.7     0.000   0   56.46   30.7   12.6      --
147  04/08/2020  0200    39.2   25.1     8.1     0.000   0   56.72   32.6   11.4      --
148  04/08/2020  0300    38.7   25.3     7.6     0.000   0   58.15   34.8   10.4      --
149  04/08/2020  0400    38.3   25.8     7.0     0.000   0   60.23   37.6    9.3     481
150  04/08/2020  0500    38.0   26.5     6.1     0.000   0   62.99   41.6    7.4      --
151  04/08/2020  0600    37.7   28.3     5.2     0.000   0   68.60   48.3    5.6      --
152  04/08/2020  0700    38.0   27.5     4.3     0.000   0   65.65   61.1    3.9      --
153  04/08/2020  0800    38.7   31.1     3.5     0.000   0   73.77   88.7    2.7      --
154  04/08/2020  0900    40.1   31.1     2.6     0.000   0   69.89  132.6    2.6      --
155  04/08/2020  1000    42.1   31.1     1.7     0.000   0   64.75  162.0    3.8    2783
156  04/08/2020  1100    44.6   31.1     3.2     0.000   0   58.75  204.7    3.1      --
157  04/08/2020  1200    49.2   31.1     4.8     0.000   0   49.39  242.2    4.2      --
158  04/08/2020  1300    53.4   31.4     6.3     0.000   0   42.84  259.5    6.3      --
159  04/08/2020  1400    55.8   31.4     7.8     0.000   0   39.29  267.8    8.6      --
160  04/08/2020  1500    57.0   31.9     9.3     0.000   0   38.40  272.5   11.1      --
161  04/08/2020  1600    57.6   32.0    10.9     0.000   0   37.76  275.5   13.6    4686
162  04/08/2020  1700    57.8   31.8    12.1     0.000   0   37.20  279.1   15.4      --
163  04/08/2020  1800    56.4   31.5    13.3     0.000   0   38.60  282.0   17.2      --
164  04/08/2020  1900    53.5   31.2    14.6     0.000   0   42.48  284.4   19.1      --
165  04/08/2020  2000    51.9   31.1    15.8     0.000   0   44.81  286.2   21.1      --
166  04/08/2020  2100    49.5   31.1    17.0     0.000   0   48.85  287.8   23.0      --
167  04/08/2020  2200    47.2   31.1    18.2     0.000   0   53.33  289.2   25.0      97
