  Generated by FoxLW on Thursday April 2, 2020 at 02:32 PDT
-------------------------------------------------------------------------------
  Ten Mile
  48.8700:-122.4800  (48 52' 12.00"N  122 28' 48.00"W)  elev 68.9 feet    file: 330025
-------------------------------------------------------------------------------

Line#   Date     Hour   TempF  DewPtF WS(mph)  Rain(in) LW    RH%  WDir_50m WS_50m Inv(ft)
  5  04/02/2020  0400    34.2   20.0     2.4     0.000   0   55.59   45.8    9.3    1158
  6  04/02/2020  0500    33.8   20.2     2.3     0.000   0   56.99   44.8    7.2      --
  7  04/02/2020  0600    33.6   25.6     2.1     0.000   0   72.32   42.8    5.1      --
  8  04/02/2020  0700    33.6   31.0     2.0     0.000   0   90.06   38.2    3.0      --
  9  04/02/2020  0800    33.9   32.1     1.8     0.000   5   92.98   15.2    1.1      --
 10  04/02/2020  0900    35.0   32.1     1.7     0.000  10   89.12  255.4    1.4      --
 11  04/02/2020  1000    36.0   32.4     1.5     0.040   7   86.81  239.7    3.4  no_inv
 12  04/02/2020  1100    37.4   32.1     2.0     0.000   0   81.04  233.7    4.3      --
 13  04/02/2020  1200    40.5   32.1     2.5     0.000   0   71.76  229.9    5.3      --
 14  04/02/2020  1300    43.4   32.1     2.9     0.000   0   64.18  227.2    6.3      --
 15  04/02/2020  1400    45.3   32.1     3.4     0.000   0   59.70  225.3    7.2      --
 16  04/02/2020  1500    46.6   32.1     3.9     0.000   0   56.80  223.9    8.2      --
 17  04/02/2020  1600    47.5   32.1     4.3     0.000   0   55.06  222.7    9.2  no_inv
 18  04/02/2020  1700    47.3   32.2     3.8     0.000   0   55.36  224.9    8.5      --
 19  04/02/2020  1800    47.0   32.2     3.3     0.000   0   56.27  227.4    7.8      --
 20  04/02/2020  1900    46.3   32.2     2.7     0.000   0   57.62  230.4    7.1      --
 21  04/02/2020  2000    45.9   32.2     2.2     0.000   0   58.49  234.1    6.4      --
 22  04/02/2020  2100    43.5   32.2     1.7     0.000   0   63.94  238.6    5.7      --
 23  04/02/2020  2200    41.2   32.2     1.2     0.000   0   69.97  244.3    5.1  no_inv
 24  04/02/2020  2300    39.1   32.2     1.4     0.000   0   75.85  235.4    6.2      --
 25  04/03/2020  0000    38.2   32.2     1.7     0.000   0   78.55  229.2    7.4      --
 26  04/03/2020  0100    37.4   32.2     2.0     0.000   0   81.21  224.8    8.6      --
 27  04/03/2020  0200    36.6   32.2     2.3     0.000   0   83.73  221.6    9.9      --
 28  04/03/2020  0300    35.9   32.2     2.6     0.000   0   86.01  219.0   11.2      --
 29  04/03/2020  0400    35.3   32.2     2.8     0.000   0   87.99  217.1   12.6  no_inv
 30  04/03/2020  0500    34.9   32.2     4.1     0.000   0   89.60  222.3   12.9      --
 31  04/03/2020  0600    34.6   32.6     5.4     0.000   0   92.26  227.3   13.4      --
 32  04/03/2020  0700    35.8   33.9     6.7     0.000   0   93.04  231.9   14.0      --
 33  04/03/2020  0800    35.6   35.1     8.0     0.000   5   97.81  236.1   14.6      --
 34  04/03/2020  0900    37.0   32.8     9.3     0.000   5   84.75  239.9   15.4      --
 35  04/03/2020  1000    38.8   32.5    10.6     0.000   0   78.10  243.3   16.2  no_inv
 36  04/03/2020  1100    40.8   32.2    10.1     0.000   0   71.29  243.9   15.5      --
 37  04/03/2020  1200    42.8   32.0     9.6     0.000   0   65.38  244.6   14.8      --
 38  04/03/2020  1300    44.2   32.2     9.2     0.000   0   62.41  245.3   14.1      --
 39  04/03/2020  1400    45.0   32.6     8.7     0.000   0   61.41  246.1   13.4      --
 40  04/03/2020  1500    45.5   33.0     8.2     0.000   0   61.42  247.0   12.7      --
 41  04/03/2020  1600    45.8   33.6     7.8     0.000   0   62.19  247.9   12.0   10389
 42  04/03/2020  1700    45.5   33.6     6.9     0.000   0   62.91  248.5    9.1      --
 43  04/03/2020  1800    44.0   33.0     6.0     0.000   0   64.98  249.6    6.2      --
 44  04/03/2020  1900    41.1   32.9     5.1     0.000   0   72.33  252.6    3.3      --
 45  04/03/2020  2000    39.5   33.2     2.5     0.000   0   77.96  290.0    0.5      --
 46  04/03/2020  2100    37.1   33.3     1.4     0.000   0   85.97   57.7    2.5      --
 47  04/03/2020  2200    34.8   33.5     0.7     0.000   5   94.91   62.2    5.4    9328
 48  04/03/2020  2300    34.6   33.3     1.1     0.000  10   94.92   64.4    5.2      --
 49  04/04/2020  0000    34.6   33.2     1.5     0.000  10   94.33   66.7    5.0      --
 50  04/04/2020  0100    34.9   33.0     1.8     0.000  10   92.90   69.2    4.8      --
 51  04/04/2020  0200    35.1   32.9     2.1     0.000  10   91.57   72.0    4.6      --
 52  04/04/2020  0300    35.1   33.2     2.0     0.000  10   92.84   75.0    4.4      --
 53  04/04/2020  0400    35.9   34.1     1.9     0.020  10   93.02   78.2    4.3    7678
 54  04/04/2020  0500    35.4   32.8     1.8     0.000  10   90.04   74.2    3.8      --
 55  04/04/2020  0600    36.0   33.2     1.6     0.000  10   89.40   69.3    3.4      --
 56  04/04/2020  0700    35.8   33.3     1.5     0.000  10   90.57   62.9    3.0      --
 57  04/04/2020  0800    36.8   34.3     1.3     0.000  10   90.61   54.7    2.6      --
 58  04/04/2020  0900    38.5   35.7     1.1     0.000  10   89.52   44.3    2.3      --
 59  04/04/2020  1000    40.4   36.9     1.0     0.000  10   87.23   31.5    2.2    8497
 60  04/04/2020  1100    43.3   37.6     2.8     0.000   5   80.35   24.2    4.3      --
 61  04/04/2020  1200    46.0   37.9     4.6     0.000   0   73.08   21.8    6.4      --
 62  04/04/2020  1300    48.1   36.4     6.3     0.000   0   63.54   20.5    8.6      --
 63  04/04/2020  1400    49.3   34.6     8.1     0.000   0   56.53   19.8   10.7      --
 64  04/04/2020  1500    50.2   32.8     9.9     0.000   0   51.11   19.3   12.9      --
 65  04/04/2020  1600    50.7   31.1    11.7     0.000   0   46.82   19.0   15.0  no_inv
 66  04/04/2020  1700    50.6   30.7    12.4     0.000   0   46.27   24.1   15.8      --
 67  04/04/2020  1800    49.6   30.3    13.1     0.000   0   47.17   28.8   16.8      --
 68  04/04/2020  1900    47.5   29.1    13.8     0.000   0   48.67   32.8   17.8      --
 69  04/04/2020  2000    46.3   28.4    14.5     0.000   0   49.21   36.5   19.0      --
 70  04/04/2020  2100    44.0   27.6    15.2     0.000   0   52.23   39.7   20.2      --
 71  04/04/2020  2200    41.7   27.1    15.9     0.000   0   55.96   42.5   21.4     719
 72  04/04/2020  2300    40.5   26.6    16.6     0.000   0   57.39   41.8   22.2      --
 73  04/05/2020  0000    39.7   26.2    17.5     0.000   0   58.10   41.1   23.1      --
 74  04/05/2020  0100    38.9   25.8    18.2     0.000   0   58.92   40.5   23.9      --
 75  04/05/2020  0200    38.1   25.4    19.0     0.000   0   59.86   39.9   24.7      --
 76  04/05/2020  0300    37.5   25.2    19.9     0.000   0   60.94   39.3   25.5      --
 77  04/05/2020  0400    36.9   25.2    20.7     0.000   0   62.14   38.8   26.4    1393
 78  04/05/2020  0500    36.5   25.3    18.9     0.000   0   63.63   36.0   23.9      --
 79  04/05/2020  0600    36.2   25.7    17.2     0.000   0   65.32   32.6   21.4      --
 80  04/05/2020  0700    36.6   26.3    15.5     0.000   0   65.78   28.3   19.1      --
 81  04/05/2020  0800    38.0   27.1    13.7     0.000   0   64.46   22.8   16.9      --
 82  04/05/2020  0900    40.2   28.0    12.0     0.000   0   61.46   15.8   14.9      --
 83  04/05/2020  1000    42.9   29.0    10.2     0.000   0   57.63    6.8   13.1  no_inv
 84  04/05/2020  1100    45.3   29.9     9.6     0.000   0   54.62    7.6   12.7      --
 85  04/05/2020  1200    47.2   30.8     8.9     0.000   0   52.83    8.5   12.2      --
 86  04/05/2020  1300    48.5   32.1     8.2     0.000   0   52.84    9.4   11.8      --
 87  04/05/2020  1400    49.2   32.8     7.5     0.000   0   53.04   10.4   11.3      --
 88  04/05/2020  1500    49.6   33.2     6.8     0.000   0   53.04   11.6   10.9      --
 89  04/05/2020  1600    49.8   33.4     6.1     0.000   0   53.10   12.7   10.4  no_inv
 90  04/05/2020  1700    49.5   33.4     6.0     0.000   0   53.66   17.2   10.5      --
 91  04/05/2020  1800    47.6   33.1     5.8     0.000   0   57.09   21.5   10.6      --
 92  04/05/2020  1900    43.6   32.9     5.7     0.000   0   65.82   25.8   10.8      --
 93  04/05/2020  2000    41.4   32.8     5.6     0.000   0   71.29   29.9   11.0      --
 94  04/05/2020  2100    39.0   32.6     5.4     0.000   0   77.62   33.8   11.3      --
 95  04/05/2020  2200    36.7   32.6     5.3     0.000   0   84.89   37.5   11.7     806
 96  04/05/2020  2300    35.7   32.4     5.5     0.000   0   87.40   35.9   12.1      --
 97  04/06/2020  0000    35.1   32.0     5.7     0.000   0   88.43   34.4   12.5      --
 98  04/06/2020  0100    34.4   31.6     5.9     0.000   0   89.48   33.1   13.0      --
 99  04/06/2020  0200    33.7   31.2     6.1     0.000   0   90.54   31.8   13.4      --
100  04/06/2020  0300    33.0   30.4     6.3     0.000   0   90.26   30.6   13.9      --
101  04/06/2020  0400    32.3   29.8     6.5     0.000   0   90.34   29.5   14.3     213
102  04/06/2020  0500    31.6   30.0     5.8     0.000   5   93.55   25.0   12.1      --
103  04/06/2020  0600    31.2   30.3     3.2     0.000  10   96.41   18.5   10.0      --
104  04/06/2020  0700    31.9   31.1     3.7     0.000  10   96.98    8.7    8.0      --
105  04/06/2020  0800    34.4   32.7     3.9     0.000  10   93.54  353.5    6.5      --
106  04/06/2020  0900    38.1   32.2     3.2     0.000   5   79.13  331.4    5.6      --
107  04/06/2020  1000    42.6   32.2     2.6     0.000   0   66.51  306.4    5.8    6828
108  04/06/2020  1100    46.4   32.2     3.1     0.000   0   57.48  299.1    6.3      --
109  04/06/2020  1200    48.8   32.2     3.5     0.000   0   52.48  293.1    6.9      --
110  04/06/2020  1300    50.7   32.2     4.0     0.000   0   48.98  288.1    7.6      --
111  04/06/2020  1400    51.6   32.2     4.5     0.000   0   47.31  283.9    8.3      --
112  04/06/2020  1500    52.3   32.2     5.0     0.000   0   46.19  280.4    9.1      --
113  04/06/2020  1600    52.7   32.2     5.4     0.000   0   45.54  277.5    9.9    7868
114  04/06/2020  1700    52.8   32.2     4.7     0.000   0   45.39  281.7    7.9      --
115  04/06/2020  1800    51.2   32.3     4.0     0.000   0   48.30  288.6    6.0      --
116  04/06/2020  1900    47.8   32.2     3.2     0.000   0   54.58  301.2    4.3      --
117  04/06/2020  2000    46.0   32.2     2.5     0.000   0   58.49  326.9    3.1      --
118  04/06/2020  2100    43.6   32.2     1.8     0.000   0   63.94    7.0    2.9      --
119  04/06/2020  2200    41.3   32.2     1.0     0.000   0   69.96   36.7    4.0    1048
120  04/06/2020  2300    39.8   32.2     1.0     0.000   0   74.03   35.3    4.0      --
121  04/07/2020  0000    38.5   32.3     0.9     0.000   0   78.12   34.0    4.0      --
122  04/07/2020  0100    37.1   32.3     0.8     0.000   0   82.42   32.6    4.0      --
123  04/07/2020  0200    36.2   32.3     0.6     0.000   5   85.50   31.3    4.0      --
124  04/07/2020  0300    35.6   32.3     0.5     0.000  10   87.51   29.9    4.0      --
125  04/07/2020  0400    35.3   32.3     0.4     0.000  10   88.52   28.6    4.0    1104
126  04/07/2020  0500    35.4   32.3     0.6     0.000  10   88.27   19.6    2.9      --
127  04/07/2020  0600    35.3   32.4     0.8     0.000  10   88.88    1.2    2.0      --
128  04/07/2020  0700    35.8   32.9     1.0     0.000  10   89.20  323.5    1.5      --
129  04/07/2020  0800    37.6   34.1     1.4     0.000  10   87.02  283.4    1.9      --
130  04/07/2020  0900    40.6   36.1     1.6     0.000   5   83.79  263.1    2.8      --
131  04/07/2020  1000    44.1   36.3     1.7     0.000   0   73.96  253.4    3.8    6383
132  04/07/2020  1100    47.3   37.0     2.4     0.000   0   67.40  273.4    4.2      --
133  04/07/2020  1200    49.6   37.3     3.0     0.000   0   62.24  288.4    5.1      --
134  04/07/2020  1300    51.4   37.3     3.6     0.000   0   58.33  298.8    6.1      --
135  04/07/2020  1400    52.3   37.2     4.3     0.000   0   56.27  306.0    7.3      --
136  04/07/2020  1500    52.9   37.2     4.9     0.000   0   54.85  311.1    8.6      --
137  04/07/2020  1600    53.3   37.0     5.5     0.000   0   53.96  314.8    9.9    6429
138  04/07/2020  1700    53.1   37.0     5.2     0.000   0   54.07  331.2    9.1      --
139  04/07/2020  1800    51.4   36.9     4.8     0.000   0   57.61  349.2    9.1      --
140  04/07/2020  1900    47.8   37.1     4.5     0.000   0   66.33    5.6    9.9      --
141  04/07/2020  2000    45.8   37.1     4.2     0.000   0   71.46   18.6   11.4      --
142  04/07/2020  2100    43.5   37.1     3.8     0.000   0   78.12   28.2   13.3      --
143  04/07/2020  2200    41.1   37.1     3.5     0.000   0   85.48   35.3   15.5    1244
144  04/07/2020  2300    39.1   37.1     3.5     0.000   5   92.65   34.2   15.5      --
145  04/08/2020  0000    37.5   36.6     3.5     0.000  10   96.51   33.2   15.5      --
146  04/08/2020  0100    35.9   35.0     3.5     0.000  10   96.49   32.1   15.5      --
147  04/08/2020  0200    34.5   33.6     3.5     0.000  10   96.47   31.0   15.5      --
148  04/08/2020  0300    33.2   32.3     3.5     0.000  10   96.44   29.9   15.5      --
149  04/08/2020  0400    32.1   31.2     3.5     0.000  10   96.43   28.9   15.5    1254
150  04/08/2020  0500    31.2   30.3     3.3     0.000  10   96.41   24.8   13.0      --
151  04/08/2020  0600    30.8   29.9     3.2     0.000  10   96.40   18.9   10.6      --
152  04/08/2020  0700    31.6   31.0     2.1     0.000  10   97.61    9.8    8.4      --
153  04/08/2020  0800    34.9   34.4     2.6     0.000  10   98.17  355.0    6.6      --
154  04/08/2020  0900    40.5   34.4     2.7     0.000   5   78.46  331.9    5.5      --
155  04/08/2020  1000    46.6   34.4     2.5     0.000   0   62.22  304.1    5.5    3989
156  04/08/2020  1100    52.0   34.4     2.7     0.000   0   50.81  296.2    5.8      --
157  04/08/2020  1200    55.6   34.4     2.9     0.000   0   44.54  289.0    6.1      --
158  04/08/2020  1300    58.0   34.4     3.1     0.000   0   40.81  282.5    6.5      --
159  04/08/2020  1400    59.1   34.4     3.2     0.000   0   39.31  276.9    6.9      --
160  04/08/2020  1500    59.6   34.4     3.4     0.000   0   38.64  272.0    7.4      --
161  04/08/2020  1600    59.7   34.4     3.6     0.000   0   38.53  267.8    8.0    5640
162  04/08/2020  1700    59.1   34.4     3.3     0.000   0   39.29  257.6    7.3      --
163  04/08/2020  1800    53.9   34.4     3.0     0.000   0   47.38  245.7    6.9      --
164  04/08/2020  1900    43.3   34.4     2.8     0.000   0   70.43  232.9    6.8      --
165  04/08/2020  2000    37.5   34.4     1.5     0.000   5   88.36  220.4    7.1      --
166  04/08/2020  2100    35.1   34.4     1.0     0.000  10   96.93  209.2    7.6      --
167  04/08/2020  2200    32.8   32.2     0.6     0.000  10   97.44  199.8    8.4    1109
