  Generated by FoxLW on Thursday April 2, 2020 at 02:32 PDT
-------------------------------------------------------------------------------
  Chelan South
  47.8400:-120.0900  (47 50' 24.00"N  120 5' 24.00"W)  elev 1171.3 feet    file: 330035
-------------------------------------------------------------------------------

Line#   Date     Hour   TempF  DewPtF WS(mph)  Rain(in) LW    RH%  WDir_50m WS_50m Inv(ft)
  5  04/02/2020  0400    25.5   13.5     3.5     0.000   0   59.83   47.2    7.9    2690
  6  04/02/2020  0500    25.0   13.8     3.2     0.000   0   61.82   51.9    6.9      --
  7  04/02/2020  0600    24.6   19.2     2.9     0.000   5   79.52   58.1    6.1      --
  8  04/02/2020  0700    24.9   24.6     2.6     0.000  10   98.53   66.3    5.2      --
  9  04/02/2020  0800    26.2   25.5     2.3     0.000  10   97.17   77.1    4.6      --
 10  04/02/2020  0900    28.5   25.5     2.0     0.000  10   88.37   90.8    4.2      --
 11  04/02/2020  1000    31.7   25.5     1.8     0.000  10   77.71  106.6    4.0  no_inv
 12  04/02/2020  1100    35.3   25.5     1.9     0.000   5   67.30  100.6    2.2      --
 13  04/02/2020  1200    38.8   25.5     2.0     0.000   0   58.68   57.0    0.6      --
 14  04/02/2020  1300    41.7   25.5     2.2     0.000   0   52.40  312.8    1.6      --
 15  04/02/2020  1400    43.2   25.5     2.3     0.000   0   49.29  302.7    3.3      --
 16  04/02/2020  1500    44.4   25.5     2.4     0.000   0   47.16  299.6    5.1      --
 17  04/02/2020  1600    45.1   25.5     2.5     0.000   0   45.87  298.1    6.9  no_inv
 18  04/02/2020  1700    45.5   25.5     2.5     0.000   0   45.23  289.4    5.6      --
 19  04/02/2020  1800    44.5   25.5     2.4     0.000   0   46.92  276.0    4.5      --
 20  04/02/2020  1900    42.6   25.5     2.4     0.000   0   50.62  255.7    3.8      --
 21  04/02/2020  2000    41.5   25.5     2.3     0.000   0   52.79  230.6    3.7      --
 22  04/02/2020  2100    39.1   25.5     2.3     0.000   0   57.82  208.4    4.2      --
 23  04/02/2020  2200    36.8   25.5     2.2     0.000   0   63.38  193.2    5.3  no_inv
 24  04/02/2020  2300    34.5   25.5     2.3     0.000   0   69.38  201.1    5.5      --
 25  04/03/2020  0000    32.8   25.5     2.5     0.000   0   74.39  208.3    5.8      --
 26  04/03/2020  0100    31.2   25.5     2.6     0.000   5   79.34  214.7    6.1      --
 27  04/03/2020  0200    29.8   25.5     2.7     0.000  10   84.04  220.3    6.6      --
 28  04/03/2020  0300    28.5   25.5     2.8     0.000  10   88.29  225.2    7.1      --
 29  04/03/2020  0400    27.6   25.5     2.9     0.000  10   91.88  229.4    7.6     206
 30  04/03/2020  0500    26.9   25.5     3.7     0.000  10   94.66  243.9    8.4      --
 31  04/03/2020  0600    26.5   25.5     4.5     0.000  10   96.23  255.4    9.6      --
 32  04/03/2020  0700    27.4   25.1     5.4     0.000  10   90.87  264.1   11.1      --
 33  04/03/2020  0800    30.0   24.1     6.2     0.000   5   78.39  270.6   12.8      --
 34  04/03/2020  0900    34.1   20.2     7.0     0.000   0   56.23  275.5   14.6      --
 35  04/03/2020  1000    38.8   20.5     7.8     0.000   0   47.19  279.4   16.5  no_inv
 36  04/03/2020  1100    42.9   20.7     8.2     0.000   0   40.76  276.7   17.5      --
 37  04/03/2020  1200    45.0   21.0     8.5     0.000   0   37.99  274.4   18.5      --
 38  04/03/2020  1300    46.4   21.9     8.8     0.000   0   37.64  272.3   19.6      --
 39  04/03/2020  1400    46.9   22.8     9.1     0.000   0   38.21  270.5   20.7      --
 40  04/03/2020  1500    47.1   23.5     9.5     0.000   0   39.21  268.8   21.9      --
 41  04/03/2020  1600    47.0   24.3     9.8     0.000   0   40.48  267.3   23.0  no_inv
 42  04/03/2020  1700    46.8   24.3     8.6     0.000   0   40.85  264.8   19.9      --
 43  04/03/2020  1800    43.9   23.5     7.3     0.000   0   44.08  261.4   16.8      --
 44  04/03/2020  1900    38.0   23.2     6.1     0.000   0   54.74  256.6   13.9      --
 45  04/03/2020  2000    34.7   22.9     4.8     0.000   0   61.61  249.2   11.0      --
 46  04/03/2020  2100    32.4   24.5     3.6     0.000   0   72.38  237.1    8.5      --
 47  04/03/2020  2200    30.1   25.8     2.4     0.010   5   83.88  216.8    6.7  no_inv
 48  04/03/2020  2300    27.6   24.6     2.3     0.000  10   88.45  214.7    4.7      --
 49  04/04/2020  0000    27.4   24.5     2.3     0.000  10   88.69  209.6    2.8      --
 50  04/04/2020  0100    27.1   24.3     2.2     0.000  10   89.21  185.9    1.0      --
 51  04/04/2020  0200    26.7   24.1     2.2     0.000  10   89.97   70.8    1.3      --
 52  04/04/2020  0300    26.2   23.9     2.2     0.000  10   90.90   53.3    3.1      --
 53  04/04/2020  0400    25.7   23.7     2.1     0.000  10   91.99   49.0    5.0    2517
 54  04/04/2020  0500    25.7   23.2     2.4     0.000  10   90.06   55.2    5.6      --
 55  04/04/2020  0600    25.3   23.1     2.7     0.000  10   91.16   60.2    6.2      --
 56  04/04/2020  0700    25.9   23.2     2.9     0.000  10   89.11   64.2    6.9      --
 57  04/04/2020  0800    27.6   23.5     3.2     0.000  10   84.40   67.5    7.6      --
 58  04/04/2020  0900    30.0   19.0     3.5     0.000   5   63.00   70.3    8.3      --
 59  04/04/2020  1000    35.1   16.6     3.7     0.000   0   46.48   72.6    9.1    7201
 60  04/04/2020  1100    39.9   16.6     3.5     0.000   0   38.39   73.2    8.5      --
 61  04/04/2020  1200    44.6   16.6     3.3     0.000   0   32.09   73.8    7.9      --
 62  04/04/2020  1300    48.1   16.6     3.1     0.000   0   28.09   74.5    7.4      --
 63  04/04/2020  1400    49.8   16.6     2.9     0.000   0   26.33   75.4    6.8      --
 64  04/04/2020  1500    50.7   16.6     2.7     0.000   0   25.48   76.4    6.3      --
 65  04/04/2020  1600    51.1   16.6     2.5     0.000   0   25.12   77.6    5.8    8830
 66  04/04/2020  1700    51.0   16.8     5.0     0.000   0   25.34   58.1    8.9      --
 67  04/04/2020  1800    49.6   17.1     7.5     0.000   0   27.08   49.2   12.5      --
 68  04/04/2020  1900    46.7   19.5    10.0     0.000   0   33.61   44.4   16.3      --
 69  04/04/2020  2000    45.0   18.2    12.6     0.000   0   33.70   41.4   20.1      --
 70  04/04/2020  2100    42.7   18.9    15.1     0.000   0   38.04   39.4   24.0      --
 71  04/04/2020  2200    40.4   19.7    17.6     0.000   0   43.08   37.9   27.9    2226
 72  04/04/2020  2300    39.2   20.5    15.4     0.000   0   46.73   37.5   25.2      --
 73  04/05/2020  0000    38.6   21.2    13.2     0.000   0   49.23   36.9   22.4      --
 74  04/05/2020  0100    38.2   23.2    11.0     0.000   0   54.56   36.2   19.6      --
 75  04/05/2020  0200    37.7   24.0     8.8     0.000   0   57.24   35.2   16.9      --
 76  04/05/2020  0300    37.4   21.5     6.6     0.000   0   52.26   33.8   14.1      --
 77  04/05/2020  0400    37.1   19.6     4.4     0.000   0   48.80   31.8   11.4  no_inv
 78  04/05/2020  0500    36.9   18.5     4.1     0.000   0   46.85   35.6   10.2      --
 79  04/05/2020  0600    36.7   16.7     3.8     0.000   0   43.72   40.3    9.1      --
 80  04/05/2020  0700    36.8   16.7     3.5     0.000   0   43.56   46.2    8.1      --
 81  04/05/2020  0800    37.3   22.1     3.2     0.000   0   53.89   53.7    7.2      --
 82  04/05/2020  0900    38.2   27.3     2.9     0.000   0   64.55   63.0    6.5      --
 83  04/05/2020  1000    39.5   27.3     2.6     0.000   0   61.27   74.4    6.0    5814
 84  04/05/2020  1100    41.9   27.3     2.4     0.000   0   55.78   69.6    4.7      --
 85  04/05/2020  1200    45.6   27.3     2.2     0.000   0   48.47   61.2    3.4      --
 86  04/05/2020  1300    48.9   27.3     2.0     0.000   0   42.75   44.0    2.3      --
 87  04/05/2020  1400    51.1   27.3     1.8     0.000   0   39.49    7.6    1.7      --
 88  04/05/2020  1500    52.6   27.3     1.6     0.000   0   37.32  325.8    2.1      --
 89  04/05/2020  1600    53.6   27.3     1.3     0.000   0   36.02  304.1    3.1  no_inv
 90  04/05/2020  1700    53.6   27.3     1.7     0.000   0   35.96  330.4    2.9      --
 91  04/05/2020  1800    53.0   27.3     2.0     0.000   0   36.88  354.1    3.4      --
 92  04/05/2020  1900    51.7   27.3     2.4     0.000   0   38.61   10.2    4.2      --
 93  04/05/2020  2000    51.0   27.3     2.7     0.000   0   39.66   20.3    5.3      --
 94  04/05/2020  2100    48.6   27.3     3.1     0.000   0   43.26   26.9    6.5      --
 95  04/05/2020  2200    46.3   27.3     3.4     0.000   0   47.24   31.4    7.8  no_inv
 96  04/05/2020  2300    43.2   27.3     3.6     0.000   0   53.03   30.4    8.7      --
 97  04/06/2020  0000    41.5   27.3     3.7     0.000   0   56.71   29.7    9.6      --
 98  04/06/2020  0100    39.9   27.3     3.8     0.000   0   60.38   29.1   10.4      --
 99  04/06/2020  0200    38.4   27.3     4.0     0.000   0   63.88   28.5   11.3      --
100  04/06/2020  0300    37.2   27.3     4.1     0.000   0   67.06   28.1   12.2      --
101  04/06/2020  0400    36.2   27.3     4.3     0.000   0   69.78   27.7   13.1     806
102  04/06/2020  0500    35.4   27.3     3.7     0.000   0   71.91   27.2   10.6      --
103  04/06/2020  0600    35.0   27.3     3.2     0.000   0   73.03   26.4    8.0      --
104  04/06/2020  0700    35.5   27.3     2.6     0.000   0   71.75   24.9    5.5      --
105  04/06/2020  0800    36.9   28.3     2.1     0.000   0   70.90   20.7    2.9      --
106  04/06/2020  0900    39.2   28.3     1.5     0.000   0   64.70  336.3    0.6      --
107  04/06/2020  1000    42.3   28.3     1.0     0.000   0   57.25  221.3    2.3    8442
108  04/06/2020  1100    46.0   28.3     2.1     0.000   0   49.81  271.8    3.9      --
109  04/06/2020  1200    50.3   28.3     3.2     0.000   0   42.39  287.1    6.6      --
110  04/06/2020  1300    53.7   28.8     4.4     0.000   0   38.06  293.4    9.5      --
111  04/06/2020  1400    55.5   29.2     5.5     0.000   0   36.29  296.7   12.4      --
112  04/06/2020  1500    56.4   29.7     6.6     0.000   0   35.80  298.7   15.4      --
113  04/06/2020  1600    56.8   30.1     7.7     0.000   0   35.91  300.1   18.4    8255
114  04/06/2020  1700    56.9   30.1     6.9     0.000   0   35.86  296.0   15.4      --
115  04/06/2020  1800    53.2   29.7     6.1     0.000   0   40.26  289.8   12.4      --
116  04/06/2020  1900    45.7   29.5     5.3     0.000   0   52.87  280.1    9.8      --
117  04/06/2020  2000    41.5   29.4     4.5     0.000   0   61.81  263.9    7.5      --
118  04/06/2020  2100    39.2   29.4     3.6     0.000   0   67.69  238.3    6.3      --
119  04/06/2020  2200    36.8   29.4     2.8     0.000   0   74.20  209.2    6.7    2895
120  04/06/2020  2300    35.1   29.4     2.8     0.000   0   79.45  209.8    6.7      --
121  04/07/2020  0000    35.0   29.4     2.8     0.000   0   79.98  210.3    6.7      --
122  04/07/2020  0100    34.6   29.4     2.7     0.000   0   81.05  210.8    6.8      --
123  04/07/2020  0200    34.2   29.4     2.7     0.000   0   82.50  211.3    6.8      --
124  04/07/2020  0300    33.7   29.4     2.7     0.000   0   84.26  211.8    6.8      --
125  04/07/2020  0400    33.1   29.4     2.7     0.000   0   86.23  212.3    6.9     464
126  04/07/2020  0500    32.5   29.4     2.3     0.000   0   88.38  210.3    5.6      --
127  04/07/2020  0600    32.0   29.4     2.0     0.000   0   89.83  207.3    4.4      --
128  04/07/2020  0700    33.1   29.4     1.6     0.000   0   86.11  201.9    3.2      --
129  04/07/2020  0800    35.9   28.9     1.3     0.000   0   75.63  190.4    2.1      --
130  04/07/2020  0900    40.3   28.9     0.9     0.000   0   63.65  157.8    1.2      --
131  04/07/2020  1000    45.6   28.9     0.6     0.000   0   51.83   97.3    1.3    6123
132  04/07/2020  1100    50.8   28.9     0.9     0.000   0   42.62   11.5    1.0      --
133  04/07/2020  1200    54.5   28.9     1.2     0.000   0   37.29  337.0    2.3      --
134  04/07/2020  1300    57.1   28.9     1.5     0.000   0   33.97  328.5    3.8      --
135  04/07/2020  1400    58.3   28.9     1.8     0.000   0   32.45  324.9    5.3      --
136  04/07/2020  1500    58.9   28.9     2.2     0.000   0   31.79  322.9    6.8      --
137  04/07/2020  1600    59.1   28.9     2.5     0.000   0   31.54  321.7    8.4    8614
138  04/07/2020  1700    59.0   28.9     2.9     0.000   0   31.62  332.9    8.4      --
139  04/07/2020  1800    56.0   28.9     3.4     0.000   0   35.25  343.6    8.7      --
140  04/07/2020  1900    49.8   28.9     3.8     0.000   0   44.22  353.4    9.2      --
141  04/07/2020  2000    46.5   28.9     4.3     0.000   0   50.23    1.8   10.1      --
142  04/07/2020  2100    44.1   28.9     4.7     0.000   0   54.90    8.8   11.1      --
143  04/07/2020  2200    41.8   28.9     5.2     0.000   0   60.03   14.5   12.2    7622
144  04/07/2020  2300    39.2   28.9     4.5     0.000   0   66.44   15.7   10.4      --
145  04/08/2020  0000    38.0   28.9     3.8     0.000   0   69.54   17.4    8.6      --
146  04/08/2020  0100    36.8   28.9     3.0     0.000   0   72.78   20.0    6.8      --
147  04/08/2020  0200    35.8   28.9     2.3     0.000   0   76.01   24.3    5.1      --
148  04/08/2020  0300    34.7   28.9     1.6     0.000   0   79.12   33.2    3.4      --
149  04/08/2020  0400    33.8   28.9     0.9     0.000   0   81.97   57.5    1.9     732
150  04/08/2020  0500    33.1   28.9     0.9     0.000   0   84.47   76.1    1.5      --
151  04/08/2020  0600    32.7   28.9     1.0     0.000   0   86.00  101.2    1.4      --
152  04/08/2020  0700    33.5   28.9     1.1     0.000   0   83.04  125.5    1.6      --
153  04/08/2020  0800    35.9   31.1     1.2     0.000   0   82.54  142.8    2.0      --
154  04/08/2020  0900    39.9   31.1     1.2     0.000   0   70.59  153.8    2.5      --
155  04/08/2020  1000    45.1   31.1     1.3     0.000   0   57.77  160.9    3.0    3619
156  04/08/2020  1100    50.9   31.1     2.0     0.000   0   46.57  213.2    3.3      --
157  04/08/2020  1200    56.5   31.1     2.6     0.000   0   37.96  240.6    5.2      --
158  04/08/2020  1300    60.9   31.1     3.2     0.000   0   32.41  251.7    7.7      --
159  04/08/2020  1400    63.3   31.1     3.8     0.000   0   29.76  257.3   10.4      --
160  04/08/2020  1500    64.6   31.1     4.4     0.000   0   28.48  260.6   13.1      --
161  04/08/2020  1600    65.3   31.1     5.1     0.000   0   27.80  262.8   15.8  no_inv
162  04/08/2020  1700    65.5   31.1     5.1     0.000   0   27.58  258.5   15.0      --
163  04/08/2020  1800    62.2   31.1     5.2     0.000   0   30.89  253.7   14.2      --
164  04/08/2020  1900    55.6   31.3     5.2     0.000   0   39.38  248.4   13.6      --
165  04/08/2020  2000    52.0   31.4     5.3     0.000   0   45.07  242.7   13.1      --
166  04/08/2020  2100    49.7   31.4     5.3     0.000   0   49.23  236.6   12.7      --
167  04/08/2020  2200    47.3   31.4     5.4     0.000   0   53.82  230.1   12.5     742
