  Generated by FoxLW on Thursday April 2, 2020 at 02:32 PDT
-------------------------------------------------------------------------------
  Thorp
  47.0800:-120.6900  (47 4' 48.00"N  120 41' 24.00"W)  elev 1689.6 feet    file: 330036
-------------------------------------------------------------------------------

Line#   Date     Hour   TempF  DewPtF WS(mph)  Rain(in) LW    RH%  WDir_50m WS_50m Inv(ft)
  5  04/02/2020  0400    27.9   20.9     7.8     0.000   0   74.65  309.1   17.0    1623
  6  04/02/2020  0500    27.6   21.2     6.6     0.000   0   76.37  308.8   14.0      --
  7  04/02/2020  0600    27.4   21.9     5.4     0.000   5   79.61  308.3   10.9      --
  8  04/02/2020  0700    28.0   23.1     4.2     0.000  10   81.76  307.4    7.9      --
  9  04/02/2020  0800    29.8   28.5     3.0     0.000  10   95.15  305.5    4.9      --
 10  04/02/2020  0900    32.5   32.5     1.8     0.000  10  100.00  297.3    1.9      --
 11  04/02/2020  1000    35.3   34.2     0.6     0.000  10   95.65  149.9    1.3  no_inv
 12  04/02/2020  1100    37.0   34.2     1.8     0.000  10   89.50  277.0    1.7      --
 13  04/02/2020  1200    37.8   34.2     3.0     0.000   5   86.68  291.0    4.2      --
 14  04/02/2020  1300    38.3   32.3     4.2     0.000   0   78.97  294.4    6.9      --
 15  04/02/2020  1400    38.5   33.7     5.4     0.000   0   82.95  295.9    9.5      --
 16  04/02/2020  1500    38.5   34.3     6.6     0.020   0   84.72  296.7   12.2      --
 17  04/02/2020  1600    38.4   34.8     7.8     0.090  10   86.74  297.3   14.8  no_inv
 18  04/02/2020  1700    38.2   34.6     7.8     0.050  10   86.69  300.0   17.5      --
 19  04/02/2020  1800    36.8   33.7     7.8     0.020   5   88.10  301.9   20.2      --
 20  04/02/2020  1900    34.0   32.6     7.9     0.000   0   94.43  303.4   23.0      --
 21  04/02/2020  2000    32.5   31.0     7.9     0.000   0   94.35  304.6   25.7      --
 22  04/02/2020  2100    30.1   29.0     7.9     0.000   5   95.45  305.6   28.5      --
 23  04/02/2020  2200    27.8   27.0     8.0     0.000  10   96.65  306.4   31.2     842
 24  04/02/2020  2300    27.2   26.4     8.2     0.000  10   96.51  308.5   31.2      --
 25  04/03/2020  0000    26.9   26.0     8.4     0.000  10   96.33  310.7   31.2      --
 26  04/03/2020  0100    26.5   25.6     8.7     0.000  10   96.17  312.9   31.3      --
 27  04/03/2020  0200    26.1   25.1     8.9     0.000  10   96.03  315.1   31.4      --
 28  04/03/2020  0300    25.7   24.7     9.1     0.000  10   95.94  317.2   31.5      --
 29  04/03/2020  0400    25.2   24.2     9.4     0.000  10   95.93  319.4   31.7    2272
 30  04/03/2020  0500    26.1   23.0     9.6     0.000  10   87.97  317.8   30.6      --
 31  04/03/2020  0600    25.9   22.8     9.9     0.000  10   88.14  316.0   29.6      --
 32  04/03/2020  0700    26.5   23.1    10.1     0.000   5   86.59  314.2   28.5      --
 33  04/03/2020  0800    27.7   24.0    10.3     0.000   0   85.60  312.2   27.5      --
 34  04/03/2020  0900    29.9   23.2    10.6     0.000   0   75.75  310.1   26.6      --
 35  04/03/2020  1000    34.5   21.2    10.8     0.000   0   57.98  307.8   25.7  no_inv
 36  04/03/2020  1100    38.9   21.4    10.8     0.000   0   48.96  306.8   25.7      --
 37  04/03/2020  1200    42.7   21.6    10.8     0.000   0   42.56  305.8   25.7      --
 38  04/03/2020  1300    45.5   22.3    10.9     0.000   0   39.54  304.7   25.7      --
 39  04/03/2020  1400    46.9   23.0    10.9     0.000   0   38.62  303.7   25.7      --
 40  04/03/2020  1500    47.6   23.7    10.9     0.000   0   38.73  302.7   25.7      --
 41  04/03/2020  1600    47.8   24.3    10.9     0.000   0   39.33  301.7   25.8  no_inv
 42  04/03/2020  1700    47.8   24.4    10.6     0.000   0   39.59  302.6   26.6      --
 43  04/03/2020  1800    44.7   23.8    10.3     0.000   0   43.34  303.5   27.5      --
 44  04/03/2020  1900    38.4   23.9    10.1     0.000   0   55.57  304.2   28.4      --
 45  04/03/2020  2000    35.0   23.3     9.8     0.000   0   61.92  305.0   29.3      --
 46  04/03/2020  2100    32.6   22.2     9.6     0.000   0   65.14  305.7   30.2      --
 47  04/03/2020  2200    30.3   21.7     9.3     0.000   0   69.88  306.4   31.1    4529
 48  04/03/2020  2300    28.2   21.1     8.2     0.000   0   74.34  307.2   27.1      --
 49  04/04/2020  0000    27.5   21.4     7.1     0.000   0   77.67  308.5   23.1      --
 50  04/04/2020  0100    26.7   22.1     6.0     0.000   0   82.39  310.1   19.2      --
 51  04/04/2020  0200    25.9   22.6     4.9     0.000   5   86.88  312.7   15.2      --
 52  04/04/2020  0300    25.1   23.5     3.8     0.000  10   93.39  317.1   11.3      --
 53  04/04/2020  0400    24.4   23.5     2.8     0.000  10   96.25  325.9    7.6    7770
 54  04/04/2020  0500    23.8   22.9     3.0     0.000  10   96.29  329.3    4.8      --
 55  04/04/2020  0600    23.3   22.4     3.2     0.000  10   96.28  341.5    2.1      --
 56  04/04/2020  0700    24.0   23.1     3.5     0.000  10   96.29   97.1    1.1      --
 57  04/04/2020  0800    26.1   23.5     3.7     0.000  10   89.75  128.0    3.7      --
 58  04/04/2020  0900    29.7   18.1     4.0     0.000   5   61.55  133.2    6.4      --
 59  04/04/2020  1000    34.3   16.7     4.2     0.000   0   47.91  135.2    9.2    5242
 60  04/04/2020  1100    39.3   16.5     4.0     0.000   0   39.05  133.7    9.0      --
 61  04/04/2020  1200    43.6   16.3     3.8     0.000   0   32.79  132.0    8.8      --
 62  04/04/2020  1300    46.9   16.1     3.5     0.000   0   28.79  130.3    8.6      --
 63  04/04/2020  1400    48.6   16.0     3.3     0.000   0   26.88  128.5    8.4      --
 64  04/04/2020  1500    49.4   15.9     3.1     0.000   0   25.99  126.7    8.2      --
 65  04/04/2020  1600    49.8   15.9     2.8     0.000   0   25.59  124.7    8.1  no_inv
 66  04/04/2020  1700    49.8   15.9     2.5     0.000   0   25.57  124.0    7.1      --
 67  04/04/2020  1800    47.1   15.9     2.2     0.000   0   28.24  123.1    6.1      --
 68  04/04/2020  1900    41.7   16.0     2.0     0.000   0   34.87  121.7    5.2      --
 69  04/04/2020  2000    38.7   16.0     1.6     0.000   0   39.16  119.8    4.2      --
 70  04/04/2020  2100    36.4   16.0     1.3     0.000   0   42.94  116.8    3.3      --
 71  04/04/2020  2200    34.0   16.0     1.0     0.000   0   47.12  111.3    2.3  no_inv
 72  04/04/2020  2300    32.7   16.0     1.0     0.000   0   49.70  108.3    1.8      --
 73  04/05/2020  0000    32.7   16.0     0.9     0.000   0   49.70  102.6    1.2      --
 74  04/05/2020  0100    33.0   16.0     0.8     0.000   0   49.18   87.6    0.7      --
 75  04/05/2020  0200    33.1   16.0     0.7     0.000   0   48.92   29.6    0.4      --
 76  04/05/2020  0300    33.1   16.0     0.6     0.000   0   48.88  332.7    0.7      --
 77  04/05/2020  0400    33.1   20.2     0.6     0.000   0   58.65  318.0    1.2  no_inv
 78  04/05/2020  0500    32.3   22.1     0.8     0.010   0   65.54  268.0    0.2      --
 79  04/05/2020  0600    31.4   21.6     1.1     0.000   0   66.46  152.5    1.0      --
 80  04/05/2020  0700    31.5   21.0     1.4     0.000   0   64.81  148.4    2.1      --
 81  04/05/2020  0800    32.8   21.5     1.7     0.000   0   62.55  147.1    3.2      --
 82  04/05/2020  0900    37.2   26.9     2.0     0.000   0   66.01  146.5    4.3      --
 83  04/05/2020  1000    39.5   32.3     2.3     0.010   0   75.20  146.1    5.5  no_inv
 84  04/05/2020  1100    42.5   35.3     2.8     0.000   0   75.50  170.3    3.3      --
 85  04/05/2020  1200    45.3   35.3     3.3     0.000   0   67.75  223.8    2.8      --
 86  04/05/2020  1300    47.4   35.3     3.8     0.000   0   62.55  260.5    4.5      --
 87  04/05/2020  1400    48.7   34.7     4.4     0.000   0   58.37  274.4    6.9      --
 88  04/05/2020  1500    49.4   35.2     4.9     0.000   0   57.75  280.8    9.5      --
 89  04/05/2020  1600    49.8   35.3     5.4     0.000   0   57.18  284.5   12.2  no_inv
 90  04/05/2020  1700    49.6   35.2     5.5     0.000   0   57.51  288.8   14.1      --
 91  04/05/2020  1800    48.7   34.9     5.7     0.000   0   58.61  292.1   16.1      --
 92  04/05/2020  1900    47.0   35.5     5.8     0.000   0   64.10  294.6   18.1      --
 93  04/05/2020  2000    46.0   35.3     6.0     0.000   0   66.07  296.7   20.1      --
 94  04/05/2020  2100    43.6   35.8     6.1     0.000   0   73.80  298.4   22.2      --
 95  04/05/2020  2200    41.3   37.3     6.3     0.010   0   85.61  299.8   24.3    1180
 96  04/05/2020  2300    39.3   36.1     6.4     0.000   0   88.17  300.9   25.4      --
 97  04/06/2020  0000    37.6   35.0     6.5     0.000   0   90.20  302.0   26.6      --
 98  04/06/2020  0100    36.1   34.1     6.7     0.000   0   92.17  302.9   27.7      --
 99  04/06/2020  0200    34.7   32.9     6.8     0.000   0   92.87  303.8   28.9      --
100  04/06/2020  0300    33.5   31.9     6.9     0.000   0   93.73  304.6   30.1      --
101  04/06/2020  0400    32.6   31.3     7.0     0.000   0   94.84  305.3   31.3    1259
102  04/06/2020  0500    32.3   30.5     7.5     0.000   0   93.03  305.4   29.4      --
103  04/06/2020  0600    31.9   30.4     8.1     0.000   5   94.02  305.4   27.6      --
104  04/06/2020  0700    32.8   30.5     8.6     0.000   5   90.91  305.4   25.8      --
105  04/06/2020  0800    35.2   30.7     9.1     0.000   0   83.42  305.4   24.0      --
106  04/06/2020  0900    39.4   28.6     9.6     0.000   0   64.89  305.4   22.1      --
107  04/06/2020  1000    44.4   28.2    10.1     0.000   0   52.74  305.5   20.3    8859
108  04/06/2020  1100    48.9   28.1    10.8     0.000   0   44.30  305.9   22.0      --
109  04/06/2020  1200    51.5   28.0    11.5     0.000   0   40.01  306.3   23.6      --
110  04/06/2020  1300    53.2   28.4    12.3     0.000   0   38.13  306.6   25.3      --
111  04/06/2020  1400    54.0   28.6    13.0     0.000   0   37.42  306.9   27.0      --
112  04/06/2020  1500    54.3   28.7    13.7     0.000   0   37.14  307.1   28.6      --
113  04/06/2020  1600    54.3   28.6    14.5     0.000   0   36.95  307.4   30.3    4681
114  04/06/2020  1700    54.1   29.2    13.2     0.000   0   38.26  307.5   30.8      --
115  04/06/2020  1800    52.3   29.4    11.9     0.000   0   41.04  307.6   31.2      --
116  04/06/2020  1900    48.7   29.8    10.6     0.000   0   47.79  307.7   31.6      --
117  04/06/2020  2000    46.6   29.8     9.3     0.000   0   51.72  307.8   32.1      --
118  04/06/2020  2100    44.3   29.3     8.0     0.000   0   55.33  307.9   32.5      --
119  04/06/2020  2200    42.0   29.4     6.7     0.000   0   60.73  307.9   33.0    3133
120  04/06/2020  2300    39.7   29.2     7.1     0.000   0   65.88  308.5   33.9      --
121  04/07/2020  0000    38.4   29.0     7.4     0.000   0   68.65  309.0   34.8      --
122  04/07/2020  0100    37.2   28.8     7.7     0.000   0   71.30  309.6   35.8      --
123  04/07/2020  0200    36.2   28.6     8.0     0.000   0   73.79  310.0   36.7      --
124  04/07/2020  0300    35.2   28.6     8.4     0.000   0   76.41  310.5   37.7      --
125  04/07/2020  0400    34.4   28.5     8.7     0.000   0   78.77  311.0   38.6    1514
126  04/07/2020  0500    33.8   28.6     9.2     0.000   0   80.92  310.0   37.0      --
127  04/07/2020  0600    33.5   28.8     9.7     0.000   0   82.61  309.0   35.5      --
128  04/07/2020  0700    34.3   28.9    10.3     0.000   0   80.46  307.9   34.0      --
129  04/07/2020  0800    36.6   27.4    10.8     0.000   0   68.88  306.6   32.5      --
130  04/07/2020  0900    40.3   27.8    11.3     0.000   0   60.55  305.3   31.0      --
131  04/07/2020  1000    45.0   28.2    11.9     0.000   0   51.56  303.8   29.5    3081
132  04/07/2020  1100    49.7   28.6    11.5     0.000   0   43.95  304.5   29.3      --
133  04/07/2020  1200    53.4   29.0    11.1     0.000   0   38.95  305.3   29.2      --
134  04/07/2020  1300    56.1   29.9    10.7     0.000   0   36.60  306.1   29.0      --
135  04/07/2020  1400    57.4   30.6    10.3     0.000   0   35.94  306.9   28.9      --
136  04/07/2020  1500    58.0   31.2     9.9     0.000   0   36.06  307.7   28.7      --
137  04/07/2020  1600    58.2   31.7     9.5     0.000   0   36.45  308.5   28.6  no_inv
138  04/07/2020  1700    58.2   31.7     9.5     0.000   0   36.54  308.2   27.2      --
139  04/07/2020  1800    54.8   31.1     9.5     0.000   0   40.34  307.8   25.7      --
140  04/07/2020  1900    47.9   31.3     9.4     0.000   0   52.42  307.5   24.3      --
141  04/07/2020  2000    44.1   30.6     9.4     0.000   0   58.84  307.0   22.9      --
142  04/07/2020  2100    41.7   29.5     9.4     0.000   0   61.44  306.6   21.4      --
143  04/07/2020  2200    39.4   28.6     9.4     0.000   0   65.00  306.0   20.0     959
144  04/07/2020  2300    37.2   27.8     8.2     0.000   0   68.49  306.5   17.5      --
145  04/08/2020  0000    36.5   28.3     7.0     0.000   0   71.77  307.0   15.0      --
146  04/08/2020  0100    35.7   29.0     5.8     0.000   0   76.29  307.8   12.5      --
147  04/08/2020  0200    34.9   29.6     4.6     0.000   0   80.68  309.0   10.0      --
148  04/08/2020  0300    34.1   30.8     3.4     0.000   0   87.41  311.0    7.5      --
149  04/08/2020  0400    33.4   30.8     2.2     0.000   0   90.08  315.1    5.0    5411
150  04/08/2020  0500    32.7   30.8     2.3     0.000   5   92.63  311.9    3.1      --
151  04/08/2020  0600    32.2   30.8     2.3     0.000  10   94.34  299.8    1.3      --
152  04/08/2020  0700    33.2   30.8     2.4     0.000   5   90.59  175.6    0.8      --
153  04/08/2020  0800    36.0   30.5     2.4     0.000   0   80.08  150.6    2.6      --
154  04/08/2020  0900    40.5   30.5     2.5     0.000   0   67.02  146.3    4.4      --
155  04/08/2020  1000    46.4   30.5     2.5     0.000   0   53.55  144.5    6.3    4064
156  04/08/2020  1100    52.7   30.5     3.4     0.000   0   42.38  156.3    2.7      --
157  04/08/2020  1200    58.3   28.7     4.3     0.000   0   32.21  278.8    1.5      --
158  04/08/2020  1300    62.6   30.2     5.2     0.000   0   29.38  305.5    5.0      --
159  04/08/2020  1400    64.9   31.3     6.1     0.000   0   28.25  310.0    8.7      --
160  04/08/2020  1500    66.1   32.0     6.9     0.000   0   27.90  311.8   12.4      --
161  04/08/2020  1600    66.8   32.5     7.8     0.000   0   27.87  312.8   16.1    5701
162  04/08/2020  1700    67.0   32.5     8.8     0.000   0   27.67  311.5   18.6      --
163  04/08/2020  1800    63.4   32.0     9.7     0.000   0   30.72  310.4   21.0      --
164  04/08/2020  1900    56.0   32.3    10.6     0.000   0   40.41  309.6   23.5      --
165  04/08/2020  2000    52.0   32.0    11.5     0.000   0   46.27  308.9   25.9      --
166  04/08/2020  2100    49.6   30.5    12.4     0.000   0   47.45  308.4   28.4      --
167  04/08/2020  2200    47.3   30.5    13.3     0.000   0   51.80  307.9   30.8    2388
