  Generated by FoxLW on Thursday April 2, 2020 at 02:32 PDT
-------------------------------------------------------------------------------
  Seattle
  47.6600:-122.2900  (47 39' 36.00"N  122 17' 24.00"W)  elev 75.5 feet    file: 330092
-------------------------------------------------------------------------------

Line#   Date     Hour   TempF  DewPtF WS(mph)  Rain(in) LW    RH%  WDir_50m WS_50m Inv(ft)
  5  04/02/2020  0400    37.3   37.3     1.3     0.000  10  100.00  170.9    4.7  no_inv
  6  04/02/2020  0500    37.0   37.0     1.8     0.000  10  100.00  175.6    5.4      --
  7  04/02/2020  0600    36.8   36.8     2.2     0.000  10  100.00  179.2    6.1      --
  8  04/02/2020  0700    36.8   36.8     2.7     0.000  10  100.00  182.1    6.8      --
  9  04/02/2020  0800    36.8   36.8     3.1     0.000  10  100.00  184.3    7.6      --
 10  04/02/2020  0900    36.8   34.9     3.6     0.000  10   92.97  186.2    8.3      --
 11  04/02/2020  1000    36.8   34.8     4.0     0.000  10   92.26  187.8    9.1  no_inv
 12  04/02/2020  1100    37.0   34.6     4.5     0.000   5   90.64  202.1    6.8      --
 13  04/02/2020  1200    38.8   34.4     4.9     0.000   0   84.18  226.7    5.4      --
 14  04/02/2020  1300    41.7   34.9     5.3     0.000   0   76.68  259.0    5.3      --
 15  04/02/2020  1400    44.1   35.4     5.8     0.000   0   71.28  284.0    6.8      --
 16  04/02/2020  1500    46.2   36.1     6.2     0.000   0   67.50  298.5    9.0      --
 17  04/02/2020  1600    47.7   36.7     6.7     0.000   0   65.58  307.0   11.6  no_inv
 18  04/02/2020  1700    48.1   36.7     5.8     0.000   0   64.48  310.3    9.2      --
 19  04/02/2020  1800    47.5   36.0     4.9     0.000   0   64.15  315.9    6.8      --
 20  04/02/2020  1900    46.3   35.8     4.0     0.000   0   66.40  327.3    4.6      --
 21  04/02/2020  2000    45.7   35.8     3.1     0.000   0   68.10  355.6    2.8      --
 22  04/02/2020  2100    43.3   35.8     2.2     0.000   0   74.45   48.8    2.7      --
 23  04/02/2020  2200    41.0   35.8     1.3     0.000   0   81.48   80.1    4.4    5882
 24  04/02/2020  2300    40.0   35.8     1.5     0.000   0   84.54  110.6    3.4      --
 25  04/03/2020  0000    39.4   35.8     1.8     0.000   5   86.78  146.3    3.8      --
 26  04/03/2020  0100    38.7   35.8     2.1     0.000  10   89.04  168.8    5.2      --
 27  04/03/2020  0200    38.1   35.8     2.3     0.000  10   91.22  180.7    7.1      --
 28  04/03/2020  0300    37.5   36.0     2.6     0.000  10   94.04  187.5    9.1      --
 29  04/03/2020  0400    37.9   36.4     2.9     0.010  10   94.07  191.8   11.2    2369
 30  04/03/2020  0500    37.3   35.3     3.5     0.000  10   92.49  195.3   12.1      --
 31  04/03/2020  0600    37.0   35.0     4.1     0.000  10   92.59  198.4   13.1      --
 32  04/03/2020  0700    37.3   35.1     4.7     0.000  10   91.91  201.0   14.1      --
 33  04/03/2020  0800    37.7   35.4     5.3     0.000   5   91.25  203.2   15.2      --
 34  04/03/2020  0900    38.1   34.2     5.9     0.000   0   85.47  205.2   16.2      --
 35  04/03/2020  1000    39.3   34.2     6.6     0.000   0   81.76  206.9   17.3     321
 36  04/03/2020  1100    40.9   35.9     6.1     0.000   0   82.08  212.1   13.2      --
 37  04/03/2020  1200    42.5   35.9     5.6     0.000   0   77.28  221.8    9.2      --
 38  04/03/2020  1300    43.6   35.9     5.2     0.000   0   74.00  243.6    6.0      --
 39  04/03/2020  1400    44.2   35.9     4.7     0.000   0   72.29  289.6    4.8      --
 40  04/03/2020  1500    43.8   37.0     4.3     0.000   0   76.52  327.9    6.9      --
 41  04/03/2020  1600    43.2   38.1     3.8     0.030   0   81.98  344.3   10.5   10424
 42  04/03/2020  1700    43.1   37.8     3.4     0.000   0   81.20  348.6    8.6      --
 43  04/03/2020  1800    42.5   37.6     3.1     0.030   0   82.57  355.4    6.7      --
 44  04/03/2020  1900    41.9   37.2     2.7     0.020   0   83.41    7.2    5.0      --
 45  04/03/2020  2000    41.3   37.2     2.3     0.000   0   85.36   28.8    3.7      --
 46  04/03/2020  2100    40.6   36.9     2.0     0.000   5   86.38   62.7    3.3      --
 47  04/03/2020  2200    40.7   39.8     1.6     0.070  10   96.64   92.9    4.1    7704
 48  04/03/2020  2300    39.5   38.6     1.7     0.000  10   96.54  103.1    3.9      --
 49  04/04/2020  0000    40.2   39.3     1.8     0.000  10   96.55  114.0    3.8      --
 50  04/04/2020  0100    40.0   39.1     1.9     0.000  10   96.54  124.8    3.9      --
 51  04/04/2020  0200    38.9   38.0     2.0     0.000  10   96.52  134.8    4.1      --
 52  04/04/2020  0300    38.8   37.8     2.1     0.000  10   96.52  143.6    4.5      --
 53  04/04/2020  0400    39.5   38.6     2.2     0.000  10   96.52  151.1    4.9    5885
 54  04/04/2020  0500    39.1   36.0     2.0     0.000  10   88.44  149.8    3.7      --
 55  04/04/2020  0600    39.1   35.9     1.8     0.000  10   88.44  147.4    2.6      --
 56  04/04/2020  0700    39.2   35.7     1.6     0.000  10   86.81  141.2    1.4      --
 57  04/04/2020  0800    39.4   35.8     1.4     0.000  10   86.81   99.0    0.4      --
 58  04/04/2020  0900    37.1   33.5     1.2     0.000  10   86.54  355.3    1.0      --
 59  04/04/2020  1000    37.5   33.0     0.9     0.000   5   83.51  344.4    2.1    6757
 60  04/04/2020  1100    40.3   29.4     1.4     0.000   0   64.93  331.8    3.0      --
 61  04/04/2020  1200    44.0   26.6     1.8     0.000   0   50.09  325.0    3.9      --
 62  04/04/2020  1300    46.8   26.0     2.2     0.000   0   43.82  320.9    4.9      --
 63  04/04/2020  1400    48.5   25.4     2.6     0.000   0   40.27  318.1    5.8      --
 64  04/04/2020  1500    49.7   25.1     3.0     0.000   0   37.87  316.1    6.8      --
 65  04/04/2020  1600    50.5   25.0     3.5     0.000   0   36.60  314.7    7.8  no_inv
 66  04/04/2020  1700    50.9   25.1     4.4     0.000   0   36.28  321.0    9.9      --
 67  04/04/2020  1800    50.5   25.6     5.4     0.000   0   37.47  325.2   12.0      --
 68  04/04/2020  1900    49.8   26.8     6.4     0.000   0   40.59  328.1   14.1      --
 69  04/04/2020  2000    49.4   28.4     7.4     0.000   0   44.07  330.2   16.3      --
 70  04/04/2020  2100    47.0   30.2     8.4     0.000   0   51.87  331.8   18.5      --
 71  04/04/2020  2200    44.7   31.4     9.3     0.000   0   59.37  333.1   20.7    1303
 72  04/04/2020  2300    43.9   32.5     8.7     0.000   0   63.96  333.4   19.3      --
 73  04/05/2020  0000    43.5   33.6     8.0     0.000   0   67.81  333.7   17.8      --
 74  04/05/2020  0100    43.2   32.6     7.4     0.000   0   66.16  334.1   16.4      --
 75  04/05/2020  0200    42.8   31.1     6.7     0.000   0   62.99  334.5   14.9      --
 76  04/05/2020  0300    42.5   29.1     6.1     0.000   0   58.88  335.0   13.5      --
 77  04/05/2020  0400    42.2   27.7     5.4     0.000   0   56.18  335.7   12.0    1338
 78  04/05/2020  0500    42.0   26.8     5.4     0.000   0   54.48  335.5   11.9      --
 79  04/05/2020  0600    41.9   26.6     5.3     0.000   0   54.37  335.3   11.8      --
 80  04/05/2020  0700    41.8   26.5     5.3     0.000   0   54.06  335.2   11.7      --
 81  04/05/2020  0800    41.8   26.3     5.2     0.000   0   53.73  335.0   11.6      --
 82  04/05/2020  0900    41.4   31.7     5.2     0.000   0   68.26  334.8   11.4      --
 83  04/05/2020  1000    41.0   36.3     5.1     0.030   0   83.37  334.6   11.3    2784
 84  04/05/2020  1100    42.1   34.8     5.8     0.000   0   75.14  334.2   12.2      --
 85  04/05/2020  1200    43.6   35.0     6.5     0.000   0   71.53  333.9   13.1      --
 86  04/05/2020  1300    46.0   35.6     7.1     0.000   0   66.96  333.7   14.0      --
 87  04/05/2020  1400    48.0   36.1     7.8     0.000   0   63.41  333.4   14.9      --
 88  04/05/2020  1500    49.6   36.6     8.5     0.000   0   60.75  333.2   15.7      --
 89  04/05/2020  1600    50.7   37.0     9.2     0.000   0   59.39  333.0   16.6  no_inv
 90  04/05/2020  1700    50.7   37.0     8.7     0.000   0   59.24  333.9   16.2      --
 91  04/05/2020  1800    50.3   36.6     8.2     0.000   0   59.16  334.7   15.8      --
 92  04/05/2020  1900    49.6   37.3     7.8     0.000   0   62.33  335.7   15.4      --
 93  04/05/2020  2000    49.2   37.3     7.3     0.000   0   63.50  336.6   15.0      --
 94  04/05/2020  2100    46.8   37.4     6.8     0.000   0   69.50  337.7   14.6      --
 95  04/05/2020  2200    44.5   37.2     6.4     0.000   0   75.47  338.8   14.2  no_inv
 96  04/05/2020  2300    43.5   36.9     5.6     0.000   0   77.39  340.8   12.3      --
 97  04/06/2020  0000    42.8   36.3     4.8     0.000   0   77.66  343.5   10.4      --
 98  04/06/2020  0100    42.0   36.3     4.0     0.000   0   79.89  347.5    8.6      --
 99  04/06/2020  0200    41.4   36.3     3.3     0.000   0   82.02  353.6    6.8      --
100  04/06/2020  0300    40.7   36.3     2.5     0.000   0   84.00    3.7    5.1      --
101  04/06/2020  0400    40.2   36.3     1.7     0.000   5   85.75   22.2    3.8    1522
102  04/06/2020  0500    39.8   36.3     1.9     0.000  10   87.21    7.4    3.9      --
103  04/06/2020  0600    39.5   36.3     2.2     0.000  10   88.06  354.3    4.2      --
104  04/06/2020  0700    39.9   36.3     2.4     0.000   5   86.75  343.6    4.8      --
105  04/06/2020  0800    41.1   36.3     2.7     0.000   0   82.98  335.3    5.4      --
106  04/06/2020  0900    43.0   35.8     2.9     0.000   0   75.55  328.8    6.2      --
107  04/06/2020  1000    45.4   35.2     3.1     0.000   0   67.24  323.9    7.0    6142
108  04/06/2020  1100    48.0   34.7     2.8     0.000   0   59.71  320.6    6.0      --
109  04/06/2020  1200    50.2   34.2     2.5     0.000   0   53.91  316.1    5.1      --
110  04/06/2020  1300    51.9   33.7     2.1     0.000   0   49.71  309.8    4.2      --
111  04/06/2020  1400    52.8   33.4     1.8     0.000   0   47.48  300.4    3.5      --
112  04/06/2020  1500    53.4   33.1     1.4     0.000   0   46.04  286.1    2.8      --
113  04/06/2020  1600    53.7   33.1     1.1     0.000   0   45.34  265.4    2.4    6992
114  04/06/2020  1700    53.8   33.1     1.4     0.000   0   45.34  290.6    1.0      --
115  04/06/2020  1800    53.2   33.2     1.6     0.000   0   46.46   32.5    1.1      --
116  04/06/2020  1900    52.1   33.4     1.9     0.000   0   48.67   55.2    2.5      --
117  04/06/2020  2000    51.5   33.4     2.1     0.000   0   49.76   60.9    4.1      --
118  04/06/2020  2100    49.2   33.4     2.4     0.000   0   54.27   63.5    5.7      --
119  04/06/2020  2200    46.9   33.4     2.6     0.000   0   59.25   64.9    7.2    1704
120  04/06/2020  2300    45.3   33.4     2.6     0.000   0   62.90   76.5    5.4      --
121  04/07/2020  0000    44.1   33.4     2.6     0.000   0   65.78   97.4    4.1      --
122  04/07/2020  0100    43.0   33.4     2.5     0.000   0   68.59  129.9    3.6      --
123  04/07/2020  0200    42.0   33.4     2.5     0.000   0   71.23  159.9    4.4      --
124  04/07/2020  0300    41.2   33.4     2.5     0.000   0   73.60  177.6    5.9      --
125  04/07/2020  0400    40.5   33.4     2.5     0.000   0   75.61  187.5    7.8    1051
126  04/07/2020  0500    40.0   33.4     2.3     0.000   0   77.20  186.1    6.9      --
127  04/07/2020  0600    39.7   33.4     2.1     0.000   0   78.04  184.2    6.1      --
128  04/07/2020  0700    39.8   33.4     1.9     0.000   0   77.65  181.8    5.2      --
129  04/07/2020  0800    40.3   33.4     1.7     0.000   0   76.21  178.4    4.4      --
130  04/07/2020  0900    41.2   34.5     1.5     0.000   0   77.08  173.5    3.6      --
131  04/07/2020  1000    42.4   34.2     1.3     0.000   0   72.34  165.9    2.8    3249
132  04/07/2020  1100    44.3   33.8     1.5     0.000   0   66.34  177.2    1.3      --
133  04/07/2020  1200    48.8   33.5     1.8     0.000   0   55.23  275.5    0.6      --
134  04/07/2020  1300    53.2   33.2     2.1     0.000   0   46.32  320.9    1.9      --
135  04/07/2020  1400    55.8   33.0     2.3     0.000   0   41.78  327.6    3.4      --
136  04/07/2020  1500    57.2   32.8     2.6     0.000   0   39.50  330.2    4.9      --
137  04/07/2020  1600    58.0   32.8     2.9     0.000   0   38.40  331.6    6.4    7205
138  04/07/2020  1700    58.1   32.9     2.9     0.000   0   38.33  314.9    6.4      --
139  04/07/2020  1800    56.6   33.2     2.9     0.000   0   41.03  299.7    7.0      --
140  04/07/2020  1900    53.4   33.0     2.9     0.000   0   45.71  287.5    8.0      --
141  04/07/2020  2000    51.7   33.0     2.9     0.000   0   48.72  278.2    9.2      --
142  04/07/2020  2100    49.4   33.0     2.9     0.000   0   53.13  271.3   10.6      --
143  04/07/2020  2200    47.0   33.0     2.9     0.000   0   58.00  266.1   12.2    1193
144  04/07/2020  2300    45.4   33.0     2.8     0.000   0   61.64  276.7   10.7      --
145  04/08/2020  0000    44.6   33.0     2.8     0.000   0   63.68  290.1    9.7      --
146  04/08/2020  0100    43.7   33.0     2.8     0.000   0   65.71  305.5    9.4      --
147  04/08/2020  0200    43.0   33.0     2.8     0.000   0   67.65  320.9    9.7      --
148  04/08/2020  0300    42.3   33.0     2.8     0.000   0   69.45  334.4   10.7      --
149  04/08/2020  0400    41.7   33.0     2.7     0.000   0   71.03  345.2   12.1    1169
150  04/08/2020  0500    41.2   33.0     2.7     0.000   0   72.36  344.0   11.1      --
151  04/08/2020  0600    41.0   33.0     2.7     0.000   0   73.11  342.5   10.0      --
152  04/08/2020  0700    41.3   33.0     2.7     0.000   0   72.03  340.7    9.0      --
153  04/08/2020  0800    42.5   33.0     2.7     0.000   0   68.99  338.4    7.9      --
154  04/08/2020  0900    44.4   37.2     2.7     0.000   0   75.66  335.4    6.9      --
155  04/08/2020  1000    47.0   36.5     2.7     0.000   0   66.88  331.5    6.0    2600
156  04/08/2020  1100    50.1   35.9     2.8     0.000   0   58.04  331.9    6.5      --
157  04/08/2020  1200    54.4   35.3     3.0     0.000   0   48.29  332.2    7.0      --
158  04/08/2020  1300    58.0   34.8     3.2     0.000   0   41.57  332.5    7.5      --
159  04/08/2020  1400    60.0   34.4     3.3     0.000   0   38.20  332.8    8.1      --
160  04/08/2020  1500    60.9   34.2     3.5     0.000   0   36.59  333.0    8.6      --
161  04/08/2020  1600    61.3   34.1     3.7     0.000   0   35.88  333.3    9.1    7302
162  04/08/2020  1700    61.4   34.1     3.5     0.000   0   35.81  344.2    8.2      --
163  04/08/2020  1800    59.6   34.1     3.3     0.000   0   38.18  357.4    7.6      --
164  04/08/2020  1900    55.9   34.4     3.1     0.000   0   44.17   11.9    7.5      --
165  04/08/2020  2000    53.9   34.4     3.0     0.000   0   47.55   25.9    7.8      --
166  04/08/2020  2100    51.5   34.4     2.8     0.000   0   51.82   38.1    8.6      --
167  04/08/2020  2200    49.2   34.4     2.6     0.000   0   56.52   47.9    9.7    1104
