  Generated by FoxLW on Thursday April 2, 2020 at 02:32 PDT
-------------------------------------------------------------------------------
  Wahluke Slope
  46.7700:-119.8200  (46 46' 12.00"N  119 49' 12.00"W)  elev 1404.2 feet    file: 330044
-------------------------------------------------------------------------------

Line#   Date     Hour   TempF  DewPtF WS(mph)  Rain(in) LW    RH%  WDir_50m WS_50m Inv(ft)
  5  04/02/2020  0400    32.1   16.9    10.4     0.000   0   52.92   10.2   13.6     505
  6  04/02/2020  0500    31.6   17.1     8.9     0.000   0   54.46   10.2   10.9      --
  7  04/02/2020  0600    31.3   17.4     7.3     0.000   0   55.82   10.3    8.2      --
  8  04/02/2020  0700    31.4   17.7     5.8     0.000   0   56.46   10.6    5.6      --
  9  04/02/2020  0800    32.1   18.2     4.2     0.000   0   56.14   11.2    2.9      --
 10  04/02/2020  0900    33.4   19.8     2.7     0.000   0   57.11   27.1    0.2      --
 11  04/02/2020  1000    35.2   19.8     1.1     0.000   0   52.99  188.3    2.5  no_inv
 12  04/02/2020  1100    38.1   19.8     2.0     0.000   0   47.31  195.1    3.7      --
 13  04/02/2020  1200    41.9   19.8     2.8     0.000   0   40.81  198.4    5.1      --
 14  04/02/2020  1300    45.3   19.8     3.7     0.000   0   35.89  200.3    6.4      --
 15  04/02/2020  1400    47.3   19.5     4.6     0.000   0   32.77  201.6    7.7      --
 16  04/02/2020  1500    48.8   19.8     5.4     0.000   0   31.37  202.5    9.0      --
 17  04/02/2020  1600    49.7   19.8     6.3     0.000   0   30.41  203.2   10.4  no_inv
 18  04/02/2020  1700    49.8   19.8     8.2     0.000   0   30.23  229.0    8.6      --
 19  04/02/2020  1800    48.2   19.8    10.2     0.000   0   31.96  258.6    9.1      --
 20  04/02/2020  1900    45.1   19.7    12.2     0.000   0   35.89  280.3   11.6      --
 21  04/02/2020  2000    43.3   19.5    14.1     0.000   0   38.17  293.2   15.0      --
 22  04/02/2020  2100    41.0   19.4    16.1     0.000   0   41.53  301.1   19.0      --
 23  04/02/2020  2200    38.7   19.3    18.0     0.000   0   45.20  306.2   23.1    1082
 24  04/02/2020  2300    37.4   19.1    19.2     0.000   0   47.21  304.3   24.4      --
 25  04/03/2020  0000    36.5   19.0    20.3     0.000   0   48.53  302.7   25.8      --
 26  04/03/2020  0100    35.7   18.9    21.5     0.000   0   49.91  301.2   27.1      --
 27  04/03/2020  0200    34.9   18.8    22.6     0.000   0   51.32  299.8   28.5      --
 28  04/03/2020  0300    34.2   18.7    23.8     0.000   0   52.69  298.6   29.8      --
 29  04/03/2020  0400    33.5   18.7    24.9     0.000   0   54.00  297.5   31.2     513
 30  04/03/2020  0500    33.0   18.7    23.1     0.000   0   55.20  296.0   28.8      --
 31  04/03/2020  0600    32.7   18.8    21.3     0.000   0   56.03  294.3   26.5      --
 32  04/03/2020  0700    33.2   18.8    19.5     0.000   0   55.05  292.3   24.2      --
 33  04/03/2020  0800    34.7   18.9    17.6     0.000   0   51.92  289.8   21.9      --
 34  04/03/2020  0900    37.3   19.0    15.8     0.000   0   47.12  286.8   19.6      --
 35  04/03/2020  1000    40.4   19.1    14.0     0.000   0   41.87  283.0   17.5  no_inv
 36  04/03/2020  1100    43.3   19.2    14.0     0.000   0   37.62  286.3   17.3      --
 37  04/03/2020  1200    45.0   19.3    14.0     0.000   0   35.44  289.6   17.2      --
 38  04/03/2020  1300    46.3   19.6    13.9     0.000   0   34.13  293.0   17.2      --
 39  04/03/2020  1400    47.0   19.8    13.9     0.000   0   33.56  296.3   17.2      --
 40  04/03/2020  1500    47.4   20.0    13.9     0.000   0   33.31  299.7   17.3      --
 41  04/03/2020  1600    47.7   20.2    13.9     0.000   0   33.24  302.9   17.5  no_inv
 42  04/03/2020  1700    47.8   20.0    14.4     0.000   0   32.88  307.7   17.8      --
 43  04/03/2020  1800    46.7   19.8    14.8     0.000   0   33.97  312.3   18.3      --
 44  04/03/2020  1900    44.4   19.7    15.3     0.000   0   36.84  316.6   18.8      --
 45  04/03/2020  2000    43.2   19.7    15.8     0.000   0   38.61  320.6   19.5      --
 46  04/03/2020  2100    40.8   19.8    16.2     0.000   0   42.37  324.4   20.2      --
 47  04/03/2020  2200    38.5   19.8    16.7     0.000   0   46.59  327.9   21.1     969
 48  04/03/2020  2300    36.8   19.9    15.2     0.000   0   50.04  329.9   19.3      --
 49  04/04/2020  0000    35.8   20.0    13.6     0.000   0   52.24  332.3   17.6      --
 50  04/04/2020  0100    34.8   20.1    12.1     0.000   0   54.45  335.3   15.9      --
 51  04/04/2020  0200    33.9   21.7    10.6     0.000   0   60.48  338.9   14.2      --
 52  04/04/2020  0300    33.1   22.2     9.1     0.000   0   63.74  343.5   12.7      --
 53  04/04/2020  0400    32.4   21.9     7.5     0.000   0   64.92  349.2   11.2    1403
 54  04/04/2020  0500    31.8   21.4     6.4     0.000   0   64.87  351.5    9.4      --
 55  04/04/2020  0600    31.5   21.0     5.3     0.000   0   64.82  354.8    7.6      --
 56  04/04/2020  0700    31.8   20.8     4.3     0.000   0   63.44    0.1    5.8      --
 57  04/04/2020  0800    32.8   20.6     3.2     0.000   0   60.25    9.6    4.2      --
 58  04/04/2020  0900    34.8   18.6     2.1     0.000   0   51.22   30.0    2.8      --
 59  04/04/2020  1000    37.5   18.1     1.0     0.000   0   44.92   71.2    2.2    5631
 60  04/04/2020  1100    40.8   17.6     1.2     0.000   0   38.56   68.3    2.7      --
 61  04/04/2020  1200    45.4   17.1     1.5     0.000   0   31.72   66.2    3.2      --
 62  04/04/2020  1300    49.2   16.6     1.7     0.000   0   27.01   64.7    3.7      --
 63  04/04/2020  1400    51.2   16.3     1.9     0.000   0   24.66   63.6    4.2      --
 64  04/04/2020  1500    52.2   16.1     2.1     0.000   0   23.53   62.7    4.7      --
 65  04/04/2020  1600    52.8   16.0     2.3     0.000   0   23.01   62.0    5.2  no_inv
 66  04/04/2020  1700    52.9   16.2     4.1     0.000   0   23.09  100.6    3.6      --
 67  04/04/2020  1800    52.1   16.6     5.8     0.000   0   24.26  146.0    4.6      --
 68  04/04/2020  1900    50.4   18.9     7.5     0.000   0   28.36  167.5    7.1      --
 69  04/04/2020  2000    49.5   20.3     9.2     0.000   0   31.25  177.1   10.0      --
 70  04/04/2020  2100    47.2   21.1    10.9     0.000   0   35.31  182.2   13.1      --
 71  04/04/2020  2200    44.8   20.6    12.6     0.000   0   37.75  185.4   16.3     430
 72  04/04/2020  2300    43.1   21.8    13.1     0.000   0   42.37  183.9    9.8      --
 73  04/05/2020  0000    42.1   22.9    13.6     0.000   0   46.27  176.5    3.2      --
 74  04/05/2020  0100    41.1   23.9    14.1     0.000   0   49.98   18.0    3.4      --
 75  04/05/2020  0200    40.3   24.6    14.6     0.000   0   53.22   11.1    9.9      --
 76  04/05/2020  0300    39.6   25.1    15.1     0.000   0   55.71    9.7   16.5      --
 77  04/05/2020  0400    39.1   25.2    15.6     0.000   0   57.25    9.1   23.0    1404
 78  04/05/2020  0500    38.7   25.3    14.3     0.000   0   58.24   10.1   21.1      --
 79  04/05/2020  0600    38.5   25.5    13.0     0.000   0   59.22   11.4   19.1      --
 80  04/05/2020  0700    38.5   27.2    11.7     0.000   0   63.43   13.0   17.2      --
 81  04/05/2020  0800    38.9   26.2    10.3     0.000   0   59.92   14.9   15.3      --
 82  04/05/2020  0900    39.6   26.6     9.0     0.000   0   59.29   17.4   13.4      --
 83  04/05/2020  1000    40.8   27.1     7.7     0.000   0   57.85   20.7   11.6  no_inv
 84  04/05/2020  1100    43.2   28.9     6.7     0.000   0   56.71   22.6   10.1      --
 85  04/05/2020  1200    48.5   28.9     5.7     0.000   0   46.52   25.2    8.7      --
 86  04/05/2020  1300    53.5   28.9     4.7     0.000   0   38.63   28.8    7.3      --
 87  04/05/2020  1400    56.1   28.9     3.6     0.000   0   35.14   34.0    5.9      --
 88  04/05/2020  1500    57.7   28.9     2.6     0.000   0   33.24   42.2    4.7      --
 89  04/05/2020  1600    58.2   28.9     1.6     0.000   0   32.55   56.0    3.5  no_inv
 90  04/05/2020  1700    57.4   29.0     3.9     0.000   0   33.62   18.9    5.0      --
 91  04/05/2020  1800    56.2   29.1     6.1     0.000   0   35.19    2.3    7.5      --
 92  04/05/2020  1900    53.9   31.2     8.4     0.000   0   41.83  354.3   10.3      --
 93  04/05/2020  2000    52.6   31.2    10.7     0.000   0   43.82  349.8   13.2      --
 94  04/05/2020  2100    50.2   29.6    12.9     0.000   0   44.86  346.9   16.1      --
 95  04/05/2020  2200    47.9   29.9    15.2     0.000   0   49.46  344.9   19.1     682
 96  04/05/2020  2300    46.3   30.1    14.6     0.000   0   53.13  346.8   19.9      --
 97  04/06/2020  0000    45.1   30.4    14.1     0.000   0   56.05  348.5   20.6      --
 98  04/06/2020  0100    44.0   30.6    13.5     0.000   0   58.86  350.0   21.4      --
 99  04/06/2020  0200    43.1   30.7    13.0     0.000   0   61.45  351.5   22.2      --
100  04/06/2020  0300    42.2   30.8    12.4     0.000   0   63.67  352.9   23.0      --
101  04/06/2020  0400    41.6   32.2    11.9     0.000   0   69.20  354.2   23.8     298
102  04/06/2020  0500    41.0   32.3    10.5     0.000   0   70.86  352.8   21.1      --
103  04/06/2020  0600    40.8   32.2     9.1     0.000   0   71.42  350.9   18.4      --
104  04/06/2020  0700    41.0   31.3     7.8     0.000   0   68.08  348.4   15.7      --
105  04/06/2020  0800    41.8   28.5     6.4     0.000   0   58.89  344.9   13.1      --
106  04/06/2020  0900    43.4   27.4     5.0     0.000   0   53.04  339.6   10.5      --
107  04/06/2020  1000    45.5   26.2     3.6     0.000   0   46.48  331.1    8.1  no_inv
108  04/06/2020  1100    48.2   25.0     6.6     0.000   0   39.90  319.1   10.8      --
109  04/06/2020  1200    52.7   23.9     9.5     0.000   0   32.34  312.2   13.7      --
110  04/06/2020  1300    56.5   23.4    12.4     0.000   0   27.53  307.7   16.8      --
111  04/06/2020  1400    58.6   22.4    15.3     0.000   0   24.50  304.7   20.0      --
112  04/06/2020  1500    59.6   21.7    18.2     0.000   0   22.94  302.5   23.2      --
113  04/06/2020  1600    60.1   21.6    21.1     0.000   0   22.36  300.8   26.4   10212
114  04/06/2020  1700    60.2   21.7    20.5     0.000   0   22.38  302.5   27.4      --
115  04/06/2020  1800    57.8   22.0    19.8     0.000   0   24.77  304.0   28.4      --
116  04/06/2020  1900    52.7   22.4    19.2     0.000   0   30.38  305.4   29.5      --
117  04/06/2020  2000    49.9   23.1    18.5     0.000   0   34.58  306.7   30.5      --
118  04/06/2020  2100    47.6   23.8    17.8     0.000   0   38.92  307.9   31.6      --
119  04/06/2020  2200    45.2   24.6    17.2     0.000   0   43.94  309.1   32.7    1784
120  04/06/2020  2300    43.4   25.4    17.1     0.000   0   48.63  309.3   31.2      --
121  04/07/2020  0000    42.8   26.1    17.0     0.000   0   51.39  309.5   29.8      --
122  04/07/2020  0100    42.1   26.7    16.9     0.000   0   54.16  309.7   28.3      --
123  04/07/2020  0200    41.4   27.2    16.8     0.000   0   56.74  309.9   26.9      --
124  04/07/2020  0300    40.7   27.5    16.7     0.000   0   58.97  310.2   25.4      --
125  04/07/2020  0400    40.1   27.6    16.6     0.000   0   60.68  310.5   24.0     544
126  04/07/2020  0500    39.5   27.6    13.9     0.000   0   62.10  311.1   20.0      --
127  04/07/2020  0600    39.2   28.9    11.3     0.000   0   66.34  312.0   15.9      --
128  04/07/2020  0700    39.8   29.4     8.6     0.000   0   65.84  313.4   11.9      --
129  04/07/2020  0800    41.6   29.0     5.9     0.000   0   60.49  316.4    7.9      --
130  04/07/2020  0900    44.6   29.0     3.2     0.000   0   54.01  325.3    4.0      --
131  04/07/2020  1000    48.3   29.0     0.6     0.000   0   46.83   46.9    1.2    5954
132  04/07/2020  1100    52.2   29.0     1.9     0.000   0   40.57  347.6    2.4      --
133  04/07/2020  1200    55.0   29.0     3.2     0.000   0   36.68  333.0    4.2      --
134  04/07/2020  1300    57.2   29.4     4.5     0.000   0   34.43  327.4    6.2      --
135  04/07/2020  1400    58.5   29.8     5.9     0.000   0   33.45  324.6    8.2      --
136  04/07/2020  1500    59.3   30.3     7.2     0.000   0   33.06  322.9   10.2      --
137  04/07/2020  1600    59.9   30.7     8.5     0.000   0   32.98  321.7   12.2    8575
138  04/07/2020  1700    60.2   30.7     9.5     0.000   0   32.58  327.7   13.1      --
139  04/07/2020  1800    58.5   30.1    10.5     0.000   0   33.76  332.9   14.2      --
140  04/07/2020  1900    54.9   29.9    11.5     0.000   0   38.14  337.3   15.4      --
141  04/07/2020  2000    53.0   28.1    12.5     0.000   0   38.11  341.1   16.6      --
142  04/07/2020  2100    50.6   27.1    13.5     0.000   0   39.78  344.4   17.9      --
143  04/07/2020  2200    48.3   26.4    14.5     0.000   0   42.23  347.2   19.2     500
144  04/07/2020  2300    46.5   25.8    15.0     0.000   0   43.97  353.4   19.1      --
145  04/08/2020  0000    45.7   25.1    15.5     0.000   0   44.14  359.6   19.2      --
146  04/08/2020  0100    44.9   24.6    16.0     0.000   0   44.47    5.7   19.5      --
147  04/08/2020  0200    44.2   24.2    16.4     0.000   0   44.99   11.6   20.0      --
148  04/08/2020  0300    43.5   23.9    16.9     0.000   0   45.70   17.1   20.7      --
149  04/08/2020  0400    42.9   23.9    17.4     0.000   0   46.60   22.2   21.6     477
150  04/08/2020  0500    42.4   23.9    15.0     0.000   0   47.66   21.8   19.1      --
151  04/08/2020  0600    42.0   24.1    12.6     0.000   0   48.67   21.2   16.5      --
152  04/08/2020  0700    42.4   25.9    10.1     0.000   0   51.55   20.5   13.9      --
153  04/08/2020  0800    43.6   24.9     7.7     0.000   0   47.30   19.5   11.4      --
154  04/08/2020  0900    45.6   27.9     5.2     0.000   0   49.61   17.9    8.8      --
155  04/08/2020  1000    48.5   27.9     2.8     0.000   0   44.59   14.8    6.2    2758
156  04/08/2020  1100    52.0   27.9     2.8     0.000   0   39.19   16.4    4.1      --
157  04/08/2020  1200    57.0   27.9     2.9     0.000   0   32.61   21.4    2.0      --
158  04/08/2020  1300    61.3   27.9     2.9     0.000   0   27.98  134.3    0.4      --
159  04/08/2020  1400    63.7   27.9     2.9     0.000   0   25.71  183.9    2.4      --
160  04/08/2020  1500    64.9   27.9     3.0     0.000   0   24.64  187.7    4.5      --
161  04/08/2020  1600    65.6   27.9     3.0     0.000   0   24.08  189.0    6.7    5922
162  04/08/2020  1700    65.8   27.9     5.4     0.000   0   23.92  227.3    5.2      --
163  04/08/2020  1800    64.3   27.9     7.9     0.000   0   25.15  266.2    6.6      --
164  04/08/2020  1900    61.4   29.8    10.3     0.000   0   30.15  285.9    9.7      --
165  04/08/2020  2000    59.8   27.9    12.7     0.000   0   29.54  295.4   13.3      --
166  04/08/2020  2100    57.4   27.9    15.2     0.000   0   32.12  300.7   17.2      --
167  04/08/2020  2200    55.1   27.9    17.6     0.000   0   34.95  304.0   21.2     595
