  Generated by FoxLW on Thursday April 2, 2020 at 02:32 PDT
-------------------------------------------------------------------------------
  George West
  47.0900:-119.9900  (47 5' 24.00"N  119 59' 24.00"W)  elev 1384.5 feet    file: 330033
-------------------------------------------------------------------------------

Line#   Date     Hour   TempF  DewPtF WS(mph)  Rain(in) LW    RH%  WDir_50m WS_50m Inv(ft)
  5  04/02/2020  0400    30.5   18.1     6.9     0.000   0   59.65  352.8   11.4     786
  6  04/02/2020  0500    30.0   18.3     6.0     0.000   0   61.19  352.1    9.0      --
  7  04/02/2020  0600    29.6   23.7     5.0     0.000   5   78.12  351.0    6.7      --
  8  04/02/2020  0700    30.0   25.3     4.1     0.000  10   82.53  348.6    4.3      --
  9  04/02/2020  0800    31.1   25.3     3.2     0.000  10   78.65  340.5    2.0      --
 10  04/02/2020  0900    33.2   25.3     2.2     0.000   5   72.26  224.9    0.7      --
 11  04/02/2020  1000    36.1   25.3     1.3     0.000   0   64.46  185.7    2.8  no_inv
 12  04/02/2020  1100    39.3   25.3     2.8     0.000   0   56.86  222.9    3.5      --
 13  04/02/2020  1200    42.3   23.0     4.2     0.000   0   45.96  242.8    5.0      --
 14  04/02/2020  1300    44.8   24.4     5.7     0.000   0   44.42  252.7    6.9      --
 15  04/02/2020  1400    46.1   25.3     7.2     0.000   0   43.76  258.3    8.9      --
 16  04/02/2020  1500    47.0   25.7     8.7     0.000   0   42.95  261.9   10.9      --
 17  04/02/2020  1600    47.6   25.9    10.2     0.000   0   42.34  264.3   13.0  no_inv
 18  04/02/2020  1700    47.8   25.9    10.3     0.000   0   41.96  269.3   13.2      --
 19  04/02/2020  1800    46.9   25.5    10.4     0.000   0   42.81  274.2   13.5      --
 20  04/02/2020  1900    45.1   25.7    10.6     0.000   0   46.27  278.8   13.9      --
 21  04/02/2020  2000    44.0   24.9    10.7     0.000   0   46.48  283.0   14.4      --
 22  04/02/2020  2100    41.7   23.4    10.8     0.000   0   47.88  287.0   14.9      --
 23  04/02/2020  2200    39.4   22.1    11.0     0.000   0   49.64  290.7   15.6     521
 24  04/02/2020  2300    37.8   21.1    10.4     0.000   0   50.39  292.2   14.8      --
 25  04/03/2020  0000    36.8   20.0     9.9     0.000   0   50.31  293.9   14.1      --
 26  04/03/2020  0100    35.8   19.0     9.3     0.000   0   50.15  295.7   13.4      --
 27  04/03/2020  0200    34.8   18.3     8.8     0.000   0   50.29  297.7   12.7      --
 28  04/03/2020  0300    34.1   17.8     8.2     0.000   0   50.81  300.0   12.0      --
 29  04/03/2020  0400    33.4   18.3     7.7     0.000   0   53.39  302.5   11.3     495
 30  04/03/2020  0500    32.9   20.8     6.7     0.000   0   60.46  303.8   10.0      --
 31  04/03/2020  0600    32.6   22.5     5.8     0.000   0   65.85  305.5    8.8      --
 32  04/03/2020  0700    33.0   23.5     4.8     0.000   0   67.72  307.6    7.6      --
 33  04/03/2020  0800    34.3   25.1     3.8     0.000   0   68.75  310.6    6.3      --
 34  04/03/2020  0900    36.5   19.7     2.8     0.000   0   50.03  315.1    5.1      --
 35  04/03/2020  1000    39.6   14.9     1.8     0.000   0   36.09  322.1    4.0  no_inv
 36  04/03/2020  1100    43.1   14.7     4.8     0.000   0   31.32  298.8    6.9      --
 37  04/03/2020  1200    46.8   14.6     7.7     0.000   0   26.92  289.9   10.3      --
 38  04/03/2020  1300    49.8   15.1    10.7     0.000   0   24.72  285.5   13.8      --
 39  04/03/2020  1400    51.2   14.9    13.6     0.000   0   23.22  282.9   17.3      --
 40  04/03/2020  1500    51.9   14.3    16.6     0.000   0   21.96  281.2   20.9      --
 41  04/03/2020  1600    52.2   14.2    19.6     0.000   0   21.70  279.9   24.5  no_inv
 42  04/03/2020  1700    52.2   14.3    19.1     0.000   0   21.81  288.4   21.8      --
 43  04/03/2020  1800    50.0   14.5    18.6     0.000   0   23.91  299.0   19.8      --
 44  04/03/2020  1900    45.4   14.9    18.1     0.000   0   28.80  311.3   18.6      --
 45  04/03/2020  2000    42.9   15.3    17.6     0.000   0   32.30  324.7   18.3      --
 46  04/03/2020  2100    40.5   15.8    17.1     0.000   0   36.14  337.7   19.1      --
 47  04/03/2020  2200    38.2   16.3    16.6     0.000   0   40.54  349.3   20.7  no_inv
 48  04/03/2020  2300    36.0   16.9    15.5     0.000   0   45.14  349.1   19.4      --
 49  04/04/2020  0000    35.0   17.4    14.4     0.000   0   48.04  348.9   18.0      --
 50  04/04/2020  0100    34.0   17.8    13.3     0.000   0   50.96  348.7   16.6      --
 51  04/04/2020  0200    33.1   18.1    12.2     0.000   0   53.72  348.4   15.3      --
 52  04/04/2020  0300    32.2   19.9    11.1     0.000   0   60.03  348.1   13.9      --
 53  04/04/2020  0400    31.4   20.4    10.1     0.000   0   63.28  347.7   12.6     353
 54  04/04/2020  0500    30.8   20.3     8.7     0.000   0   64.83  350.5   11.0      --
 55  04/04/2020  0600    30.3   19.3     7.4     0.000   0   63.17  354.1    9.5      --
 56  04/04/2020  0700    30.7   17.9     6.1     0.000   0   58.59  359.0    8.1      --
 57  04/04/2020  0800    32.0   17.1     4.7     0.000   0   53.69    6.1    6.7      --
 58  04/04/2020  0900    34.3   16.6     3.4     0.000   0   47.77   16.4    5.5      --
 59  04/04/2020  1000    37.5   15.9     2.1     0.000   0   41.01   31.9    4.6    6394
 60  04/04/2020  1100    41.1   15.3     2.2     0.000   0   34.55   40.2    4.6      --
 61  04/04/2020  1200    45.5   14.7     2.3     0.000   0   28.43   48.3    4.7      --
 62  04/04/2020  1300    49.1   14.2     2.4     0.000   0   24.33   55.8    4.9      --
 63  04/04/2020  1400    51.0   13.8     2.5     0.000   0   22.29   62.6    5.2      --
 64  04/04/2020  1500    51.9   13.5     2.6     0.000   0   21.30   68.6    5.6      --
 65  04/04/2020  1600    52.4   13.4     2.7     0.000   0   20.87   73.8    6.0  no_inv
 66  04/04/2020  1700    52.4   13.7     4.7     0.000   0   21.03   45.2    6.3      --
 67  04/04/2020  1800    51.8   14.3     6.7     0.000   0   22.14   23.6    7.8      --
 68  04/04/2020  1900    50.5   17.4     8.6     0.000   0   26.48   10.3   10.0      --
 69  04/04/2020  2000    49.8   18.5    10.6     0.000   0   28.56    2.1   12.6      --
 70  04/04/2020  2100    47.5   18.3    12.6     0.000   0   30.85  356.8   15.4      --
 71  04/04/2020  2200    45.2   20.0    14.5     0.000   0   36.22  353.1   18.2  no_inv
 72  04/04/2020  2300    43.4   21.6    13.9     0.000   0   41.62  352.5   18.3      --
 73  04/05/2020  0000    42.2   23.2    13.2     0.000   0   46.55  351.8   18.3      --
 74  04/05/2020  0100    41.1   24.5    12.6     0.000   0   51.29  351.2   18.4      --
 75  04/05/2020  0200    40.2   26.9    12.0     0.000   0   58.62  350.6   18.5      --
 76  04/05/2020  0300    39.5   27.8    11.3     0.000   0   62.48  350.0   18.5      --
 77  04/05/2020  0400    39.0   28.2    10.7     0.000   0   64.98  349.4   18.6    2626
 78  04/05/2020  0500    38.6   28.5     9.9     0.000   0   66.60  351.3   17.1      --
 79  04/05/2020  0600    38.4   28.5     9.2     0.000   0   67.37  353.6   15.7      --
 80  04/05/2020  0700    38.4   28.6     8.5     0.000   0   67.55  356.4   14.3      --
 81  04/05/2020  0800    38.8   26.8     7.8     0.000   0   61.63  359.8   12.9      --
 82  04/05/2020  0900    39.6   27.0     7.0     0.000   0   60.20    4.0   11.6      --
 83  04/05/2020  1000    40.8   27.1     6.3     0.000   0   57.93    9.1   10.4    4655
 84  04/05/2020  1100    43.4   27.3     5.4     0.000   0   52.80   11.0    8.9      --
 85  04/05/2020  1200    48.7   27.5     4.6     0.000   0   43.54   13.6    7.4      --
 86  04/05/2020  1300    53.7   27.9     3.7     0.000   0   36.73   17.4    6.0      --
 87  04/05/2020  1400    56.2   27.9     2.8     0.000   0   33.44   23.5    4.7      --
 88  04/05/2020  1500    57.8   27.9     1.9     0.000   0   31.68   34.4    3.4      --
 89  04/05/2020  1600    58.3   27.9     1.1     0.000   0   31.08   56.4    2.4  no_inv
 90  04/05/2020  1700    57.3   27.9     3.6     0.000   0   32.28    0.6    4.2      --
 91  04/05/2020  1800    56.2   28.0     6.1     0.000   0   33.70  345.3    7.4      --
 92  04/05/2020  1900    54.1   30.2     8.7     0.000   0   39.86  339.4   10.8      --
 93  04/05/2020  2000    52.9   30.0    11.2     0.000   0   41.35  336.3   14.2      --
 94  04/05/2020  2100    50.5   28.7    13.8     0.000   0   42.74  334.4   17.7      --
 95  04/05/2020  2200    48.2   29.0    16.3     0.000   0   47.23  333.2   21.2  no_inv
 96  04/05/2020  2300    46.5   29.4    15.7     0.000   0   50.92  335.8   21.7      --
 97  04/06/2020  0000    45.3   29.6    15.1     0.000   0   53.96  338.3   22.4      --
 98  04/06/2020  0100    44.2   29.9    14.5     0.000   0   56.88  340.7   23.0      --
 99  04/06/2020  0200    43.2   30.1    13.9     0.000   0   59.55  342.9   23.7      --
100  04/06/2020  0300    42.3   30.2    13.4     0.000   0   61.83  345.0   24.5      --
101  04/06/2020  0400    41.6   30.2    12.8     0.000   0   63.61  347.0   25.2     391
102  04/06/2020  0500    41.1   31.6    11.2     0.000   0   68.57  350.5   20.7      --
103  04/06/2020  0600    40.8   31.8     9.7     0.000   0   70.12  355.9   16.3      --
104  04/06/2020  0700    41.1   31.4     8.2     0.000   0   68.07    5.0   12.2      --
105  04/06/2020  0800    42.1   28.8     6.6     0.000   0   58.99   22.5    8.6      --
106  04/06/2020  0900    43.8   28.1     5.1     0.000   0   53.71   55.6    6.7      --
107  04/06/2020  1000    46.2   27.4     3.5     0.000   0   47.61   92.6    7.8  no_inv
108  04/06/2020  1100    49.1   26.6     4.9     0.000   0   41.38   75.7    4.6      --
109  04/06/2020  1200    53.2   25.9     6.3     0.000   0   34.50   22.7    2.8      --
110  04/06/2020  1300    56.6   26.0     7.8     0.000   0   30.59  331.4    4.7      --
111  04/06/2020  1400    58.4   26.5     9.2     0.000   0   29.23  315.1    7.9      --
112  04/06/2020  1500    59.3   26.9    10.6     0.000   0   28.90  308.5   11.4      --
113  04/06/2020  1600    59.7   26.9    12.0     0.000   0   28.41  305.0   15.0    7521
114  04/06/2020  1700    59.7   27.3    10.8     0.000   0   28.97  299.9   11.4      --
115  04/06/2020  1800    57.2   27.2     9.6     0.000   0   31.41  290.2    7.9      --
116  04/06/2020  1900    52.2   27.3     8.4     0.000   0   37.96  267.9    5.0      --
117  04/06/2020  2000    49.4   27.0     7.2     0.000   0   41.52  220.0    4.1      --
118  04/06/2020  2100    47.1   26.9     6.0     0.000   0   45.09  181.8    6.0      --
119  04/06/2020  2200    44.8   27.0     4.8     0.000   0   49.38  166.0    9.2     855
120  04/06/2020  2300    43.4   27.0     4.7     0.000   0   52.09  166.6    6.3      --
121  04/07/2020  0000    43.1   27.0     4.5     0.000   0   52.71  168.1    3.4      --
122  04/07/2020  0100    42.7   27.0     4.4     0.000   0   53.50  188.8    0.5      --
123  04/07/2020  0200    42.2   27.0     4.3     0.000   0   54.40  340.3    2.5      --
124  04/07/2020  0300    41.8   27.0     4.1     0.000   0   55.37  342.8    5.4      --
125  04/07/2020  0400    41.3   27.0     4.0     0.000   0   56.37  343.5    8.3     994
126  04/07/2020  0500    40.9   27.0     5.0     0.000   0   57.37  343.3    9.1      --
127  04/07/2020  0600    40.6   27.1     6.0     0.000   0   58.40  343.1    9.8      --
128  04/07/2020  0700    41.3   27.4     7.0     0.000   0   57.29  343.0   10.6      --
129  04/07/2020  0800    43.3   25.7     8.0     0.000   0   49.58  342.9   11.3      --
130  04/07/2020  0900    46.5   25.9     9.0     0.000   0   44.32  342.8   12.0      --
131  04/07/2020  1000    50.2   26.1    10.0     0.000   0   38.74  342.7   12.8    6652
132  04/07/2020  1100    53.9   26.3    10.0     0.000   0   34.17  344.4   12.7      --
133  04/07/2020  1200    55.9   26.5    10.1     0.000   0   32.02  346.2   12.7      --
134  04/07/2020  1300    57.4   27.2    10.1     0.000   0   31.16  347.9   12.7      --
135  04/07/2020  1400    58.3   27.8    10.1     0.000   0   30.93  349.6   12.7      --
136  04/07/2020  1500    58.9   28.3    10.1     0.000   0   31.02  351.4   12.7      --
137  04/07/2020  1600    59.2   28.8    10.1     0.000   0   31.25  353.1   12.7    8621
138  04/07/2020  1700    59.5   28.3    11.6     0.000   0   30.38  349.4   14.6      --
139  04/07/2020  1800    58.4   27.5    13.0     0.000   0   30.50  346.5   16.6      --
140  04/07/2020  1900    56.2   26.7    14.5     0.000   0   32.02  344.3   18.6      --
141  04/07/2020  2000    55.0   26.1    15.9     0.000   0   32.66  342.5   20.7      --
142  04/07/2020  2100    52.6   25.8    17.4     0.000   0   35.07  341.0   22.8      --
143  04/07/2020  2200    50.3   25.5    18.8     0.000   0   37.67  339.8   24.8     584
144  04/07/2020  2300    48.5   25.1    17.8     0.000   0   39.62  336.6   18.2      --
145  04/08/2020  0000    47.7   24.8    16.8     0.000   0   40.33  330.0   11.8      --
146  04/08/2020  0100    46.9   24.5    15.8     0.000   0   41.09  308.8    5.8      --
147  04/08/2020  0200    46.1   24.2    14.9     0.000   0   41.87  227.1    4.3      --
148  04/08/2020  0300    45.5   24.1    13.9     0.000   0   42.68  190.8    9.7      --
149  04/08/2020  0400    44.9   24.1    12.9     0.000   0   43.49  181.6   16.1    3388
150  04/08/2020  0500    44.5   25.5    11.1     0.000   0   47.02  178.7   12.7      --
151  04/08/2020  0600    44.2   26.2     9.4     0.000   0   48.98  173.7    9.4      --
152  04/08/2020  0700    44.5   26.6     7.7     0.000   0   49.19  163.3    6.2      --
153  04/08/2020  0800    45.4   26.8     6.0     0.000   0   47.87  135.4    3.6      --
154  04/08/2020  0900    47.1   26.8     4.3     0.000   0   44.93   75.7    3.4      --
155  04/08/2020  1000    49.5   26.8     2.6     0.000   0   41.06   43.5    5.8    3258
156  04/08/2020  1100    52.6   26.8     3.6     0.000   0   36.59   38.5    3.0      --
157  04/08/2020  1200    58.2   26.8     4.5     0.000   0   29.79  325.9    0.5      --
158  04/08/2020  1300    63.5   27.3     5.4     0.000   0   25.19  239.3    2.8      --
159  04/08/2020  1400    66.7   27.7     6.4     0.000   0   23.01  234.0    5.7      --
160  04/08/2020  1500    68.4   28.2     7.3     0.000   0   22.10  232.2    8.5      --
161  04/08/2020  1600    69.4   28.7     8.2     0.000   0   21.78  231.3   11.4    6908
162  04/08/2020  1700    69.8   28.7     7.4     0.000   0   21.48  238.4    9.1      --
163  04/08/2020  1800    67.4   28.2     6.6     0.000   0   22.86  249.7    7.1      --
164  04/08/2020  1900    62.6   28.1     5.7     0.000   0   26.98  268.5    5.6      --
165  04/08/2020  2000    59.9   27.9     4.9     0.000   0   29.41  295.9    5.0      --
166  04/08/2020  2100    57.6   27.9     4.1     0.000   0   31.97  323.2    5.6      --
167  04/08/2020  2200    55.2   27.9     3.2     0.000   0   34.79  341.6    7.2     478
