  Generated by FoxLW on Thursday April 2, 2020 at 02:32 PDT
-------------------------------------------------------------------------------
  Fir Island
  48.3600:-122.4200  (48 21' 36.00"N  122 25' 12.00"W)  elev 6.6 feet    file: 330021
-------------------------------------------------------------------------------

Line#   Date     Hour   TempF  DewPtF WS(mph)  Rain(in) LW    RH%  WDir_50m WS_50m Inv(ft)
  5  04/02/2020  0400    37.7   27.6     4.1     0.000   0   66.63  127.9   15.4  no_inv
  6  04/02/2020  0500    37.4   27.7     3.6     0.000   0   67.65  129.4   13.1      --
  7  04/02/2020  0600    37.1   29.1     3.1     0.000   0   72.58  131.6   10.7      --
  8  04/02/2020  0700    37.2   29.1     2.6     0.000   0   72.32  135.1    8.4      --
  9  04/02/2020  0800    37.2   30.1     2.1     0.000   0   75.14  141.1    6.2      --
 10  04/02/2020  0900    37.4   31.3     1.6     0.020   0   78.29  153.7    4.1      --
 11  04/02/2020  1000    37.3   33.7     1.1     0.080  10   86.68  186.6    2.5    1516
 12  04/02/2020  1100    38.9   34.5     2.5     0.050  10   84.07  225.1    3.1      --
 13  04/02/2020  1200    43.0   33.5     3.8     0.020   5   69.03  245.0    4.5      --
 14  04/02/2020  1300    48.0   29.2     5.1     0.000   0   47.93  254.7    6.2      --
 15  04/02/2020  1400    49.5   29.9     6.5     0.000   0   46.48  260.2    8.1      --
 16  04/02/2020  1500    49.8   30.4     7.8     0.000   0   47.05  263.6    9.9      --
 17  04/02/2020  1600    49.2   30.9     9.1     0.000   0   48.99  266.0   11.8  no_inv
 18  04/02/2020  1700    47.1   30.9     8.3     0.000   0   53.02  267.6   12.7      --
 19  04/02/2020  1800    46.4   30.6     7.5     0.000   0   53.84  269.1   13.6      --
 20  04/02/2020  1900    44.9   31.0     6.7     0.000   0   57.77  270.4   14.5      --
 21  04/02/2020  2000    44.1   30.9     5.9     0.000   0   59.41  271.5   15.4      --
 22  04/02/2020  2100    41.8   30.8     5.1     0.000   0   64.68  272.5   16.3      --
 23  04/02/2020  2200    39.5   30.1     4.3     0.000   0   68.94  273.4   17.3  no_inv
 24  04/02/2020  2300    39.2   30.1     4.1     0.000   0   69.63  264.4   14.7      --
 25  04/03/2020  0000    39.2   30.1     3.9     0.000   0   69.63  252.2   12.6      --
 26  04/03/2020  0100    39.0   30.1     3.7     0.000   0   70.08  236.2   11.4      --
 27  04/03/2020  0200    38.8   30.1     3.5     0.000   0   70.66  218.1   11.1      --
 28  04/03/2020  0300    38.6   31.9     3.3     0.000   0   76.55  200.8   12.0      --
 29  04/03/2020  0400    38.4   33.5     3.1     0.010   0   82.54  187.0   13.7    7928
 30  04/03/2020  0500    37.6   31.9     4.1     0.010   0   79.66  197.8   13.1      --
 31  04/03/2020  0600    37.0   33.9     5.2     0.120  10   88.32  209.2   13.1      --
 32  04/03/2020  0700    37.0   33.4     6.2     0.010   5   86.66  220.3   13.5      --
 33  04/03/2020  0800    37.1   33.5     7.2     0.000   0   86.65  230.4   14.4      --
 34  04/03/2020  0900    36.4   32.8     8.2     0.030   0   86.58  239.0   15.7      --
 35  04/03/2020  1000    36.3   32.7     9.2     0.140  10   86.62  246.3   17.2    8767
 36  04/03/2020  1100    36.3   32.7    10.0     0.080  10   86.62  251.3   17.0      --
 37  04/03/2020  1200    37.7   32.9    10.7     0.050  10   82.44  256.4   17.0      --
 38  04/03/2020  1300    42.7   28.8    11.4     0.000   5   57.44  261.5   17.0      --
 39  04/03/2020  1400    46.1   29.0    12.2     0.000   0   50.99  266.5   17.2      --
 40  04/03/2020  1500    47.6   29.1    12.9     0.000   0   48.27  271.3   17.6      --
 41  04/03/2020  1600    48.3   29.1    13.6     0.000   0   47.04  276.0   18.0    8733
 42  04/03/2020  1700    48.0   29.7    11.8     0.000   0   48.89  278.0   16.7      --
 43  04/03/2020  1800    47.1   29.7     9.9     0.000   0   50.65  280.4   15.3      --
 44  04/03/2020  1900    45.2   30.8     8.1     0.000   0   56.86  283.2   14.1      --
 45  04/03/2020  2000    44.1   30.7     6.3     0.000   0   59.02  286.6   12.8      --
 46  04/03/2020  2100    41.8   30.7     4.4     0.000   0   64.49  290.7   11.6      --
 47  04/03/2020  2200    39.5   30.5     2.6     0.000   0   69.96  295.7   10.5    7836
 48  04/03/2020  2300    39.1   29.7     2.6     0.000   0   68.71  293.3    7.2      --
 49  04/04/2020  0000    39.9   32.1     2.5     0.000   0   73.24  286.9    3.9      --
 50  04/04/2020  0100    39.9   34.4     2.5     0.010   0   80.79  238.5    1.1      --
 51  04/04/2020  0200    38.8   33.8     2.5     0.000   0   82.07  139.5    3.0      --
 52  04/04/2020  0300    38.7   33.7     2.4     0.000   0   82.04  129.7    6.2      --
 53  04/04/2020  0400    39.4   35.3     2.4     0.030   0   85.25  126.6    9.5    6935
 54  04/04/2020  0500    37.5   32.4     2.3     0.000   0   81.52  121.4    7.7      --
 55  04/04/2020  0600    37.4   32.3     2.3     0.000   0   81.56  113.1    6.0      --
 56  04/04/2020  0700    38.0   32.2     2.2     0.000   0   79.18   98.7    4.5      --
 57  04/04/2020  0800    37.8   32.0     2.1     0.000   0   79.29   73.5    3.5      --
 58  04/04/2020  0900    39.5   34.7     2.1     0.000   0   82.92   40.6    3.5      --
 59  04/04/2020  1000    41.5   33.2     2.0     0.000   0   72.12   15.5    4.5    7715
 60  04/04/2020  1100    43.5   32.8     3.1     0.000   0   65.68    4.4    5.4      --
 61  04/04/2020  1200    47.2   32.4     4.2     0.000   0   56.20  356.8    6.5      --
 62  04/04/2020  1300    50.5   32.4     5.2     0.000   0   49.70  351.4    7.7      --
 63  04/04/2020  1400    52.2   32.5     6.3     0.000   0   46.91  347.4    8.9      --
 64  04/04/2020  1500    53.0   32.8     7.3     0.000   0   46.05  344.5   10.2      --
 65  04/04/2020  1600    53.4   33.2     8.4     0.000   0   46.15  342.1   11.4  no_inv
 66  04/04/2020  1700    53.4   33.2     7.7     0.000   0   46.19  343.5   11.0      --
 67  04/04/2020  1800    52.4   32.8     7.0     0.000   0   47.09  345.0   10.6      --
 68  04/04/2020  1900    50.3   33.0     6.2     0.000   0   51.19  346.6   10.2      --
 69  04/04/2020  2000    49.2   32.8     5.5     0.000   0   53.13  348.3    9.8      --
 70  04/04/2020  2100    46.8   32.8     4.8     0.000   0   57.88  350.2    9.4      --
 71  04/04/2020  2200    44.5   32.8     4.1     0.000   0   63.25  352.2    9.0      83
 72  04/04/2020  2300    43.3   32.8     4.4     0.000   0   66.18  349.1    9.6      --
 73  04/05/2020  0000    42.7   32.8     4.6     0.000   0   67.68  346.4   10.1      --
 74  04/05/2020  0100    42.1   32.8     4.9     0.000   0   69.16  343.8   10.6      --
 75  04/05/2020  0200    41.6   32.7     5.2     0.000   0   70.29  341.6   11.2      --
 76  04/05/2020  0300    41.1   32.5     5.4     0.000   0   71.04  339.6   11.8      --
 77  04/05/2020  0400    40.7   32.3     5.7     0.000   0   71.63  337.7   12.4      82
 78  04/05/2020  0500    40.4   32.5     5.5     0.000   0   73.04  335.4   11.8      --
 79  04/05/2020  0600    40.2   33.1     5.3     0.000   0   75.55  332.9   11.3      --
 80  04/05/2020  0700    40.7   32.9     5.1     0.000   0   73.47  330.1   10.7      --
 81  04/05/2020  0800    42.1   32.8     4.9     0.000   0   69.20  327.0   10.2      --
 82  04/05/2020  0900    44.4   36.0     4.7     0.000   0   72.09  323.6    9.7      --
 83  04/05/2020  1000    47.2   36.0     4.5     0.000   0   64.94  319.9    9.3  no_inv
 84  04/05/2020  1100    49.9   36.0     5.7     0.000   0   58.63  324.3   10.5      --
 85  04/05/2020  1200    51.9   34.2     7.0     0.000   0   50.61  327.8   11.8      --
 86  04/05/2020  1300    52.9   35.5     8.2     0.000   0   51.63  330.6   13.1      --
 87  04/05/2020  1400    53.0   36.4     9.5     0.000   0   53.17  332.9   14.4      --
 88  04/05/2020  1500    52.8   36.9    10.7     0.000   0   54.53  334.8   15.7      --
 89  04/05/2020  1600    52.0   36.9    11.9     0.000   0   56.29  336.4   17.1  no_inv
 90  04/05/2020  1700    50.2   37.1    11.0     0.000   0   60.62  336.7   16.5      --
 91  04/05/2020  1800    49.0   36.9    10.1     0.000   0   62.98  337.0   16.0      --
 92  04/05/2020  1900    46.6   37.3     9.1     0.000   0   70.05  337.4   15.4      --
 93  04/05/2020  2000    45.2   36.9     8.2     0.000   0   72.52  337.7   14.8      --
 94  04/05/2020  2100    42.9   36.2     7.2     0.000   0   77.19  338.2   14.3      --
 95  04/05/2020  2200    40.5   36.0     6.3     0.000   0   83.76  338.6   13.7     845
 96  04/05/2020  2300    40.4   35.7     6.4     0.000   0   83.05  337.6   14.1      --
 97  04/06/2020  0000    40.5   35.3     6.6     0.000   0   81.44  336.6   14.4      --
 98  04/06/2020  0100    40.5   34.8     6.8     0.000   0   80.10  335.7   14.8      --
 99  04/06/2020  0200    40.4   34.5     6.9     0.000   0   79.08  334.9   15.2      --
100  04/06/2020  0300    40.3   34.1     7.1     0.000   0   78.45  334.0   15.5      --
101  04/06/2020  0400    40.1   33.9     7.3     0.000   0   78.29  333.2   15.9     955
102  04/06/2020  0500    39.8   34.4     6.8     0.000   0   80.91  330.8   14.6      --
103  04/06/2020  0600    39.6   35.0     6.3     0.000   0   83.49  327.9   13.3      --
104  04/06/2020  0700    40.0   35.6     5.8     0.000   0   84.10  324.4   12.1      --
105  04/06/2020  0800    41.2   36.2     5.2     0.000   0   82.21  320.1   10.9      --
106  04/06/2020  0900    43.1   32.5     4.7     0.000   0   65.93  314.8    9.8      --
107  04/06/2020  1000    45.5   32.5     4.2     0.000   0   60.16  308.3    8.9    6256
108  04/06/2020  1100    47.8   32.5     4.1     0.000   0   55.03  302.5    8.4      --
109  04/06/2020  1200    49.7   32.5     4.0     0.000   0   51.34  296.1    8.0      --
110  04/06/2020  1300    51.1   32.5     3.8     0.000   0   48.67  289.2    7.8      --
111  04/06/2020  1400    51.8   32.5     3.7     0.000   0   47.42  281.9    7.6      --
112  04/06/2020  1500    52.3   32.5     3.6     0.000   0   46.59  274.5    7.6      --
113  04/06/2020  1600    52.6   32.5     3.5     0.000   0   46.14  267.1    7.7    7968
114  04/06/2020  1700    52.6   32.5     3.4     0.000   0   46.10  270.7    8.7      --
115  04/06/2020  1800    51.7   32.5     3.4     0.000   0   47.69  273.5    9.7      --
116  04/06/2020  1900    49.8   32.5     3.3     0.000   0   51.07  275.8   10.8      --
117  04/06/2020  2000    48.8   32.5     3.3     0.000   0   53.05  277.6   11.9      --
118  04/06/2020  2100    46.5   32.5     3.2     0.000   0   57.93  279.2   12.9      --
119  04/06/2020  2200    44.1   32.5     3.2     0.000   0   63.31  280.5   14.0    1137
120  04/06/2020  2300    43.4   32.5     3.0     0.000   0   65.12  273.9   11.1      --
121  04/07/2020  0000    41.4   32.5     0.4     0.000   0   70.25  262.9    8.4      --
122  04/07/2020  0100    41.2   32.5     0.4     0.000   0   70.75  243.3    6.3      --
123  04/07/2020  0200    41.2   32.5     0.4     0.000   0   70.75  212.3    5.5      --
124  04/07/2020  0300    41.2   32.5     0.4     0.000   0   70.75  182.0    6.4      --
125  04/07/2020  0400    41.2   32.5     0.4     0.000   0   70.75  163.2    8.6    1622
126  04/07/2020  0500    41.2   32.5     0.4     0.000   0   70.75  166.0    8.5      --
127  04/07/2020  0600    41.2   32.5     0.9     0.000   0   70.97  168.9    8.3      --
128  04/07/2020  0700    41.3   33.0     1.7     0.000   0   72.01  172.0    8.2      --
129  04/07/2020  0800    41.7   34.1     2.6     0.000   0   74.04  175.0    8.1      --
130  04/07/2020  0900    42.7   35.5     3.3     0.000   0   75.71  178.2    8.1      --
131  04/07/2020  1000    43.8   36.5     3.6     0.000   0   75.28  181.4    8.0    6472
132  04/07/2020  1100    45.6   37.2     4.9     0.000   0   72.37  192.2    4.7      --
133  04/07/2020  1200    49.3   37.5     6.1     0.000   0   63.63  238.7    2.1      --
134  04/07/2020  1300    52.6   36.2     7.3     0.000   0   53.46  313.1    3.5      --
135  04/07/2020  1400    54.3   34.7     8.5     0.000   0   47.23  330.3    6.8      --
136  04/07/2020  1500    55.2   33.2     9.8     0.000   0   43.13  336.1   10.2      --
137  04/07/2020  1600    55.5   31.9    11.0     0.000   0   40.47  339.0   13.7    7345
138  04/07/2020  1700    55.5   32.3     9.5     0.000   0   41.29  339.5   12.8      --
139  04/07/2020  1800    52.7   32.3     7.9     0.000   0   45.72  340.2   11.9      --
140  04/07/2020  1900    47.0   33.2     6.4     0.000   0   58.33  340.9   11.0      --
141  04/07/2020  2000    43.9   33.5     4.9     0.000   0   66.64  341.8   10.0      --
142  04/07/2020  2100    41.6   37.5     0.4     0.000   5   85.32  342.9    9.1      --
143  04/07/2020  2200    39.2   37.5     0.4     0.000  10   93.43  344.2    8.2    1768
144  04/07/2020  2300    38.4   37.5     0.4     0.000  10   96.47  348.8    5.9      --
145  04/08/2020  0000    38.0   37.1     0.4     0.000  10   96.52  359.3    3.7      --
146  04/08/2020  0100    37.7   36.8     0.4     0.000  10   96.52   34.7    1.9      --
147  04/08/2020  0200    37.7   36.8     0.4     0.000  10   96.52  105.9    2.2      --
148  04/08/2020  0300    37.7   36.8     0.4     0.000  10   96.52  130.2    4.2      --
149  04/08/2020  0400    37.4   36.5     0.4     0.000  10   96.51  138.3    6.5    1325
150  04/08/2020  0500    36.8   36.0     0.4     0.000  10   96.50  138.9    4.4      --
151  04/08/2020  0600    36.5   35.5     0.6     0.000  10   95.95  140.5    2.3      --
152  04/08/2020  0700    37.5   35.9     1.2     0.000  10   94.01  182.4    0.2      --
153  04/08/2020  0800    39.3   36.4     1.9     0.000  10   89.05  313.4    2.0      --
154  04/08/2020  0900    43.7   37.1     2.6     0.000   5   77.56  315.3    4.1      --
155  04/08/2020  1000    48.4   38.1     2.8     0.000   0   67.56  315.9    6.3    4223
156  04/08/2020  1100    53.0   38.8     2.7     0.000   0   58.50  315.0    6.0      --
157  04/08/2020  1200    56.6   39.1     2.6     0.000   0   51.88  313.9    5.8      --
158  04/08/2020  1300    59.0   39.1     2.5     0.000   0   47.46  312.8    5.6      --
159  04/08/2020  1400    60.2   39.0     2.4     0.000   0   45.45  311.6    5.3      --
160  04/08/2020  1500    60.7   38.8     2.3     0.000   0   44.27  310.3    5.1      --
161  04/08/2020  1600    60.8   38.5     2.2     0.000   0   43.60  308.8    4.9    4956
162  04/08/2020  1700    60.6   38.3     2.2     0.000   0   43.58  289.3    4.2      --
163  04/08/2020  1800    56.3   38.2     2.1     0.000   0   50.72  265.4    4.1      --
164  04/08/2020  1900    47.4   38.7     2.1     0.000   0   71.62  244.1    4.6      --
165  04/08/2020  2000    42.5   39.0     0.7     0.000   5   87.25  229.0    5.7      --
166  04/08/2020  2100    40.2   39.1     0.4     0.000  10   95.72  219.0    7.0      --
167  04/08/2020  2200    37.9   37.0     0.4     0.000  10   96.52  212.3    8.4     529
