  Generated by FoxLW on Thursday April 2, 2020 at 02:32 PDT
-------------------------------------------------------------------------------
  Mansfield NW
  47.9200:-119.7800  (47 55' 12.00"N  119 46' 48.00"W)  elev 2749.3 feet    file: 330047
-------------------------------------------------------------------------------

Line#   Date     Hour   TempF  DewPtF WS(mph)  Rain(in) LW    RH%  WDir_50m WS_50m Inv(ft)
  5  04/02/2020  0400    23.9    8.0    14.8     0.000   0   50.02   15.0   18.6     608
  6  04/02/2020  0500    23.4    8.2    12.6     0.000   0   51.64   16.6   15.9      --
  7  04/02/2020  0600    23.0   10.3    10.4     0.000   0   57.65   18.8   13.2      --
  8  04/02/2020  0700    23.1   12.0     8.2     0.000   0   61.72   22.2   10.6      --
  9  04/02/2020  0800    23.8   13.3     6.0     0.000   0   63.87   27.7    8.0      --
 10  04/02/2020  0900    25.0   18.7     3.8     0.000   5   76.79   38.3    5.6      --
 11  04/02/2020  1000    26.8   21.3     1.6     0.000  10   79.59   62.3    3.6  no_inv
 12  04/02/2020  1100    29.8   21.3     3.4     0.000   5   70.41   17.3    0.7      --
 13  04/02/2020  1200    34.8   18.0     5.1     0.000   0   49.88  261.5    2.8      --
 14  04/02/2020  1300    39.2   19.7     6.9     0.000   0   45.07  255.8    6.0      --
 15  04/02/2020  1400    41.4   20.6     8.6     0.000   0   42.97  254.1    9.1      --
 16  04/02/2020  1500    42.7   20.8    10.4     0.000   0   41.35  253.2   12.3      --
 17  04/02/2020  1600    43.2   20.9    12.1     0.000   0   40.75  252.7   15.5  no_inv
 18  04/02/2020  1700    42.5   20.9    12.2     0.000   0   41.69  255.8   15.8      --
 19  04/02/2020  1800    41.3   20.8    12.3     0.000   0   43.67  258.7   16.1      --
 20  04/02/2020  1900    38.7   20.6    12.3     0.000   0   47.77  261.5   16.5      --
 21  04/02/2020  2000    37.2   20.1    12.4     0.000   0   49.44  264.2   16.9      --
 22  04/02/2020  2100    34.9   19.3    12.5     0.000   0   52.48  266.8   17.4      --
 23  04/02/2020  2200    32.6   18.6    12.5     0.000   0   55.92  269.2   17.9     561
 24  04/02/2020  2300    31.6   17.9    12.7     0.000   0   56.36  268.8   17.7      --
 25  04/03/2020  0000    31.1   17.2    12.9     0.000   0   55.86  268.3   17.6      --
 26  04/03/2020  0100    30.7   16.7    13.0     0.000   0   55.56  267.9   17.4      --
 27  04/03/2020  0200    30.2   16.2    13.2     0.000   0   55.51  267.4   17.3      --
 28  04/03/2020  0300    29.8   16.0    13.4     0.000   0   55.75  266.9   17.1      --
 29  04/03/2020  0400    29.5   15.9    13.5     0.000   0   56.32  266.5   17.0     506
 30  04/03/2020  0500    29.2   15.9    13.8     0.000   0   57.09  266.7   17.3      --
 31  04/03/2020  0600    29.0   16.0    14.0     0.000   0   57.80  266.9   17.7      --
 32  04/03/2020  0700    29.3   16.2    14.3     0.000   0   57.55  267.1   18.0      --
 33  04/03/2020  0800    30.2   16.4    14.5     0.000   0   56.00  267.3   18.4      --
 34  04/03/2020  0900    31.7   16.7    14.8     0.000   0   53.26  267.5   18.7      --
 35  04/03/2020  1000    33.7   17.0    15.0     0.000   0   49.88  267.7   19.1  no_inv
 36  04/03/2020  1100    35.6   17.2    15.2     0.000   0   46.79  269.1   19.4      --
 37  04/03/2020  1200    36.9   17.5    15.5     0.000   0   44.82  270.4   19.7      --
 38  04/03/2020  1300    38.0   17.8    15.7     0.000   0   43.45  271.7   20.0      --
 39  04/03/2020  1400    38.5   17.9    15.9     0.000   0   42.82  272.9   20.3      --
 40  04/03/2020  1500    38.9   18.0    16.1     0.000   0   42.42  274.1   20.7      --
 41  04/03/2020  1600    39.1   18.0    16.4     0.000   0   42.17  275.2   21.0  no_inv
 42  04/03/2020  1700    39.1   18.6    14.0     0.000   0   43.04  274.6   18.4      --
 43  04/03/2020  1800    38.6   18.6    11.7     0.000   0   44.14  273.8   15.8      --
 44  04/03/2020  1900    37.4   18.9     9.4     0.000   0   46.84  272.6   13.1      --
 45  04/03/2020  2000    36.7   18.9     7.1     0.000   0   47.99  270.8   10.5      --
 46  04/03/2020  2100    34.4   21.2     4.7     0.000   0   58.15  267.9    7.9      --
 47  04/03/2020  2200    32.0   25.5     2.4     0.020   0   76.53  262.0    5.3    8603
 48  04/03/2020  2300    30.0   24.5     4.3     0.000   5   79.73  302.9    4.2      --
 49  04/04/2020  0000    29.4   23.4     6.2     0.000   5   77.96  341.2    5.6      --
 50  04/04/2020  0100    28.8   21.6     8.2     0.000   0   74.16  359.5    8.4      --
 51  04/04/2020  0200    28.2   20.8    10.1     0.000   0   73.17    8.3   11.5      --
 52  04/04/2020  0300    27.7   16.4    12.0     0.000   0   61.98   13.3   14.8      --
 53  04/04/2020  0400    27.2   11.8    13.9     0.000   0   51.85   16.4   18.2     391
 54  04/04/2020  0500    26.7   11.9    12.1     0.000   0   52.97   20.3   15.7      --
 55  04/04/2020  0600    26.4   13.6    10.4     0.000   0   57.90   25.6   13.3      --
 56  04/04/2020  0700    26.5   14.5     8.6     0.000   0   59.71   33.2   11.1      --
 57  04/04/2020  0800    27.1   16.5     6.8     0.000   0   63.97   44.2    9.2      --
 58  04/04/2020  0900    28.1   13.4     5.0     0.000   0   53.49   60.1    7.7      --
 59  04/04/2020  1000    29.6   16.1     3.2     0.000   0   56.60   80.8    7.1    5891
 60  04/04/2020  1100    31.8   16.1     3.9     0.000   0   51.82   81.8    7.8      --
 61  04/04/2020  1200    35.1   15.0     4.6     0.000   0   43.35   82.6    8.4      --
 62  04/04/2020  1300    38.2   16.2     5.3     0.000   0   40.21   83.3    9.0      --
 63  04/04/2020  1400    40.2   17.1     6.1     0.000   0   38.78   83.9    9.7      --
 64  04/04/2020  1500    41.5   17.8     6.8     0.000   0   37.91   84.5   10.3      --
 65  04/04/2020  1600    42.5   18.4     7.5     0.000   0   37.51   84.9   11.0    7632
 66  04/04/2020  1700    43.2   18.4     7.9     0.000   0   36.55   67.7   11.2      --
 67  04/04/2020  1800    42.0   17.9     8.4     0.000   0   37.32   52.5   12.4      --
 68  04/04/2020  1900    39.7   18.5     8.8     0.000   0   41.87   40.6   14.3      --
 69  04/04/2020  2000    38.5   18.8     9.2     0.000   0   44.55   31.7   16.6      --
 70  04/04/2020  2100    36.1   19.3     9.7     0.000   0   49.96   25.1   19.2      --
 71  04/04/2020  2200    33.8   19.7    10.1     0.000   0   55.72   20.2   22.1  no_inv
 72  04/04/2020  2300    32.7   20.1    10.1     0.000   0   59.22   19.4   21.7      --
 73  04/05/2020  0000    32.2   20.5    10.1     0.000   0   61.45   18.6   21.4      --
 74  04/05/2020  0100    31.7   20.8    10.1     0.000   0   63.63   17.8   21.0      --
 75  04/05/2020  0200    31.2   21.1    10.1     0.000   0   65.63   16.9   20.7      --
 76  04/05/2020  0300    30.8   21.2    10.1     0.000   0   67.31   16.0   20.4      --
 77  04/05/2020  0400    30.4   21.3    10.1     0.000   0   68.59   15.1   20.1     936
 78  04/05/2020  0500    30.0   21.4     8.8     0.000   0   69.93   16.8   17.5      --
 79  04/05/2020  0600    29.8   21.1     7.6     0.000   0   69.63   19.0   15.0      --
 80  04/05/2020  0700    29.9   19.8     6.3     0.000   0   65.55   22.0   12.6      --
 81  04/05/2020  0800    30.5   20.9     5.1     0.000   0   66.90   26.5   10.1      --
 82  04/05/2020  0900    31.6   25.4     3.8     0.000   5   77.46   33.8    7.8      --
 83  04/05/2020  1000    33.3   25.4     2.6     0.000   5   72.54   46.8    5.7  no_inv
 84  04/05/2020  1100    35.9   25.4     2.2     0.000   0   65.23   46.8    4.7      --
 85  04/05/2020  1200    39.7   25.4     1.8     0.000   0   56.25   46.6    3.6      --
 86  04/05/2020  1300    43.1   25.4     1.4     0.000   0   49.36   46.4    2.6      --
 87  04/05/2020  1400    45.2   25.4     1.0     0.000   0   45.57   45.8    1.5      --
 88  04/05/2020  1500    46.7   25.4     0.7     0.000   0   43.07   42.3    0.4      --
 89  04/05/2020  1600    47.6   25.4     0.3     0.000   0   41.54  230.8    0.6  no_inv
 90  04/05/2020  1700    47.8   25.4     1.2     0.000   0   41.33    4.8    1.8      --
 91  04/05/2020  1800    46.5   25.5     2.2     0.000   0   43.56   11.0    4.1      --
 92  04/05/2020  1900    43.9   25.4     3.2     0.000   0   47.84   12.8    6.4      --
 93  04/05/2020  2000    42.5   25.4     4.1     0.000   0   50.53   13.6    8.7      --
 94  04/05/2020  2100    40.2   25.5     5.1     0.000   0   55.47   14.1   11.0      --
 95  04/05/2020  2200    37.8   26.5     6.0     0.000   0   63.32   14.4   13.3     982
 96  04/05/2020  2300    36.6   27.2     6.6     0.000   0   68.49   13.9   14.5      --
 97  04/06/2020  0000    35.8   28.0     7.1     0.000   0   73.19   13.4   15.8      --
 98  04/06/2020  0100    34.9   28.9     7.7     0.000   0   78.36   13.0   17.0      --
 99  04/06/2020  0200    34.2   29.5     8.3     0.000   0   82.61   12.7   18.2      --
100  04/06/2020  0300    33.5   29.6     8.8     0.000   0   85.25   12.4   19.5      --
101  04/06/2020  0400    32.9   29.6     9.4     0.000   0   87.39   12.1   20.7     318
102  04/06/2020  0500    32.5   29.5     8.2     0.000   0   88.67    9.9   17.8      --
103  04/06/2020  0600    32.2   28.0     7.0     0.000   0   84.32    6.7   14.9      --
104  04/06/2020  0700    32.5   26.8     5.9     0.000   0   79.18    2.1   12.1      --
105  04/06/2020  0800    33.5   26.0     4.7     0.000   0   73.75  354.7    9.4      --
106  04/06/2020  0900    35.3   25.3     3.5     0.000   0   66.59  341.7    6.9      --
107  04/06/2020  1000    37.7   24.5     2.4     0.000   0   58.42  318.0    5.2  no_inv
108  04/06/2020  1100    40.7   23.6     3.6     0.000   0   50.29  307.7    6.3      --
109  04/06/2020  1200    44.9   22.9     4.9     0.000   0   41.51  300.6    7.6      --
110  04/06/2020  1300    48.3   22.9     6.1     0.000   0   36.50  295.6    8.9      --
111  04/06/2020  1400    50.2   23.4     7.4     0.000   0   34.70  291.9   10.3      --
112  04/06/2020  1500    51.0   24.1     8.6     0.000   0   34.61  289.1   11.7      --
113  04/06/2020  1600    51.5   25.0     9.9     0.000   0   35.36  286.9   13.1    5687
114  04/06/2020  1700    51.5   24.8    10.3     0.000   0   35.06  290.0   13.8      --
115  04/06/2020  1800    49.6   23.8    10.7     0.000   0   36.10  292.9   14.5      --
116  04/06/2020  1900    45.7   23.9    11.0     0.000   0   41.86  295.5   15.2      --
117  04/06/2020  2000    43.6   23.6    11.4     0.000   0   44.99  297.8   16.0      --
118  04/06/2020  2100    41.2   23.6    11.8     0.000   0   49.11  299.9   16.8      --
119  04/06/2020  2200    38.9   22.5    12.2     0.000   0   51.34  301.9   17.6    1193
120  04/06/2020  2300    37.8   22.8    12.0     0.000   0   54.33  305.5   17.6      --
121  04/07/2020  0000    37.5   24.4    11.9     0.000   0   58.71  309.1   17.6      --
122  04/07/2020  0100    37.3   24.7    11.7     0.000   0   60.03  312.7   17.7      --
123  04/07/2020  0200    37.0   24.9    11.6     0.000   0   61.31  316.2   17.9      --
124  04/07/2020  0300    36.7   25.1    11.4     0.000   0   62.50  319.7   18.1      --
125  04/07/2020  0400    36.4   25.2    11.3     0.000   0   63.51  323.0   18.4     506
126  04/07/2020  0500    36.0   25.2    11.1     0.000   0   64.27  328.7   16.8      --
127  04/07/2020  0600    35.8   25.1    11.0     0.000   0   64.61  335.5   15.4      --
128  04/07/2020  0700    36.1   24.9    10.9     0.000   0   63.34  343.5   14.3      --
129  04/07/2020  0800    37.0   22.8    10.7     0.000   0   56.07  352.6   13.5      --
130  04/07/2020  0900    38.7   22.5    10.6     0.000   0   51.78    2.7   13.1      --
131  04/07/2020  1000    40.9   22.1    10.5     0.000   0   46.61   13.0   13.1    6265
132  04/07/2020  1100    43.7   21.7     9.0     0.000   0   41.16   10.2   11.2      --
133  04/07/2020  1200    48.0   21.3     7.5     0.000   0   34.54    6.2    9.3      --
134  04/07/2020  1300    51.5   21.0     6.1     0.000   0   29.86    0.4    7.5      --
135  04/07/2020  1400    53.4   20.8     4.6     0.000   0   27.53  351.0    5.8      --
136  04/07/2020  1500    54.4   20.6     3.1     0.000   0   26.43  335.1    4.4      --
137  04/07/2020  1600    54.8   20.5     1.6     0.000   0   25.94  308.9    3.7    7218
138  04/07/2020  1700    54.9   20.6     4.1     0.000   0   25.90  342.9    5.6      --
139  04/07/2020  1800    53.1   20.6     6.6     0.000   0   27.72  356.9    8.4      --
140  04/07/2020  1900    49.3   22.6     9.1     0.000   0   34.68    3.7   11.5      --
141  04/07/2020  2000    47.3   22.2    11.6     0.000   0   36.73    7.6   14.6      --
142  04/07/2020  2100    45.0   20.8    14.0     0.000   0   37.81   10.1   17.8      --
143  04/07/2020  2200    42.6   20.9    16.5     0.000   0   41.50   11.9   21.1    2601
144  04/07/2020  2300    41.2   21.0    16.1     0.000   0   44.00   13.3   20.5      --
145  04/08/2020  0000    40.7   21.0    15.6     0.000   0   45.04   14.8   19.9      --
146  04/08/2020  0100    40.2   21.1    15.1     0.000   0   46.11   16.3   19.3      --
147  04/08/2020  0200    39.6   21.2    14.7     0.000   0   47.17   18.0   18.8      --
148  04/08/2020  0300    39.1   21.2    14.2     0.000   0   48.15   19.8   18.2      --
149  04/08/2020  0400    38.7   21.2    13.8     0.000   0   49.04   21.7   17.7     501
150  04/08/2020  0500    38.3   21.3    12.0     0.000   0   50.10   24.9   13.8      --
151  04/08/2020  0600    38.0   23.3    10.3     0.000   0   54.98   30.6   10.0      --
152  04/08/2020  0700    38.2   24.4     8.6     0.000   0   57.01   43.0    6.4      --
153  04/08/2020  0800    39.0   29.1     6.8     0.000   0   67.12   78.5    3.7      --
154  04/08/2020  0900    40.5   29.1     5.1     0.000   0   63.48  137.7    4.3      --
155  04/08/2020  1000    42.5   29.1     3.4     0.000   0   58.66  163.0    7.4    3054
156  04/08/2020  1100    45.2   26.1     5.3     0.000   0   46.99  186.6    7.6      --
157  04/08/2020  1200    50.2   27.1     7.2     0.000   0   40.48  205.9    9.0      --
158  04/08/2020  1300    54.8   28.3     9.1     0.000   0   35.89  219.1   11.0      --
159  04/08/2020  1400    57.6   28.9    11.1     0.000   0   33.36  227.9   13.5      --
160  04/08/2020  1500    59.0   29.1    13.0     0.000   0   31.95  233.9   16.1      --
161  04/08/2020  1600    59.8   29.1    14.9     0.000   0   31.04  238.1   18.9  no_inv
162  04/08/2020  1700    60.1   29.1    14.8     0.000   0   30.75  242.3   18.3      --
163  04/08/2020  1800    58.5   29.1    14.6     0.000   0   32.50  246.7   17.8      --
164  04/08/2020  1900    55.3   29.1    14.5     0.000   0   36.46  251.4   17.3      --
165  04/08/2020  2000    53.5   29.1    14.4     0.000   0   38.85  256.3   17.0      --
166  04/08/2020  2100    51.2   29.1    14.2     0.000   0   42.29  261.3   16.8      --
167  04/08/2020  2200    48.8   29.1    14.1     0.000   0   46.13  266.4   16.8     557
