  Generated by FoxLW on Thursday April 2, 2020 at 02:32 PDT
-------------------------------------------------------------------------------
  Davenport
  47.6600:-118.1300  (47 39' 36.00"N  118 7' 48.00"W)  elev 2450.8 feet    file: 330029
-------------------------------------------------------------------------------

Line#   Date     Hour   TempF  DewPtF WS(mph)  Rain(in) LW    RH%  WDir_50m WS_50m Inv(ft)
  5  04/02/2020  0400    28.2   16.6     3.7     0.000   0   61.18   21.7    8.1     876
  6  04/02/2020  0500    27.9   16.6     3.5     0.000   0   62.22   14.3    6.8      --
  7  04/02/2020  0600    27.6   16.7     3.2     0.000   0   63.23    3.7    5.7      --
  8  04/02/2020  0700    27.8   16.9     3.0     0.000   0   62.98  348.4    4.8      --
  9  04/02/2020  0800    28.8   16.4     2.8     0.000   0   59.48  328.6    4.4      --
 10  04/02/2020  0900    30.4   16.4     2.6     0.000   0   55.58  307.8    4.6      --
 11  04/02/2020  1000    32.7   16.4     2.4     0.000   0   50.69  290.5    5.3  no_inv
 12  04/02/2020  1100    35.2   16.4     3.0     0.000   0   45.75  281.3    5.9      --
 13  04/02/2020  1200    37.7   16.4     3.6     0.000   0   41.58  273.9    6.6      --
 14  04/02/2020  1300    39.7   16.4     4.2     0.000   0   38.39  268.1    7.5      --
 15  04/02/2020  1400    40.8   16.4     4.9     0.000   0   36.72  263.6    8.4      --
 16  04/02/2020  1500    41.6   16.4     5.5     0.000   0   35.66  259.9    9.3      --
 17  04/02/2020  1600    42.1   16.4     6.1     0.000   0   34.98  256.9   10.3  no_inv
 18  04/02/2020  1700    42.4   16.6     5.6     0.000   0   34.77  256.1    9.7      --
 19  04/02/2020  1800    42.0   16.9     5.1     0.000   0   35.82  255.2    9.2      --
 20  04/02/2020  1900    40.8   16.8     4.7     0.000   0   37.39  254.2    8.7      --
 21  04/02/2020  2000    39.5   16.8     4.2     0.000   0   39.28  253.0    8.1      --
 22  04/02/2020  2100    38.3   16.8     3.7     0.000   0   41.27  251.7    7.6      --
 23  04/02/2020  2200    37.0   16.8     3.2     0.000   0   43.37  250.2    7.1  no_inv
 24  04/02/2020  2300    34.5   16.8     3.5     0.000   0   47.86  247.3    7.6      --
 25  04/03/2020  0000    32.6   16.8     3.7     0.000   0   51.80  244.8    8.2      --
 26  04/03/2020  0100    30.8   16.8     4.0     0.000   0   55.67  242.6    8.8      --
 27  04/03/2020  0200    29.2   16.8     4.3     0.000   0   59.32  240.6    9.4      --
 28  04/03/2020  0300    27.9   16.8     4.5     0.000   0   62.57  238.9   10.0      --
 29  04/03/2020  0400    27.7   16.8     4.5     0.000   0   63.10  237.4   10.6      86
 30  04/03/2020  0500    26.2   21.4     6.4     0.000   0   81.81  237.2   12.0      --
 31  04/03/2020  0600    25.8   25.8     8.1     0.000   5  100.00  237.0   13.4      --
 32  04/03/2020  0700    26.5   25.9     9.8     0.000  10   97.32  236.8   14.7      --
 33  04/03/2020  0800    28.4   23.5    11.4     0.000   5   81.60  236.7   16.1      --
 34  04/03/2020  0900    31.5   23.2    13.1     0.000   0   70.99  236.6   17.5      --
 35  04/03/2020  1000    35.0   22.8    14.7     0.000   0   60.65  236.5   18.9  no_inv
 36  04/03/2020  1100    37.8   22.4    15.4     0.000   0   53.25  239.9   19.5      --
 37  04/03/2020  1200    39.2   22.0    16.1     0.000   0   49.63  243.0   20.2      --
 38  04/03/2020  1300    40.3   21.7    16.8     0.000   0   47.03  246.0   20.9      --
 39  04/03/2020  1400    40.8   21.5    17.4     0.000   0   45.59  248.7   21.8      --
 40  04/03/2020  1500    41.2   21.3    18.1     0.000   0   44.72  251.2   22.6      --
 41  04/03/2020  1600    41.3   21.2    18.8     0.000   0   44.29  253.6   23.5  no_inv
 42  04/03/2020  1700    40.5   21.2    18.1     0.000   0   45.73  260.2   21.8      --
 43  04/03/2020  1800    38.7   21.1    17.4     0.000   0   48.76  267.7   20.5      --
 44  04/03/2020  1900    37.8   20.9    16.7     0.000   0   50.29  276.1   19.5      --
 45  04/03/2020  2000    35.4   20.7    15.9     0.000   0   54.65  285.2   19.0      --
 46  04/03/2020  2100    33.1   20.5    15.2     0.000   0   59.34  294.5   19.0      --
 47  04/03/2020  2200    30.7   20.2    14.5     0.000   0   64.46  303.5   19.6  no_inv
 48  04/03/2020  2300    29.0   19.9    12.7     0.000   0   68.49  308.1   16.1      --
 49  04/04/2020  0000    27.9   21.1    10.9     0.000   0   75.19  315.0   12.9      --
 50  04/04/2020  0100    26.7   21.5     8.5     0.000   0   80.64  326.3    9.9      --
 51  04/04/2020  0200    25.4   22.1     5.7     0.000   0   87.29  345.5    7.7      --
 52  04/04/2020  0300    24.4   22.5     3.5     0.000   5   92.47   14.4    6.8      --
 53  04/04/2020  0400    23.8   22.6     1.9     0.000  10   95.22   42.8    7.8     675
 54  04/04/2020  0500    23.5   22.6     2.3     0.000  10   96.31   51.5    6.4      --
 55  04/04/2020  0600    23.2   22.8     2.6     0.000  10   98.02   64.6    5.2      --
 56  04/04/2020  0700    23.7   23.5     2.9     0.000  10   99.17   83.6    4.4      --
 57  04/04/2020  0800    25.5   24.6     3.0     0.000  10   96.31  106.6    4.3      --
 58  04/04/2020  0900    28.5   25.7     2.8     0.000  10   89.22  127.7    4.9      --
 59  04/04/2020  1000    32.5   26.7     2.7     0.000   5   79.05  142.9    5.9    6202
 60  04/04/2020  1100    37.0   27.4     3.4     0.000   0   67.83  132.8    6.4      --
 61  04/04/2020  1200    41.8   27.6     4.2     0.000   0   56.92  124.5    7.1      --
 62  04/04/2020  1300    45.5   26.1     4.9     0.000   0   46.48  117.8    7.9      --
 63  04/04/2020  1400    47.3   24.4     5.7     0.000   0   40.25  112.4    8.8      --
 64  04/04/2020  1500    48.3   22.7     6.4     0.000   0   36.15  108.0    9.8      --
 65  04/04/2020  1600    48.7   21.7     7.2     0.000   0   34.09  104.4   10.8  no_inv
 66  04/04/2020  1700    47.6   21.7     7.6     0.000   0   35.56   92.9   11.9      --
 67  04/04/2020  1800    45.3   21.8     8.0     0.000   0   38.99   83.7   13.5      --
 68  04/04/2020  1900    44.0   21.9     8.5     0.000   0   41.07   76.5   15.3      --
 69  04/04/2020  2000    41.7   22.8     8.9     0.000   0   46.57   70.9   17.3      --
 70  04/04/2020  2100    39.4   23.6     9.3     0.000   0   52.90   66.4   19.4      --
 71  04/04/2020  2200    37.0   24.6     9.8     0.000   0   60.29   62.9   21.6    1222
 72  04/04/2020  2300    35.3   25.5     9.8     0.000   0   67.14   61.0   21.6      --
 73  04/05/2020  0000    34.4   26.4     9.8     0.000   0   72.22   59.2   21.6      --
 74  04/05/2020  0100    33.5   27.1     9.8     0.000   0   77.09   57.3   21.6      --
 75  04/05/2020  0200    32.7   27.7     9.8     0.000   0   81.42   55.5   21.6      --
 76  04/05/2020  0300    32.1   29.6     9.8     0.000   0   90.49   53.6   21.7      --
 77  04/05/2020  0400    31.5   30.6     9.9     0.070  10   96.42   51.8   21.8    1202
 78  04/05/2020  0500    31.9   28.8     9.0     0.000  10   88.07   53.0   19.9      --
 79  04/05/2020  0600    32.6   29.4     8.2     0.000   5   88.12   54.5   18.0      --
 80  04/05/2020  0700    32.6   29.0     7.3     0.000   0   86.42   56.4   16.2      --
 81  04/05/2020  0800    32.6   29.0     6.5     0.000   0   86.40   58.8   14.3      --
 82  04/05/2020  0900    32.2   28.6     5.7     0.000   0   86.38   61.8   12.5      --
 83  04/05/2020  1000    32.8   29.2     4.8     0.040   7   86.17   65.8   10.7    2010
 84  04/05/2020  1100    34.3   30.7     4.1     0.000   0   86.44   66.0    9.1      --
 85  04/05/2020  1200    38.2   30.7     3.4     0.000   0   74.22   66.3    7.5      --
 86  04/05/2020  1300    42.3   30.7     2.7     0.000   0   63.23   66.7    5.9      --
 87  04/05/2020  1400    45.0   30.7     2.0     0.000   0   56.91   67.5    4.3      --
 88  04/05/2020  1500    47.1   30.7     1.2     0.000   0   52.56   69.2    2.7      --
 89  04/05/2020  1600    48.5   30.7     0.5     0.000   0   49.95   75.5    1.1  no_inv
 90  04/05/2020  1700    48.2   30.8     1.4     0.000   0   50.65  123.9    2.6      --
 91  04/05/2020  1800    47.7   31.0     2.2     0.000   0   52.28  134.7    4.5      --
 92  04/05/2020  1900    47.3   31.0     3.1     0.000   0   52.90  139.0    6.5      --
 93  04/05/2020  2000    45.0   31.0     4.0     0.000   0   57.79  141.3    8.5      --
 94  04/05/2020  2100    42.7   31.0     4.8     0.000   0   63.20  142.7   10.5      --
 95  04/05/2020  2200    40.3   31.9     5.6     0.000   0   71.69  143.6   12.5    1251
 96  04/05/2020  2300    39.2   31.5     5.3     0.000   0   73.45  136.8   10.3      --
 97  04/06/2020  0000    38.6   31.0     4.9     0.000   0   74.08  126.5    8.4      --
 98  04/06/2020  0100    37.9   31.0     4.5     0.000   0   75.99  110.7    6.8      --
 99  04/06/2020  0200    37.3   31.0     4.1     0.000   0   77.79   88.6    6.0      --
100  04/06/2020  0300    36.8   32.4     3.8     0.000   0   83.98   64.5    6.3      --
101  04/06/2020  0400    37.3   34.1     3.4     0.020   0   88.10   45.3    7.5    1314
102  04/06/2020  0500    36.0   32.1     3.2     0.000   0   85.40   36.9    5.9      --
103  04/06/2020  0600    35.8   32.0     3.1     0.000   0   85.72   22.8    4.4      --
104  04/06/2020  0700    36.0   31.8     3.0     0.000   0   84.51  358.8    3.5      --
105  04/06/2020  0800    36.8   33.0     2.9     0.000   0   85.78  327.5    3.5      --
106  04/06/2020  0900    37.5   32.2     2.7     0.000   0   81.00  302.8    4.4      --
107  04/06/2020  1000    39.8   29.3     2.6     0.000   0   65.60  288.1    5.8  no_inv
108  04/06/2020  1100    42.6   27.6     4.9     0.000   0   55.06  278.2    8.1      --
109  04/06/2020  1200    47.1   26.0     7.3     0.000   0   43.48  272.9   10.6      --
110  04/06/2020  1300    50.9   25.1     9.6     0.000   0   36.26  269.5   13.1      --
111  04/06/2020  1400    52.9   24.6    12.0     0.000   0   33.02  267.3   15.7      --
112  04/06/2020  1500    53.9   23.7    14.3     0.000   0   30.68  265.7   18.2      --
113  04/06/2020  1600    54.3   22.8    16.7     0.000   0   29.05  264.5   20.8    7249
114  04/06/2020  1700    54.0   22.8    16.3     0.000   0   29.39  269.3   20.4      --
115  04/06/2020  1800    51.0   23.0    15.9     0.000   0   33.10  274.2   20.1      --
116  04/06/2020  1900    44.9   23.4    15.5     0.000   0   42.24  279.3   20.0      --
117  04/06/2020  2000    41.6   23.7    15.1     0.000   0   48.69  284.3   20.1      --
118  04/06/2020  2100    39.2   24.0    14.8     0.000   0   53.96  289.3   20.3      --
119  04/06/2020  2200    36.9   24.4    14.4     0.000   0   60.20  294.1   20.6     712
120  04/06/2020  2300    35.4   24.8    12.9     0.000   0   64.87  291.6   19.0      --
121  04/07/2020  0000    34.9   26.6    11.4     0.000   0   71.38  288.5   17.4      --
122  04/07/2020  0100    34.3   27.5     9.9     0.000   0   75.89  284.8   15.9      --
123  04/07/2020  0200    33.7   27.8     8.4     0.000   0   78.71  280.4   14.4      --
124  04/07/2020  0300    33.0   27.1     6.8     0.000   0   78.59  275.0   13.1      --
125  04/07/2020  0400    32.4   26.6     5.3     0.000   0   78.96  268.4   11.9      50
126  04/07/2020  0500    31.7   26.2     5.0     0.000   5   79.83  262.3   10.6      --
127  04/07/2020  0600    31.3   25.7     4.7     0.000  10   79.50  254.7    9.4      --
128  04/07/2020  0700    32.1   25.7     4.4     0.000   5   77.14  245.2    8.5      --
129  04/07/2020  0800    34.2   25.3     4.1     0.000   0   69.65  233.7    7.9      --
130  04/07/2020  0900    37.6   25.0     3.8     0.000   0   59.92  220.9    7.6      --
131  04/07/2020  1000    42.0   24.6     3.5     0.000   0   49.68  207.7    7.7  no_inv
132  04/07/2020  1100    46.8   24.2     3.2     0.000   0   40.86  207.4    7.0      --
133  04/07/2020  1200    51.1   23.9     2.8     0.000   0   34.28  207.0    6.3      --
134  04/07/2020  1300    54.3   23.6     2.5     0.000   0   30.10  206.5    5.6      --
135  04/07/2020  1400    55.8   23.4     2.2     0.000   0   28.15  205.9    4.8      --
136  04/07/2020  1500    56.6   23.2     1.9     0.000   0   27.22  205.0    4.1      --
137  04/07/2020  1600    57.0   23.2     1.5     0.000   0   26.84  203.8    3.4    8426
138  04/07/2020  1700    56.9   23.2     2.6     0.000   0   26.90  168.2    1.5      --
139  04/07/2020  1800    54.2   23.2     3.7     0.000   0   29.63   83.4    2.0      --
140  04/07/2020  1900    48.8   23.4     4.7     0.000   0   36.51   62.5    4.1      --
141  04/07/2020  2000    45.8   23.7     5.8     0.000   0   41.44   56.2    6.4      --
142  04/07/2020  2100    43.5   24.0     6.8     0.000   0   45.90   53.2    8.8      --
143  04/07/2020  2200    41.1   24.1     7.8     0.000   0   50.50   51.4   11.2     251
144  04/07/2020  2300    38.6   23.9     8.4     0.000   0   55.17   50.8   12.2      --
145  04/08/2020  0000    37.3   23.7     9.0     0.000   0   57.53   50.2   13.2      --
146  04/08/2020  0100    36.0   23.5     9.6     0.000   0   59.99   49.7   14.2      --
147  04/08/2020  0200    34.8   23.2    10.2     0.000   0   62.27   49.3   15.2      --
148  04/08/2020  0300    33.8   23.0    10.8     0.000   0   64.15   48.9   16.2      --
149  04/08/2020  0400    32.8   22.7    11.4     0.000   0   65.88   48.6   17.2     288
150  04/08/2020  0500    32.1   23.3    10.0     0.000   0   69.67   51.4   15.2      --
151  04/08/2020  0600    31.7   23.8     8.6     0.000   0   72.35   55.0   13.3      --
152  04/08/2020  0700    32.4   24.3     7.3     0.000   0   71.75   59.9   11.4      --
153  04/08/2020  0800    34.3   23.6     5.9     0.000   0   64.36   66.6    9.7      --
154  04/08/2020  0900    37.6   24.7     4.5     0.000   0   59.30   75.9    8.1      --
155  04/08/2020  1000    42.0   30.1     3.1     0.000   0   62.50   89.1    6.9    2574
156  04/08/2020  1100    46.9   30.8     3.7     0.000   0   53.15  103.2    4.6      --
157  04/08/2020  1200    52.2   30.8     4.2     0.000   0   43.72  137.8    3.0      --
158  04/08/2020  1300    56.3   30.9     4.7     0.000   0   37.77  187.9    3.4      --
159  04/08/2020  1400    58.6   31.1     5.2     0.000   0   35.01  213.1    5.3      --
160  04/08/2020  1500    59.8   31.2     5.8     0.000   0   33.79  223.6    7.8      --
161  04/08/2020  1600    60.4   31.4     6.3     0.000   0   33.25  229.1   10.4    5808
162  04/08/2020  1700    60.6   31.4     7.3     0.000   0   33.04  227.4   11.3      --
163  04/08/2020  1800    58.9   31.2     8.4     0.000   0   34.85  226.1   12.3      --
164  04/08/2020  1900    55.5   32.1     9.4     0.000   0   40.79  224.9   13.2      --
165  04/08/2020  2000    53.6   32.3    10.4     0.000   0   44.11  223.8   14.2      --
166  04/08/2020  2100    51.3   32.3    11.4     0.000   0   48.05  222.9   15.2      --
167  04/08/2020  2200    48.9   30.8    12.4     0.000   0   49.28  222.1   16.2     873
