  Generated by FoxLW on Thursday April 2, 2020 at 02:32 PDT
-------------------------------------------------------------------------------
  Sequim
  48.0900:-123.0600  (48 5' 24.00"N  123 3' 36.00"W)  elev 98.4 feet    file: 330039
-------------------------------------------------------------------------------

Line#   Date     Hour   TempF  DewPtF WS(mph)  Rain(in) LW    RH%  WDir_50m WS_50m Inv(ft)
  5  04/02/2020  0400    37.4   31.6     2.2     0.000   0   79.28  260.6   10.0  no_inv
  6  04/02/2020  0500    37.2   31.6     2.5     0.000   0   80.13  268.1    9.0      --
  7  04/02/2020  0600    37.0   33.0     2.7     0.000   0   85.31  277.2    8.3      --
  8  04/02/2020  0700    37.5   33.0     3.0     0.000   0   83.73  287.8    7.8      --
  9  04/02/2020  0800    38.9   33.0     3.2     0.000   0   79.13  299.4    7.6      --
 10  04/02/2020  0900    41.1   33.0     3.4     0.000   0   72.81  311.2    7.7      --
 11  04/02/2020  1000    43.2   33.0     3.7     0.000   0   67.12  322.2    8.1  no_inv
 12  04/02/2020  1100    44.3   31.8     4.3     0.000   0   61.07  311.1    9.2      --
 13  04/02/2020  1200    44.8   32.2     5.0     0.000   0   60.96  302.7   10.6      --
 14  04/02/2020  1300    45.1   33.1     5.6     0.000   0   62.58  296.4   12.2      --
 15  04/02/2020  1400    45.2   33.8     6.3     0.000   0   64.08  291.5   13.9      --
 16  04/02/2020  1500    45.2   34.3     6.9     0.000   0   65.40  287.7   15.6      --
 17  04/02/2020  1600    45.1   34.8     7.6     0.000   0   66.79  284.7   17.4  no_inv
 18  04/02/2020  1700    44.8   34.8     6.9     0.000   0   67.58  285.0   17.2      --
 19  04/02/2020  1800    44.1   34.1     6.3     0.000   0   67.55  285.3   17.0      --
 20  04/02/2020  1900    42.8   33.9     5.6     0.000   0   70.60  285.6   16.7      --
 21  04/02/2020  2000    42.0   33.8     4.9     0.000   0   72.62  285.9   16.5      --
 22  04/02/2020  2100    39.7   33.8     4.3     0.000   0   79.51  286.2   16.3      --
 23  04/02/2020  2200    37.3   33.8     3.6     0.000   0   87.14  286.6   16.1  no_inv
 24  04/02/2020  2300    37.0   33.8     3.5     0.000   0   88.09  281.0   14.6      --
 25  04/03/2020  0000    37.0   33.8     3.3     0.000   0   88.09  274.4   13.4      --
 26  04/03/2020  0100    37.2   33.8     3.1     0.000   0   87.37  266.5   12.4      --
 27  04/03/2020  0200    37.3   33.8     2.9     0.000   0   87.03  257.4   11.6      --
 28  04/03/2020  0300    37.4   33.8     2.8     0.000   0   87.00  247.3   11.2      --
 29  04/03/2020  0400    37.3   33.8     2.6     0.000   0   87.22  236.8   11.2    8745
 30  04/03/2020  0500    37.2   33.8     3.0     0.000   0   87.66  244.6   10.3      --
 31  04/03/2020  0600    37.0   33.8     3.4     0.000   0   88.15  253.6    9.6      --
 32  04/03/2020  0700    37.3   33.8     3.8     0.000   0   87.12  263.6    9.3      --
 33  04/03/2020  0800    38.2   33.8     4.2     0.000   0   83.98  274.2    9.2      --
 34  04/03/2020  0900    39.8   32.2     4.6     0.000   0   74.06  284.5    9.4      --
 35  04/03/2020  1000    41.6   32.2     5.0     0.000   0   69.09  294.1    9.9  no_inv
 36  04/03/2020  1100    43.0   32.2     6.3     0.000   0   65.34  293.8   13.0      --
 37  04/03/2020  1200    44.0   31.9     7.6     0.000   0   62.19  293.5   16.0      --
 38  04/03/2020  1300    43.8   33.9     8.8     0.000   0   67.89  293.4   19.1      --
 39  04/03/2020  1400    43.3   35.6    10.1     0.010   0   74.14  293.2   22.1      --
 40  04/03/2020  1500    44.2   34.7    11.4     0.000   0   68.96  293.2   25.2      --
 41  04/03/2020  1600    43.4   35.9    12.7     0.010   0   74.42  293.1   28.2    8677
 42  04/03/2020  1700    44.8   33.8    11.8     0.000   0   65.11  291.0   26.4      --
 43  04/03/2020  1800    44.3   33.4    10.9     0.000   0   65.30  288.6   24.5      --
 44  04/03/2020  1900    43.3   33.5     9.9     0.000   0   68.09  285.8   22.8      --
 45  04/03/2020  2000    42.7   32.3     9.0     0.000   0   66.28  282.6   21.0      --
 46  04/03/2020  2100    40.4   30.9     8.1     0.000   0   68.54  278.8   19.4      --
 47  04/03/2020  2200    38.0   31.4     7.2     0.000   0   76.63  274.4   17.9    6945
 48  04/03/2020  2300    37.8   32.2     6.2     0.000   0   80.24  273.0   15.1      --
 49  04/04/2020  0000    37.8   32.7     5.2     0.000   0   81.95  271.0   12.3      --
 50  04/04/2020  0100    37.9   33.5     4.1     0.000   0   83.91  267.9    9.5      --
 51  04/04/2020  0200    38.0   33.5     3.1     0.000   0   83.63  262.2    6.8      --
 52  04/04/2020  0300    38.0   33.5     2.1     0.000   0   83.60  249.2    4.2      --
 53  04/04/2020  0400    38.0   33.5     1.0     0.000   0   83.77  209.0    2.3    6696
 54  04/04/2020  0500    37.9   33.5     1.5     0.000   0   84.12  161.7    1.3      --
 55  04/04/2020  0600    37.7   33.5     1.9     0.000   0   84.54  102.5    2.0      --
 56  04/04/2020  0700    38.0   33.5     2.3     0.000   0   83.53   83.9    3.5      --
 57  04/04/2020  0800    39.0   33.5     2.8     0.000   0   80.44   76.9    5.2      --
 58  04/04/2020  0900    40.6   30.3     3.2     0.000   0   66.42   73.2    6.9      --
 59  04/04/2020  1000    42.8   30.3     3.7     0.000   0   61.14   71.1    8.6    6800
 60  04/04/2020  1100    45.2   30.3     3.6     0.000   0   55.68   62.9    7.9      --
 61  04/04/2020  1200    47.8   30.3     3.6     0.000   0   50.47   53.5    7.4      --
 62  04/04/2020  1300    49.6   30.3     3.6     0.000   0   47.28   42.9    7.1      --
 63  04/04/2020  1400    50.2   30.3     3.5     0.000   0   46.10   31.9    7.1      --
 64  04/04/2020  1500    50.5   30.3     3.5     0.000   0   45.73   21.1    7.3      --
 65  04/04/2020  1600    50.4   30.3     3.5     0.000   0   45.88   11.4    7.8  no_inv
 66  04/04/2020  1700    49.9   30.4     3.7     0.000   0   46.86  355.1    6.3      --
 67  04/04/2020  1800    49.7   30.5     3.9     0.000   0   47.40  331.9    5.6      --
 68  04/04/2020  1900    49.5   30.4     4.1     0.000   0   47.57  307.1    5.9      --
 69  04/04/2020  2000    49.3   30.4     4.3     0.000   0   47.85  287.9    7.1      --
 70  04/04/2020  2100    47.0   30.4     4.5     0.000   0   52.23  275.3    8.9      --
 71  04/04/2020  2200    44.6   30.4     4.7     0.000   0   57.07  267.1   11.0  no_inv
 72  04/04/2020  2300    43.5   30.4     4.8     0.000   0   59.56  269.5   11.1      --
 73  04/05/2020  0000    42.7   30.4     4.9     0.000   0   61.49  271.7   11.3      --
 74  04/05/2020  0100    41.9   30.5     5.1     0.000   0   63.56  273.9   11.5      --
 75  04/05/2020  0200    41.3   30.7     5.2     0.000   0   65.78  276.1   11.6      --
 76  04/05/2020  0300    40.7   30.9     5.3     0.000   0   67.85  278.1   11.9      --
 77  04/05/2020  0400    41.2   31.1     5.5     0.000   0   67.29  280.1   12.1    4058
 78  04/05/2020  0500    39.9   30.4     5.0     0.000   0   68.42  284.2   10.8      --
 79  04/05/2020  0600    39.8   30.4     4.6     0.000   0   68.83  289.3    9.6      --
 80  04/05/2020  0700    40.0   30.4     4.1     0.000   0   68.12  295.9    8.4      --
 81  04/05/2020  0800    40.8   30.4     3.7     0.000   0   66.03  304.3    7.4      --
 82  04/05/2020  0900    41.6   34.3     3.2     0.000   0   75.20  315.0    6.7      --
 83  04/05/2020  1000    42.2   35.9     2.7     0.020   0   78.06  328.0    6.2    4349
 84  04/05/2020  1100    45.6   33.2     3.8     0.000   0   61.61  326.9    7.1      --
 85  04/05/2020  1200    46.1   34.5     4.8     0.000   0   63.75  326.0    8.1      --
 86  04/05/2020  1300    46.0   36.4     5.9     0.010   0   68.90  325.3    9.1      --
 87  04/05/2020  1400    48.7   33.9     7.0     0.000   0   56.47  324.8   10.0      --
 88  04/05/2020  1500    49.0   34.3     8.0     0.000   0   56.71  324.3   11.0      --
 89  04/05/2020  1600    49.1   34.7     9.1     0.000   0   57.38  323.9   12.0  no_inv
 90  04/05/2020  1700    48.8   34.7     9.2     0.000   0   57.98  314.9   11.3      --
 91  04/05/2020  1800    47.8   34.2     9.2     0.000   0   59.07  305.0   11.0      --
 92  04/05/2020  1900    45.9   34.7     9.3     0.000   0   64.84  294.8   11.0      --
 93  04/05/2020  2000    44.8   34.6     9.4     0.000   0   67.23  285.0   11.4      --
 94  04/05/2020  2100    42.5   34.4     9.5     0.000   0   72.78  276.0   12.0      --
 95  04/05/2020  2200    40.1   34.1     9.6     0.000   0   78.90  268.1   12.9     477
 96  04/05/2020  2300    40.1   33.9     8.5     0.000   0   78.32  271.5   11.8      --
 97  04/06/2020  0000    40.2   33.7     7.5     0.000   0   77.33  275.6   10.6      --
 98  04/06/2020  0100    40.3   33.8     6.4     0.000   0   77.25  280.6    9.6      --
 99  04/06/2020  0200    40.3   33.8     5.3     0.000   0   77.53  286.9    8.6      --
100  04/06/2020  0300    40.2   34.1     4.3     0.000   0   78.47  294.5    7.8      --
101  04/06/2020  0400    40.1   34.1     3.2     0.000   0   78.88  303.8    7.1   12877
102  04/06/2020  0500    39.9   34.1     3.0     0.000   0   79.43  310.3    6.2      --
103  04/06/2020  0600    39.8   34.1     2.8     0.000   0   79.92  318.8    5.4      --
104  04/06/2020  0700    40.0   34.1     2.6     0.000   0   78.98  329.8    4.8      --
105  04/06/2020  0800    41.0   34.1     2.4     0.000   0   76.29  343.4    4.4      --
106  04/06/2020  0900    42.4   33.6     2.2     0.000   0   70.59  358.8    4.3      --
107  04/06/2020  1000    44.4   33.6     2.0     0.000   0   65.56   13.9    4.5    7025
108  04/06/2020  1100    46.4   33.6     3.7     0.000   0   60.69  343.8    4.8      --
109  04/06/2020  1200    48.2   33.0     5.3     0.000   0   55.47  322.7    6.2      --
110  04/06/2020  1300    49.5   33.8     6.9     0.000   0   54.51  310.3    8.1      --
111  04/06/2020  1400    50.3   34.5     8.6     0.000   0   54.58  302.8   10.3      --
112  04/06/2020  1500    50.7   35.1    10.2     0.000   0   54.81  298.0   12.5      --
113  04/06/2020  1600    51.0   35.0    11.9     0.000   0   54.13  294.6   14.8    7072
114  04/06/2020  1700    51.1   35.2    10.9     0.000   0   54.41  292.4   15.3      --
115  04/06/2020  1800    49.9   35.0     9.9     0.000   0   56.24  290.4   15.8      --
116  04/06/2020  1900    47.5   34.9     9.0     0.000   0   61.49  288.5   16.3      --
117  04/06/2020  2000    46.2   34.0     8.1     0.000   0   62.45  286.8   16.9      --
118  04/06/2020  2100    43.8   33.5     7.1     0.000   0   66.79  285.1   17.5      --
119  04/06/2020  2200    41.5   33.9     6.2     0.000   0   74.23  283.5   18.0    1788
120  04/06/2020  2300    40.8   34.2     5.4     0.000   0   77.15  282.9   16.4      --
121  04/07/2020  0000    40.8   34.7     4.7     0.000   0   78.56  282.2   14.8      --
122  04/07/2020  0100    41.1   34.7     4.0     0.000   0   77.81  281.2   13.2      --
123  04/07/2020  0200    41.2   34.7     3.3     0.000   0   77.46  280.0   11.5      --
124  04/07/2020  0300    41.2   34.7     2.6     0.000   0   77.43  278.4    9.9      --
125  04/07/2020  0400    41.1   34.7     1.8     0.000   0   77.93  276.2    8.3    4007
126  04/07/2020  0500    40.9   34.7     2.0     0.000   0   78.16  284.6    6.6      --
127  04/07/2020  0600    40.8   34.7     2.2     0.000   0   78.61  298.3    5.2      --
128  04/07/2020  0700    41.0   34.7     2.4     0.000   0   78.02  320.3    4.2      --
129  04/07/2020  0800    41.6   34.7     2.5     0.000   0   76.24  348.7    4.1      --
130  04/07/2020  0900    42.6   36.5     2.7     0.000   0   78.71   12.7    4.9      --
131  04/07/2020  1000    44.0   36.5     2.8     0.000   0   74.67   28.0    6.3    4084
132  04/07/2020  1100    45.8   36.5     2.9     0.000   0   69.78   25.0    6.4      --
133  04/07/2020  1200    47.7   36.5     3.0     0.000   0   64.92   22.1    6.5      --
134  04/07/2020  1300    49.1   36.5     3.0     0.000   0   61.48   19.3    6.6      --
135  04/07/2020  1400    49.9   36.5     3.1     0.000   0   59.67   16.6    6.7      --
136  04/07/2020  1500    50.4   36.5     3.1     0.000   0   58.63   14.1    6.9      --
137  04/07/2020  1600    50.6   36.5     3.2     0.000   0   58.16   11.6    7.1    6477
138  04/07/2020  1700    50.3   36.5     2.9     0.000   0   58.81  359.5    6.0      --
139  04/07/2020  1800    49.8   36.5     2.7     0.000   0   60.02  343.1    5.2      --
140  04/07/2020  1900    48.7   36.5     2.4     0.000   0   62.57  323.6    5.0      --
141  04/07/2020  2000    48.0   36.5     2.2     0.000   0   64.02  304.7    5.4      --
142  04/07/2020  2100    45.7   36.5     1.9     0.000   0   69.93  289.8    6.3      --
143  04/07/2020  2200    43.4   36.5     1.7     0.000   0   76.45  279.0    7.5    4914
144  04/07/2020  2300    42.6   36.5     1.7     0.000   0   78.74  279.6    7.5      --
145  04/08/2020  0000    42.0   36.5     1.7     0.000   0   80.42  280.2    7.6      --
146  04/08/2020  0100    41.5   36.5     1.7     0.000   0   82.15  280.8    7.7      --
147  04/08/2020  0200    41.0   36.5     1.8     0.000   0   83.87  281.4    7.7      --
148  04/08/2020  0300    40.4   36.5     1.7     0.000   5   85.65  281.9    7.8      --
149  04/08/2020  0400    40.0   36.5     1.6     0.000  10   87.21  282.5    7.9    1284
150  04/08/2020  0500    39.6   36.5     1.9     0.000  10   88.31  292.1    6.6      --
151  04/08/2020  0600    39.4   36.7     2.2     0.000  10   89.91  305.9    5.6      --
152  04/08/2020  0700    39.8   37.4     2.4     0.000  10   90.97  324.2    5.0      --
153  04/08/2020  0800    41.0   38.4     2.6     0.000  10   90.58  344.6    5.0      --
154  04/08/2020  0900    42.8   39.5     2.8     0.000  10   88.02    2.6    5.6      --
155  04/08/2020  1000    45.3   40.5     3.0     0.000   5   83.23   16.1    6.7    2690
156  04/08/2020  1100    48.3   41.2     3.7     0.000   0   76.50    0.3    6.4      --
157  04/08/2020  1200    51.8   41.5     4.3     0.000   0   67.80  344.5    6.6      --
158  04/08/2020  1300    54.4   40.5     5.0     0.000   0   59.35  330.7    7.3      --
159  04/08/2020  1400    55.5   39.3     5.7     0.000   0   54.33  319.8    8.4      --
160  04/08/2020  1500    56.1   38.2     6.4     0.000   0   51.00  311.5    9.6      --
161  04/08/2020  1600    56.2   37.5     7.1     0.000   0   49.50  305.3   11.1    3094
162  04/08/2020  1700    55.9   37.5     7.2     0.000   0   49.97  300.0   12.8      --
163  04/08/2020  1800    54.9   37.5     7.4     0.000   0   51.82  296.0   14.6      --
164  04/08/2020  1900    52.9   37.7     7.5     0.000   0   56.09  292.9   16.5      --
165  04/08/2020  2000    51.7   37.5     7.7     0.000   0   58.17  290.4   18.4      --
166  04/08/2020  2100    49.4   37.4     7.8     0.000   0   63.11  288.5   20.4      --
167  04/08/2020  2200    47.1   37.3     8.0     0.000   0   68.68  286.8   22.4    1140
