  Generated by FoxLW on Thursday April 2, 2020 at 02:32 PDT
-------------------------------------------------------------------------------
  Frenchman Hills
  47.0200:-119.8700  (47 1' 12.00"N  119 52' 12.00"W)  elev 1246.7 feet    file: 330023
-------------------------------------------------------------------------------

Line#   Date     Hour   TempF  DewPtF WS(mph)  Rain(in) LW    RH%  WDir_50m WS_50m Inv(ft)
  5  04/02/2020  0400    26.4   18.0     8.5     0.000   0   70.04    7.4   11.5     663
  6  04/02/2020  0500    25.8   18.2     7.3     0.000   0   72.27    7.3    9.1      --
  7  04/02/2020  0600    25.4   23.6     6.1     0.000   5   92.77    7.1    6.8      --
  8  04/02/2020  0700    25.9   24.0     4.9     0.000  10   92.16    6.7    4.4      --
  9  04/02/2020  0800    27.9   24.0     3.6     0.000  10   84.86    5.3    2.1      --
 10  04/02/2020  0900    31.4   24.0     2.4     0.000   5   73.74  207.3    0.3      --
 11  04/02/2020  1000    35.8   24.0     1.2     0.000   0   61.63  190.0    2.6  no_inv
 12  04/02/2020  1100    40.2   24.0     2.8     0.000   0   51.98  233.8    3.4      --
 13  04/02/2020  1200    43.6   24.0     4.4     0.000   0   45.59  254.4    5.2      --
 14  04/02/2020  1300    46.2   24.2     5.9     0.000   0   41.56  263.7    7.3      --
 15  04/02/2020  1400    47.7   24.1     7.5     0.000   0   39.26  268.8    9.5      --
 16  04/02/2020  1500    48.7   24.6     9.1     0.000   0   38.51  271.9   11.8      --
 17  04/02/2020  1600    49.3   24.7    10.7     0.000   0   37.86  274.0   14.1  no_inv
 18  04/02/2020  1700    49.5   24.6    11.6     0.000   0   37.34  278.8   14.8      --
 19  04/02/2020  1800    48.2   24.1    12.4     0.000   0   38.44  283.0   15.7      --
 20  04/02/2020  1900    45.6   23.4    13.2     0.000   0   41.24  286.9   16.6      --
 21  04/02/2020  2000    44.1   22.4    14.1     0.000   0   41.91  290.3   17.6      --
 22  04/02/2020  2100    41.8   21.4    14.9     0.000   0   43.87  293.3   18.6      --
 23  04/02/2020  2200    39.4   20.5    15.8     0.000   0   46.24  296.0   19.7     617
 24  04/02/2020  2300    36.7   19.6    15.0     0.000   0   49.53  295.9   18.8      --
 25  04/03/2020  0000    34.6   18.8    14.2     0.000   0   51.98  295.7   17.8      --
 26  04/03/2020  0100    32.6   18.1    13.4     0.000   0   54.49  295.6   16.9      --
 27  04/03/2020  0200    30.9   17.5    12.6     0.000   0   57.06  295.4   15.9      --
 28  04/03/2020  0300    29.4   18.5    11.9     0.000   0   63.33  295.2   15.0      --
 29  04/03/2020  0400    28.2   18.7    11.1     0.000   0   66.86  295.0   14.1     595
 30  04/03/2020  0500    27.4   19.0     9.9     0.000   0   70.26  294.8   13.0      --
 31  04/03/2020  0600    26.9   18.8     8.7     0.000   0   71.14  294.5   12.0      --
 32  04/03/2020  0700    27.6   19.4     7.6     0.000   0   70.69  294.2   10.9      --
 33  04/03/2020  0800    29.9   21.2     6.4     0.000   0   69.58  293.8    9.9      --
 34  04/03/2020  0900    33.7   15.8     5.2     0.000   0   47.29  293.3    8.8      --
 35  04/03/2020  1000    38.5   15.2     4.0     0.000   0   38.13  292.8    7.8  no_inv
 36  04/03/2020  1100    43.3   14.7     6.7     0.000   0   30.99  289.3   10.7      --
 37  04/03/2020  1200    46.9   14.3     9.4     0.000   0   26.56  287.3   13.6      --
 38  04/03/2020  1300    49.4   14.3    12.1     0.000   0   24.20  286.0   16.5      --
 39  04/03/2020  1400    50.7   13.9    14.8     0.000   0   22.67  285.1   19.4      --
 40  04/03/2020  1500    51.2   13.4    17.5     0.000   0   21.75  284.5   22.4      --
 41  04/03/2020  1600    51.4   13.4    20.2     0.000   0   21.52  284.0   25.3  no_inv
 42  04/03/2020  1700    51.3   13.5    19.6     0.000   0   21.68  291.3   23.1      --
 43  04/03/2020  1800    49.1   13.8    19.1     0.000   0   23.86  299.9   21.4      --
 44  04/03/2020  1900    44.6   14.2    18.5     0.000   0   28.90  309.8   20.2      --
 45  04/03/2020  2000    42.1   14.9    17.9     0.000   0   32.67  320.5   19.8      --
 46  04/03/2020  2100    39.8   15.6    17.3     0.000   0   36.91  331.4   20.0      --
 47  04/03/2020  2200    37.4   16.3    16.7     0.000   0   41.84  341.6   20.9  no_inv
 48  04/03/2020  2300    34.4   17.1    15.1     0.000   0   48.81  341.4   19.2      --
 49  04/04/2020  0000    32.5   17.8    13.5     0.000   0   54.22  341.0   17.5      --
 50  04/04/2020  0100    30.8   19.8    11.9     0.000   0   63.14  340.6   15.8      --
 51  04/04/2020  0200    29.2   20.5    10.3     0.000   0   69.50  340.1   14.1      --
 52  04/04/2020  0300    27.9   21.2     8.7     0.000   0   75.79  339.5   12.5      --
 53  04/04/2020  0400    26.7   19.6     7.1     0.000   0   74.18  338.6   10.8     445
 54  04/04/2020  0500    25.8   17.9     6.2     0.000   0   71.62  342.0    9.3      --
 55  04/04/2020  0600    25.3   16.9     5.3     0.000   0   69.99  346.8    7.9      --
 56  04/04/2020  0700    26.0   15.5     4.4     0.000   0   64.00  353.5    6.5      --
 57  04/04/2020  0800    28.1   15.5     3.5     0.000   0   58.56    3.5    5.3      --
 58  04/04/2020  0900    31.8   17.5     2.6     0.000   0   54.98   18.6    4.4      --
 59  04/04/2020  1000    36.6   16.8     1.7     0.000   0   44.18   39.7    3.8    6510
 60  04/04/2020  1100    41.7   16.2     2.0     0.000   0   35.16   46.1    4.3      --
 61  04/04/2020  1200    46.2   15.6     2.3     0.000   0   28.78   51.0    4.9      --
 62  04/04/2020  1300    49.7   15.1     2.5     0.000   0   24.69   55.0    5.5      --
 63  04/04/2020  1400    51.6   14.7     2.8     0.000   0   22.68   58.1    6.1      --
 64  04/04/2020  1500    52.5   14.4     3.0     0.000   0   21.70   60.7    6.7      --
 65  04/04/2020  1600    52.9   14.3     3.3     0.000   0   21.27   62.9    7.3  no_inv
 66  04/04/2020  1700    53.0   14.5     4.8     0.000   0   21.40   43.4    7.3      --
 67  04/04/2020  1800    51.6   15.1     6.2     0.000   0   23.05   25.6    8.0      --
 68  04/04/2020  1900    48.8   17.6     7.7     0.000   0   28.55   11.9    9.3      --
 69  04/04/2020  2000    47.3   19.1     9.1     0.000   0   32.23    2.0   11.1      --
 70  04/04/2020  2100    45.0   20.3    10.6     0.000   0   36.99  354.9   13.0      --
 71  04/04/2020  2200    42.6   19.9    12.1     0.000   0   39.84  349.7   15.2  no_inv
 72  04/04/2020  2300    41.3   21.4    12.2     0.000   0   44.66  350.0   15.7      --
 73  04/05/2020  0000    40.7   22.7    12.4     0.000   0   48.30  350.4   16.2      --
 74  04/05/2020  0100    40.2   23.9    12.6     0.000   0   51.68  350.6   16.8      --
 75  04/05/2020  0200    39.8   24.8    12.7     0.000   0   54.52  350.9   17.3      --
 76  04/05/2020  0300    39.5   25.3    12.9     0.000   0   56.56  351.1   17.8      --
 77  04/05/2020  0400    39.2   25.5    13.1     0.000   0   57.60  351.4   18.3    2703
 78  04/05/2020  0500    39.0   25.6    12.1     0.000   0   58.12  355.2   16.7      --
 79  04/05/2020  0600    38.8   27.3    11.1     0.000   0   62.82  359.8   15.2      --
 80  04/05/2020  0700    38.9   27.9    10.1     0.000   0   64.25    5.4   13.8      --
 81  04/05/2020  0800    39.3   26.2     9.2     0.000   0   59.06   12.1   12.6      --
 82  04/05/2020  0900    40.1   26.5     8.2     0.000   0   58.10   20.2   11.6      --
 83  04/05/2020  1000    41.3   26.9     7.2     0.000   0   56.32   29.6   10.8  no_inv
 84  04/05/2020  1100    43.8   27.3     6.3     0.000   0   51.94   30.7    9.7      --
 85  04/05/2020  1200    49.0   27.6     5.4     0.000   0   43.28   32.1    8.6      --
 86  04/05/2020  1300    54.0   27.9     4.6     0.000   0   36.40   34.0    7.5      --
 87  04/05/2020  1400    56.5   28.3     3.7     0.000   0   33.73   36.4    6.3      --
 88  04/05/2020  1500    58.0   28.3     2.8     0.000   0   31.94   39.9    5.3      --
 89  04/05/2020  1600    58.6   28.3     1.9     0.000   0   31.27   45.2    4.2  no_inv
 90  04/05/2020  1700    57.8   28.3     4.1     0.000   0   32.20   13.3    5.6      --
 91  04/05/2020  1800    56.5   28.5     6.4     0.000   0   34.01  357.1    8.0      --
 92  04/05/2020  1900    53.6   30.6     8.6     0.000   0   41.20  348.6   10.6      --
 93  04/05/2020  2000    52.1   30.6    10.9     0.000   0   43.53  343.7   13.5      --
 94  04/05/2020  2100    49.8   29.2    13.1     0.000   0   44.78  340.4   16.4      --
 95  04/05/2020  2200    47.4   29.5    15.4     0.000   0   49.49  338.2   19.3     934
 96  04/05/2020  2300    45.4   29.8    14.4     0.000   0   54.06  339.6   19.7      --
 97  04/06/2020  0000    43.9   30.0    13.5     0.000   0   57.82  341.0   20.1      --
 98  04/06/2020  0100    42.6   30.3    12.6     0.000   0   61.51  342.4   20.5      --
 99  04/06/2020  0200    41.3   31.9    11.7     0.000   0   68.84  343.6   21.0      --
100  04/06/2020  0300    40.3   32.3    10.8     0.000   0   72.94  344.9   21.4      --
101  04/06/2020  0400    39.4   32.6     9.9     0.000   0   76.36  346.0   21.9    1026
102  04/06/2020  0500    38.8   32.5     8.8     0.000   0   77.95  345.9   19.5      --
103  04/06/2020  0600    38.4   31.8     7.7     0.000   0   76.75  345.7   17.2      --
104  04/06/2020  0700    38.8   30.0     6.7     0.000   0   70.28  345.5   14.8      --
105  04/06/2020  0800    40.2   28.7     5.6     0.000   0   62.97  345.1   12.5      --
106  04/06/2020  0900    42.6   27.7     4.6     0.000   0   55.24  344.6   10.1      --
107  04/06/2020  1000    45.8   26.7     3.5     0.000   0   46.86  343.9    7.8  no_inv
108  04/06/2020  1100    49.5   25.7     5.6     0.000   0   39.12  326.2    8.8      --
109  04/06/2020  1200    53.8   24.7     7.6     0.000   0   32.17  313.2   10.5      --
110  04/06/2020  1300    57.1   24.6     9.7     0.000   0   28.38  304.1   12.6      --
111  04/06/2020  1400    58.8   24.5    11.7     0.000   0   26.55  297.7   14.9      --
112  04/06/2020  1500    59.6   24.0    13.8     0.000   0   25.18  293.0   17.3      --
113  04/06/2020  1600    60.0   22.9    15.8     0.000   0   23.72  289.5   19.8    7977
114  04/06/2020  1700    60.0   23.8    14.4     0.000   0   24.70  293.7   18.1      --
115  04/06/2020  1800    56.4   24.4    13.1     0.000   0   28.80  298.6   16.5      --
116  04/06/2020  1900    49.0   25.2    11.6     0.000   0   39.16  304.7   15.0      --
117  04/06/2020  2000    44.8   25.5    10.3     0.000   0   46.39  311.9   13.7      --
118  04/06/2020  2100    42.5   26.2     8.9     0.000   0   52.06  320.4   12.7      --
119  04/06/2020  2200    40.2   26.5     7.5     0.000   0   57.72  330.1   12.0  no_inv
120  04/06/2020  2300    38.1   26.9     7.5     0.000   0   63.67  329.2   12.1      --
121  04/07/2020  0000    37.6   27.3     7.5     0.000   0   66.02  328.3   12.2      --
122  04/07/2020  0100    37.0   27.6     7.5     0.000   0   68.66  327.4   12.3      --
123  04/07/2020  0200    36.3   27.9     7.6     0.000   0   71.41  326.5   12.4      --
124  04/07/2020  0300    35.5   28.1     7.6     0.000   0   74.09  325.7   12.5      --
125  04/07/2020  0400    34.8   28.2     7.6     0.000   0   76.55  324.9   12.6     550
126  04/07/2020  0500    34.1   28.1     7.5     0.000   0   78.31  324.2   12.4      --
127  04/07/2020  0600    33.6   27.9     7.3     0.000   0   79.29  323.6   12.2      --
128  04/07/2020  0700    34.7   27.8     7.2     0.000   0   75.63  323.0   12.0      --
129  04/07/2020  0800    37.5   26.5     7.0     0.000   0   64.39  322.3   11.8      --
130  04/07/2020  0900    42.0   26.5     6.9     0.000   0   54.00  321.6   11.6      --
131  04/07/2020  1000    47.5   26.5     6.8     0.000   0   43.63  320.9   11.5    6011
132  04/07/2020  1100    53.1   26.5     6.4     0.000   0   35.46  323.1   11.1      --
133  04/07/2020  1200    57.3   26.5     6.0     0.000   0   30.47  325.4   10.8      --
134  04/07/2020  1300    60.3   27.1     5.6     0.000   0   28.01  327.9   10.5      --
135  04/07/2020  1400    61.8   27.6     5.2     0.000   0   27.21  330.4   10.2      --
136  04/07/2020  1500    62.5   28.2     4.8     0.000   0   27.18  333.2   10.0      --
137  04/07/2020  1600    62.8   28.8     4.4     0.000   0   27.54  336.0    9.8    8696
138  04/07/2020  1700    62.8   28.8     6.9     0.000   0   27.58  338.2   12.1      --
139  04/07/2020  1800    60.5   28.2     9.4     0.000   0   29.17  339.6   14.5      --
140  04/07/2020  1900    55.8   27.8    11.9     0.000   0   33.96  340.6   16.9      --
141  04/07/2020  2000    53.2   26.3    14.4     0.000   0   34.99  341.4   19.3      --
142  04/07/2020  2100    50.9   25.9    16.8     0.000   0   37.54  342.0   21.7      --
143  04/07/2020  2200    48.5   25.7    19.3     0.000   0   40.61  342.5   24.1     688
144  04/07/2020  2300    46.0   25.5    18.3     0.000   0   44.28  338.2   17.7      --
145  04/08/2020  0000    44.6   25.3    17.3     0.000   0   46.25  329.4   11.5      --
146  04/08/2020  0100    43.4   25.1    16.3     0.000   0   48.21  303.1    6.2      --
147  04/08/2020  0200    42.2   25.0    15.3     0.000   0   50.10  234.8    5.5      --
148  04/08/2020  0300    41.2   24.9    14.3     0.000   0   51.87  201.3   10.4      --
149  04/08/2020  0400    40.4   24.9    13.3     0.000   0   53.46  190.8   16.5     739
150  04/08/2020  0500    39.8   26.2    11.6     0.000   0   58.01  187.4   12.8      --
151  04/08/2020  0600    39.4   26.6    10.0     0.000   0   59.74  181.2    9.1      --
152  04/08/2020  0700    40.0   27.1     8.4     0.000   0   59.81  166.9    5.6      --
153  04/08/2020  0800    41.6   26.8     6.7     0.000   0   55.25  124.4    3.3      --
154  04/08/2020  0900    44.4   26.8     5.1     0.000   0   49.62   67.5    4.5      --
155  04/08/2020  1000    48.2   26.8     3.5     0.000   0   42.95   46.6    7.8    2971
156  04/08/2020  1100    52.7   26.8     3.5     0.000   0   36.33   52.8    5.2      --
157  04/08/2020  1200    58.4   26.8     3.6     0.000   0   29.62   69.9    2.8      --
158  04/08/2020  1300    63.1   26.8     3.6     0.000   0   25.09  135.5    1.7      --
159  04/08/2020  1400    65.7   26.8     3.7     0.000   0   22.89  185.0    3.4      --
160  04/08/2020  1500    67.1   26.8     3.7     0.000   0   21.83  197.7    5.8      --
161  04/08/2020  1600    67.8   26.8     3.8     0.000   0   21.26  202.8    8.4    6149
162  04/08/2020  1700    68.1   26.8     4.6     0.000   0   21.06  218.8    6.3      --
163  04/08/2020  1800    65.3   26.8     5.5     0.000   0   23.16  245.5    5.1      --
164  04/08/2020  1900    59.8   27.6     6.3     0.000   0   29.25  277.1    5.4      --
165  04/08/2020  2000    56.7   28.2     7.2     0.000   0   33.45  299.7    7.0      --
166  04/08/2020  2100    54.3   28.8     8.0     0.000   0   37.23  312.7    9.3      --
167  04/08/2020  2200    52.0   28.8     8.9     0.000   0   40.56  320.4   11.8    1318
