  Generated by FoxLW on Thursday April 2, 2020 at 02:32 PDT
-------------------------------------------------------------------------------
  East Olympia
  46.9500:-122.8400  (46 57' 0.00"N  122 50' 24.00"W)  elev 213.3 feet    file: 330151
-------------------------------------------------------------------------------

Line#   Date     Hour   TempF  DewPtF WS(mph)  Rain(in) LW    RH%  WDir_50m WS_50m Inv(ft)
  5  04/02/2020  0400    28.6   28.6     3.8     0.000  10  100.00  210.6   10.4     859
  6  04/02/2020  0500    28.0   28.0     3.9     0.000  10  100.00  212.3   10.1      --
  7  04/02/2020  0600    27.5   27.5     2.7     0.000  10  100.00  214.2    9.8      --
  8  04/02/2020  0700    28.1   28.1     3.4     0.000  10  100.00  216.2    9.5      --
  9  04/02/2020  0800    30.1   30.1     3.9     0.000  10  100.00  218.3    9.2      --
 10  04/02/2020  0900    33.5   31.5     3.9     0.000   5   92.28  220.5    9.0      --
 11  04/02/2020  1000    37.9   30.7     4.0     0.000   0   75.05  222.9    8.8  no_inv
 12  04/02/2020  1100    42.5   29.9     5.7     0.000   0   60.81  235.8    9.6      --
 13  04/02/2020  1200    46.4   29.1     7.4     0.000   0   50.82  246.2   10.9      --
 14  04/02/2020  1300    49.0   29.1     9.1     0.000   0   45.90  254.3   12.4      --
 15  04/02/2020  1400    50.1   29.2    10.9     0.000   0   44.32  260.5   14.1      --
 16  04/02/2020  1500    48.5   31.6    12.6     0.000   0   51.70  265.3   16.0      --
 17  04/02/2020  1600    46.4   33.8    14.3     0.010   0   61.20  269.1   17.9  no_inv
 18  04/02/2020  1700    49.4   29.4    12.6     0.000   0   45.88  267.5   17.3      --
 19  04/02/2020  1800    45.5   29.4    10.8     0.000   0   52.94  265.9   16.7      --
 20  04/02/2020  1900    37.6   30.2     9.0     0.000   0   74.15  264.2   16.2      --
 21  04/02/2020  2000    33.3   29.8     7.3     0.000   0   86.92  262.3   15.6      --
 22  04/02/2020  2100    31.0   29.7     5.5     0.000   5   94.99  260.3   15.1      --
 23  04/02/2020  2200    28.6   28.2     3.7     0.000  10   98.25  258.1   14.6    1299
 24  04/02/2020  2300    27.6   26.7     3.9     0.000  10   96.35  250.8   14.0      --
 25  04/03/2020  0000    27.6   26.7     4.1     0.000  10   96.35  243.0   13.8      --
 26  04/03/2020  0100    28.1   27.2     4.2     0.000  10   96.36  235.0   13.8      --
 27  04/03/2020  0200    28.4   27.5     4.4     0.000  10   96.36  227.2   14.0      --
 28  04/03/2020  0300    28.4   27.5     4.5     0.000  10   96.37  219.8   14.5      --
 29  04/03/2020  0400    28.2   27.4     4.7     0.000  10   96.36  213.0   15.3    1022
 30  04/03/2020  0500    27.9   27.5     5.5     0.000  10   98.19  215.6   14.9      --
 31  04/03/2020  0600    27.5   27.5     6.2     0.000  10  100.00  218.3   14.5      --
 32  04/03/2020  0700    28.2   28.2     7.0     0.000  10  100.00  221.1   14.1      --
 33  04/03/2020  0800    30.4   30.4     7.8     0.000  10   99.96  224.1   13.8      --
 34  04/03/2020  0900    33.9   29.0     8.6     0.000   5   81.92  227.2   13.6      --
 35  04/03/2020  1000    37.3   30.5     9.4     0.010   0   76.38  230.4   13.4    6910
 36  04/03/2020  1100    41.4   28.8    10.1     0.000   0   60.63  237.0   13.6      --
 37  04/03/2020  1200    43.4   28.9    10.8     0.000   0   56.38  243.4   14.0      --
 38  04/03/2020  1300    44.8   29.4    11.5     0.000   0   54.30  249.3   14.5      --
 39  04/03/2020  1400    45.6   29.6    12.2     0.000   0   53.37  254.7   15.2      --
 40  04/03/2020  1500    44.9   31.5    12.9     0.000   0   59.11  259.6   16.0      --
 41  04/03/2020  1600    44.0   33.3    13.6     0.010   0   65.98  264.0   17.0    6871
 42  04/03/2020  1700    46.2   30.2    11.9     0.000   0   53.22  261.4   15.2      --
 43  04/03/2020  1800    42.6   30.0    10.2     0.000   0   60.73  258.1   13.5      --
 44  04/03/2020  1900    35.1   30.6     8.5     0.000   0   83.52  253.8   11.9      --
 45  04/03/2020  2000    30.9   30.1     6.8     0.000   5   96.62  248.2   10.3      --
 46  04/03/2020  2100    28.6   28.6     2.7     0.000  10  100.00  240.8    8.9      --
 47  04/03/2020  2200    26.2   26.1     1.3     0.000  10   99.25  230.7    7.6     861
 48  04/03/2020  2300    25.5   25.1     1.3     0.000  10   98.64  223.8    7.6      --
 49  04/04/2020  0000    25.0   24.7     1.2     0.000  10   98.60  216.9    7.7      --
 50  04/04/2020  0100    24.6   24.2     1.2     0.000  10   98.37  210.2    7.8      --
 51  04/04/2020  0200    24.4   23.9     1.1     0.000  10   97.86  203.9    8.1      --
 52  04/04/2020  0300    24.3   23.6     1.1     0.000  10   97.36  198.1    8.5      --
 53  04/04/2020  0400    24.1   23.4     1.0     0.000  10   96.90  192.8    8.9     771
 54  04/04/2020  0500    24.1   23.4     1.6     0.000  10   96.74  190.9    6.9      --
 55  04/04/2020  0600    23.9   23.5     2.0     0.000  10   98.37  187.3    4.9      --
 56  04/04/2020  0700    24.6   24.6     2.3     0.000  10  100.00  179.1    3.0      --
 57  04/04/2020  0800    27.4   26.6     2.4     0.000  10   96.68  145.8    1.3      --
 58  04/04/2020  0900    31.9   30.0     2.0     0.000  10   92.81   58.5    1.6      --
 59  04/04/2020  1000    37.3   30.0     1.6     0.000   5   74.70   36.8    3.5    4281
 60  04/04/2020  1100    42.0   31.0     1.8     0.000   0   64.69   31.9    3.9      --
 61  04/04/2020  1200    45.2   31.4     2.0     0.000   0   58.16   28.0    4.3      --
 62  04/04/2020  1300    47.7   31.4     2.2     0.000   0   53.05   24.9    4.8      --
 63  04/04/2020  1400    49.0   31.4     2.4     0.000   0   50.55   22.4    5.3      --
 64  04/04/2020  1500    49.8   31.4     2.6     0.000   0   48.91   20.2    5.8      --
 65  04/04/2020  1600    50.4   31.4     2.8     0.000   0   47.97   18.5    6.3  no_inv
 66  04/04/2020  1700    50.5   31.4     3.8     0.000   0   47.73   25.7    7.0      --
 67  04/04/2020  1800    50.3   31.5     4.8     0.000   0   48.10   31.5    7.8      --
 68  04/04/2020  1900    49.9   31.7     5.8     0.000   0   49.38   36.2    8.8      --
 69  04/04/2020  2000    49.7   32.2     6.8     0.000   0   50.89   39.9    9.7      --
 70  04/04/2020  2100    47.3   33.0     7.9     0.000   0   57.33   43.0   10.7      --
 71  04/04/2020  2200    45.0   33.5     8.9     0.000   0   63.81   45.6   11.7  no_inv
 72  04/04/2020  2300    43.7   33.9     8.4     0.000   0   68.24   50.7   11.7      --
 73  04/05/2020  0000    42.8   34.1     7.9     0.000   0   71.31   55.7   11.8      --
 74  04/05/2020  0100    42.0   33.9     7.4     0.000   0   72.68   60.5   12.0      --
 75  04/05/2020  0200    41.5   33.5     6.9     0.000   0   73.18   65.3   12.2      --
 76  04/05/2020  0300    41.1   33.0     6.4     0.000   0   72.88   69.7   12.6      --
 77  04/05/2020  0400    40.8   32.5     5.9     0.000   0   71.91   73.9   13.0  no_inv
 78  04/05/2020  0500    40.7   32.0     5.4     0.000   0   70.68   70.0   11.8      --
 79  04/05/2020  0600    40.7   31.4     5.0     0.000   0   69.19   65.1   10.6      --
 80  04/05/2020  0700    40.8   31.4     4.6     0.000   0   69.03   59.0    9.4      --
 81  04/05/2020  0800    41.0   31.4     4.1     0.000   0   68.41   51.5    8.5      --
 82  04/05/2020  0900    41.6   36.8     3.7     0.000   0   82.98   42.2    7.7      --
 83  04/05/2020  1000    42.3   38.7     3.2     0.010   0   87.10   31.1    7.2    3424
 84  04/05/2020  1100    44.4   38.6     3.7     0.000   0   79.87   15.6    6.6      --
 85  04/05/2020  1200    49.2   38.6     4.2     0.000   0   66.87  358.4    6.5      --
 86  04/05/2020  1300    53.2   38.9     4.7     0.000   0   58.21  342.4    7.0      --
 87  04/05/2020  1400    55.2   39.2     5.2     0.000   0   54.69  329.4    8.0      --
 88  04/05/2020  1500    56.0   39.4     5.7     0.000   0   53.73  319.6    9.2      --
 89  04/05/2020  1600    55.7   39.7     6.2     0.000   0   54.95  312.3   10.7  no_inv
 90  04/05/2020  1700    53.4   39.7     6.3     0.000   0   59.61  327.4    9.9      --
 91  04/05/2020  1800    52.5   40.5     6.5     0.000   0   63.43  344.0    9.8      --
 92  04/05/2020  1900    50.7   41.3     6.7     0.010   0   70.14  359.6   10.5      --
 93  04/05/2020  2000    49.7   41.0     6.8     0.000   0   71.99   12.4   11.9      --
 94  04/05/2020  2100    47.3   39.9     7.0     0.000   0   75.35   22.2   13.7      --
 95  04/05/2020  2200    45.0   42.5     7.2     0.040   3   90.88   29.5   15.8  no_inv
 96  04/05/2020  2300    42.8   40.8     6.4     0.000   5   92.69   33.0   13.6      --
 97  04/06/2020  0000    41.0   39.6     5.6     0.000  10   94.59   38.0   11.4      --
 98  04/06/2020  0100    38.8   38.1     4.4     0.000  10   96.98   45.1    9.4      --
 99  04/06/2020  0200    36.9   36.2     3.1     0.000  10   97.23   55.9    7.6      --
100  04/06/2020  0300    35.5   34.8     2.1     0.000  10   97.08   72.5    6.2      --
101  04/06/2020  0400    34.7   33.9     1.3     0.000  10   96.79   95.4    5.5     729
102  04/06/2020  0500    35.4   32.9     1.6     0.000  10   90.63   88.4    5.1      --
103  04/06/2020  0600    35.2   33.0     1.9     0.000  10   91.35   80.2    4.8      --
104  04/06/2020  0700    36.3   34.0     2.1     0.000  10   91.17   70.9    4.5      --
105  04/06/2020  0800    38.3   36.1     2.2     0.000  10   91.48   60.8    4.4      --
106  04/06/2020  0900    41.2   38.7     2.2     0.000  10   90.46   50.6    4.4      --
107  04/06/2020  1000    44.3   41.6     2.1     0.000  10   90.15   40.9    4.6    6845
108  04/06/2020  1100    48.3   43.0     3.3     0.000   5   81.78   10.2    2.9      --
109  04/06/2020  1200    51.3   43.5     4.5     0.000   0   74.30  318.5    3.0      --
110  04/06/2020  1300    53.7   42.3     5.7     0.000   0   65.28  290.0    4.8      --
111  04/06/2020  1400    54.9   40.9     6.9     0.000   0   59.04  278.2    7.1      --
112  04/06/2020  1500    55.8   39.5     8.1     0.000   0   54.27  272.4    9.5      --
113  04/06/2020  1600    56.3   38.8     9.3     0.000   0   51.80  268.9   12.0    6928
114  04/06/2020  1700    56.3   38.8     8.7     0.000   0   51.81  259.7   11.3      --
115  04/06/2020  1800    52.3   38.7     8.1     0.000   0   59.62  249.5   10.9      --
116  04/06/2020  1900    44.2   38.4     7.5     0.000   0   79.91  238.9   10.8      --
117  04/06/2020  2000    39.7   38.3     6.9     0.000   5   94.67  228.6   11.1      --
118  04/06/2020  2100    37.4   37.4     6.3     0.000  10  100.00  219.1   11.8      --
119  04/06/2020  2200    35.0   34.7     5.8     0.000  10   98.53  210.9   12.8     585
120  04/06/2020  2300    34.1   34.1     6.0     0.000  10  100.00  210.4   13.3      --
121  04/07/2020  0000    34.1   34.1     6.3     0.000  10  100.00  209.9   13.9      --
122  04/07/2020  0100    34.7   34.7     6.6     0.000  10  100.00  209.5   14.5      --
123  04/07/2020  0200    35.0   35.0     6.8     0.000  10  100.00  209.1   15.0      --
124  04/07/2020  0300    35.0   35.0     7.1     0.000  10  100.00  208.7   15.6      --
125  04/07/2020  0400    34.8   34.8     7.3     0.000  10  100.00  208.4   16.2     958
126  04/07/2020  0500    34.5   34.5     6.5     0.000  10  100.00  210.1   14.2      --
127  04/07/2020  0600    34.1   34.0     5.6     0.000  10   99.81  212.5   12.2      --
128  04/07/2020  0700    34.7   33.8     4.8     0.000  10   96.47  215.7   10.2      --
129  04/07/2020  0800    36.5   35.7     3.8     0.000  10   96.83  220.5    8.3      --
130  04/07/2020  0900    39.8   39.4     3.0     0.000  10   98.65  228.0    6.5      --
131  04/07/2020  1000    43.9   39.4     2.2     0.000   5   84.27  241.0    4.8    3910
132  04/07/2020  1100    48.0   39.4     2.2     0.000   0   71.99  251.0    3.5      --
133  04/07/2020  1200    51.6   39.4     2.2     0.000   0   62.98  271.9    2.4      --
134  04/07/2020  1300    54.3   39.4     2.2     0.000   0   57.00  312.2    1.9      --
135  04/07/2020  1400    55.9   39.4     2.3     0.000   0   53.87  349.1    2.5      --
136  04/07/2020  1500    56.9   39.4     2.3     0.000   0   51.92    7.0    3.7      --
137  04/07/2020  1600    57.6   39.4     2.3     0.000   0   50.73   15.9    5.1    5482
138  04/07/2020  1700    57.5   39.4     2.5     0.000   0   50.91    6.0    6.2      --
139  04/07/2020  1800    53.9   39.4     2.7     0.000   0   57.97  359.1    7.4      --
140  04/07/2020  1900    46.6   39.4     2.9     0.000   0   76.07  354.3    8.6      --
141  04/07/2020  2000    42.5   39.4     2.3     0.000   5   88.69  350.7    9.9      --
142  04/07/2020  2100    40.2   39.4     2.0     0.000  10   97.09  347.9   11.3      --
143  04/07/2020  2200    37.8   37.6     1.6     0.000  10   99.09  345.7   12.7    1141
144  04/07/2020  2300    37.2   36.9     1.6     0.000  10   98.86  352.0   11.7      --
145  04/08/2020  0000    36.9   36.6     1.5     0.000  10   98.91  359.4   10.9      --
146  04/08/2020  0100    36.5   36.2     1.5     0.000  10   98.79    7.7   10.3      --
147  04/08/2020  0200    36.3   35.9     1.5     0.000  10   98.33   16.8   10.0      --
148  04/08/2020  0300    36.1   35.6     1.4     0.000  10   97.83   26.2    9.9      --
149  04/08/2020  0400    35.9   35.2     1.4     0.000  10   97.32   35.6   10.1    1076
150  04/08/2020  0500    35.8   35.0     1.8     0.000  10   96.83   34.6    9.7      --
151  04/08/2020  0600    35.5   35.2     2.3     0.000  10   98.56   33.5    9.3      --
152  04/08/2020  0700    36.3   36.3     2.9     0.000  10  100.00   32.3    8.9      --
153  04/08/2020  0800    38.8   38.0     3.3     0.000  10   96.91   31.0    8.5      --
154  04/08/2020  0900    42.6   39.7     3.4     0.000  10   89.13   29.6    8.1      --
155  04/08/2020  1000    47.6   41.2     3.5     0.000   5   78.25   28.0    7.7    2508
156  04/08/2020  1100    52.9   42.2     3.4     0.000   0   66.84   24.9    7.4      --
157  04/08/2020  1200    57.8   42.6     3.3     0.000   0   56.86   21.6    7.2      --
158  04/08/2020  1300    61.5   42.6     3.2     0.000   0   49.83   18.1    7.0      --
159  04/08/2020  1400    63.5   42.3     3.1     0.000   0   45.98   14.4    6.8      --
160  04/08/2020  1500    64.4   41.5     3.0     0.000   0   43.10   10.5    6.6      --
161  04/08/2020  1600    64.9   40.5     2.9     0.000   0   40.78    6.4    6.5    4742
162  04/08/2020  1700    65.0   39.7     3.0     0.000   0   39.40  355.3    4.7      --
163  04/08/2020  1800    59.9   39.4     3.0     0.000   0   46.53  333.5    3.4      --
164  04/08/2020  1900    49.6   41.2     3.1     0.000   0   72.79  296.3    2.9      --
165  04/08/2020  2000    43.9   41.7     2.2     0.000   5   91.87  263.5    3.8      --
166  04/08/2020  2100    41.6   41.6     1.8     0.000  10  100.00  246.1    5.3      --
167  04/08/2020  2200    39.2   39.2     1.3     0.000  10   99.84  237.1    7.1     356
