  Generated by FoxLW on Thursday April 2, 2020 at 02:32 PDT
-------------------------------------------------------------------------------
  Malaga
  47.3600:-120.2400  (47 21' 36.00"N  120 14' 24.00"W)  elev 1135.2 feet    file: 330167
-------------------------------------------------------------------------------

Line#   Date     Hour   TempF  DewPtF WS(mph)  Rain(in) LW    RH%  WDir_50m WS_50m Inv(ft)
  5  04/02/2020  0400    25.7   19.1     1.0     0.000   0   75.92  280.4    2.3    3994
  6  04/02/2020  0500    25.1   19.4     1.4     0.000   5   78.24  266.6    0.8      --
  7  04/02/2020  0600    24.8   24.8     1.7     0.000  10   99.99  124.6    0.9      --
  8  04/02/2020  0700    25.3   25.3     2.1     0.000  10  100.00  113.4    2.4      --
  9  04/02/2020  0800    27.2   27.2     2.5     0.000  10  100.00  110.9    4.0      --
 10  04/02/2020  0900    30.3   28.9     2.8     0.000  10   94.35  109.8    5.6      --
 11  04/02/2020  1000    34.3   28.9     3.2     0.000   5   80.27  109.2    7.1  no_inv
 12  04/02/2020  1100    38.0   28.9     2.8     0.000   0   69.48  110.0    6.2      --
 13  04/02/2020  1200    40.7   28.9     2.3     0.000   0   62.44  111.0    5.3      --
 14  04/02/2020  1300    42.8   28.9     1.9     0.000   0   57.72  112.4    4.3      --
 15  04/02/2020  1400    43.9   28.9     1.5     0.000   0   55.30  114.6    3.4      --
 16  04/02/2020  1500    43.2   31.2     1.1     0.000   0   62.29  118.4    2.5      --
 17  04/02/2020  1600    42.1   33.6     0.7     0.020   0   71.68  126.4    1.6  no_inv
 18  04/02/2020  1700    42.4   32.9     2.5     0.000   0   68.72  251.1    3.0      --
 19  04/02/2020  1800    41.5   31.9     4.3     0.000   0   68.52  262.2    6.9      --
 20  04/02/2020  1900    39.7   31.3     6.1     0.000   0   71.46  265.1   11.0      --
 21  04/02/2020  2000    38.7   29.9     7.9     0.000   0   70.28  266.5   15.1      --
 22  04/02/2020  2100    36.4   27.9     9.7     0.000   0   70.92  267.3   19.2      --
 23  04/02/2020  2200    34.0   25.3    11.5     0.000   0   70.11  267.8   23.3     691
 24  04/02/2020  2300    33.0   21.4    11.8     0.000   0   62.01  268.7   23.1      --
 25  04/03/2020  0000    32.3   18.3    12.1     0.000   0   55.73  269.6   23.0      --
 26  04/03/2020  0100    31.7   16.9    12.4     0.000   0   53.68  270.5   22.8      --
 27  04/03/2020  0200    31.1   15.7    12.6     0.000   0   52.38  271.4   22.6      --
 28  04/03/2020  0300    30.6   15.0    12.9     0.000   0   51.94  272.3   22.5      --
 29  04/03/2020  0400    30.1   14.8    13.2     0.000   0   52.41  273.3   22.4     312
 30  04/03/2020  0500    29.7   14.9    12.6     0.000   0   53.48  277.0   20.9      --
 31  04/03/2020  0600    29.4   16.5    11.9     0.000   0   58.05  281.3   19.6      --
 32  04/03/2020  0700    30.0   17.1    11.3     0.000   0   58.15  286.2   18.4      --
 33  04/03/2020  0800    31.8   17.8    10.7     0.000   0   55.65  291.7   17.3      --
 34  04/03/2020  0900    34.9   16.6    10.1     0.000   0   46.73  297.9   16.5      --
 35  04/03/2020  1000    38.8   17.3     9.4     0.000   0   41.20  304.6   15.8  no_inv
 36  04/03/2020  1100    42.7   17.9     9.5     0.000   0   36.39  301.6   16.6      --
 37  04/03/2020  1200    45.8   18.5     9.5     0.000   0   33.19  298.8   17.4      --
 38  04/03/2020  1300    47.9   19.6     9.6     0.000   0   32.14  296.2   18.2      --
 39  04/03/2020  1400    48.9   20.4     9.6     0.000   0   32.08  293.9   19.1      --
 40  04/03/2020  1500    49.3   21.0     9.7     0.000   0   32.39  291.8   20.0      --
 41  04/03/2020  1600    49.4   21.4     9.7     0.000   0   32.93  289.9   20.9  no_inv
 42  04/03/2020  1700    49.2   21.4     9.7     0.000   0   33.18  291.7   20.2      --
 43  04/03/2020  1800    46.8   21.0     9.6     0.000   0   35.55  293.7   19.5      --
 44  04/03/2020  1900    42.0   21.4     9.5     0.000   0   43.59  295.7   18.9      --
 45  04/03/2020  2000    39.3   21.3     9.5     0.000   0   48.01  298.0   18.2      --
 46  04/03/2020  2100    37.0   21.0     9.4     0.000   0   51.97  300.3   17.6      --
 47  04/03/2020  2200    34.6   20.7     9.3     0.000   0   56.41  302.9   17.1    3182
 48  04/03/2020  2300    32.3   20.5     8.2     0.000   0   61.14  302.2   15.1      --
 49  04/04/2020  0000    31.1   20.3     7.0     0.000   0   63.76  301.4   13.1      --
 50  04/04/2020  0100    30.0   20.3     5.9     0.000   0   66.86  300.3   11.2      --
 51  04/04/2020  0200    28.8   20.3     4.7     0.000   0   70.09  298.8    9.2      --
 52  04/04/2020  0300    27.8   20.5     3.6     0.000   0   73.55  296.4    7.3      --
 53  04/04/2020  0400    26.9   20.5     2.4     0.000   0   76.32  292.3    5.4    7279
 54  04/04/2020  0500    26.2   20.5     2.3     0.000   5   78.75  296.8    3.9      --
 55  04/04/2020  0600    25.7   20.5     2.2     0.000  10   80.35  306.8    2.5      --
 56  04/04/2020  0700    26.2   20.5     2.1     0.000  10   78.47  338.6    1.3      --
 57  04/04/2020  0800    28.1   20.5     2.0     0.000   5   72.75   48.6    1.4      --
 58  04/04/2020  0900    31.2   16.1     1.9     0.000   0   53.01   76.0    2.6      --
 59  04/04/2020  1000    35.4   15.5     1.8     0.000   0   43.72   85.0    4.1    6366
 60  04/04/2020  1100    40.1   15.0     2.0     0.000   0   35.50   96.8    4.1      --
 61  04/04/2020  1200    44.7   14.4     2.1     0.000   0   28.99  107.8    4.3      --
 62  04/04/2020  1300    48.4   14.0     2.3     0.000   0   24.76  117.4    4.7      --
 63  04/04/2020  1400    50.3   13.6     2.5     0.000   0   22.67  125.4    5.2      --
 64  04/04/2020  1500    51.3   13.4     2.7     0.000   0   21.67  132.0    5.7      --
 65  04/04/2020  1600    51.8   13.3     2.8     0.000   0   21.21  137.3    6.3    9062
 66  04/04/2020  1700    51.9   13.5     3.0     0.000   0   21.32  136.2    3.7      --
 67  04/04/2020  1800    51.0   14.1     3.2     0.000   0   22.59  129.2    1.1      --
 68  04/04/2020  1900    49.2   13.8     3.4     0.000   0   23.80  325.2    1.6      --
 69  04/04/2020  2000    48.2   13.8     3.6     0.000   0   24.70  321.3    4.3      --
 70  04/04/2020  2100    45.9   13.8     3.8     0.000   0   26.98  320.4    6.9      --
 71  04/04/2020  2200    43.5   13.8     4.1     0.000   0   29.49  320.0    9.6    8645
 72  04/04/2020  2300    41.9   13.8     3.6     0.000   0   31.41  320.8    8.5      --
 73  04/05/2020  0000    40.9   13.8     3.2     0.000   0   32.61  321.8    7.5      --
 74  04/05/2020  0100    40.1   13.8     2.8     0.000   0   33.70  323.1    6.5      --
 75  04/05/2020  0200    39.4   13.8     2.4     0.000   0   34.64  324.9    5.4      --
 76  04/05/2020  0300    38.8   13.8     2.0     0.000   0   35.41  327.6    4.4      --
 77  04/05/2020  0400    39.3   13.8     1.5     0.000   0   34.76  331.9    3.4    4639
 78  04/05/2020  0500    38.1   13.8     1.4     0.000   0   36.38  335.2    2.6      --
 79  04/05/2020  0600    38.0   13.8     1.3     0.000   0   36.60  341.4    1.8      --
 80  04/05/2020  0700    38.0   13.8     1.1     0.000   0   36.59  356.4    1.1      --
 81  04/05/2020  0800    38.2   13.8     1.0     0.000   0   36.23   44.3    0.6      --
 82  04/05/2020  0900    38.7   19.2     0.9     0.000   0   44.91  100.9    1.0      --
 83  04/05/2020  1000    39.5   24.6     0.8     0.000   0   54.74  119.2    1.7    4609
 84  04/05/2020  1100    41.5   28.6     0.8     0.000   0   59.99  106.9    1.1      --
 85  04/05/2020  1200    45.2   28.6     0.9     0.000   0   52.10   74.3    0.7      --
 86  04/05/2020  1300    48.9   28.6     0.9     0.000   0   45.32   18.8    0.7      --
 87  04/05/2020  1400    51.4   28.6     1.0     0.000   0   41.26  351.4    1.2      --
 88  04/05/2020  1500    53.2   28.6     1.0     0.000   0   38.66  340.6    1.8      --
 89  04/05/2020  1600    54.4   28.6     1.1     0.000   0   37.00  335.3    2.4  no_inv
 90  04/05/2020  1700    54.3   28.6     2.5     0.000   0   37.05  312.9    4.7      --
 91  04/05/2020  1800    53.2   28.6     3.9     0.000   0   38.57  305.5    7.2      --
 92  04/05/2020  1900    51.0   28.8     5.3     0.000   0   42.19  302.0    9.7      --
 93  04/05/2020  2000    49.8   32.7     6.7     0.000   0   51.78  300.0   12.3      --
 94  04/05/2020  2100    47.4   35.6     8.1     0.020   0   63.41  298.6   14.9      --
 95  04/05/2020  2200    45.1   41.0     9.5     0.040   7   85.61  297.7   17.5  no_inv
 96  04/05/2020  2300    43.8   40.0     8.7     0.000   0   86.31  298.4   16.3      --
 97  04/06/2020  0000    42.8   39.0     7.9     0.000   0   86.28  299.2   15.2      --
 98  04/06/2020  0100    41.9   38.0     7.1     0.000   0   86.12  300.1   14.0      --
 99  04/06/2020  0200    41.0   37.2     6.3     0.000   0   86.04  301.2   12.9      --
100  04/06/2020  0300    40.3   36.5     5.5     0.000   0   86.13  302.5   11.7      --
101  04/06/2020  0400    39.6   35.8     4.7     0.000   0   86.02  304.1   10.6    4808
102  04/06/2020  0500    37.8   32.5     4.5     0.000   0   80.97  307.7   10.1      --
103  04/06/2020  0600    37.6   32.3     4.3     0.000   0   81.07  311.6    9.7      --
104  04/06/2020  0700    37.6   31.9     4.2     0.000   0   79.47  315.9    9.3      --
105  04/06/2020  0800    38.2   31.7     4.0     0.000   0   77.05  320.4    9.0      --
106  04/06/2020  0900    39.5   32.0     3.8     0.000   0   74.33  325.3    8.8      --
107  04/06/2020  1000    45.0   26.7     3.7     0.000   0   48.43  330.4    8.6  no_inv
108  04/06/2020  1100    48.0   26.2     5.4     0.000   0   42.29  326.4   11.1      --
109  04/06/2020  1200    51.7   25.7     7.0     0.000   0   36.18  324.0   13.6      --
110  04/06/2020  1300    54.6   26.0     8.7     0.000   0   32.93  322.2   16.1      --
111  04/06/2020  1400    56.0   26.4    10.4     0.000   0   31.76  321.0   18.6      --
112  04/06/2020  1500    56.7   26.4    12.1     0.000   0   30.98  320.0   21.1      --
113  04/06/2020  1600    56.9   26.0    13.8     0.000   0   30.18  319.3   23.6    3674
114  04/06/2020  1700    56.9   26.2    13.4     0.000   0   30.53  314.9   23.3      --
115  04/06/2020  1800    54.2   26.0    12.9     0.000   0   33.37  310.5   23.0      --
116  04/06/2020  1900    48.8   25.7    12.5     0.000   0   40.32  305.9   23.0      --
117  04/06/2020  2000    45.8   25.3    12.1     0.000   0   44.41  301.4   23.0      --
118  04/06/2020  2100    43.4   26.3    11.7     0.000   0   50.49  296.9   23.2      --
119  04/06/2020  2200    41.1   26.4    11.3     0.000   0   55.60  292.5   23.6    3422
120  04/06/2020  2300    39.4   26.5    11.2     0.000   0   59.43  293.3   23.2      --
121  04/07/2020  0000    39.0   26.5    11.1     0.000   0   60.62  294.1   22.8      --
122  04/07/2020  0100    38.4   26.5    11.0     0.000   0   62.03  295.0   22.5      --
123  04/07/2020  0200    37.8   26.6    10.9     0.000   0   63.57  295.8   22.1      --
124  04/07/2020  0300    37.2   26.6    10.9     0.000   0   65.18  296.7   21.8      --
125  04/07/2020  0400    36.6   26.6    10.8     0.000   0   66.80  297.6   21.4    2129
126  04/07/2020  0500    36.0   26.8    10.5     0.000   0   68.79  298.8   20.5      --
127  04/07/2020  0600    35.7   27.1    10.1     0.000   0   70.55  300.0   19.7      --
128  04/07/2020  0700    36.5   27.4     9.8     0.000   0   69.11  301.4   18.9      --
129  04/07/2020  0800    38.8   25.7     9.5     0.000   0   59.01  302.9   18.0      --
130  04/07/2020  0900    42.5   26.1     9.2     0.000   0   52.09  304.5   17.2      --
131  04/07/2020  1000    47.0   26.6     8.9     0.000   0   44.69  306.3   16.5    5817
132  04/07/2020  1100    51.4   27.0     9.0     0.000   0   38.51  307.1   16.7      --
133  04/07/2020  1200    54.8   27.4     9.1     0.000   0   34.61  307.9   17.0      --
134  04/07/2020  1300    57.2   28.3     9.2     0.000   0   32.98  308.6   17.2      --
135  04/07/2020  1400    58.3   29.0     9.3     0.000   0   32.57  309.4   17.5      --
136  04/07/2020  1500    58.8   29.5     9.4     0.000   0   32.71  310.1   17.8      --
137  04/07/2020  1600    58.9   30.0     9.5     0.000   0   33.13  310.8   18.1    8056
138  04/07/2020  1700    58.8   30.0     8.5     0.000   0   33.27  308.6   16.5      --
139  04/07/2020  1800    55.6   29.5     7.5     0.000   0   36.58  306.0   14.9      --
140  04/07/2020  1900    49.1   29.4     6.4     0.000   0   46.47  302.8   13.4      --
141  04/07/2020  2000    45.5   29.2     5.4     0.000   0   52.69  298.8   11.9      --
142  04/07/2020  2100    43.1   29.1     4.3     0.000   0   57.37  293.6   10.4      --
143  04/07/2020  2200    40.8   29.1     3.3     0.000   0   62.79  286.9    9.1    6936
144  04/07/2020  2300    38.1   29.1     3.0     0.000   0   69.81  287.6    8.1      --
145  04/08/2020  0000    36.8   29.1     2.7     0.000   0   73.28  288.6    7.1      --
146  04/08/2020  0100    35.6   29.1     2.3     0.000   0   76.99  290.0    6.1      --
147  04/08/2020  0200    34.4   29.1     2.0     0.000   0   80.79  291.9    5.0      --
148  04/08/2020  0300    33.2   29.1     1.7     0.000   0   84.52  294.8    4.0      --
149  04/08/2020  0400    32.2   29.1     1.4     0.000   0   88.04  299.6    3.0    5204
150  04/08/2020  0500    31.4   29.1     1.7     0.000   5   91.21  314.9    1.3      --
151  04/08/2020  0600    30.9   29.1     2.1     0.000  10   93.10   67.0    0.9      --
152  04/08/2020  0700    31.9   29.1     2.5     0.000  10   89.16   95.4    2.5      --
153  04/08/2020  0800    34.8   28.0     2.8     0.000   5   75.80  100.9    4.3      --
154  04/08/2020  0900    39.6   28.0     3.2     0.000   0   62.89  103.2    6.1      --
155  04/08/2020  1000    45.6   28.0     3.5     0.000   0   49.79  104.4    7.9    3629
156  04/08/2020  1100    52.1   28.0     3.1     0.000   0   39.11  101.4    6.7      --
157  04/08/2020  1200    57.7   28.0     2.7     0.000   0   31.95   97.1    5.5      --
158  04/08/2020  1300    62.0   28.0     2.2     0.000   0   27.43   90.4    4.4      --
159  04/08/2020  1400    64.3   28.0     1.8     0.000   0   25.28   79.2    3.3      --
160  04/08/2020  1500    65.5   28.0     1.4     0.000   0   24.25   59.3    2.5      --
161  04/08/2020  1600    66.1   28.0     1.0     0.000   0   23.70   28.2    2.2    6102
162  04/08/2020  1700    66.3   28.0     2.2     0.000   0   23.53  335.2    3.7      --
163  04/08/2020  1800    63.5   28.0     3.5     0.000   0   25.98  319.2    6.3      --
164  04/08/2020  1900    57.7   28.0     4.8     0.000   0   31.92  312.8    9.1      --
165  04/08/2020  2000    54.5   28.6     6.0     0.000   0   36.85  309.5   12.0      --
166  04/08/2020  2100    52.1   29.5     7.3     0.000   0   41.55  307.4   14.9      --
167  04/08/2020  2200    49.8   30.0     8.5     0.000   0   46.21  306.0   17.8    3968
