  Generated by FoxLW on Thursday April 2, 2020 at 02:32 PDT
-------------------------------------------------------------------------------
  Malott
  48.3000:-119.6800  (48 17' 60.00"N  119 40' 48.00"W)  elev 974.4 feet    file: 330173
-------------------------------------------------------------------------------

Line#   Date     Hour   TempF  DewPtF WS(mph)  Rain(in) LW    RH%  WDir_50m WS_50m Inv(ft)
  5  04/02/2020  0400    25.7   10.1     9.7     0.000   0   50.94   24.7   21.1    2268
  6  04/02/2020  0500    25.2   10.4     8.6     0.000   0   52.79   26.1   18.7      --
  7  04/02/2020  0600    24.7   11.2     7.5     0.000   0   55.77   27.9   16.2      --
  8  04/02/2020  0700    25.1   12.5     6.3     0.000   0   58.12   30.4   13.8      --
  9  04/02/2020  0800    26.6   14.2     5.2     0.000   0   58.94   34.0   11.4      --
 10  04/02/2020  0900    29.3   14.3     4.1     0.000   0   52.95   39.3    9.1      --
 11  04/02/2020  1000    32.8   19.7     3.0     0.000   0   58.02   48.2    6.9  no_inv
 12  04/02/2020  1100    36.5   24.7     3.1     0.000   0   61.88   53.1    3.6      --
 13  04/02/2020  1200    39.9   24.7     3.3     0.000   0   54.33  114.9    0.7      --
 14  04/02/2020  1300    42.6   24.7     3.4     0.000   0   48.83  211.4    3.2      --
 15  04/02/2020  1400    44.1   24.7     3.5     0.000   0   46.12  217.3    6.5      --
 16  04/02/2020  1500    45.2   24.7     3.7     0.000   0   44.29  219.2    9.8      --
 17  04/02/2020  1600    45.9   24.7     3.8     0.000   0   43.14  220.2   13.2  no_inv
 18  04/02/2020  1700    46.3   24.7     3.6     0.000   0   42.46  223.9   11.5      --
 19  04/02/2020  1800    45.1   24.7     3.3     0.000   0   44.49  229.0    9.8      --
 20  04/02/2020  1900    42.5   24.7     3.1     0.000   0   48.99  236.0    8.3      --
 21  04/02/2020  2000    41.2   24.7     2.8     0.000   0   51.68  245.9    7.0      --
 22  04/02/2020  2100    38.8   24.7     2.6     0.000   0   56.61  260.0    5.9      --
 23  04/02/2020  2200    36.5   24.7     2.4     0.000   0   62.06  278.4    5.3    1470
 24  04/02/2020  2300    33.8   24.7     2.5     0.000   0   69.15  269.6    5.6      --
 25  04/03/2020  0000    31.7   24.7     2.7     0.000   0   75.17  261.8    6.0      --
 26  04/03/2020  0100    29.8   24.7     2.8     0.000   5   81.25  255.0    6.4      --
 27  04/03/2020  0200    28.1   24.7     3.0     0.000  10   87.14  249.2    7.0      --
 28  04/03/2020  0300    26.6   24.7     3.2     0.000  10   92.57  244.3    7.6      --
 29  04/03/2020  0400    25.4   24.5     3.3     0.000  10   96.31  240.1    8.3    1486
 30  04/03/2020  0500    24.5   23.6     4.3     0.000  10   96.30  247.1    9.5      --
 31  04/03/2020  0600    24.0   22.8     5.3     0.000  10   94.91  252.5   10.9      --
 32  04/03/2020  0700    25.2   22.4     6.3     0.000  10   88.91  256.6   12.3      --
 33  04/03/2020  0800    28.5   21.1     7.3     0.000   5   73.13  259.9   13.7      --
 34  04/03/2020  0900    33.8   18.0     8.3     0.000   0   51.81  262.6   15.2      --
 35  04/03/2020  1000    39.8   18.0     9.3     0.000   0   40.80  264.8   16.8  no_inv
 36  04/03/2020  1100    45.1   17.9     9.4     0.000   0   33.32  267.2   17.3      --
 37  04/03/2020  1200    47.7   17.9     9.6     0.000   0   30.13  269.6   17.8      --
 38  04/03/2020  1300    49.5   18.7     9.7     0.000   0   29.22  271.8   18.4      --
 39  04/03/2020  1400    50.3   19.5     9.8     0.000   0   29.38  273.9   19.0      --
 40  04/03/2020  1500    50.6   20.4     9.9     0.000   0   30.11  275.8   19.6      --
 41  04/03/2020  1600    50.6   21.2    10.1     0.000   0   31.09  277.6   20.3  no_inv
 42  04/03/2020  1700    50.5   21.2     9.5     0.000   0   31.35  283.1   15.4      --
 43  04/03/2020  1800    48.4   20.3     8.9     0.000   0   32.57  293.6   10.8      --
 44  04/03/2020  1900    44.1   20.2     8.3     0.000   0   38.05  317.2    7.0      --
 45  04/03/2020  2000    41.8   19.3     7.7     0.000   0   40.15    3.6    5.9      --
 46  04/03/2020  2100    39.5   18.6     7.1     0.000   0   42.57   39.1    8.7      --
 47  04/03/2020  2200    37.1   18.6     6.5     0.000   0   46.76   54.5   13.0    2890
 48  04/03/2020  2300    34.3   18.2     6.6     0.000   0   51.20   50.1   13.2      --
 49  04/04/2020  0000    32.7   17.7     6.7     0.000   0   53.53   45.8   13.4      --
 50  04/04/2020  0100    31.2   17.3     6.8     0.000   0   55.76   41.7   13.7      --
 51  04/04/2020  0200    29.9   16.9     7.0     0.000   0   57.85   37.7   14.1      --
 52  04/04/2020  0300    28.7   16.5     7.1     0.000   0   59.78   34.0   14.6      --
 53  04/04/2020  0400    27.8   16.3     7.2     0.000   0   61.55   30.6   15.1    7965
 54  04/04/2020  0500    27.0   17.6     6.4     0.000   0   67.32   31.7   13.4      --
 55  04/04/2020  0600    26.6   18.6     5.6     0.000   0   71.45   33.2   11.8      --
 56  04/04/2020  0700    27.2   19.9     4.8     0.000   0   73.52   35.2   10.2      --
 57  04/04/2020  0800    29.3   17.0     4.0     0.000   0   59.58   37.8    8.6      --
 58  04/04/2020  0900    32.7   17.0     3.2     0.000   0   51.87   41.7    7.1      --
 59  04/04/2020  1000    37.1   17.0     2.4     0.000   0   43.55   47.6    5.6    8483
 60  04/04/2020  1100    41.4   17.0     2.4     0.000   0   36.78   48.9    5.5      --
 61  04/04/2020  1200    44.6   17.0     2.4     0.000   0   32.57   50.3    5.4      --
 62  04/04/2020  1300    47.1   17.0     2.3     0.000   0   29.55   51.6    5.4      --
 63  04/04/2020  1400    48.5   17.0     2.3     0.000   0   28.05   53.0    5.3      --
 64  04/04/2020  1500    49.5   17.0     2.3     0.000   0   27.04   54.5    5.2      --
 65  04/04/2020  1600    50.2   17.0     2.3     0.000   0   26.40   56.0    5.2    9341
 66  04/04/2020  1700    50.6   17.0     5.0     0.000   0   26.03   32.8    8.0      --
 67  04/04/2020  1800    49.3   17.1     7.8     0.000   0   27.42   22.6   11.5      --
 68  04/04/2020  1900    46.8   19.2    10.5     0.000   0   32.95   17.1   15.1      --
 69  04/04/2020  2000    45.4   17.6    13.3     0.000   0   32.50   13.8   18.8      --
 70  04/04/2020  2100    43.0   17.9    16.0     0.000   0   36.00   11.6   22.5      --
 71  04/04/2020  2200    40.7   18.2    18.8     0.000   0   39.97   10.0   26.3    9324
 72  04/04/2020  2300    39.4   18.6    18.0     0.000   0   42.60   11.4   26.1      --
 73  04/05/2020  0000    38.8   18.9    17.2     0.000   0   44.17   12.9   25.9      --
 74  04/05/2020  0100    38.3   19.1    16.4     0.000   0   45.63   14.3   25.7      --
 75  04/05/2020  0200    37.8   19.3    15.6     0.000   0   46.92   15.8   25.6      --
 76  04/05/2020  0300    37.4   19.5    14.8     0.000   0   47.96   17.3   25.4      --
 77  04/05/2020  0400    37.0   19.5    14.0     0.000   0   48.70   18.8   25.3    2588
 78  04/05/2020  0500    36.8   19.6    12.2     0.000   0   49.42   19.9   22.4      --
 79  04/05/2020  0600    36.6   21.4    10.4     0.000   0   53.83   21.4   19.4      --
 80  04/05/2020  0700    36.8   22.4     8.5     0.000   0   55.61   23.5   16.5      --
 81  04/05/2020  0800    37.5   21.0     6.7     0.000   0   50.88   26.4   13.6      --
 82  04/05/2020  0900    38.9   21.7     4.9     0.000   0   49.67   30.8   10.8      --
 83  04/05/2020  1000    40.9   25.5     3.1     0.000   0   53.79   38.3    8.0  no_inv
 84  04/05/2020  1100    43.7   25.5     2.9     0.000   0   48.24   35.1    6.1      --
 85  04/05/2020  1200    47.2   25.5     2.7     0.000   0   42.23   28.8    4.1      --
 86  04/05/2020  1300    50.2   25.5     2.5     0.000   0   37.74   12.3    2.3      --
 87  04/05/2020  1400    52.0   25.5     2.3     0.000   0   35.32  313.2    1.4      --
 88  04/05/2020  1500    53.3   25.5     2.1     0.000   0   33.77  260.9    2.5      --
 89  04/05/2020  1600    54.0   25.5     1.9     0.000   0   32.81  246.5    4.3  no_inv
 90  04/05/2020  1700    54.1   25.5     3.0     0.000   0   32.71  314.4    3.6      --
 91  04/05/2020  1800    52.8   25.5     4.0     0.000   0   34.42  350.7    6.8      --
 92  04/05/2020  1900    50.1   25.5     5.1     0.000   0   38.06    1.8   10.9      --
 93  04/05/2020  2000    48.5   26.3     6.1     0.000   0   41.57    6.7   15.3      --
 94  04/05/2020  2100    46.2   27.1     7.1     0.000   0   47.00    9.4   19.7      --
 95  04/05/2020  2200    43.9   27.9     8.2     0.000   0   53.07   11.2   24.1  no_inv
 96  04/05/2020  2300    41.9   28.0     8.2     0.000   0   57.41   12.4   24.0      --
 97  04/06/2020  0000    40.5   28.1     8.2     0.000   0   61.06   13.6   23.9      --
 98  04/06/2020  0100    39.1   28.2     8.3     0.000   0   64.74   14.7   23.8      --
 99  04/06/2020  0200    37.8   28.3     8.3     0.000   0   68.28   15.9   23.8      --
100  04/06/2020  0300    36.6   28.3     8.3     0.000   0   71.52   17.1   23.7      --
101  04/06/2020  0400    35.7   28.3     8.4     0.000   0   74.29   18.4   23.7    1274
102  04/06/2020  0500    35.0   27.7     7.3     0.000   0   74.56   19.5   20.5      --
103  04/06/2020  0600    34.5   26.8     6.3     0.000   0   73.01   21.0   17.3      --
104  04/06/2020  0700    35.2   26.3     5.3     0.000   0   69.66   23.1   14.1      --
105  04/06/2020  0800    37.0   26.3     4.3     0.000   0   64.90   26.6   11.0      --
106  04/06/2020  0900    40.0   26.2     3.3     0.000   0   57.61   32.7    7.9      --
107  04/06/2020  1000    43.9   26.2     2.2     0.000   0   49.40   46.1    5.1    9498
108  04/06/2020  1100    48.3   26.2     4.1     0.000   0   41.83  349.0    4.5      --
109  04/06/2020  1200    52.6   26.1     5.9     0.000   0   35.57  315.1    7.6      --
110  04/06/2020  1300    56.0   26.7     7.7     0.000   0   32.26  302.7   11.8      --
111  04/06/2020  1400    57.7   27.3     9.5     0.000   0   31.04  296.9   16.2      --
112  04/06/2020  1500    58.6   27.5    11.3     0.000   0   30.37  293.5   20.7      --
113  04/06/2020  1600    59.0   27.3    13.1     0.000   0   29.62  291.4   25.2    9062
114  04/06/2020  1700    59.0   27.8    11.5     0.000   0   30.17  295.0   22.4      --
115  04/06/2020  1800    54.8   27.5     9.9     0.000   0   34.76  299.5   19.6      --
116  04/06/2020  1900    46.0   28.0     8.3     0.000   0   49.01  305.5   17.1      --
117  04/06/2020  2000    41.3   27.4     6.7     0.000   0   57.57  313.4   14.8      --
118  04/06/2020  2100    38.9   27.1     5.1     0.000   0   62.31  324.0   12.8      --
119  04/06/2020  2200    36.6   27.2     3.5     0.000   0   68.44  337.6   11.5    1548
120  04/06/2020  2300    34.4   27.6     4.3     0.000   0   75.94  347.6   11.4      --
121  04/07/2020  0000    33.9   27.6     5.0     0.000   0   77.26  357.5   11.6      --
122  04/07/2020  0100    33.3   26.7     5.7     0.000   0   76.42    6.7   12.1      --
123  04/07/2020  0200    32.6   25.7     6.5     0.000   0   75.35   15.0   12.9      --
124  04/07/2020  0300    31.9   24.6     7.2     0.000   0   74.21   22.2   14.0      --
125  04/07/2020  0400    31.1   23.6     7.9     0.000   0   73.27   28.3   15.2    2153
126  04/07/2020  0500    30.3   23.5     8.7     0.000   0   75.44   27.9   15.8      --
127  04/07/2020  0600    29.9   23.6     9.4     0.000   0   77.18   27.5   16.5      --
128  04/07/2020  0700    31.3   23.7    10.2     0.000   0   73.09   27.1   17.1      --
129  04/07/2020  0800    34.9   21.9    10.9     0.000   0   58.59   26.8   17.7      --
130  04/07/2020  0900    40.6   22.1    11.7     0.000   0   47.32   26.5   18.3      --
131  04/07/2020  1000    47.2   22.3    12.4     0.000   0   37.06   26.2   19.0    7948
132  04/07/2020  1100    53.2   22.5    11.0     0.000   0   29.94   26.6   17.6      --
133  04/07/2020  1200    56.9   22.7     9.6     0.000   0   26.43   27.1   16.3      --
134  04/07/2020  1300    59.4   23.7     8.2     0.000   0   25.13   27.7   14.9      --
135  04/07/2020  1400    60.6   24.5     6.8     0.000   0   24.97   28.4   13.6      --
136  04/07/2020  1500    61.1   25.3     5.4     0.000   0   25.28   29.2   12.3      --
137  04/07/2020  1600    61.3   26.0     4.0     0.000   0   25.90   30.3   10.9    8884
138  04/07/2020  1700    61.2   26.0     4.4     0.000   0   26.04   27.2   13.3      --
139  04/07/2020  1800    57.3   25.3     4.9     0.000   0   29.01   25.1   15.7      --
140  04/07/2020  1900    49.4   24.9     5.4     0.000   0   38.13   23.5   18.1      --
141  04/07/2020  2000    45.0   25.0     5.9     0.000   0   45.01   22.3   20.5      --
142  04/07/2020  2100    42.7   24.9     6.4     0.000   0   49.11   21.3   22.9      --
143  04/07/2020  2200    40.3   24.9     6.8     0.000   0   53.75   20.6   25.3    1610
144  04/07/2020  2300    38.1   24.9     7.2     0.000   0   58.54   20.2   23.8      --
145  04/08/2020  0000    37.4   24.9     7.5     0.000   0   60.22   19.7   22.3      --
146  04/08/2020  0100    36.5   24.8     7.8     0.000   0   62.11   19.2   20.8      --
147  04/08/2020  0200    35.7   24.8     8.1     0.000   0   64.12   18.5   19.3      --
148  04/08/2020  0300    34.9   24.8     8.4     0.000   0   66.18   17.8   17.9      --
149  04/08/2020  0400    34.1   24.8     8.8     0.000   0   68.22   17.0   16.4     968
150  04/08/2020  0500    33.4   24.9     7.8     0.000   0   70.48   16.8   12.2      --
151  04/08/2020  0600    33.0   27.9     6.9     0.000   0   81.22   16.4    8.0      --
152  04/08/2020  0700    33.8   25.2     6.0     0.000   0   70.45   15.3    3.8      --
153  04/08/2020  0800    36.0   24.5     5.1     0.000   0   62.47  219.5    0.4      --
154  04/08/2020  0900    39.8   25.3     4.2     0.000   0   55.73  199.4    4.6      --
155  04/08/2020  1000    44.8   29.5     3.3     0.000   0   54.71  198.5    8.7    3951
156  04/08/2020  1100    50.6   29.5     3.8     0.000   0   44.09  195.5    9.6      --
157  04/08/2020  1200    56.8   27.8     4.4     0.000   0   32.74  193.0   10.6      --
158  04/08/2020  1300    61.9   29.0     4.9     0.000   0   28.67  190.9   11.6      --
159  04/08/2020  1400    64.8   29.8     5.5     0.000   0   26.74  189.2   12.5      --
160  04/08/2020  1500    66.4   30.3     6.0     0.000   0   25.82  187.7   13.5      --
161  04/08/2020  1600    67.3   30.6     6.6     0.000   0   25.33  186.4   14.5    7223
162  04/08/2020  1700    67.7   30.6     6.4     0.000   0   25.01  194.9   12.0      --
163  04/08/2020  1800    64.1   30.3     6.1     0.000   0   27.99  207.4    9.9      --
164  04/08/2020  1900    56.8   30.2     5.9     0.000   0   36.02  225.3    8.5      --
165  04/08/2020  2000    52.8   30.1     5.7     0.000   0   41.61  247.2    8.1      --
166  04/08/2020  2100    50.5   30.0     5.4     0.000   0   45.21  267.9    8.9      --
167  04/08/2020  2200    48.1   29.9     5.2     0.000   0   49.07  283.4   10.7    2208
