  Generated by FoxLW on Thursday April 2, 2020 at 02:32 PDT
-------------------------------------------------------------------------------
  Ellisforde
  48.7900:-119.4000  (48 47' 24.00"N  119 24' 0.00"W)  elev 928.5 feet    file: 330145
-------------------------------------------------------------------------------

Line#   Date     Hour   TempF  DewPtF WS(mph)  Rain(in) LW    RH%  WDir_50m WS_50m Inv(ft)
  5  04/02/2020  0400    25.5   10.8    11.2     0.000   0   52.87  348.8   14.0    3624
  6  04/02/2020  0500    25.0   11.3     9.6     0.000   0   55.54  347.1   12.1      --
  7  04/02/2020  0600    24.5   11.8     8.0     0.000   0   57.80  344.8   10.2      --
  8  04/02/2020  0700    25.1   12.6     6.3     0.000   0   58.56  341.4    8.3      --
  9  04/02/2020  0800    26.8   13.6     4.7     0.000   0   57.00  336.0    6.5      --
 10  04/02/2020  0900    29.7   18.9     3.1     0.000   0   63.62  326.6    4.8      --
 11  04/02/2020  1000    33.6   18.9     1.4     0.000   0   54.38  307.7    3.3  no_inv
 12  04/02/2020  1100    37.6   18.9     2.0     0.000   0   46.40  261.9    2.9      --
 13  04/02/2020  1200    40.7   18.9     2.6     0.000   0   41.23  228.8    4.3      --
 14  04/02/2020  1300    43.2   18.9     3.2     0.000   0   37.43  214.1    6.3      --
 15  04/02/2020  1400    44.6   18.9     3.8     0.000   0   35.44  206.8    8.6      --
 16  04/02/2020  1500    45.5   18.9     4.4     0.000   0   34.19  202.6   10.9      --
 17  04/02/2020  1600    46.2   18.9     5.0     0.000   0   33.36  199.9   13.3  no_inv
 18  04/02/2020  1700    46.6   18.9     4.3     0.000   0   32.80  199.4   10.7      --
 19  04/02/2020  1800    44.6   18.9     3.7     0.000   0   35.48  198.7    8.1      --
 20  04/02/2020  1900    40.3   18.9     3.0     0.000   0   41.73  197.3    5.5      --
 21  04/02/2020  2000    38.0   18.9     2.3     0.000   0   45.70  193.4    3.0      --
 22  04/02/2020  2100    35.7   18.9     1.7     0.000   0   50.12  149.4    0.5      --
 23  04/02/2020  2200    33.3   18.9     1.0     0.000   0   55.03   32.4    2.3    1006
 24  04/02/2020  2300    31.1   18.9     0.9     0.000   0   60.28   35.9    2.1      --
 25  04/03/2020  0000    29.8   18.9     0.9     0.000   0   63.55   40.3    1.8      --
 26  04/03/2020  0100    28.5   18.9     0.8     0.000   0   66.95   45.8    1.6      --
 27  04/03/2020  0200    27.3   18.9     0.7     0.000   0   70.33   53.0    1.4      --
 28  04/03/2020  0300    26.2   18.9     0.6     0.000   0   73.55   62.2    1.3      --
 29  04/03/2020  0400    25.3   18.9     0.5     0.000   0   76.48   73.6    1.1  no_inv
 30  04/03/2020  0500    24.5   18.9     0.8     0.000   5   78.99  136.7    0.8      --
 31  04/03/2020  0600    24.0   18.9     1.2     0.000  10   80.65  178.3    1.5      --
 32  04/03/2020  0700    24.9   18.9     1.5     0.000  10   77.76  191.0    2.5      --
 33  04/03/2020  0800    27.5   17.0     1.8     0.000   5   64.30  196.5    3.6      --
 34  04/03/2020  0900    31.7   16.3     2.2     0.000   0   52.38  199.5    4.6      --
 35  04/03/2020  1000    37.0   15.5     2.5     0.000   0   40.99  201.4    5.7  no_inv
 36  04/03/2020  1100    42.2   14.7     4.2     0.000   0   32.29  236.3    5.8      --
 37  04/03/2020  1200    45.9   14.0     5.8     0.000   0   27.17  261.5    7.6      --
 38  04/03/2020  1300    48.6   14.0     7.5     0.000   0   24.55  275.3   10.3      --
 39  04/03/2020  1400    49.9   14.3     9.1     0.000   0   23.73  283.1   13.4      --
 40  04/03/2020  1500    50.6   14.7    10.8     0.000   0   23.53  287.9   16.6      --
 41  04/03/2020  1600    50.8   14.4    12.4     0.000   0   23.07  291.2   19.9  no_inv
 42  04/03/2020  1700    50.8   14.3    12.8     0.000   0   22.94  299.4   18.6      --
 43  04/03/2020  1800    47.4   13.7    13.2     0.000   0   25.41  308.5   17.8      --
 44  04/03/2020  1900    40.5   13.4    13.5     0.000   0   32.50  318.2   17.4      --
 45  04/03/2020  2000    36.7   13.1    13.9     0.000   0   37.34  328.1   17.6      --
 46  04/03/2020  2100    34.4   13.1    14.2     0.000   0   40.85  337.5   18.3      --
 47  04/03/2020  2200    32.1   13.3    14.6     0.000   0   45.27  346.0   19.4    2081
 48  04/03/2020  2300    30.6   13.5    14.1     0.000   0   48.38  337.6   16.8      --
 49  04/04/2020  0000    30.7   13.7    13.7     0.000   0   48.71  326.5   14.6      --
 50  04/04/2020  0100    30.6   13.8    13.2     0.000   0   49.26  312.3   13.2      --
 51  04/04/2020  0200    30.4   14.0    12.8     0.000   0   49.95  295.9   12.7      --
 52  04/04/2020  0300    30.1   14.0    12.3     0.000   0   50.71  279.6   13.3      --
 53  04/04/2020  0400    29.7   15.4    11.9     0.000   0   54.71  265.7   14.8    1975
 54  04/04/2020  0500    29.3   15.7    10.2     0.000   0   56.33  268.5   12.8      --
 55  04/04/2020  0600    29.0   16.2     8.6     0.000   0   58.42  272.2   10.8      --
 56  04/04/2020  0700    29.4   15.9     6.9     0.000   0   56.59  277.7    8.9      --
 57  04/04/2020  0800    30.7   14.7     5.3     0.000   0   51.03  286.1    7.1      --
 58  04/04/2020  0900    33.0   16.8     3.6     0.000   0   50.80  299.6    5.5      --
 59  04/04/2020  1000    36.2   16.8     2.0     0.000   0   44.76  321.4    4.5    8413
 60  04/04/2020  1100    40.1   16.8     2.0     0.000   0   38.31  324.0    4.4      --
 61  04/04/2020  1200    44.8   16.8     2.0     0.000   0   32.04  326.7    4.4      --
 62  04/04/2020  1300    48.4   16.8     2.0     0.000   0   27.99  329.4    4.4      --
 63  04/04/2020  1400    50.0   16.8     2.0     0.000   0   26.32  332.0    4.4      --
 64  04/04/2020  1500    50.9   16.8     2.0     0.000   0   25.46  334.7    4.4      --
 65  04/04/2020  1600    51.2   16.8     2.0     0.000   0   25.19  337.4    4.4  no_inv
 66  04/04/2020  1700    50.6   16.8     3.2     0.000   0   25.75  353.6    6.0      --
 67  04/04/2020  1800    48.7   16.9     4.5     0.000   0   27.79    2.8    7.8      --
 68  04/04/2020  1900    44.8   17.4     5.8     0.000   0   32.90    8.3    9.8      --
 69  04/04/2020  2000    42.7   18.5     7.1     0.000   0   37.52   12.0   11.8      --
 70  04/04/2020  2100    40.3   19.6     8.4     0.000   0   42.95   14.6   13.9      --
 71  04/04/2020  2200    38.0   19.9     9.6     0.000   0   47.64   16.5   16.0  no_inv
 72  04/04/2020  2300    36.7   20.2     9.2     0.000   0   50.63   16.8   15.6      --
 73  04/05/2020  0000    36.2   20.4     8.8     0.000   0   52.39   17.0   15.3      --
 74  04/05/2020  0100    35.6   20.7     8.3     0.000   0   54.14   17.2   14.9      --
 75  04/05/2020  0200    35.0   20.7     7.9     0.000   0   55.38   17.5   14.6      --
 76  04/05/2020  0300    34.5   20.2     7.4     0.000   0   55.35   17.8   14.2      --
 77  04/05/2020  0400    34.0   19.6     7.0     0.000   0   55.02   18.1   13.9     336
 78  04/05/2020  0500    33.6   18.5     6.1     0.000   0   53.40   15.5   12.0      --
 79  04/05/2020  0600    33.3   18.6     5.3     0.000   0   54.17   11.9   10.2      --
 80  04/05/2020  0700    33.7   16.8     4.4     0.000   0   49.54    6.8    8.4      --
 81  04/05/2020  0800    34.8   22.2     3.6     0.000   0   59.57  359.1    6.8      --
 82  04/05/2020  0900    36.9   24.1     2.7     0.000   0   59.51  346.9    5.3      --
 83  04/05/2020  1000    39.7   24.1     1.9     0.000   0   53.23  327.0    4.2  no_inv
 84  04/05/2020  1100    43.2   24.1     1.8     0.000   0   46.48  321.1    3.9      --
 85  04/05/2020  1200    47.0   24.1     1.7     0.000   0   40.37  314.0    3.5      --
 86  04/05/2020  1300    50.0   24.1     1.6     0.000   0   36.07  305.5    3.3      --
 87  04/05/2020  1400    51.7   24.1     1.5     0.000   0   33.78  295.9    3.1      --
 88  04/05/2020  1500    53.0   24.1     1.4     0.000   0   32.31  285.4    3.0      --
 89  04/05/2020  1600    53.7   24.1     1.3     0.000   0   31.40  274.6    3.0  no_inv
 90  04/05/2020  1700    53.8   24.2     2.0     0.000   0   31.40  223.7    3.3      --
 91  04/05/2020  1800    52.2   24.2     2.8     0.000   0   33.38  196.8    5.2      --
 92  04/05/2020  1900    49.0   24.1     3.5     0.000   0   37.41  185.6    7.6      --
 93  04/05/2020  2000    47.2   24.1     4.2     0.000   0   39.96  179.9   10.1      --
 94  04/05/2020  2100    44.9   27.3     4.9     0.000   0   49.76  176.5   12.8      --
 95  04/05/2020  2200    42.6   32.7     5.6     0.010   0   67.81  174.2   15.4  no_inv
 96  04/05/2020  2300    41.0   32.5     5.8     0.000   0   71.47  174.4   10.0      --
 97  04/06/2020  0000    40.8   32.3     6.1     0.000   0   71.75  174.9    4.6      --
 98  04/06/2020  0100    39.7   32.2     6.3     0.010   0   74.28  349.1    0.9      --
 99  04/06/2020  0200    37.7   31.2     6.5     0.000   0   77.13  353.3    6.3      --
100  04/06/2020  0300    36.8   30.8     6.8     0.000   0   78.62  353.6   11.8      --
101  04/06/2020  0400    37.0   32.0     7.0     0.020   0   82.10  353.7   17.2    2500
102  04/06/2020  0500    34.7   28.6     6.1     0.000   0   78.14  352.8   14.8      --
103  04/06/2020  0600    34.3   28.0     5.1     0.000   0   77.44  351.5   12.3      --
104  04/06/2020  0700    34.5   27.1     4.2     0.000   0   74.26  349.6    9.9      --
105  04/06/2020  0800    36.1   28.6     3.2     0.000   0   73.83  346.5    7.5      --
106  04/06/2020  0900    38.4   29.2     2.2     0.000   0   69.22  340.5    5.1      --
107  04/06/2020  1000    44.0   25.5     1.3     0.000   0   47.77  324.8    2.9    5917
108  04/06/2020  1100    48.2   25.3     2.6     0.000   0   40.46  304.8    5.1      --
109  04/06/2020  1200    52.8   25.2     3.9     0.000   0   34.05  297.0    7.4      --
110  04/06/2020  1300    56.3   25.6     5.2     0.000   0   30.47  293.0    9.9      --
111  04/06/2020  1400    58.2   26.2     6.4     0.000   0   29.07  290.6   12.3      --
112  04/06/2020  1500    59.1   26.7     7.7     0.000   0   28.77  289.0   14.8      --
113  04/06/2020  1600    59.6   27.3     9.0     0.000   0   28.98  287.9   17.3    3056
114  04/06/2020  1700    59.7   27.3     9.6     0.000   0   28.91  290.4   11.8      --
115  04/06/2020  1800    55.8   26.6    10.3     0.000   0   32.27  297.2    6.3      --
116  04/06/2020  1900    47.9   26.7    10.9     0.000   0   43.28  353.8    1.7      --
117  04/06/2020  2000    43.6   26.2    11.5     0.000   0   50.03   85.1    5.3      --
118  04/06/2020  2100    41.2   24.4    12.1     0.000   0   50.78   94.1   10.7      --
119  04/06/2020  2200    38.9   24.2    12.8     0.000   0   55.17   97.0   16.2    1311
120  04/06/2020  2300    36.9   24.0    13.0     0.000   0   59.32   84.8   14.4      --
121  04/07/2020  0000    36.5   23.8    13.2     0.000   0   59.83   70.0   13.4      --
122  04/07/2020  0100    35.9   23.7    13.4     0.000   0   60.74   54.1   13.4      --
123  04/07/2020  0200    35.3   23.6    13.6     0.000   0   61.97   39.2   14.4      --
124  04/07/2020  0300    34.6   23.5    13.8     0.000   0   63.47   27.0   16.2      --
125  04/07/2020  0400    33.9   23.5    14.0     0.000   0   65.19   17.5   18.6    1097
126  04/07/2020  0500    33.2   23.4    14.0     0.000   0   66.93   15.1   18.5      --
127  04/07/2020  0600    32.8   23.4    14.1     0.000   0   67.78   12.6   18.6      --
128  04/07/2020  0700    33.9   23.2    14.2     0.000   0   64.53   10.2   18.6      --
129  04/07/2020  0800    36.6   23.0    14.2     0.000   0   57.32    7.8   18.7      --
130  04/07/2020  0900    41.0   22.8    14.3     0.000   0   47.85    5.4   18.9      --
131  04/07/2020  1000    46.3   22.5    14.4     0.000   0   38.62    3.0   19.0    8886
132  04/07/2020  1100    51.5   22.3    13.7     0.000   0   31.44    1.4   18.0      --
133  04/07/2020  1200    55.2   22.0    13.1     0.000   0   27.19  359.5   17.0      --
134  04/07/2020  1300    57.9   22.1    12.5     0.000   0   24.84  357.4   16.1      --
135  04/07/2020  1400    59.2   22.5    11.9     0.000   0   24.02  355.1   15.1      --
136  04/07/2020  1500    59.8   23.0    11.3     0.000   0   24.06  352.4   14.2      --
137  04/07/2020  1600    60.0   23.7    10.6     0.000   0   24.59  349.4   13.3    8800
138  04/07/2020  1700    60.0   23.8    10.5     0.000   0   24.70  353.9   13.3      --
139  04/07/2020  1800    56.2   23.2    10.4     0.000   0   27.71  358.4   13.3      --
140  04/07/2020  1900    48.3   23.6    10.2     0.000   0   37.52    2.9   13.4      --
141  04/07/2020  2000    44.0   23.4    10.1     0.000   0   43.83    7.2   13.6      --
142  04/07/2020  2100    41.7   23.1    10.0     0.000   0   47.39   11.5   13.9      --
143  04/07/2020  2200    39.3   23.0     9.8     0.000   0   51.59   15.5   14.2    2345
144  04/07/2020  2300    36.3   22.8     8.5     0.000   0   57.81   16.4   12.6      --
145  04/08/2020  0000    34.9   22.8     7.2     0.000   0   60.87   17.5   11.0      --
146  04/08/2020  0100    33.6   22.9     5.9     0.000   0   64.47   19.0    9.3      --
147  04/08/2020  0200    32.3   23.0     4.6     0.000   0   68.19   21.2    7.7      --
148  04/08/2020  0300    31.0   23.1     3.3     0.000   0   72.21   24.5    6.1      --
149  04/08/2020  0400    29.9   23.1     2.0     0.000   0   75.56   30.0    4.6     856
150  04/08/2020  0500    28.9   23.1     2.2     0.000   5   78.62   38.5    2.7      --
151  04/08/2020  0600    28.4   23.1     2.3     0.000  10   80.39   74.9    1.1      --
152  04/08/2020  0700    29.5   23.1     2.4     0.000  10   76.75  162.4    1.6      --
153  04/08/2020  0800    32.5   28.1     2.5     0.000   5   83.40  181.9    3.4      --
154  04/08/2020  0900    37.5   28.1     2.7     0.000   0   68.53  187.8    5.2      --
155  04/08/2020  1000    43.8   28.1     2.8     0.000   0   53.56  190.6    7.2    4257
156  04/08/2020  1100    50.7   28.1     3.5     0.000   0   41.43  194.3    9.0      --
157  04/08/2020  1200    56.7   28.1     4.1     0.000   0   33.23  196.7   10.8      --
158  04/08/2020  1300    61.5   28.4     4.8     0.000   0   28.34  198.4   12.7      --
159  04/08/2020  1400    64.1   28.6     5.4     0.000   0   26.10  199.7   14.5      --
160  04/08/2020  1500    65.5   28.9     6.1     0.000   0   25.13  200.7   16.4      --
161  04/08/2020  1600    66.3   29.1     6.8     0.000   0   24.69  201.4   18.3  no_inv
162  04/08/2020  1700    66.6   29.1     6.4     0.000   0   24.43  197.9   16.5      --
163  04/08/2020  1800    63.6   28.9     6.0     0.000   0   26.82  193.5   14.7      --
164  04/08/2020  1900    57.5   28.9     5.6     0.000   0   33.35  187.9   13.1      --
165  04/08/2020  2000    54.2   28.8     5.3     0.000   0   37.52  180.9   11.6      --
166  04/08/2020  2100    51.8   32.1     4.9     0.000   0   46.66  172.0   10.4      --
167  04/08/2020  2200    49.5   37.5     4.5     0.010   0   63.11  161.1    9.5    3650
