  Generated by FoxLW on Thursday April 2, 2020 at 02:32 PDT
-------------------------------------------------------------------------------
  Crane
  48.0700:-119.8000  (48 4' 12.00"N  119 47' 60.00"W)  elev 1361.5 feet    file: 330105
-------------------------------------------------------------------------------

Line#   Date     Hour   TempF  DewPtF WS(mph)  Rain(in) LW    RH%  WDir_50m WS_50m Inv(ft)
  5  04/02/2020  0400    25.6   11.6     6.3     0.000   0   54.65   23.7   14.3    1990
  6  04/02/2020  0500    25.0   11.8     5.6     0.000   0   56.72   25.0   12.7      --
  7  04/02/2020  0600    24.5   12.6     4.9     0.000   0   59.81   26.8   11.0      --
  8  04/02/2020  0700    24.8   13.8     4.2     0.000   0   62.27   29.0    9.4      --
  9  04/02/2020  0800    26.0   19.2     3.5     0.000   0   74.81   32.3    7.8      --
 10  04/02/2020  0900    28.3   24.6     2.8     0.000   5   85.78   37.3    6.2      --
 11  04/02/2020  1000    31.4   24.7     2.1     0.000   5   75.79   45.6    4.7  no_inv
 12  04/02/2020  1100    35.5   24.7     2.4     0.000   0   64.22   37.4    2.3      --
 13  04/02/2020  1200    40.7   24.7     2.7     0.000   0   52.38  304.8    0.7      --
 14  04/02/2020  1300    44.9   24.7     3.0     0.000   0   44.61  246.8    2.7      --
 15  04/02/2020  1400    46.9   24.7     3.4     0.000   0   41.32  240.5    5.1      --
 16  04/02/2020  1500    46.1   27.8     3.7     0.000   0   48.49  238.2    7.5      --
 17  04/02/2020  1600    44.5   31.0     4.0     0.010   0   58.83  237.0    9.9  no_inv
 18  04/02/2020  1700    45.0   29.5     3.8     0.000   0   54.36  243.5    9.2      --
 19  04/02/2020  1800    44.3   28.0     3.6     0.000   0   52.43  250.9    8.7      --
 20  04/02/2020  1900    43.0   27.5     3.4     0.000   0   53.83  259.1    8.3      --
 21  04/02/2020  2000    42.3   27.3     3.2     0.000   0   54.92  267.9    8.1      --
 22  04/02/2020  2100    40.0   26.8     3.0     0.000   0   58.93  276.8    8.1      --
 23  04/02/2020  2200    37.7   27.4     2.8     0.000   0   66.27  285.6    8.4     993
 24  04/02/2020  2300    35.0   26.7     2.5     0.000   0   71.28  285.2    7.4      --
 25  04/03/2020  0000    33.1   26.1     2.2     0.000   0   75.37  284.7    6.4      --
 26  04/03/2020  0100    31.3   25.7     2.0     0.000   5   79.48  284.0    5.4      --
 27  04/03/2020  0200    29.7   25.4     1.7     0.000  10   83.46  282.9    4.5      --
 28  04/03/2020  0300    28.4   25.1     1.4     0.000  10   87.13  281.4    3.5      --
 29  04/03/2020  0400    27.4   24.9     1.1     0.000  10   90.31  278.6    2.5  no_inv
 30  04/03/2020  0500    26.7   24.7     1.2     0.000  10   91.85  276.1    2.6      --
 31  04/03/2020  0600    26.3   24.6     1.2     0.000  10   93.40  273.7    2.7      --
 32  04/03/2020  0700    27.1   24.7     1.3     0.000  10   90.42  271.5    2.8      --
 33  04/03/2020  0800    29.5   24.7     1.3     0.000  10   82.28  269.5    2.9      --
 34  04/03/2020  0900    33.3   19.3     1.4     0.000   5   56.07  267.7    3.0      --
 35  04/03/2020  1000    37.8   17.0     1.4     0.000   0   42.42  265.9    3.2  no_inv
 36  04/03/2020  1100    41.6   16.8     2.3     0.000   0   36.22  268.8    5.2      --
 37  04/03/2020  1200    43.3   16.6     3.3     0.000   0   33.57  270.0    7.1      --
 38  04/03/2020  1300    44.7   17.3     4.2     0.000   0   32.87  270.7    9.1      --
 39  04/03/2020  1400    45.4   18.1     5.2     0.000   0   33.08  271.1   11.1      --
 40  04/03/2020  1500    45.9   18.9     6.1     0.000   0   33.77  271.5   13.1      --
 41  04/03/2020  1600    46.2   19.9     7.1     0.000   0   34.74  271.7   15.1  no_inv
 42  04/03/2020  1700    46.3   19.9     6.4     0.000   0   34.55  274.8   11.8      --
 43  04/03/2020  1800    45.2   18.9     5.7     0.000   0   34.68  280.3    8.5      --
 44  04/03/2020  1900    42.8   18.5     5.0     0.000   0   37.22  292.4    5.4      --
 45  04/03/2020  2000    41.5   18.5     4.4     0.000   0   39.10  328.4    3.0      --
 46  04/03/2020  2100    39.2   18.5     3.7     0.000   0   42.82   29.9    3.6      --
 47  04/03/2020  2200    36.8   18.5     3.0     0.000   0   46.94   54.8    6.3    9911
 48  04/03/2020  2300    34.0   18.5     3.2     0.000   0   52.58   50.0    6.3      --
 49  04/04/2020  0000    32.0   18.5     3.4     0.000   0   57.00   45.2    6.4      --
 50  04/04/2020  0100    30.1   18.5     3.6     0.000   0   61.48   40.5    6.5      --
 51  04/04/2020  0200    28.5   18.5     3.8     0.000   0   65.82   36.0    6.6      --
 52  04/04/2020  0300    27.0   18.5     4.0     0.000   0   69.82   31.7    6.8      --
 53  04/04/2020  0400    25.9   18.5     4.2     0.000   0   73.30   27.6    7.0    8108
 54  04/04/2020  0500    25.0   18.5     4.0     0.000   0   76.07   32.5    6.7      --
 55  04/04/2020  0600    24.5   18.5     3.7     0.000   5   77.62   37.8    6.4      --
 56  04/04/2020  0700    25.0   18.5     3.5     0.000   5   75.97   43.5    6.3      --
 57  04/04/2020  0800    26.7   18.5     3.2     0.000   0   70.82   49.4    6.2      --
 58  04/04/2020  0900    29.6   17.5     3.0     0.000   0   60.27   55.4    6.1      --
 59  04/04/2020  1000    33.5   17.5     2.7     0.000   0   51.49   61.5    6.2    7203
 60  04/04/2020  1100    37.7   17.5     2.8     0.000   0   43.56   57.2    6.3      --
 61  04/04/2020  1200    41.4   17.5     3.0     0.000   0   37.68   53.3    6.6      --
 62  04/04/2020  1300    44.5   17.5     3.1     0.000   0   33.42   49.6    6.8      --
 63  04/04/2020  1400    46.3   17.5     3.2     0.000   0   31.27   46.2    7.1      --
 64  04/04/2020  1500    47.5   17.5     3.3     0.000   0   29.86   43.1    7.4      --
 65  04/04/2020  1600    48.3   17.5     3.5     0.000   0   28.95   40.2    7.8    8945
 66  04/04/2020  1700    48.9   17.6     5.5     0.000   0   28.38   31.2   10.2      --
 67  04/04/2020  1800    47.8   17.8     7.6     0.000   0   29.86   25.8   12.9      --
 68  04/04/2020  1900    45.4   20.0     9.7     0.000   0   35.99   22.3   15.6      --
 69  04/04/2020  2000    44.1   19.7    11.8     0.000   0   37.38   19.8   18.3      --
 70  04/04/2020  2100    41.7   18.7    13.9     0.000   0   39.16   18.0   21.1      --
 71  04/04/2020  2200    39.4   19.1    16.0     0.000   0   43.64   16.5   23.9    8842
 72  04/04/2020  2300    38.2   19.5    15.6     0.000   0   46.60   16.8   22.7      --
 73  04/05/2020  0000    37.6   19.9    15.1     0.000   0   48.45   17.1   21.6      --
 74  04/05/2020  0100    37.1   20.2    14.7     0.000   0   50.15   17.4   20.4      --
 75  04/05/2020  0200    36.6   20.5    14.2     0.000   0   51.62   17.8   19.3      --
 76  04/05/2020  0300    36.2   20.6    13.8     0.000   0   52.78   18.2   18.1      --
 77  04/05/2020  0400    35.9   20.7    13.4     0.000   0   53.55   18.7   17.0  no_inv
 78  04/05/2020  0500    35.7   22.1    11.6     0.000   0   57.41   20.2   15.0      --
 79  04/05/2020  0600    35.5   22.7     9.7     0.000   0   59.24   22.2   13.0      --
 80  04/05/2020  0700    35.6   23.4     7.9     0.000   0   60.59   25.0   11.0      --
 81  04/05/2020  0800    36.3   22.2     6.1     0.000   0   56.22   28.9    9.1      --
 82  04/05/2020  0900    37.5   22.9     4.2     0.000   0   55.31   35.0    7.2      --
 83  04/05/2020  1000    39.2   26.8     2.4     0.000   0   60.62   45.1    5.4  no_inv
 84  04/05/2020  1100    41.8   26.8     2.2     0.000   0   54.76   43.1    4.9      --
 85  04/05/2020  1200    45.4   26.8     1.9     0.000   0   47.83   40.7    4.3      --
 86  04/05/2020  1300    48.5   26.8     1.7     0.000   0   42.49   37.5    3.7      --
 87  04/05/2020  1400    50.4   26.8     1.5     0.000   0   39.61   33.2    3.2      --
 88  04/05/2020  1500    51.8   26.8     1.2     0.000   0   37.68   27.2    2.7      --
 89  04/05/2020  1600    52.6   26.8     1.0     0.000   0   36.56   18.5    2.2  no_inv
 90  04/05/2020  1700    52.8   26.8     2.2     0.000   0   36.22   18.7    5.1      --
 91  04/05/2020  1800    51.6   26.8     3.5     0.000   0   38.04   18.8    7.9      --
 92  04/05/2020  1900    49.0   26.8     4.7     0.000   0   41.81   18.8   10.8      --
 93  04/05/2020  2000    47.5   27.4     5.9     0.000   0   45.37   18.8   13.6      --
 94  04/05/2020  2100    45.2   28.4     7.1     0.000   0   51.63   18.8   16.5      --
 95  04/05/2020  2200    42.8   29.2     8.4     0.000   0   58.37   18.8   19.3  no_inv
 96  04/05/2020  2300    41.4   29.1     7.7     0.000   0   61.29   17.6   19.3      --
 97  04/06/2020  0000    40.4   28.6     7.0     0.000   0   62.37   16.5   19.4      --
 98  04/06/2020  0100    39.5   28.1     6.4     0.000   0   63.25   15.3   19.4      --
 99  04/06/2020  0200    38.6   27.6     5.7     0.000   0   64.15   14.1   19.4      --
100  04/06/2020  0300    37.8   26.8     5.0     0.000   0   64.12   13.0   19.5      --
101  04/06/2020  0400    37.2   26.8     4.4     0.000   0   65.74   11.8   19.5  no_inv
102  04/06/2020  0500    36.6   26.8     3.7     0.000   0   67.16   11.6   16.2      --
103  04/06/2020  0600    36.3   26.8     3.0     0.000   0   68.06   11.1   12.9      --
104  04/06/2020  0700    36.7   26.8     2.3     0.000   0   67.04   10.4    9.5      --
105  04/06/2020  0800    37.9   27.0     1.7     0.000   0   64.48    8.8    6.2      --
106  04/06/2020  0900    40.0   26.6     1.0     0.000   0   58.48    3.7    2.8      --
107  04/06/2020  1000    43.0   26.3     0.3     0.000   0   51.40  234.4    0.7    8283
108  04/06/2020  1100    46.5   25.9     1.7     0.000   0   44.25  305.9    3.6      --
109  04/06/2020  1200    51.2   25.5     3.1     0.000   0   36.58  311.5    6.9      --
110  04/06/2020  1300    55.1   25.8     4.5     0.000   0   32.06  313.4   10.4      --
111  04/06/2020  1400    57.2   26.3     5.9     0.000   0   30.24  314.4   13.8      --
112  04/06/2020  1500    58.3   26.9     7.3     0.000   0   29.82  315.0   17.2      --
113  04/06/2020  1600    58.9   27.5     8.7     0.000   0   30.06  315.4   20.6  no_inv
114  04/06/2020  1700    59.0   27.5     9.4     0.000   0   29.92  314.8   21.7      --
115  04/06/2020  1800    55.6   26.8    10.1     0.000   0   32.74  314.2   22.9      --
116  04/06/2020  1900    48.8   26.7    10.8     0.000   0   42.08  313.7   24.1      --
117  04/06/2020  2000    45.0   26.2    11.6     0.000   0   47.43  313.3   25.2      --
118  04/06/2020  2100    42.6   24.4    12.3     0.000   0   48.11  312.9   26.4      --
119  04/06/2020  2200    40.3   24.2    13.0     0.000   0   52.35  312.5   27.6     879
120  04/06/2020  2300    38.6   25.5    11.2     0.000   0   58.99  311.4   23.6      --
121  04/07/2020  0000    38.3   26.0     9.4     0.000   0   60.75  309.8   19.6      --
122  04/07/2020  0100    37.9   25.9     7.7     0.000   0   61.59  307.3   15.6      --
123  04/07/2020  0200    37.5   26.2     5.9     0.000   0   63.34  303.3   11.7      --
124  04/07/2020  0300    36.9   26.3     4.2     0.000   0   65.11  295.2    7.9      --
125  04/07/2020  0400    36.4   26.5     2.4     0.000   0   66.87  273.7    4.5    1591
126  04/07/2020  0500    35.8   26.6     2.7     0.000   0   68.90  301.9    3.4      --
127  04/07/2020  0600    35.5   26.6     3.0     0.000   0   69.93  337.7    3.6      --
128  04/07/2020  0700    36.1   26.6     3.3     0.000   0   68.15    2.1    4.9      --
129  04/07/2020  0800    37.9   23.3     3.7     0.000   0   55.27   15.1    6.6      --
130  04/07/2020  0900    41.0   23.2     4.0     0.000   0   48.77   22.5    8.6      --
131  04/07/2020  1000    44.9   23.0     4.3     0.000   0   41.59   27.1   10.6    7554
132  04/07/2020  1100    49.2   22.8     3.9     0.000   0   35.09   22.9    8.6      --
133  04/07/2020  1200    53.4   22.6     3.5     0.000   0   29.80   15.9    6.6      --
134  04/07/2020  1300    56.7   22.5     3.1     0.000   0   26.34    3.5    4.8      --
135  04/07/2020  1400    58.3   22.4     2.7     0.000   0   24.69  339.0    3.4      --
136  04/07/2020  1500    59.1   22.3     2.3     0.000   0   23.93  300.6    3.2      --
137  04/07/2020  1600    59.5   22.3     1.9     0.000   0   23.59  270.8    4.2    8331
138  04/07/2020  1700    59.5   22.3     2.4     0.000   0   23.60  291.3    4.4      --
139  04/07/2020  1800    56.1   22.3     2.8     0.000   0   26.70  308.5    5.1      --
140  04/07/2020  1900    49.2   22.4     3.3     0.000   0   34.47  320.9    6.0      --
141  04/07/2020  2000    45.4   22.4     3.7     0.000   0   39.78  329.5    7.2      --
142  04/07/2020  2100    43.0   22.4     4.2     0.000   0   43.49  335.7    8.5      --
143  04/07/2020  2200    40.7   22.4     4.7     0.000   0   47.60  340.1    9.9    7809
144  04/07/2020  2300    38.0   22.4     4.7     0.000   0   53.02  348.6    9.6      --
145  04/08/2020  0000    36.7   22.4     4.8     0.000   0   55.62  357.3    9.5      --
146  04/08/2020  0100    35.5   22.4     4.8     0.000   0   58.42    6.0    9.7      --
147  04/08/2020  0200    34.3   22.4     4.8     0.000   0   61.30   14.2   10.0      --
148  04/08/2020  0300    33.2   22.4     4.9     0.000   0   64.14   21.7   10.6      --
149  04/08/2020  0400    32.1   22.4     4.9     0.000   0   66.84   28.4   11.3    1256
150  04/08/2020  0500    31.2   22.4     4.5     0.000   0   69.28   33.0    9.1      --
151  04/08/2020  0600    30.7   22.4     4.1     0.000   0   70.75   40.7    6.9      --
152  04/08/2020  0700    31.6   22.4     3.6     0.000   0   68.15   54.8    5.0      --
153  04/08/2020  0800    34.2   27.8     3.1     0.000   0   77.00   82.2    3.6      --
154  04/08/2020  0900    38.5   30.3     2.7     0.000   0   72.31  120.6    3.7      --
155  04/08/2020  1000    44.0   30.3     2.2     0.000   0   58.27  147.3    5.0    3556
156  04/08/2020  1100    50.2   30.3     2.9     0.000   0   46.16  176.4    5.4      --
157  04/08/2020  1200    56.3   30.3     3.5     0.000   0   36.92  197.1    6.9      --
158  04/08/2020  1300    61.2   30.3     4.2     0.000   0   31.00  209.4    9.0      --
159  04/08/2020  1400    63.9   30.3     4.8     0.000   0   28.17  217.0   11.3      --
160  04/08/2020  1500    65.4   30.3     5.4     0.000   0   26.79  221.9   13.8      --
161  04/08/2020  1600    66.2   30.3     6.1     0.000   0   26.02  225.3   16.3  no_inv
162  04/08/2020  1700    66.5   30.3     5.6     0.000   0   25.73  228.4   14.7      --
163  04/08/2020  1800    63.2   30.3     5.1     0.000   0   28.90  232.1   13.2      --
164  04/08/2020  1900    56.4   30.3     4.6     0.000   0   36.83  236.8   11.8      --
165  04/08/2020  2000    52.6   30.3     4.1     0.000   0   42.22  242.6   10.5      --
166  04/08/2020  2100    50.3   30.3     3.6     0.000   0   46.03  250.1    9.4      --
167  04/08/2020  2200    48.0   30.3     3.1     0.000   0   50.23  259.4    8.4    1083
