  Generated by FoxLW on Thursday April 2, 2020 at 02:32 PDT
-------------------------------------------------------------------------------
  Arlington
  48.2000:-122.2300  (48 12' 0.00"N  122 13' 48.00"W)  elev 29.5 feet    file: 330169
-------------------------------------------------------------------------------

Line#   Date     Hour   TempF  DewPtF WS(mph)  Rain(in) LW    RH%  WDir_50m WS_50m Inv(ft)
  5  04/02/2020  0400    36.6   28.2     2.1     0.000   0   71.29  103.4    9.3    1166
  6  04/02/2020  0500    35.4   28.4     2.0     0.000   0   75.34  107.3    7.7      --
  7  04/02/2020  0600    35.1   32.8     1.9     0.000   5   91.41  113.1    6.2      --
  8  04/02/2020  0700    35.3   32.8     1.8     0.000  10   90.77  122.5    4.8      --
  9  04/02/2020  0800    36.2   32.9     1.6     0.000  10   87.80  138.9    3.6      --
 10  04/02/2020  0900    37.3   33.4     1.5     0.020   5   85.46  166.7    2.9      --
 11  04/02/2020  1000    38.4   34.8     1.4     0.090  10   86.74  199.0    3.1  no_inv
 12  04/02/2020  1100    40.1   36.4     2.5     0.060  10   86.28  237.2    3.5      --
 13  04/02/2020  1200    43.0   37.2     3.5     0.020   5   79.60  259.9    5.0      --
 14  04/02/2020  1300    48.0   32.4     4.6     0.000   0   54.44  271.4    6.9      --
 15  04/02/2020  1400    49.5   33.2     5.6     0.000   0   53.11  277.8    8.9      --
 16  04/02/2020  1500    49.7   33.6     6.7     0.000   0   53.70  281.8   11.0      --
 17  04/02/2020  1600    49.1   33.9     7.7     0.000   0   55.61  284.5   13.1  no_inv
 18  04/02/2020  1700    47.0   33.9     6.6     0.000   0   60.17  282.4   11.6      --
 19  04/02/2020  1800    45.9   33.7     5.5     0.000   0   62.02  279.7   10.1      --
 20  04/02/2020  1900    43.7   33.4     4.4     0.000   0   66.67  276.0    8.6      --
 21  04/02/2020  2000    42.5   33.4     3.2     0.000   0   69.88  270.9    7.1      --
 22  04/02/2020  2100    40.2   33.4     2.1     0.000   0   76.50  263.1    5.8      --
 23  04/02/2020  2200    37.8   33.4     1.0     0.000   0   83.82  251.0    4.6  no_inv
 24  04/02/2020  2300    37.2   33.4     1.3     0.000   0   85.68  224.6    4.1      --
 25  04/03/2020  0000    37.8   34.5     1.5     0.000   5   87.54  198.5    4.6      --
 26  04/03/2020  0100    37.5   35.4     1.8     0.020  10   91.99  180.4    5.8      --
 27  04/03/2020  0200    36.2   34.6     2.0     0.000  10   93.65  169.3    7.4      --
 28  04/03/2020  0300    35.9   34.3     2.2     0.000  10   94.12  162.2    9.2      --
 29  04/03/2020  0400    36.4   35.2     2.5     0.050  10   95.57  157.5   11.0    1147
 30  04/03/2020  0500    36.1   33.1     3.1     0.000   5   88.83  170.1    9.5      --
 31  04/03/2020  0600    36.5   33.5     3.7     0.010   0   88.59  186.5    8.6      --
 32  04/03/2020  0700    36.8   33.3     4.3     0.010   0   87.06  204.7    8.5      --
 33  04/03/2020  0800    36.7   33.2     4.9     0.000   0   87.17  221.6    9.3      --
 34  04/03/2020  0900    36.9   33.1     5.5     0.000   0   85.93  235.0   10.7      --
 35  04/03/2020  1000    38.1   32.7     6.1     0.010   0   80.62  244.9   12.6    8694
 36  04/03/2020  1100    40.7   30.7     7.1     0.000   0   67.29  252.4   13.1      --
 37  04/03/2020  1200    42.0   31.7     8.2     0.000   0   66.64  259.4   13.8      --
 38  04/03/2020  1300    42.4   33.7     9.3     0.010   0   71.16  265.5   14.6      --
 39  04/03/2020  1400    44.4   32.2    10.4     0.000   0   62.02  271.0   15.7      --
 40  04/03/2020  1500    43.8   34.0    11.4     0.010   0   68.13  275.6   16.8      --
 41  04/03/2020  1600    43.7   34.6    12.5     0.010   0   70.04  279.7   18.1    8664
 42  04/03/2020  1700    46.1   31.3    10.7     0.000   0   56.02  279.9   15.9      --
 43  04/03/2020  1800    45.2   31.3     8.9     0.000   0   57.91  280.2   13.8      --
 44  04/03/2020  1900    43.5   31.5     7.1     0.000   0   62.37  280.5   11.7      --
 45  04/03/2020  2000    42.5   31.3     5.3     0.000   0   64.23  281.0    9.6      --
 46  04/03/2020  2100    40.2   31.2     3.5     0.000   0   70.09  281.8    7.4      --
 47  04/03/2020  2200    37.8   31.1     1.7     0.000   0   76.47  283.2    5.3    3549
 48  04/03/2020  2300    37.1   31.1     1.8     0.000   0   78.66  283.8    3.6      --
 49  04/04/2020  0000    36.7   31.1     1.9     0.000   0   80.04  285.5    1.9      --
 50  04/04/2020  0100    37.1   32.5     1.9     0.000   0   83.16  314.5    0.2      --
 51  04/04/2020  0200    36.7   33.6     2.0     0.010   5   88.59   97.4    1.5      --
 52  04/04/2020  0300    35.3   32.9     2.1     0.000  10   90.66   99.8    3.2      --
 53  04/04/2020  0400    35.8   33.2     2.2     0.020  10   90.17  100.5    4.9    2850
 54  04/04/2020  0500    34.8   31.6     2.2     0.000   5   87.77   91.1    4.1      --
 55  04/04/2020  0600    34.6   31.5     2.1     0.000   0   88.20   77.3    3.4      --
 56  04/04/2020  0700    35.0   31.4     2.0     0.000   0   86.65   58.2    3.0      --
 57  04/04/2020  0800    36.0   31.8     2.0     0.000   0   84.42   36.2    3.0      --
 58  04/04/2020  0900    37.3   30.5     1.9     0.000   0   76.01   16.8    3.3      --
 59  04/04/2020  1000    41.4   27.8     1.8     0.000   0   58.06    2.7    4.0    8498
 60  04/04/2020  1100    45.0   27.1     1.8     0.000   0   49.22  357.6    3.8      --
 61  04/04/2020  1200    49.2   26.5     1.7     0.000   0   41.02  352.0    3.6      --
 62  04/04/2020  1300    52.5   26.0     1.6     0.000   0   35.55  345.8    3.5      --
 63  04/04/2020  1400    54.2   25.6     1.6     0.000   0   32.86  339.1    3.4      --
 64  04/04/2020  1500    55.0   25.4     1.5     0.000   0   31.56  332.1    3.3      --
 65  04/04/2020  1600    55.4   25.3     1.5     0.000   0   31.04  325.0    3.3  no_inv
 66  04/04/2020  1700    55.4   25.3     1.8     0.000   0   31.06  346.4    1.7      --
 67  04/04/2020  1800    54.1   25.3     2.2     0.000   0   32.56   60.5    1.2      --
 68  04/04/2020  1900    51.5   25.7     2.5     0.000   0   36.39   99.5    2.6      --
 69  04/04/2020  2000    50.0   25.7     2.8     0.000   0   38.42  110.0    4.3      --
 70  04/04/2020  2100    47.7   25.7     3.1     0.000   0   41.93  114.4    6.1      --
 71  04/04/2020  2200    45.3   25.7     3.5     0.000   0   45.80  116.9    7.9     692
 72  04/04/2020  2300    43.5   25.7     3.5     0.000   0   49.17  108.4    7.6      --
 73  04/05/2020  0000    42.3   25.7     3.5     0.000   0   51.32   99.4    7.4      --
 74  04/05/2020  0100    41.3   25.7     3.5     0.000   0   53.39   90.1    7.4      --
 75  04/05/2020  0200    40.4   25.7     3.5     0.000   0   55.32   81.2    7.6      --
 76  04/05/2020  0300    39.6   25.7     3.6     0.000   0   57.05   72.9    8.0      --
 77  04/05/2020  0400    39.0   25.7     3.6     0.000   0   58.51   65.5    8.5     681
 78  04/05/2020  0500    38.5   25.7     3.5     0.000   0   59.67   60.9    6.2      --
 79  04/05/2020  0600    38.2   25.7     3.3     0.000   0   60.31   51.1    4.0      --
 80  04/05/2020  0700    38.6   25.7     3.2     0.000   0   59.27   20.9    2.1      --
 81  04/05/2020  0800    40.0   25.7     3.1     0.000   0   56.19  312.6    2.2      --
 82  04/05/2020  0900    42.3   31.1     3.0     0.000   0   64.19  283.4    4.0      --
 83  04/05/2020  1000    45.2   36.4     2.8     0.000   0   70.97  273.8    6.3  no_inv
 84  04/05/2020  1100    48.8   32.2     4.7     0.000   0   52.57  294.3    7.5      --
 85  04/05/2020  1200    51.9   33.5     6.5     0.000   0   49.33  307.9    9.3      --
 86  04/05/2020  1300    53.7   35.1     8.3     0.000   0   49.14  316.6   11.5      --
 87  04/05/2020  1400    54.3   35.9    10.2     0.000   0   49.65  322.5   13.9      --
 88  04/05/2020  1500    54.3   36.2    12.0     0.000   0   50.23  326.6   16.4      --
 89  04/05/2020  1600    53.6   36.3    13.9     0.000   0   51.76  329.6   19.0  no_inv
 90  04/05/2020  1700    51.6   36.2    12.8     0.000   0   55.52  328.3   18.8      --
 91  04/05/2020  1800    49.6   36.0    11.8     0.000   0   59.28  326.9   18.6      --
 92  04/05/2020  1900    45.6   36.5    10.7     0.000   0   70.30  325.6   18.4      --
 93  04/05/2020  2000    43.3   36.2     9.7     0.000   0   75.69  324.2   18.2      --
 94  04/05/2020  2100    41.0   35.1     8.6     0.000   0   79.34  322.7   18.0      --
 95  04/05/2020  2200    38.7   34.2     7.6     0.000   0   83.84  321.3   17.9     803
 96  04/05/2020  2300    37.7   33.9     6.9     0.000   0   85.95  322.8   16.2      --
 97  04/06/2020  0000    37.1   34.1     6.2     0.000   0   88.83  324.6   14.5      --
 98  04/06/2020  0100    36.4   34.4     5.5     0.000   5   92.32  326.9   12.8      --
 99  04/06/2020  0200    35.7   34.8     4.8     0.000  10   96.49  329.8   11.1      --
100  04/06/2020  0300    35.0   34.2     4.1     0.000  10   96.47  333.9    9.5      --
101  04/06/2020  0400    34.4   33.5     3.4     0.000  10   96.46  339.5    8.0     213
102  04/06/2020  0500    33.8   32.9     3.4     0.000  10   96.45  333.1    7.8      --
103  04/06/2020  0600    33.4   32.5     3.4     0.000  10   96.45  326.5    7.7      --
104  04/06/2020  0700    34.0   33.1     3.4     0.000  10   96.46  319.8    7.7      --
105  04/06/2020  0800    35.7   34.8     3.4     0.000  10   96.49  313.1    7.8      --
106  04/06/2020  0900    38.6   30.5     3.4     0.000   5   72.39  306.8    8.0      --
107  04/06/2020  1000    42.4   30.5     3.4     0.000   0   62.54  300.8    8.3    6926
108  04/06/2020  1100    46.5   30.5     3.4     0.000   0   53.36  298.2    8.2      --
109  04/06/2020  1200    50.7   30.5     3.5     0.000   0   45.57  295.6    8.2      --
110  04/06/2020  1300    54.0   30.5     3.6     0.000   0   40.44  293.0    8.3      --
111  04/06/2020  1400    55.7   30.5     3.7     0.000   0   38.03  290.4    8.3      --
112  04/06/2020  1500    56.5   30.5     3.7     0.000   0   36.93  287.8    8.4      --
113  04/06/2020  1600    56.9   30.5     3.8     0.000   0   36.43  285.2    8.4    7905
114  04/06/2020  1700    56.9   30.7     3.8     0.000   0   36.66  284.3    9.3      --
115  04/06/2020  1800    54.1   31.1     3.8     0.000   0   41.35  283.6   10.1      --
116  04/06/2020  1900    48.4   30.6     3.8     0.000   0   50.00  282.9   10.9      --
117  04/06/2020  2000    45.2   30.6     3.8     0.000   0   56.30  282.4   11.8      --
118  04/06/2020  2100    42.9   30.6     3.8     0.000   0   61.56  281.9   12.6      --
119  04/06/2020  2200    40.5   30.6     3.7     0.000   0   67.38  281.5   13.4    1705
120  04/06/2020  2300    39.2   30.6     3.4     0.000   0   71.13  276.0   11.1      --
121  04/07/2020  0000    39.2   30.6     3.0     0.000   0   71.13  267.8    9.0      --
122  04/07/2020  0100    39.5   30.6     2.7     0.000   0   70.22  255.0    7.1      --
123  04/07/2020  0200    39.7   30.6     2.3     0.000   0   69.78  235.1    5.9      --
124  04/07/2020  0300    39.7   32.5     1.9     0.000   0   75.14  209.3    5.6      --
125  04/07/2020  0400    40.5   34.7     1.5     0.010   0   79.58  185.8    6.4    3992
126  04/07/2020  0500    38.8   32.5     1.6     0.000   0   77.97  184.6    6.1      --
127  04/07/2020  0600    38.6   32.4     1.7     0.000   0   78.10  183.3    5.7      --
128  04/07/2020  0700    38.6   32.0     1.8     0.000   0   76.99  181.8    5.4      --
129  04/07/2020  0800    39.1   32.1     1.9     0.000   0   75.70  180.1    5.1      --
130  04/07/2020  0900    40.2   33.8     1.9     0.000   0   77.61  178.2    4.8      --
131  04/07/2020  1000    41.2   34.4     2.0     0.010   0   76.60  176.1    4.4    4074
132  04/07/2020  1100    44.5   32.7     2.7     0.000   0   63.00  196.5    2.3      --
133  04/07/2020  1200    49.3   32.6     3.5     0.000   0   52.39  272.4    1.6      --
134  04/07/2020  1300    54.0   32.6     4.2     0.000   0   44.01  312.3    3.4      --
135  04/07/2020  1400    56.6   32.6     4.9     0.000   0   40.00  322.6    5.8      --
136  04/07/2020  1500    58.1   32.6     5.7     0.000   0   37.91  326.9    8.1      --
137  04/07/2020  1600    58.9   32.6     6.4     0.000   0   36.88  329.2   10.6    7277
138  04/07/2020  1700    59.0   32.5     5.6     0.000   0   36.65  327.9    9.8      --
139  04/07/2020  1800    56.1   32.3     4.8     0.000   0   40.33  326.3    9.1      --
140  04/07/2020  1900    50.2   32.5     3.9     0.000   0   50.58  324.5    8.4      --
141  04/07/2020  2000    46.9   32.5     3.1     0.000   0   57.13  322.3    7.7      --
142  04/07/2020  2100    44.6   32.5     2.2     0.000   0   62.43  319.7    7.0      --
143  04/07/2020  2200    42.2   32.5     1.4     0.000   0   68.28  316.5    6.3    1257
144  04/07/2020  2300    40.7   32.5     1.3     0.000   0   72.53  318.4    4.8      --
145  04/08/2020  0000    40.1   32.5     1.2     0.000   0   74.05  321.8    3.3      --
146  04/08/2020  0100    39.5   32.5     1.0     0.000   0   75.84  330.7    1.9      --
147  04/08/2020  0200    38.9   32.5     0.9     0.000   0   77.79   19.4    0.7      --
148  04/08/2020  0300    38.2   32.5     0.8     0.000   0   79.82  103.7    1.4      --
149  04/08/2020  0400    37.6   32.5     0.6     0.000   0   81.85  117.7    2.8    1252
150  04/08/2020  0500    37.0   32.5     0.9     0.000   0   83.82  115.7    1.5      --
151  04/08/2020  0600    36.6   32.5     1.2     0.000   0   85.02   66.1    0.1      --
152  04/08/2020  0700    37.4   32.5     1.5     0.000   0   82.45  304.3    1.3      --
153  04/08/2020  0800    39.5   32.5     1.9     0.000   0   75.97  302.0    2.7      --
154  04/08/2020  0900    42.9   35.5     2.2     0.000   0   75.14  301.2    4.1      --
155  04/08/2020  1000    47.2   35.5     2.5     0.000   0   63.78  300.9    5.4    3400
156  04/08/2020  1100    51.7   35.5     2.7     0.000   0   53.83  296.5    5.8      --
157  04/08/2020  1200    55.8   35.5     2.9     0.000   0   46.34  292.7    6.3      --
158  04/08/2020  1300    58.8   35.5     3.1     0.000   0   41.60  289.4    6.7      --
159  04/08/2020  1400    60.3   35.5     3.3     0.000   0   39.51  286.5    7.2      --
160  04/08/2020  1500    61.0   35.5     3.5     0.000   0   38.55  284.0    7.7      --
161  04/08/2020  1600    61.3   35.5     3.7     0.000   0   38.17  281.8    8.1    4882
162  04/08/2020  1700    61.2   35.5     3.5     0.000   0   38.29  273.3    5.7      --
163  04/08/2020  1800    57.0   35.5     3.3     0.000   0   44.34  252.9    3.5      --
164  04/08/2020  1900    48.7   35.5     3.2     0.000   0   60.34  202.6    2.5      --
165  04/08/2020  2000    44.0   35.5     3.0     0.000   0   71.87  159.9    3.9      --
166  04/08/2020  2100    41.7   35.5     2.8     0.000   0   78.62  143.8    6.2      --
167  04/08/2020  2200    39.3   35.5     2.7     0.000   0   86.10  136.7    8.8    1145
