  Generated by FoxLW on Thursday April 2, 2020 at 02:32 PDT
-------------------------------------------------------------------------------
  Sakuma
  48.5000:-122.3800  (48 30' 0.00"N  122 22' 48.00"W)  elev 23.0 feet    file: 330159
-------------------------------------------------------------------------------

Line#   Date     Hour   TempF  DewPtF WS(mph)  Rain(in) LW    RH%  WDir_50m WS_50m Inv(ft)
  5  04/02/2020  0400    37.0   22.6     1.9     0.000   0   55.76  113.1    8.2  no_inv
  6  04/02/2020  0500    36.7   22.8     2.2     0.000   0   56.64  124.1    7.2      --
  7  04/02/2020  0600    36.5   27.2     2.5     0.000   0   68.60  137.9    6.5      --
  8  04/02/2020  0700    36.5   27.2     2.8     0.000   0   68.59  153.7    6.3      --
  9  04/02/2020  0800    36.6   27.2     3.1     0.000   0   68.29  169.5    6.6      --
 10  04/02/2020  0900    36.3   28.4     3.5     0.000   0   72.56  183.1    7.3      --
 11  04/02/2020  1000    36.1   29.7     3.8     0.020   0   77.29  193.8    8.3  no_inv
 12  04/02/2020  1100    38.3   27.2     4.8     0.000   0   63.97  207.7    8.0      --
 13  04/02/2020  1200    39.9   28.7     5.9     0.000   0   64.07  221.9    8.2      --
 14  04/02/2020  1300    41.1   31.1     6.9     0.010   0   67.39  234.8    8.8      --
 15  04/02/2020  1400    45.1   27.5     8.0     0.000   0   49.81  245.4    9.9      --
 16  04/02/2020  1500    44.9   30.2     9.1     0.000   0   56.06  253.8   11.2      --
 17  04/02/2020  1600    44.2   32.9    10.1     0.010   0   64.31  260.4   12.6  no_inv
 18  04/02/2020  1700    47.1   28.3     8.8     0.000   0   47.69  260.7   12.2      --
 19  04/02/2020  1800    46.9   28.1     7.5     0.000   0   47.76  261.0   11.9      --
 20  04/02/2020  1900    46.4   28.4     6.2     0.000   0   49.14  261.4   11.5      --
 21  04/02/2020  2000    46.2   28.4     4.9     0.000   0   49.64  261.8   11.1      --
 22  04/02/2020  2100    43.8   27.8     3.6     0.000   0   53.01  262.2   10.7      --
 23  04/02/2020  2200    41.5   27.8     2.3     0.000   0   58.00  262.6   10.3  no_inv
 24  04/02/2020  2300    40.7   27.8     2.5     0.000   0   59.78  248.6    9.3      --
 25  04/03/2020  0000    41.0   30.9     2.6     0.000   0   66.89  232.6    9.0      --
 26  04/03/2020  0100    40.5   33.7     2.7     0.010   0   76.45  216.7    9.4      --
 27  04/03/2020  0200    39.1   32.8     2.8     0.000   0   78.18  203.0   10.4      --
 28  04/03/2020  0300    38.6   32.5     3.0     0.000   0   78.54  192.3   11.9      --
 29  04/03/2020  0400    39.1   33.9     3.1     0.020   0   81.41  184.1   13.7    8610
 30  04/03/2020  0500    37.0   30.9     4.0     0.000   0   78.44  195.0   13.4      --
 31  04/03/2020  0600    37.4   31.6     4.8     0.030   0   79.55  206.1   13.4      --
 32  04/03/2020  0700    37.5   31.9     5.7     0.020   0   80.03  216.6   14.0      --
 33  04/03/2020  0800    37.5   32.7     6.5     0.000   0   82.64  226.0   15.1      --
 34  04/03/2020  0900    38.0   33.3     7.3     0.000   0   82.84  234.0   16.4      --
 35  04/03/2020  1000    37.9   34.3     8.2     0.080  10   86.71  240.7   18.0    8741
 36  04/03/2020  1100    39.2   33.4     8.6     0.000   5   79.70  245.5   17.0      --
 37  04/03/2020  1200    42.8   30.2     9.1     0.000   0   60.92  251.0   16.1      --
 38  04/03/2020  1300    44.9   30.1     9.6     0.000   0   55.85  257.0   15.4      --
 39  04/03/2020  1400    46.1   30.2    10.0     0.000   0   53.43  263.5   14.9      --
 40  04/03/2020  1500    47.0   30.4    10.4     0.000   0   52.14  270.4   14.5      --
 41  04/03/2020  1600    47.5   30.6    10.9     0.000   0   51.69  277.5   14.4    8713
 42  04/03/2020  1700    47.4   30.9     9.2     0.000   0   52.41  275.5   12.3      --
 43  04/03/2020  1800    47.3   30.5     7.5     0.000   0   51.81  272.7   10.1      --
 44  04/03/2020  1900    47.0   30.6     5.8     0.000   0   52.73  268.4    8.1      --
 45  04/03/2020  2000    46.8   30.5     4.1     0.000   0   52.69  261.1    6.1      --
 46  04/03/2020  2100    44.5   32.5     2.4     0.000   0   62.57  247.3    4.2      --
 47  04/03/2020  2200    42.1   37.4     0.7     0.030   5   83.22  218.1    3.0    8747
 48  04/03/2020  2300    39.9   35.9     1.3     0.000  10   85.55  186.9    3.0      --
 49  04/04/2020  0000    38.8   35.1     1.9     0.000  10   86.66  163.0    3.8      --
 50  04/04/2020  0100    38.6   35.0     2.5     0.000   5   86.66  148.8    5.0      --
 51  04/04/2020  0200    36.7   33.8     3.0     0.000   0   88.87  140.4    6.4      --
 52  04/04/2020  0300    35.9   33.2     3.6     0.000   0   89.87  135.1    7.8      --
 53  04/04/2020  0400    35.2   32.7     4.2     0.000   0   90.75  131.4    9.3    6917
 54  04/04/2020  0500    34.8   31.2     3.6     0.000   0   86.75  129.9    7.7      --
 55  04/04/2020  0600    34.5   31.1     3.0     0.000   0   87.21  127.6    6.2      --
 56  04/04/2020  0700    34.8   31.0     2.4     0.000   0   85.77  123.6    4.6      --
 57  04/04/2020  0800    35.6   31.3     1.8     0.000   0   84.15  115.5    3.0      --
 58  04/04/2020  0900    36.9   31.4     1.2     0.000   0   80.21   93.3    1.7      --
 59  04/04/2020  1000    40.1   29.6     0.6     0.000   0   65.86   29.1    1.3    7748
 60  04/04/2020  1100    43.4   29.5     1.0     0.000   0   57.84    1.8    1.9      --
 61  04/04/2020  1200    47.7   29.4     1.4     0.000   0   48.84  349.7    2.8      --
 62  04/04/2020  1300    51.2   29.3     1.8     0.000   0   42.63  343.4    3.7      --
 63  04/04/2020  1400    53.0   29.2     2.2     0.000   0   39.73  339.7    4.7      --
 64  04/04/2020  1500    54.0   29.1     2.6     0.000   0   38.32  337.2    5.7      --
 65  04/04/2020  1600    54.4   29.1     3.0     0.000   0   37.72  335.4    6.6  no_inv
 66  04/04/2020  1700    54.4   29.1     3.2     0.000   0   37.73  351.8    5.6      --
 67  04/04/2020  1800    53.5   29.1     3.4     0.000   0   38.95   12.9    5.2      --
 68  04/04/2020  1900    51.7   29.2     3.7     0.000   0   41.71   34.1    5.6      --
 69  04/04/2020  2000    50.7   29.2     3.9     0.000   0   43.26   50.9    6.5      --
 70  04/04/2020  2100    48.4   29.2     4.1     0.000   0   47.20   62.6    7.9      --
 71  04/04/2020  2200    46.0   29.2     4.3     0.000   0   51.54   70.6    9.5     754
 72  04/04/2020  2300    43.0   29.2     4.2     0.000   0   57.91   65.1    8.8      --
 73  04/05/2020  0000    40.6   29.2     4.0     0.000   0   63.45   58.6    8.2      --
 74  04/05/2020  0100    38.5   29.2     3.8     0.000   0   68.97   51.3    7.7      --
 75  04/05/2020  0200    36.6   29.2     3.6     0.000   0   74.24   43.0    7.3      --
 76  04/05/2020  0300    35.0   29.2     3.4     0.000   0   79.02   34.1    7.1      --
 77  04/05/2020  0400    33.8   29.2     3.2     0.000   0   83.09   24.9    7.1     750
 78  04/05/2020  0500    32.9   29.2     3.2     0.000   0   86.22   16.5    6.8      --
 79  04/05/2020  0600    32.4   29.2     3.3     0.000   0   87.77    7.3    6.6      --
 80  04/05/2020  0700    33.4   29.2     3.3     0.000   0   84.35  357.9    6.6      --
 81  04/05/2020  0800    36.2   29.2     3.3     0.000   0   75.45  348.7    6.7      --
 82  04/05/2020  0900    40.6   34.6     3.4     0.000   0   79.08  340.1    7.1      --
 83  04/05/2020  1000    45.5   36.2     3.4     0.000   0   69.60  332.5    7.5  no_inv
 84  04/05/2020  1100    49.6   31.3     4.6     0.000   0   49.12  334.4    8.8      --
 85  04/05/2020  1200    52.2   32.9     5.8     0.000   0   47.54  335.8   10.1      --
 86  04/05/2020  1300    53.6   34.9     7.0     0.000   0   49.00  337.0   11.3      --
 87  04/05/2020  1400    54.0   36.0     8.2     0.000   0   50.55  337.8   12.6      --
 88  04/05/2020  1500    52.3   38.1     9.4     0.000   0   58.29  338.5   13.9      --
 89  04/05/2020  1600    50.3   39.6    10.6     0.010   0   66.75  339.1   15.2  no_inv
 90  04/05/2020  1700    51.2   36.8    10.2     0.000   0   57.60  343.1   14.7      --
 91  04/05/2020  1800    48.0   36.5     9.7     0.000   0   64.20  347.3   14.2      --
 92  04/05/2020  1900    41.4   36.7     9.3     0.000   0   83.41  351.8   13.8      --
 93  04/05/2020  2000    37.8   35.9     8.8     0.000   0   93.09  356.5   13.6      --
 94  04/05/2020  2100    35.4   34.5     8.4     0.000   0   96.24    1.3   13.4      --
 95  04/05/2020  2200    33.1   33.1     7.9     0.000   5  100.00    6.2   13.3     859
 96  04/05/2020  2300    32.0   31.7     7.4     0.000  10   98.93  358.2   10.8      --
 97  04/06/2020  0000    27.4   26.5     0.4     0.000  10   96.35  345.9    8.7      --
 98  04/06/2020  0100    26.9   26.0     0.4     0.000  10   96.34  327.2    7.2      --
 99  04/06/2020  0200    26.9   26.0     0.4     0.000  10   96.34  303.0    6.8      --
100  04/06/2020  0300    26.9   26.0     0.4     0.000  10   96.34  280.0    7.6      --
101  04/06/2020  0400    26.9   26.0     0.4     0.000  10   96.34  263.5    9.3     940
102  04/06/2020  0500    26.9   26.0     0.4     0.000  10   96.34  270.2    9.4      --
103  04/06/2020  0600    26.9   26.1     1.0     0.000  10   96.76  276.7    9.6      --
104  04/06/2020  0700    27.5   27.3     2.9     0.000  10   99.22  282.8    9.9      --
105  04/06/2020  0800    30.5   30.4     5.0     0.000  10   99.83  288.6   10.2      --
106  04/06/2020  0900    36.9   32.0     6.9     0.000   5   82.41  293.9   10.8      --
107  04/06/2020  1000    42.9   33.8     7.4     0.000   0   70.13  298.6   11.3    6438
108  04/06/2020  1100    47.5   35.1     6.6     0.000   0   62.00  298.1   10.5      --
109  04/06/2020  1200    49.8   35.5     5.9     0.000   0   57.77  297.4    9.6      --
110  04/06/2020  1300    51.6   35.5     5.1     0.000   0   54.09  296.6    8.8      --
111  04/06/2020  1400    52.5   35.5     4.3     0.000   0   52.35  295.7    7.9      --
112  04/06/2020  1500    53.1   35.6     3.6     0.000   0   51.21  294.5    7.1      --
113  04/06/2020  1600    53.5   35.6     2.8     0.000   0   50.57  293.0    6.3    7950
114  04/06/2020  1700    53.6   35.6     2.4     0.000   0   50.42  290.2    5.3      --
115  04/06/2020  1800    52.0   35.6     2.0     0.000   0   53.53  286.0    4.4      --
116  04/06/2020  1900    48.7   35.6     1.6     0.000   0   60.42  279.7    3.5      --
117  04/06/2020  2000    46.8   35.6     1.2     0.000   0   64.70  269.1    2.6      --
118  04/06/2020  2100    44.5   35.6     0.8     0.000   0   70.70  250.3    2.0      --
119  04/06/2020  2200    42.1   35.6     0.4     0.000   0   77.33  219.6    1.7    1117
120  04/06/2020  2300    40.0   35.6     0.7     0.000   5   84.00  188.5    2.8      --
121  04/07/2020  0000    38.3   35.6     0.9     0.000  10   89.68  177.1    4.3      --
122  04/07/2020  0100    37.2   35.6     0.9     0.000  10   93.78  171.7    5.9      --
123  04/07/2020  0200    36.0   35.1     0.7     0.000  10   96.49  168.5    7.5      --
124  04/07/2020  0300    35.0   34.1     0.4     0.000  10   96.47  166.5    9.2      --
125  04/07/2020  0400    34.2   33.3     0.4     0.000  10   96.46  165.1   10.8    1277
126  04/07/2020  0500    33.5   32.6     0.4     0.000  10   96.45  168.1   10.0      --
127  04/07/2020  0600    33.2   32.5     0.9     0.000  10   97.00  171.7    9.1      --
128  04/07/2020  0700    33.8   33.5     1.6     0.000  10   98.84  176.0    8.4      --
129  04/07/2020  0800    35.5   35.5     2.3     0.000  10  100.00  181.2    7.6      --
130  04/07/2020  0900    38.3   37.5     2.8     0.000  10   97.04  187.4    7.0      --
131  04/07/2020  1000    41.9   39.1     2.9     0.000  10   89.77  194.7    6.4    6452
132  04/07/2020  1100    45.9   40.2     4.0     0.000   5   80.35  215.7    4.4      --
133  04/07/2020  1200    50.0   40.6     5.1     0.000   0   69.98  255.0    3.6      --
134  04/07/2020  1300    53.0   39.3     6.2     0.000   0   59.47  290.7    4.8      --
135  04/07/2020  1400    54.4   37.7     7.4     0.000   0   53.10  308.6    6.9      --
136  04/07/2020  1500    55.1   36.2     8.5     0.000   0   48.78  317.6    9.4      --
137  04/07/2020  1600    55.4   35.4     9.6     0.000   0   46.74  322.7   12.1    7325
138  04/07/2020  1700    55.2   35.4     8.1     0.000   0   47.05  326.0   10.0      --
139  04/07/2020  1800    50.8   35.3     6.7     0.000   0   55.18  331.0    8.0      --
140  04/07/2020  1900    41.9   37.0     5.2     0.000   0   82.48  339.1    6.1      --
141  04/07/2020  2000    37.0   37.0     0.8     0.000   5  100.00  353.9    4.5      --
142  04/07/2020  2100    34.7   33.7     0.4     0.000  10   96.06   21.2    3.4      --
143  04/07/2020  2200    32.3   31.4     0.4     0.000  10   96.43   57.4    3.5    5737
144  04/07/2020  2300    31.7   30.8     0.4     0.000  10   96.42   64.3    2.6      --
145  04/08/2020  0000    31.5   30.6     0.4     0.000  10   96.42   77.5    1.9      --
146  04/08/2020  0100    31.3   30.4     0.4     0.000  10   96.41  105.2    1.3      --
147  04/08/2020  0200    31.3   30.4     0.4     0.000  10   96.41  148.1    1.3      --
148  04/08/2020  0300    31.3   30.4     0.4     0.000  10   96.41  176.8    1.8      --
149  04/08/2020  0400    31.3   30.4     0.4     0.000  10   96.41  190.3    2.6    1307
150  04/08/2020  0500    31.3   30.4     0.4     0.000  10   96.41  225.4    2.2      --
151  04/08/2020  0600    31.3   30.4     0.5     0.000  10   96.60  259.4    2.7      --
152  04/08/2020  0700    31.8   31.4     1.1     0.000  10   98.25  278.3    3.7      --
153  04/08/2020  0800    34.6   34.6     2.0     0.000  10   99.92  288.2    5.0      --
154  04/08/2020  0900    40.8   35.0     3.0     0.000   5   79.51  294.0    6.4      --
155  04/08/2020  1000    46.7   36.4     3.5     0.000   0   66.97  297.7    7.8    4207
156  04/08/2020  1100    52.1   37.3     3.6     0.000   0   56.89  299.3    7.9      --
157  04/08/2020  1200    55.7   37.7     3.6     0.000   0   50.68  300.9    7.9      --
158  04/08/2020  1300    58.1   37.7     3.6     0.000   0   46.47  302.5    8.0      --
159  04/08/2020  1400    59.1   37.5     3.7     0.000   0   44.44  304.1    8.1      --
160  04/08/2020  1500    59.6   37.1     3.7     0.000   0   42.98  305.6    8.1      --
161  04/08/2020  1600    59.7   36.6     3.7     0.000   0   41.98  307.2    8.2    5722
162  04/08/2020  1700    59.4   36.2     3.5     0.000   0   41.75  293.6    6.2      --
163  04/08/2020  1800    54.2   36.0     3.2     0.000   0   50.18  270.6    4.9      --
164  04/08/2020  1900    43.4   37.0     3.0     0.000   0   77.80  239.8    4.8      --
165  04/08/2020  2000    37.5   37.5     0.6     0.000   5  100.00  214.3    5.9      --
166  04/08/2020  2100    35.2   34.6     0.4     0.000  10   97.74  198.9    7.7      --
167  04/08/2020  2200    32.8   31.9     0.4     0.000  10   96.44  189.9    9.9    1191
