  Generated by FoxLW on Thursday April 2, 2020 at 02:32 PDT
-------------------------------------------------------------------------------
  Snohomish
  47.9000:-122.1100  (47 53' 60.00"N  122 6' 36.00"W)  elev 16.4 feet    file: 330162
-------------------------------------------------------------------------------

Line#   Date     Hour   TempF  DewPtF WS(mph)  Rain(in) LW    RH%  WDir_50m WS_50m Inv(ft)
  5  04/02/2020  0400    34.4   30.4     1.5     0.000   0   85.00  138.6    6.9    1231
  6  04/02/2020  0500    34.1   30.5     1.8     0.000   0   86.53  146.9    6.4      --
  7  04/02/2020  0600    33.8   33.8     2.0     0.000   5  100.00  156.4    6.1      --
  8  04/02/2020  0700    34.1   34.1     2.2     0.000  10  100.00  166.6    5.9      --
  9  04/02/2020  0800    35.2   35.2     2.5     0.000  10  100.00  177.0    6.0      --
 10  04/02/2020  0900    37.1   35.6     2.7     0.000  10   94.31  186.9    6.2      --
 11  04/02/2020  1000    39.5   35.6     2.9     0.000   5   85.80  195.8    6.7  no_inv
 12  04/02/2020  1100    41.7   36.0     3.1     0.000   0   80.30  209.8    4.8      --
 13  04/02/2020  1200    42.9   36.9     3.2     0.010   0   79.12  236.8    3.5      --
 14  04/02/2020  1300    45.1   35.6     3.4     0.000   0   69.31  274.7    3.5      --
 15  04/02/2020  1400    45.8   35.6     3.5     0.000   0   67.42  301.5    4.8      --
 16  04/02/2020  1500    45.6   36.6     3.7     0.000   0   70.59  315.3    6.7      --
 17  04/02/2020  1600    45.0   37.5     3.8     0.010   0   74.83  322.9    8.8  no_inv
 18  04/02/2020  1700    45.1   37.0     3.3     0.000   0   72.88  318.7    6.7      --
 19  04/02/2020  1800    44.5   36.5     2.9     0.000   0   73.22  310.7    4.7      --
 20  04/02/2020  1900    43.5   36.2     2.4     0.000   0   75.42  291.9    2.9      --
 21  04/02/2020  2000    42.5   36.2     2.0     0.000   0   78.16  243.9    2.0      --
 22  04/02/2020  2100    41.4   36.0     1.5     0.000   0   80.95  198.4    3.0      --
 23  04/02/2020  2200    41.2   37.7     1.1     0.010   5   87.36  181.0    4.8  no_inv
 24  04/02/2020  2300    38.6   36.5     1.3     0.000  10   92.16  175.7    5.8      --
 25  04/03/2020  0000    37.2   35.9     1.6     0.000  10   94.98  171.9    6.9      --
 26  04/03/2020  0100    35.9   35.0     1.8     0.000  10   96.49  169.2    7.9      --
 27  04/03/2020  0200    35.7   34.4     2.0     0.020  10   95.02  167.1    9.0      --
 28  04/03/2020  0300    34.7   33.4     2.3     0.010  10   94.96  165.4   10.1      --
 29  04/03/2020  0400    33.9   32.7     2.5     0.030  10   95.37  164.1   11.2    6685
 30  04/03/2020  0500    33.3   30.9     2.9     0.000   5   90.72  170.6   10.7      --
 31  04/03/2020  0600    32.9   30.5     3.2     0.000   0   90.77  177.7   10.4      --
 32  04/03/2020  0700    33.5   30.8     3.6     0.000   0   89.71  185.1   10.2      --
 33  04/03/2020  0800    34.6   31.9     4.0     0.000   0   89.87  192.6   10.3      --
 34  04/03/2020  0900    35.7   31.7     4.3     0.000   0   85.38  199.9   10.5      --
 35  04/03/2020  1000    38.2   31.8     4.7     0.000   0   77.36  206.8   10.8    8762
 36  04/03/2020  1100    41.7   32.6     4.9     0.000   0   69.84  221.4    8.4      --
 37  04/03/2020  1200    44.0   34.9     5.0     0.000   0   70.08  244.5    6.9      --
 38  04/03/2020  1300    44.8   38.3     5.2     0.030   0   77.85  272.9    7.0      --
 39  04/03/2020  1400    47.6   35.9     5.4     0.000   0   63.73  295.7    8.5      --
 40  04/03/2020  1500    46.1   38.4     5.6     0.000   0   74.33  310.1   10.9      --
 41  04/03/2020  1600    44.4   40.3     5.7     0.060  10   85.29  318.9   13.8   10505
 42  04/03/2020  1700    43.4   39.3     5.1     0.000   5   85.41  312.9   11.1      --
 43  04/03/2020  1800    42.4   38.3     4.4     0.010   0   85.46  303.5    8.7      --
 44  04/03/2020  1900    41.7   37.7     3.8     0.010   0   85.54  287.5    6.7      --
 45  04/03/2020  2000    41.2   37.7     3.1     0.000   0   87.28  261.8    5.5      --
 46  04/03/2020  2100    40.6   37.2     2.5     0.000   5   87.67  231.8    5.8      --
 47  04/03/2020  2200    40.7   39.2     1.8     0.010  10   94.44  209.8    7.3    6197
 48  04/03/2020  2300    38.8   37.6     1.7     0.000  10   95.41  207.0    5.9      --
 49  04/04/2020  0000    38.0   37.0     1.5     0.000  10   95.82  202.5    4.6      --
 50  04/04/2020  0100    38.2   37.1     1.4     0.010  10   95.70  194.2    3.3      --
 51  04/04/2020  0200    36.7   35.8     1.2     0.000  10   96.50  176.0    2.1      --
 52  04/04/2020  0300    36.1   35.2     1.0     0.000  10   96.55  133.6    1.5      --
 53  04/04/2020  0400    36.5   35.5     0.8     0.010  10   96.09   89.4    2.0     991
 54  04/04/2020  0500    36.5   33.7     1.0     0.000  10   89.67   74.4    2.0      --
 55  04/04/2020  0600    36.4   33.8     1.1     0.000  10   90.04   59.7    2.1      --
 56  04/04/2020  0700    37.2   34.3     1.2     0.000  10   89.06   46.9    2.3      --
 57  04/04/2020  0800    38.5   35.6     1.3     0.000  10   89.23   36.6    2.6      --
 58  04/04/2020  0900    40.3   37.3     1.4     0.000  10   88.92   28.7    3.0      --
 59  04/04/2020  1000    41.9   39.7     1.5     0.000  10   91.81   22.6    3.4    7497
 60  04/04/2020  1100    45.5   40.6     1.8     0.000   5   83.07   10.0    3.7      --
 61  04/04/2020  1200    49.5   41.0     2.0     0.000   0   72.23    0.1    4.2      --
 62  04/04/2020  1300    52.6   41.0     2.3     0.000   0   64.43  352.5    4.9      --
 63  04/04/2020  1400    54.1   39.9     2.5     0.000   0   58.62  346.7    5.5      --
 64  04/04/2020  1500    54.8   37.2     2.8     0.000   0   51.29  342.2    6.3      --
 65  04/04/2020  1600    55.0   33.8     3.0     0.000   0   44.44  338.6    7.0  no_inv
 66  04/04/2020  1700    54.8   31.0     2.9     0.000   0   40.16  337.3    6.7      --
 67  04/04/2020  1800    53.6   30.0     2.8     0.000   0   40.19  335.7    6.4      --
 68  04/04/2020  1900    51.2   35.4     2.7     0.000   0   54.60  334.0    6.1      --
 69  04/04/2020  2000    49.8   36.2     2.5     0.000   0   59.42  332.2    5.8      --
 70  04/04/2020  2100    47.5   36.2     2.4     0.000   0   64.86  330.1    5.5      --
 71  04/04/2020  2200    45.1   36.2     2.3     0.000   0   70.86  327.9    5.2     741
 72  04/04/2020  2300    44.2   36.2     2.2     0.000   0   73.54  325.5    5.0      --
 73  04/05/2020  0000    43.7   36.2     2.1     0.000   0   74.72  322.8    4.7      --
 74  04/05/2020  0100    43.3   36.2     2.0     0.000   0   75.87  319.9    4.5      --
 75  04/05/2020  0200    43.0   36.2     1.9     0.000   0   76.95  316.7    4.3      --
 76  04/05/2020  0300    42.6   36.2     1.9     0.000   0   77.94  313.2    4.1      --
 77  04/05/2020  0400    42.3   36.2     1.8     0.000   0   78.80  309.4    3.9     741
 78  04/05/2020  0500    42.1   36.2     1.9     0.000   0   79.52  309.7    4.2      --
 79  04/05/2020  0600    42.0   36.2     2.0     0.000   0   80.00  309.9    4.5      --
 80  04/05/2020  0700    42.0   36.2     2.2     0.000   0   79.74  310.2    4.8      --
 81  04/05/2020  0800    42.4   36.2     2.3     0.000   0   78.62  310.4    5.1      --
 82  04/05/2020  0900    42.8   36.5     2.5     0.000   0   78.35  310.6    5.4      --
 83  04/05/2020  1000    43.2   37.3     2.6     0.010   0   79.46  310.8    5.8  no_inv
 84  04/05/2020  1100    46.5   34.7     4.2     0.000   0   63.11  314.2    7.6      --
 85  04/05/2020  1200    50.5   35.1     5.9     0.000   0   55.42  316.4    9.5      --
 86  04/05/2020  1300    53.3   36.1     7.5     0.000   0   51.98  317.8   11.4      --
 87  04/05/2020  1400    54.5   36.9     9.2     0.000   0   51.35  318.8   13.3      --
 88  04/05/2020  1500    54.8   37.3    10.8     0.000   0   51.62  319.5   15.2      --
 89  04/05/2020  1600    54.2   37.2    12.5     0.000   0   52.52  320.1   17.1  no_inv
 90  04/05/2020  1700    52.0   37.5    11.6     0.000   0   57.39  319.8   17.9      --
 91  04/05/2020  1800    51.0   37.2    10.7     0.000   0   59.06  319.5   18.7      --
 92  04/05/2020  1900    48.8   37.5     9.8     0.000   0   64.81  319.1   19.5      --
 93  04/05/2020  2000    47.6   36.7     8.9     0.000   0   65.69  318.9   20.3      --
 94  04/05/2020  2100    45.3   35.5     8.0     0.000   0   68.30  318.6   21.0      --
 95  04/05/2020  2200    42.9   35.3     7.1     0.000   0   74.26  318.4   21.8    1547
 96  04/05/2020  2300    40.2   35.6     6.1     0.000   0   83.55  317.7   18.6      --
 97  04/06/2020  0000    37.9   36.0     5.2     0.000   5   92.68  316.7   15.5      --
 98  04/06/2020  0100    35.8   34.8     4.2     0.000  10   96.49  315.2   12.3      --
 99  04/06/2020  0200    33.8   32.9     3.3     0.000  10   96.46  312.7    9.1      --
100  04/06/2020  0300    32.2   31.3     2.3     0.000  10   96.43  307.5    6.0      --
101  04/06/2020  0400    30.8   29.9     1.4     0.000  10   96.40  291.9    3.1     941
102  04/06/2020  0500    29.7   28.8     1.6     0.000  10   96.39  298.5    3.7      --
103  04/06/2020  0600    29.2   28.3     1.8     0.000  10   96.38  303.2    4.3      --
104  04/06/2020  0700    30.4   29.5     2.0     0.000  10   96.40  306.7    4.9      --
105  04/06/2020  0800    33.7   32.8     2.2     0.000  10   96.45  309.4    5.6      --
106  04/06/2020  0900    38.8   29.9     2.3     0.000   5   70.21  311.5    6.3      --
107  04/06/2020  1000    44.5   29.9     2.5     0.000   0   56.21  313.2    7.0    7051
108  04/06/2020  1100    48.9   29.9     2.7     0.000   0   47.66  314.3    7.2      --
109  04/06/2020  1200    51.0   29.9     2.9     0.000   0   44.01  315.3    7.3      --
110  04/06/2020  1300    52.6   29.9     3.1     0.000   0   41.48  316.3    7.5      --
111  04/06/2020  1400    53.4   29.9     3.3     0.000   0   40.27  317.2    7.7      --
112  04/06/2020  1500    54.0   29.9     3.5     0.000   0   39.45  318.1    7.9      --
113  04/06/2020  1600    54.3   29.9     3.7     0.000   0   38.98  319.0    8.1    7124
114  04/06/2020  1700    54.5   30.0     3.2     0.000   0   38.98  324.7    6.9      --
115  04/06/2020  1800    53.6   30.3     2.8     0.000   0   40.73  332.7    5.8      --
116  04/06/2020  1900    51.8   30.0     2.3     0.000   0   42.90  344.2    4.8      --
117  04/06/2020  2000    50.8   30.0     1.9     0.000   0   44.48    0.1    4.2      --
118  04/06/2020  2100    48.5   30.0     1.4     0.000   0   48.53   20.0    3.9      --
119  04/06/2020  2200    46.1   30.0     0.9     0.000   0   52.99   39.9    4.2    1831
120  04/06/2020  2300    43.3   30.0     0.9     0.000   0   58.98   45.6    3.3      --
121  04/07/2020  0000    41.2   30.0     0.8     0.000   0   64.07   55.6    2.4      --
122  04/07/2020  0100    39.2   30.0     0.7     0.000   0   69.08   75.1    1.7      --
123  04/07/2020  0200    37.6   30.0     0.7     0.000   0   73.78  110.3    1.4      --
124  04/07/2020  0300    36.2   30.0     0.6     0.000   0   77.97  145.6    1.7      --
125  04/07/2020  0400    36.0   30.0     0.5     0.000   0   78.57  165.1    2.4    1959
126  04/07/2020  0500    34.3   30.0     0.6     0.000   0   83.99  158.7    1.8      --
127  04/07/2020  0600    33.9   30.0     0.6     0.000   0   85.22  145.7    1.2      --
128  04/07/2020  0700    34.4   30.0     0.7     0.000   0   83.73  114.2    0.8      --
129  04/07/2020  0800    35.7   30.0     0.7     0.000   0   79.36   63.8    0.8      --
130  04/07/2020  0900    38.0   35.1     0.8     0.000   5   89.20   36.2    1.3      --
131  04/07/2020  1000    41.2   34.9     0.8     0.000   5   78.08   24.6    1.9    4131
132  04/07/2020  1100    45.2   34.6     1.4     0.000   0   66.15  350.6    2.6      --
133  04/07/2020  1200    50.3   34.4     2.0     0.000   0   54.12  334.7    3.8      --
134  04/07/2020  1300    54.3   34.2     2.6     0.000   0   46.28  326.8    5.2      --
135  04/07/2020  1400    56.2   34.0     3.1     0.000   0   42.92  322.2    6.6      --
136  04/07/2020  1500    57.3   33.9     3.7     0.000   0   41.14  319.3    8.1      --
137  04/07/2020  1600    57.7   33.9     4.3     0.000   0   40.48  317.2    9.5    7338
138  04/07/2020  1700    57.3   33.9     3.9     0.000   0   41.06  317.6    9.2      --
139  04/07/2020  1800    53.2   33.9     3.4     0.000   0   47.75  318.1    8.9      --
140  04/07/2020  1900    44.7   34.0     3.0     0.000   0   65.92  318.5    8.6      --
141  04/07/2020  2000    40.0   34.0     2.6     0.000   0   78.90  319.0    8.3      --
142  04/07/2020  2100    37.7   34.0     2.2     0.000   0   86.47  319.6    7.9      --
143  04/07/2020  2200    35.3   34.0     1.7     0.000   5   94.84  320.1    7.6    1312
144  04/07/2020  2300    34.4   33.5     1.8     0.000  10   96.46  317.0    7.8      --
145  04/08/2020  0000    34.5   33.6     1.8     0.000  10   96.47  314.0    7.9      --
146  04/08/2020  0100    34.5   33.6     1.8     0.000  10   96.47  311.2    8.1      --
147  04/08/2020  0200    34.2   33.3     1.9     0.000  10   96.46  308.4    8.3      --
148  04/08/2020  0300    33.9   33.0     1.9     0.000  10   96.46  305.8    8.5      --
149  04/08/2020  0400    33.4   32.5     2.0     0.000  10   96.45  303.3    8.7     623
150  04/08/2020  0500    32.9   32.0     2.0     0.000  10   96.44  305.0    8.0      --
151  04/08/2020  0600    32.5   31.6     2.0     0.000  10   96.43  307.0    7.3      --
152  04/08/2020  0700    33.6   32.7     2.0     0.000  10   96.45  309.4    6.6      --
153  04/08/2020  0800    36.4   34.0     2.1     0.000  10   90.86  312.4    5.9      --
154  04/08/2020  0900    40.9   33.0     2.1     0.000   5   73.17  316.1    5.3      --
155  04/08/2020  1000    46.4   33.0     2.1     0.000   0   59.20  320.8    4.7    3462
156  04/08/2020  1100    52.0   33.0     2.5     0.000   0   48.14  320.0    5.4      --
157  04/08/2020  1200    56.1   33.0     2.8     0.000   0   41.42  319.3    6.2      --
158  04/08/2020  1300    59.1   33.0     3.2     0.000   0   37.19  318.8    6.9      --
159  04/08/2020  1400    60.6   33.0     3.5     0.000   0   35.23  318.4    7.6      --
160  04/08/2020  1500    61.3   33.0     3.9     0.000   0   34.35  318.1    8.4      --
161  04/08/2020  1600    61.7   33.0     4.3     0.000   0   33.96  317.8    9.1    6817
162  04/08/2020  1700    61.7   33.0     3.9     0.000   0   33.97  327.1    8.3      --
163  04/08/2020  1800    59.6   33.0     3.5     0.000   0   36.55  338.2    7.7      --
164  04/08/2020  1900    55.4   33.0     3.1     0.000   0   42.51  350.7    7.4      --
165  04/08/2020  2000    53.1   33.0     2.7     0.000   0   46.26    3.5    7.4      --
166  04/08/2020  2100    50.7   33.0     2.3     0.000   0   50.43   15.4    7.9      --
167  04/08/2020  2200    48.4   33.0     2.0     0.000   0   55.02   25.7    8.6    1209
