  Generated by FoxLW on Thursday April 2, 2020 at 02:32 PDT
-------------------------------------------------------------------------------
  Chief Joe
  48.0300:-119.6400  (48 1' 48.00"N  119 38' 24.00"W)  elev 1617.5 feet    file: 330100
-------------------------------------------------------------------------------

Line#   Date     Hour   TempF  DewPtF WS(mph)  Rain(in) LW    RH%  WDir_50m WS_50m Inv(ft)
  5  04/02/2020  0400    26.9   11.9     9.5     0.000   0   52.39  351.8   12.6    1225
  6  04/02/2020  0500    26.4   12.1     8.0     0.000   0   54.11  350.9   10.7      --
  7  04/02/2020  0600    26.0   17.5     6.5     0.000   0   69.65  349.7    8.8      --
  8  04/02/2020  0700    26.3   14.0     5.1     0.000   0   59.26  347.8    6.9      --
  9  04/02/2020  0800    27.3   19.4     3.6     0.000   0   71.82  344.5    5.0      --
 10  04/02/2020  0900    29.2   24.8     2.1     0.000   5   83.34  337.2    3.2      --
 11  04/02/2020  1000    31.8   24.8     0.7     0.000   5   74.94  312.3    1.5  no_inv
 12  04/02/2020  1100    35.0   24.8     1.0     0.000   0   65.74  300.1    2.2      --
 13  04/02/2020  1200    38.6   24.8     1.3     0.000   0   57.07  293.8    2.9      --
 14  04/02/2020  1300    41.7   24.8     1.6     0.000   0   50.66  290.0    3.7      --
 15  04/02/2020  1400    43.4   24.8     1.9     0.000   0   47.39  287.5    4.4      --
 16  04/02/2020  1500    43.3   27.1     2.3     0.000   0   52.62  285.8    5.2      --
 17  04/02/2020  1600    42.5   29.7     2.6     0.010   0   60.27  284.5    5.9  no_inv
 18  04/02/2020  1700    43.5   28.5     2.8     0.000   0   55.00  283.2    6.4      --
 19  04/02/2020  1800    43.4   27.3     3.1     0.000   0   52.71  282.1    6.8      --
 20  04/02/2020  1900    43.1   26.8     3.3     0.000   0   52.30  281.1    7.3      --
 21  04/02/2020  2000    43.0   26.7     3.6     0.000   0   52.24  280.2    7.8      --
 22  04/02/2020  2100    40.6   26.3     3.8     0.000   0   56.31  279.5    8.2      --
 23  04/02/2020  2200    38.3   26.7     4.1     0.000   0   62.76  278.8    8.7  no_inv
 24  04/02/2020  2300    36.8   26.3     4.0     0.000   0   65.25  276.1    8.0      --
 25  04/03/2020  0000    35.8   26.0     3.8     0.000   0   67.00  273.0    7.4      --
 26  04/03/2020  0100    34.9   25.7     3.7     0.000   0   68.67  269.2    6.8      --
 27  04/03/2020  0200    34.2   25.5     3.6     0.000   0   70.19  264.7    6.2      --
 28  04/03/2020  0300    33.5   25.3     3.4     0.000   0   71.49  259.3    5.6      --
 29  04/03/2020  0400    33.0   25.1     3.3     0.000   0   72.50  252.8    5.2  no_inv
 30  04/03/2020  0500    32.6   24.9     3.1     0.000   0   72.98  259.5    4.7      --
 31  04/03/2020  0600    32.3   24.8     2.8     0.000   0   73.36  267.4    4.4      --
 32  04/03/2020  0700    32.6   24.8     2.6     0.000   0   72.44  276.4    4.1      --
 33  04/03/2020  0800    33.6   24.8     2.3     0.000   0   69.55  286.4    4.0      --
 34  04/03/2020  0900    35.4   19.4     2.1     0.000   0   51.56  296.7    4.0      --
 35  04/03/2020  1000    37.8   16.0     1.8     0.000   0   40.55  306.8    4.1  no_inv
 36  04/03/2020  1100    40.6   15.5     3.9     0.000   0   35.49  299.4    6.4      --
 37  04/03/2020  1200    44.0   15.0     6.0     0.000   0   30.47  296.0    8.7      --
 38  04/03/2020  1300    46.6   15.4     8.1     0.000   0   28.15  294.0   11.1      --
 39  04/03/2020  1400    47.9   16.1    10.2     0.000   0   27.58  292.7   13.4      --
 40  04/03/2020  1500    48.5   15.9    12.3     0.000   0   26.78  291.8   15.8      --
 41  04/03/2020  1600    48.7   15.0    14.4     0.000   0   25.60  291.2   18.2  no_inv
 42  04/03/2020  1700    48.6   15.9    13.1     0.000   0   26.70  288.6   16.8      --
 43  04/03/2020  1800    46.8   16.0    11.9     0.000   0   28.76  285.6   15.5      --
 44  04/03/2020  1900    43.1   16.4    10.6     0.000   0   33.60  282.1   14.2      --
 45  04/03/2020  2000    41.1   16.4     9.3     0.000   0   36.37  277.9   13.0      --
 46  04/03/2020  2100    38.7   15.8     8.0     0.000   0   38.86  272.8   11.9      --
 47  04/03/2020  2200    36.4   16.2     6.8     0.000   0   43.20  266.7   10.8   12086
 48  04/03/2020  2300    34.4   16.2     6.7     0.000   0   46.84  276.6   10.0      --
 49  04/04/2020  0000    33.3   16.2     6.7     0.000   0   48.90  288.1    9.4      --
 50  04/04/2020  0100    32.2   16.2     6.7     0.000   0   51.01  300.3    9.3      --
 51  04/04/2020  0200    31.3   16.2     6.6     0.000   0   53.08  312.2    9.6      --
 52  04/04/2020  0300    30.4   16.2     6.6     0.000   0   55.04  323.0   10.4      --
 53  04/04/2020  0400    29.6   16.2     6.5     0.000   0   56.84  332.1   11.4     826
 54  04/04/2020  0500    29.0   16.4     5.7     0.000   0   58.90  335.3    9.4      --
 55  04/04/2020  0600    28.6   16.6     4.8     0.000   0   60.24  340.0    7.6      --
 56  04/04/2020  0700    29.0   16.7     4.0     0.000   0   59.44  347.8    5.8      --
 57  04/04/2020  0800    30.5   18.0     3.1     0.000   0   59.16    1.9    4.2      --
 58  04/04/2020  0900    33.1   18.0     2.3     0.000   0   53.36   28.9    3.1      --
 59  04/04/2020  1000    36.5   18.0     1.4     0.000   0   46.60   66.2    3.1    7123
 60  04/04/2020  1100    40.1   18.0     1.7     0.000   0   40.40   68.9    3.8      --
 61  04/04/2020  1200    43.3   18.0     2.0     0.000   0   35.73   70.7    4.6      --
 62  04/04/2020  1300    45.9   18.0     2.4     0.000   0   32.32   72.0    5.3      --
 63  04/04/2020  1400    47.3   18.0     2.7     0.000   0   30.61   73.0    6.0      --
 64  04/04/2020  1500    48.4   18.0     3.0     0.000   0   29.48   73.8    6.7      --
 65  04/04/2020  1600    49.0   18.0     3.3     0.000   0   28.76   74.4    7.4    8872
 66  04/04/2020  1700    49.4   18.0     4.8     0.000   0   28.36   56.4    7.7      --
 67  04/04/2020  1800    48.3   18.1     6.2     0.000   0   29.73   40.8    8.6      --
 68  04/04/2020  1900    46.1   20.0     7.6     0.000   0   35.14   28.9   10.0      --
 69  04/04/2020  2000    44.8   20.6     9.0     0.000   0   37.76   20.2   11.7      --
 70  04/04/2020  2100    42.5   20.8    10.5     0.000   0   41.57   13.9   13.6      --
 71  04/04/2020  2200    40.1   20.6    11.9     0.000   0   45.25    9.1   15.6    8517
 72  04/04/2020  2300    38.9   21.2    11.3     0.000   0   48.57    9.5   15.1      --
 73  04/05/2020  0000    38.3   21.7    10.7     0.000   0   50.91    9.9   14.5      --
 74  04/05/2020  0100    37.7   22.2    10.1     0.000   0   53.19   10.4   13.9      --
 75  04/05/2020  0200    37.1   22.4     9.5     0.000   0   54.91   10.8   13.4      --
 76  04/05/2020  0300    36.6   22.5     8.9     0.000   0   56.27   11.4   12.8      --
 77  04/05/2020  0400    36.2   22.6     8.3     0.000   0   57.27   11.9   12.2      63
 78  04/05/2020  0500    35.9   21.4     7.2     0.000   0   55.03    8.9   10.0      --
 79  04/05/2020  0600    35.7   21.5     6.0     0.000   0   55.79    4.3    7.8      --
 80  04/05/2020  0700    35.8   20.1     4.9     0.000   0   52.31  356.1    5.7      --
 81  04/05/2020  0800    36.4   25.5     3.8     0.000   0   64.15  339.4    3.9      --
 82  04/05/2020  0900    37.5   26.1     2.6     0.000   0   62.93  303.4    2.8      --
 83  04/05/2020  1000    39.2   26.1     1.5     0.000   0   59.07  260.8    3.3    4565
 84  04/05/2020  1100    41.7   26.1     1.3     0.000   0   53.58  258.4    2.8      --
 85  04/05/2020  1200    45.2   26.1     1.1     0.000   0   46.77  255.1    2.3      --
 86  04/05/2020  1300    48.5   26.1     0.9     0.000   0   41.33  250.0    1.8      --
 87  04/05/2020  1400    50.4   26.1     0.7     0.000   0   38.44  241.2    1.4      --
 88  04/05/2020  1500    51.8   26.1     0.5     0.000   0   36.53  224.4    1.0      --
 89  04/05/2020  1600    52.7   26.1     0.3     0.000   0   35.38  191.8    0.7  no_inv
 90  04/05/2020  1700    53.1   26.1     1.4     0.000   0   34.95    2.8    1.7      --
 91  04/05/2020  1800    51.7   26.3     2.4     0.000   0   36.97    4.4    4.2      --
 92  04/05/2020  1900    48.9   26.1     3.4     0.000   0   40.78    4.8    6.6      --
 93  04/05/2020  2000    47.3   26.1     4.5     0.000   0   43.21    5.0    9.1      --
 94  04/05/2020  2100    45.0   26.6     5.5     0.000   0   48.20    5.1   11.5      --
 95  04/05/2020  2200    42.7   27.8     6.5     0.000   0   55.41    5.2   14.0     550
 96  04/05/2020  2300    41.2   27.8     6.3     0.000   0   58.50  358.9   13.4      --
 97  04/06/2020  0000    40.2   27.7     6.2     0.000   0   60.53  352.1   12.9      --
 98  04/06/2020  0100    39.2   27.5     6.0     0.000   0   62.44  344.9   12.7      --
 99  04/06/2020  0200    38.3   27.3     5.8     0.000   0   64.10  337.6   12.6      --
100  04/06/2020  0300    37.5   27.0     5.6     0.000   0   65.46  330.3   12.8      --
101  04/06/2020  0400    36.8   26.7     5.4     0.000   0   66.48  323.3   13.1     824
102  04/06/2020  0500    36.3   26.2     5.1     0.000   0   66.52  323.3   12.2      --
103  04/06/2020  0600    35.9   26.1     4.7     0.000   0   67.15  323.3   11.3      --
104  04/06/2020  0700    36.3   26.1     4.4     0.000   0   66.08  323.4   10.4      --
105  04/06/2020  0800    37.6   27.5     4.1     0.000   0   66.69  323.4    9.5      --
106  04/06/2020  0900    39.8   26.9     3.7     0.000   0   59.70  323.5    8.6      --
107  04/06/2020  1000    42.8   26.3     3.4     0.000   0   51.78  323.5    7.7    8470
108  04/06/2020  1100    46.2   25.6     5.1     0.000   0   44.10  322.0    9.4      --
109  04/06/2020  1200    50.6   25.0     6.8     0.000   0   36.52  320.9   11.1      --
110  04/06/2020  1300    54.1   25.0     8.5     0.000   0   32.07  320.2   12.9      --
111  04/06/2020  1400    56.0   25.2    10.2     0.000   0   30.28  319.6   14.6      --
112  04/06/2020  1500    56.9   25.1    11.9     0.000   0   29.22  319.1   16.3      --
113  04/06/2020  1600    57.3   24.8    13.6     0.000   0   28.32  318.7   18.1    1292
114  04/06/2020  1700    57.4   25.1    13.0     0.000   0   28.63  311.7   16.3      --
115  04/06/2020  1800    55.1   25.0    12.3     0.000   0   30.91  303.1   14.8      --
116  04/06/2020  1900    50.5   25.4    11.6     0.000   0   37.31  292.8   13.7      --
117  04/06/2020  2000    47.9   25.5    11.0     0.000   0   41.15  281.3   13.1      --
118  04/06/2020  2100    45.6   25.4    10.3     0.000   0   44.91  269.2   13.1      --
119  04/06/2020  2200    43.2   25.5     9.6     0.000   0   49.21  257.7   13.7    2425
120  04/06/2020  2300    41.3   25.4     8.7     0.000   0   52.89  264.7   11.8      --
121  04/07/2020  0000    40.5   25.4     7.7     0.000   0   54.55  274.3   10.1      --
122  04/07/2020  0100    39.7   25.5     6.8     0.000   0   56.49  287.1    8.8      --
123  04/07/2020  0200    38.9   25.5     5.8     0.000   0   58.43  303.2    8.1      --
124  04/07/2020  0300    38.1   25.6     4.8     0.000   0   60.26  320.7    8.1      --
125  04/07/2020  0400    37.5   25.7     3.9     0.000   0   62.04  336.7    8.8    2524
126  04/07/2020  0500    36.9   25.6     5.4     0.000   0   63.25  341.1   10.0      --
127  04/07/2020  0600    36.6   25.2     7.0     0.000   0   63.13  344.5   11.3      --
128  04/07/2020  0700    37.3   24.7     8.6     0.000   0   59.97  347.2   12.6      --
129  04/07/2020  0800    39.3   22.3    10.1     0.000   0   50.07  349.4   13.9      --
130  04/07/2020  0900    42.6   21.8    11.7     0.000   0   43.19  351.2   15.2      --
131  04/07/2020  1000    46.9   21.3    13.2     0.000   0   36.01  352.7   16.5    8314
132  04/07/2020  1100    51.3   20.8    11.4     0.000   0   29.86  351.3   14.6      --
133  04/07/2020  1200    55.2   20.4     9.6     0.000   0   25.36  349.5   12.6      --
134  04/07/2020  1300    58.1   20.6     7.8     0.000   0   23.11  347.0   10.7      --
135  04/07/2020  1400    59.6   21.1     6.0     0.000   0   22.42  343.5    8.8      --
136  04/07/2020  1500    60.2   21.8     4.2     0.000   0   22.55  338.0    6.9      --
137  04/07/2020  1600    60.5   22.6     2.3     0.000   0   23.09  328.7    5.2    8447
138  04/07/2020  1700    60.5   22.6     3.9     0.000   0   23.12  305.8    6.0      --
139  04/07/2020  1800    58.2   21.9     5.4     0.000   0   24.28  290.1    7.5      --
140  04/07/2020  1900    53.6   22.0     7.0     0.000   0   28.89  280.1    9.3      --
141  04/07/2020  2000    51.0   22.3     8.5     0.000   0   32.12  273.6   11.4      --
142  04/07/2020  2100    48.7   22.6    10.0     0.000   0   35.45  269.0   13.5      --
143  04/07/2020  2200    46.3   22.5    11.6     0.000   0   38.56  265.8   15.7    1125
144  04/07/2020  2300    44.2   23.2    10.6     0.000   0   43.13  272.9   12.5      --
145  04/08/2020  0000    43.2   23.8     9.7     0.000   0   45.94  284.5    9.6      --
146  04/08/2020  0100    42.3   24.2     8.7     0.000   0   48.35  304.6    7.4      --
147  04/08/2020  0200    41.4   24.2     7.8     0.000   0   50.20  334.4    6.6      --
148  04/08/2020  0300    40.6   23.5     6.9     0.000   0   50.11    2.6    7.8      --
149  04/08/2020  0400    39.9   22.7     5.9     0.000   0   49.94   20.5   10.2     536
150  04/08/2020  0500    39.3   22.3     5.4     0.000   0   50.15   26.1    7.8      --
151  04/08/2020  0600    38.9   21.6     4.8     0.000   0   49.39   36.0    5.7      --
152  04/08/2020  0700    39.3   21.6     4.3     0.000   0   48.59   56.7    3.9      --
153  04/08/2020  0800    40.7   27.0     3.8     0.000   0   57.88   96.3    3.1      --
154  04/08/2020  0900    42.9   28.6     3.2     0.000   0   56.59  133.1    4.1      --
155  04/08/2020  1000    46.1   28.6     2.7     0.000   0   50.14  151.3    6.0    3483
156  04/08/2020  1100    50.0   26.4     4.3     0.000   0   39.53  175.6    6.3      --
157  04/08/2020  1200    55.8   27.1     5.9     0.000   0   32.91  195.0    7.5      --
158  04/08/2020  1300    60.9   28.2     7.4     0.000   0   28.71  208.0    9.3      --
159  04/08/2020  1400    63.9   28.9     9.0     0.000   0   26.67  216.4   11.4      --
160  04/08/2020  1500    65.5   29.3    10.6     0.000   0   25.61  222.1   13.7      --
161  04/08/2020  1600    66.4   29.3    12.2     0.000   0   24.79  226.2   16.1    6858
162  04/08/2020  1700    66.8   29.5    10.9     0.000   0   24.65  228.6   14.4      --
163  04/08/2020  1800    64.7   29.4     9.5     0.000   0   26.45  231.6   12.7      --
164  04/08/2020  1900    60.4   30.1     8.2     0.000   0   31.62  235.6   11.1      --
165  04/08/2020  2000    58.1   29.8     6.8     0.000   0   33.89  240.9    9.5      --
166  04/08/2020  2100    55.8   29.5     5.5     0.000   0   36.47  248.1    8.0      --
167  04/08/2020  2200    53.4   29.3     4.1     0.000   0   39.32  258.4    6.8    2444
