  Generated by FoxLW on Thursday April 2, 2020 at 02:32 PDT
-------------------------------------------------------------------------------
  WSU TFREC
  47.4400:-120.3500  (47 26' 24.00"N  120 20' 60.00"W)  elev 833.3 feet    file: 330141
-------------------------------------------------------------------------------

Line#   Date     Hour   TempF  DewPtF WS(mph)  Rain(in) LW    RH%  WDir_50m WS_50m Inv(ft)
  5  04/02/2020  0400    24.9   19.5     1.5     0.000  10   79.43  350.4    3.4    3798
  6  04/02/2020  0500    24.3   19.6     1.7     0.000  10   81.93    7.9    2.5      --
  7  04/02/2020  0600    23.9   23.9     1.8     0.000  10  100.00   39.7    2.0      --
  8  04/02/2020  0700    24.5   24.5     2.0     0.000  10  100.00   75.2    2.2      --
  9  04/02/2020  0800    26.9   24.9     2.1     0.000  10   92.17   96.8    3.1      --
 10  04/02/2020  0900    30.8   24.9     2.2     0.000  10   78.52  108.1    4.2      --
 11  04/02/2020  1000    35.7   24.9     2.4     0.000   5   64.52  114.6    5.4  no_inv
 12  04/02/2020  1100    39.9   24.9     2.3     0.000   0   54.65  107.3    4.0      --
 13  04/02/2020  1200    42.9   24.9     2.2     0.000   0   48.61   92.9    2.7      --
 14  04/02/2020  1300    45.2   24.9     2.2     0.000   0   44.67   60.5    1.9      --
 15  04/02/2020  1400    46.4   24.9     2.1     0.000   0   42.61   14.9    2.0      --
 16  04/02/2020  1500    47.2   24.9     2.0     0.000   0   41.30  349.3    3.1      --
 17  04/02/2020  1600    47.7   24.9     2.0     0.000   0   40.54  337.8    4.4  no_inv
 18  04/02/2020  1700    47.6   24.9     3.1     0.000   0   40.74  306.0    5.1      --
 19  04/02/2020  1800    45.6   24.3     4.3     0.000   0   42.87  286.5    6.9      --
 20  04/02/2020  1900    41.5   25.0     5.5     0.000   0   51.43  275.7    9.1      --
 21  04/02/2020  2000    39.3   24.8     6.7     0.000   0   55.68  269.3   11.6      --
 22  04/02/2020  2100    37.0   23.8     7.9     0.000   0   58.47  265.1   14.1      --
 23  04/02/2020  2200    34.6   22.6     9.1     0.000   0   61.09  262.2   16.7  no_inv
 24  04/02/2020  2300    33.4   21.5     9.3     0.000   0   61.17  266.3   16.4      --
 25  04/03/2020  0000    32.7   20.4     9.5     0.000   0   60.24  270.6   16.1      --
 26  04/03/2020  0100    32.0   19.5     9.8     0.000   0   59.69  274.9   16.0      --
 27  04/03/2020  0200    31.3   18.9    10.0     0.000   0   59.60  279.4   15.9      --
 28  04/03/2020  0300    30.6   18.4    10.2     0.000   0   59.85  283.8   15.9      --
 29  04/03/2020  0400    30.1   18.1    10.4     0.000   0   60.64  288.1   16.1  no_inv
 30  04/03/2020  0500    29.6   18.3    10.1     0.000   0   62.30  289.5   15.4      --
 31  04/03/2020  0600    29.3   18.5     9.7     0.000   0   63.68  290.9   14.7      --
 32  04/03/2020  0700    30.2   18.8     9.4     0.000   0   62.16  292.5   14.1      --
 33  04/03/2020  0800    32.7   19.1     9.0     0.000   0   56.93  294.2   13.4      --
 34  04/03/2020  0900    36.7   17.6     8.6     0.000   0   45.32  296.2   12.8      --
 35  04/03/2020  1000    41.3   18.0     8.3     0.000   0   38.68  298.3   12.2  no_inv
 36  04/03/2020  1100    44.8   18.5     8.2     0.000   0   34.43  296.2   12.9      --
 37  04/03/2020  1200    46.4   18.9     8.2     0.000   0   33.00  294.4   13.5      --
 38  04/03/2020  1300    47.6   19.9     8.1     0.000   0   32.97  292.8   14.2      --
 39  04/03/2020  1400    48.2   20.7     8.1     0.000   0   33.34  291.3   15.0      --
 40  04/03/2020  1500    48.6   21.3     8.0     0.000   0   33.77  290.0   15.7      --
 41  04/03/2020  1600    48.8   21.9     8.0     0.000   0   34.27  288.7   16.4  no_inv
 42  04/03/2020  1700    48.9   21.9     8.9     0.000   0   34.16  292.2   17.2      --
 43  04/03/2020  1800    47.3   21.3     9.9     0.000   0   35.33  295.3   18.1      --
 44  04/03/2020  1900    44.2   21.3    10.9     0.000   0   39.83  298.1   19.0      --
 45  04/03/2020  2000    42.5   20.7    11.9     0.000   0   41.48  300.7   20.0      --
 46  04/03/2020  2100    40.1   19.0    12.8     0.000   0   42.17  303.0   21.0      --
 47  04/03/2020  2200    37.8   18.8    13.8     0.000   0   45.70  305.1   22.1  no_inv
 48  04/03/2020  2300    35.0   19.7    11.9     0.000   0   53.14  306.1   19.1      --
 49  04/04/2020  0000    33.1   19.8     9.9     0.000   0   57.64  307.5   16.1      --
 50  04/04/2020  0100    31.2   20.1     7.9     0.000   0   62.82  309.5   13.2      --
 51  04/04/2020  0200    29.5   20.3     6.0     0.000   0   67.91  312.6   10.2      --
 52  04/04/2020  0300    28.1   20.5     4.0     0.000   0   72.73  318.2    7.4      --
 53  04/04/2020  0400    26.9   20.6     2.1     0.000   5   76.98  330.5    4.7    8205
 54  04/04/2020  0500    25.9   20.8     2.0     0.000  10   80.90  337.8    3.6      --
 55  04/04/2020  0600    25.3   20.8     1.9     0.000  10   82.78  350.8    2.6      --
 56  04/04/2020  0700    26.0   20.8     1.8     0.000  10   80.44   15.3    2.0      --
 57  04/04/2020  0800    28.2   20.8     1.7     0.000   5   73.60   51.4    1.9      --
 58  04/04/2020  0900    31.8   16.8     1.6     0.000   0   53.34   79.7    2.4      --
 59  04/04/2020  1000    36.6   16.5     1.5     0.000   0   43.43   95.0    3.3    6863
 60  04/04/2020  1100    41.8   16.1     1.7     0.000   0   34.99  107.4    3.6      --
 61  04/04/2020  1200    46.4   15.8     1.9     0.000   0   28.89  117.9    4.0      --
 62  04/04/2020  1300    50.0   15.6     2.1     0.000   0   24.98  126.3    4.4      --
 63  04/04/2020  1400    51.9   15.4     2.3     0.000   0   23.08  132.9    5.0      --
 64  04/04/2020  1500    52.9   15.2     2.6     0.000   0   22.17  138.2    5.6      --
 65  04/04/2020  1600    53.3   15.2     2.8     0.000   0   21.74  142.4    6.3    8461
 66  04/04/2020  1700    53.4   15.4     3.2     0.000   0   21.82  107.1    4.7      --
 67  04/04/2020  1800    52.5   15.8     3.6     0.000   0   23.02   66.6    5.6      --
 68  04/04/2020  1900    50.7   15.5     4.0     0.000   0   24.29   44.7    8.1      --
 69  04/04/2020  2000    49.7   15.5     4.4     0.000   0   25.22   34.2   11.3      --
 70  04/04/2020  2100    47.3   15.5     4.9     0.000   0   27.53   28.4   14.7      --
 71  04/04/2020  2200    45.0   16.1     5.3     0.000   0   30.84   24.8   18.2    8567
 72  04/04/2020  2300    43.3   15.5     4.9     0.000   0   32.07   25.3   16.1      --
 73  04/05/2020  0000    42.3   15.5     4.5     0.000   0   33.30   26.0   14.0      --
 74  04/05/2020  0100    41.5   15.5     4.1     0.000   0   34.40   26.8   11.9      --
 75  04/05/2020  0200    40.8   15.5     3.7     0.000   0   35.34   28.1    9.8      --
 76  04/05/2020  0300    40.2   15.5     3.3     0.000   0   36.09   30.0    7.7      --
 77  04/05/2020  0400    39.8   15.5     2.9     0.000   0   36.65   33.3    5.7    5083
 78  04/05/2020  0500    39.6   15.5     2.5     0.000   0   36.99   35.3    4.9      --
 79  04/05/2020  0600    39.5   15.5     2.2     0.000   0   37.21   38.0    4.2      --
 80  04/05/2020  0700    39.5   15.5     1.8     0.000   0   37.15   41.8    3.5      --
 81  04/05/2020  0800    39.8   15.5     1.5     0.000   0   36.68   47.3    2.9      --
 82  04/05/2020  0900    40.5   20.9     1.1     0.000   0   45.13   56.0    2.2      --
 83  04/05/2020  1000    41.5   26.3     0.8     0.000   0   54.47   70.7    1.7    5192
 84  04/05/2020  1100    44.3   31.2     1.3     0.000   0   59.74  355.0    1.0      --
 85  04/05/2020  1200    49.5   31.2     1.8     0.000   0   49.05  309.4    2.3      --
 86  04/05/2020  1300    53.9   31.2     2.3     0.000   0   41.75  298.9    4.0      --
 87  04/05/2020  1400    56.1   31.2     2.8     0.000   0   38.54  294.6    5.7      --
 88  04/05/2020  1500    57.0   31.2     3.3     0.000   0   37.28  292.3    7.5      --
 89  04/05/2020  1600    56.8   31.2     3.8     0.000   0   37.59  290.9    9.2  no_inv
 90  04/05/2020  1700    54.5   31.2     4.3     0.000   0   40.80  294.2   10.4      --
 91  04/05/2020  1800    53.9   31.2     4.8     0.000   0   41.69  296.8   11.6      --
 92  04/05/2020  1900    52.7   31.3     5.2     0.000   0   43.79  299.0   12.8      --
 93  04/05/2020  2000    52.0   31.5     5.7     0.000   0   45.19  300.7   14.0      --
 94  04/05/2020  2100    49.7   33.9     6.1     0.000   0   54.32  302.2   15.2      --
 95  04/05/2020  2200    47.3   39.1     6.6     0.010   0   72.79  303.5   16.4  no_inv
 96  04/05/2020  2300    46.0   38.1     6.1     0.000   0   73.70  306.8   14.7      --
 97  04/06/2020  0000    44.9   37.3     5.6     0.000   0   74.57  311.0   13.1      --
 98  04/06/2020  0100    43.9   36.7     5.1     0.000   0   75.67  316.3   11.5      --
 99  04/06/2020  0200    43.0   36.2     4.6     0.000   0   76.69  323.2   10.1      --
100  04/06/2020  0300    42.2   35.7     4.1     0.000   0   77.56  332.1    8.9      --
101  04/06/2020  0400    41.6   35.3     3.6     0.000   0   78.25  343.5    7.9    5254
102  04/06/2020  0500    40.3   33.3     3.6     0.000   0   75.76  337.5    7.8      --
103  04/06/2020  0600    40.1   33.1     3.6     0.000   0   75.96  331.2    7.7      --
104  04/06/2020  0700    40.3   32.8     3.6     0.000   0   74.38  324.9    7.6      --
105  04/06/2020  0800    40.9   30.2     3.6     0.000   0   65.45  318.6    7.7      --
106  04/06/2020  0900    42.8   30.2     3.6     0.000   0   60.99  312.5    7.9      --
107  04/06/2020  1000    47.4   27.0     3.6     0.000   0   44.76  306.7    8.1  no_inv
108  04/06/2020  1100    50.6   26.7     5.4     0.000   0   39.22  310.4   11.0      --
109  04/06/2020  1200    54.4   26.5     7.1     0.000   0   33.83  312.6   13.9      --
110  04/06/2020  1300    57.2   26.9     8.9     0.000   0   31.09  314.0   16.8      --
111  04/06/2020  1400    58.7   27.4    10.7     0.000   0   30.04  315.0   19.6      --
112  04/06/2020  1500    59.3   27.3    12.5     0.000   0   29.27  315.7   22.5      --
113  04/06/2020  1600    59.6   26.8    14.2     0.000   0   28.43  316.3   25.4    8856
114  04/06/2020  1700    59.5   27.1    13.8     0.000   0   28.76  312.7   24.3      --
115  04/06/2020  1800    56.5   26.9    13.3     0.000   0   31.88  308.8   23.3      --
116  04/06/2020  1900    50.4   26.7    12.9     0.000   0   39.53  304.6   22.5      --
117  04/06/2020  2000    47.0   26.3    12.5     0.000   0   44.20  300.0   21.7      --
118  04/06/2020  2100    44.7   25.9    12.0     0.000   0   47.33  295.2   21.1      --
119  04/06/2020  2200    42.3   27.3    11.6     0.000   0   54.95  290.1   20.7    3859
120  04/06/2020  2300    40.5   27.4    11.2     0.000   0   59.12  290.3   19.9      --
121  04/07/2020  0000    40.1   27.5    10.8     0.000   0   60.42  290.5   19.1      --
122  04/07/2020  0100    39.5   27.6    10.5     0.000   0   62.00  290.8   18.3      --
123  04/07/2020  0200    38.9   27.7    10.1     0.000   0   63.79  291.1   17.5      --
124  04/07/2020  0300    38.2   27.7     9.7     0.000   0   65.46  291.4   16.7      --
125  04/07/2020  0400    37.6   27.7     9.3     0.000   0   67.12  291.8   15.9    2727
126  04/07/2020  0500    37.0   27.7     9.3     0.000   0   68.96  294.5   15.7      --
127  04/07/2020  0600    36.6   27.9     9.2     0.000   0   70.49  297.3   15.5      --
128  04/07/2020  0700    37.7   28.2     9.1     0.000   0   68.27  300.1   15.3      --
129  04/07/2020  0800    40.5   26.5     9.1     0.000   0   57.06  303.1   15.2      --
130  04/07/2020  0900    45.0   26.9     9.0     0.000   0   48.89  306.0   15.1      --
131  04/07/2020  1000    50.3   27.4     9.0     0.000   0   40.79  309.0   15.1    6412
132  04/07/2020  1100    55.2   27.8     9.2     0.000   0   34.59  310.0   15.6      --
133  04/07/2020  1200    58.4   28.2     9.4     0.000   0   31.39  311.0   16.1      --
134  04/07/2020  1300    60.6   29.1     9.7     0.000   0   30.15  311.9   16.6      --
135  04/07/2020  1400    61.6   29.8     9.9     0.000   0   29.91  312.7   17.1      --
136  04/07/2020  1500    62.0   30.3    10.2     0.000   0   30.06  313.5   17.7      --
137  04/07/2020  1600    62.2   30.6    10.4     0.000   0   30.38  314.2   18.2    8190
138  04/07/2020  1700    62.0   30.8     9.2     0.000   0   30.67  312.2   16.3      --
139  04/07/2020  1800    58.2   30.3     8.0     0.000   0   34.44  309.6   14.4      --
140  04/07/2020  1900    50.3   30.3     6.8     0.000   0   45.88  306.3   12.6      --
141  04/07/2020  2000    46.0   30.0     5.6     0.000   0   53.24  301.9   10.8      --
142  04/07/2020  2100    43.7   29.8     4.3     0.000   0   57.75  295.8    9.1      --
143  04/07/2020  2200    41.4   29.9     3.1     0.000   0   63.42  287.0    7.5    4800
144  04/07/2020  2300    38.5   29.9     2.8     0.000   0   71.01  289.7    6.5      --
145  04/08/2020  0000    37.3   29.9     2.4     0.000   0   74.42  293.5    5.4      --
146  04/08/2020  0100    36.0   29.9     2.0     0.000   0   78.16  299.1    4.4      --
147  04/08/2020  0200    34.8   29.9     1.7     0.000   0   82.08  307.8    3.5      --
148  04/08/2020  0300    33.6   29.9     1.3     0.000   0   86.02  322.3    2.7      --
149  04/08/2020  0400    32.5   29.9     1.0     0.000   0   89.82  346.2    2.2    6520
150  04/08/2020  0500    31.6   29.9     1.2     0.000   5   93.34   15.7    1.5      --
151  04/08/2020  0600    31.0   29.9     1.4     0.000  10   95.43   57.5    1.6      --
152  04/08/2020  0700    32.2   29.9     1.7     0.000   5   91.07   84.1    2.3      --
153  04/08/2020  0800    35.3   29.2     1.9     0.000   0   78.08   96.9    3.2      --
154  04/08/2020  0900    40.4   29.2     2.1     0.000   0   64.02  103.7    4.2      --
155  04/08/2020  1000    46.8   29.2     2.4     0.000   0   50.03  107.9    5.3    4117
156  04/08/2020  1100    53.6   29.2     2.2     0.000   0   38.91  101.8    4.4      --
157  04/08/2020  1200    59.2   29.2     2.0     0.000   0   31.78   93.1    3.6      --
158  04/08/2020  1300    63.5   29.2     1.8     0.000   0   27.30   79.9    3.0      --
159  04/08/2020  1400    65.8   29.2     1.6     0.000   0   25.17   61.1    2.6      --
160  04/08/2020  1500    67.0   29.2     1.4     0.000   0   24.14   38.3    2.5      --
161  04/08/2020  1600    67.7   29.2     1.2     0.000   0   23.59   17.5    2.8    6483
162  04/08/2020  1700    67.9   29.2     2.3     0.000   0   23.42  331.7    3.6      --
163  04/08/2020  1800    64.9   29.2     3.4     0.000   0   25.93  310.7    5.6      --
164  04/08/2020  1900    59.0   29.2     4.5     0.000   0   32.03  301.4    7.9      --
165  04/08/2020  2000    55.6   29.5     5.5     0.000   0   36.61  296.4   10.4      --
166  04/08/2020  2100    53.3   30.2     6.6     0.000   0   41.05  293.3   12.9      --
167  04/08/2020  2200    51.0   31.0     7.7     0.000   0   46.06  291.3   15.4    3411
