  Generated by FoxLW on Thursday April 2, 2020 at 02:32 PDT
-------------------------------------------------------------------------------
  Moses Lake
  47.0000:-119.2400  (47 0' 0.00"N  119 14' 24.00"W)  elev 1131.9 feet    file: 330127
-------------------------------------------------------------------------------

Line#   Date     Hour   TempF  DewPtF WS(mph)  Rain(in) LW    RH%  WDir_50m WS_50m Inv(ft)
  5  04/02/2020  0400    30.4   15.9    11.3     0.000   0   54.34    2.6   14.3     802
  6  04/02/2020  0500    29.8   16.4     9.6     0.000   0   56.70    0.2   12.2      --
  7  04/02/2020  0600    29.4   16.5     8.0     0.000   0   58.00  356.7   10.1      --
  8  04/02/2020  0700    29.7   16.7     6.4     0.000   0   57.79  351.4    8.0      --
  9  04/02/2020  0800    31.0   17.0     4.8     0.000   0   55.60  342.6    6.0      --
 10  04/02/2020  0900    33.2   16.9     3.2     0.000   0   50.70  326.2    4.4      --
 11  04/02/2020  1000    36.3   16.9     1.5     0.000   0   44.83  296.0    3.4  no_inv
 12  04/02/2020  1100    39.9   16.9     1.9     0.000   0   38.89  269.9    3.0      --
 13  04/02/2020  1200    43.6   16.9     2.2     0.000   0   33.77  242.6    3.2      --
 14  04/02/2020  1300    46.7   16.9     2.5     0.000   0   30.02  223.3    4.1      --
 15  04/02/2020  1400    48.4   16.9     2.9     0.000   0   28.15  211.5    5.2      --
 16  04/02/2020  1500    49.6   16.9     3.2     0.000   0   26.89  204.1    6.5      --
 17  04/02/2020  1600    50.4   16.9     3.6     0.000   0   26.12  199.2    7.9  no_inv
 18  04/02/2020  1700    50.3   17.0     3.9     0.000   0   26.30  215.6    6.1      --
 19  04/02/2020  1800    50.1   17.2     4.2     0.000   0   26.77  240.9    5.2      --
 20  04/02/2020  1900    50.0   17.2     4.4     0.000   0   26.86  269.3    5.5      --
 21  04/02/2020  2000    47.7   17.2     4.7     0.000   0   29.32  290.2    6.9      --
 22  04/02/2020  2100    45.3   17.3     5.0     0.000   0   32.05  303.0    8.9      --
 23  04/02/2020  2200    43.0   17.7     5.3     0.000   0   35.63  310.9   11.2  no_inv
 24  04/02/2020  2300    39.2   18.0     5.4     0.000   0   41.83  305.3   10.8      --
 25  04/03/2020  0000    36.9   18.3     5.6     0.000   0   46.52  299.3   10.5      --
 26  04/03/2020  0100    34.7   18.7     5.8     0.000   0   51.46  293.1   10.3      --
 27  04/03/2020  0200    32.8   19.1     5.9     0.000   0   56.43  286.7   10.2      --
 28  04/03/2020  0300    31.3   19.5     6.1     0.000   0   61.18  280.3   10.3      --
 29  04/03/2020  0400    30.0   19.8     6.2     0.000   0   65.39  274.1   10.5     575
 30  04/03/2020  0500    29.0   18.8     5.5     0.000   0   64.96  270.4    9.4      --
 31  04/03/2020  0600    28.5   17.2     4.9     0.000   0   62.14  265.6    8.2      --
 32  04/03/2020  0700    29.1   17.2     4.2     0.000   0   60.83  259.4    7.2      --
 33  04/03/2020  0800    30.8   17.2     3.6     0.000   0   56.66  251.1    6.2      --
 34  04/03/2020  0900    33.8   19.4     2.9     0.000   0   55.13  240.4    5.5      --
 35  04/03/2020  1000    37.8   18.7     2.2     0.000   0   45.47  226.8    5.0  no_inv
 36  04/03/2020  1100    42.3   17.9     4.8     0.000   0   36.96  248.5    7.2      --
 37  04/03/2020  1200    46.7   17.2     7.4     0.000   0   30.29  259.2   10.0      --
 38  04/03/2020  1300    50.2   17.1    10.0     0.000   0   26.51  265.1   13.0      --
 39  04/03/2020  1400    52.0   16.8    12.6     0.000   0   24.51  268.7   16.0      --
 40  04/03/2020  1500    52.8   16.1    15.2     0.000   0   23.00  271.2   19.1      --
 41  04/03/2020  1600    53.2   15.7    17.8     0.000   0   22.29  273.0   22.3  no_inv
 42  04/03/2020  1700    53.3   15.8    17.4     0.000   0   22.30  279.6   20.8      --
 43  04/03/2020  1800    51.2   15.9    16.9     0.000   0   24.29  287.0   19.6      --
 44  04/03/2020  1900    46.8   16.1    16.5     0.000   0   28.90  295.3   18.8      --
 45  04/03/2020  2000    44.3   16.4    16.0     0.000   0   32.10  304.1   18.4      --
 46  04/03/2020  2100    42.0   16.8    15.6     0.000   0   35.65  313.1   18.4      --
 47  04/03/2020  2200    39.7   17.1    15.1     0.000   0   39.67  321.8   18.9  no_inv
 48  04/03/2020  2300    36.8   17.5    13.2     0.000   0   45.11  325.2   16.7      --
 49  04/04/2020  0000    35.1   19.2    11.3     0.000   0   51.94  329.7   14.5      --
 50  04/04/2020  0100    33.5   19.8     9.4     0.000   0   56.69  335.6   12.5      --
 51  04/04/2020  0200    32.0   19.9     7.5     0.000   0   60.42  343.8   10.6      --
 52  04/04/2020  0300    30.7   19.1     5.2     0.000   0   61.71  355.0    9.1      --
 53  04/04/2020  0400    29.6   18.6     3.2     0.000   0   63.18   10.0    8.0     586
 54  04/04/2020  0500    28.9   17.8     3.0     0.000   0   62.70   10.5    6.5      --
 55  04/04/2020  0600    28.5   18.1     2.6     0.000   0   64.76   11.4    5.0      --
 56  04/04/2020  0700    29.0   19.2     2.1     0.000   0   66.07   13.0    3.5      --
 57  04/04/2020  0800    30.9   20.6     1.6     0.000   0   65.18   17.1    1.9      --
 58  04/04/2020  0900    34.2   22.3     1.0     0.000   0   61.35   46.5    0.5      --
 59  04/04/2020  1000    38.5   23.8     0.5     0.000   0   55.09  172.2    1.2    6663
 60  04/04/2020  1100    43.2   24.8     1.0     0.000   0   47.85  114.7    1.3      --
 61  04/04/2020  1200    47.8   25.2     1.4     0.000   0   40.82   88.7    2.2      --
 62  04/04/2020  1300    51.4   25.2     1.8     0.000   0   35.76   78.7    3.4      --
 63  04/04/2020  1400    53.3   24.9     2.2     0.000   0   32.91   73.7    4.5      --
 64  04/04/2020  1500    54.2   24.0     2.7     0.000   0   30.66   70.8    5.7      --
 65  04/04/2020  1600    54.7   22.9     3.1     0.000   0   28.81   68.9    6.9  no_inv
 66  04/04/2020  1700    54.7   22.0     4.8     0.000   0   27.69   66.1    8.5      --
 67  04/04/2020  1800    54.1   21.7     6.5     0.000   0   27.99   64.3   10.1      --
 68  04/04/2020  1900    52.7   22.4     8.2     0.000   0   30.32   62.9   11.7      --
 69  04/04/2020  2000    51.9   23.4     9.9     0.000   0   32.60   61.9   13.4      --
 70  04/04/2020  2100    49.5   24.1    11.6     0.000   0   36.59   61.1   15.0      --
 71  04/04/2020  2200    47.2   23.9    13.3     0.000   0   39.67   60.4   16.6  no_inv
 72  04/04/2020  2300    45.2   25.2    12.4     0.000   0   45.16   53.8   16.2      --
 73  04/05/2020  0000    43.9   28.0    11.6     0.000   0   53.16   46.9   16.1      --
 74  04/05/2020  0100    42.7   29.3    10.7     0.000   0   58.73   40.0   16.2      --
 75  04/05/2020  0200    41.7   30.3     9.8     0.000   0   63.61   33.3   16.5      --
 76  04/05/2020  0300    41.0   30.8     9.0     0.000   0   66.91   26.9   17.1      --
 77  04/05/2020  0400    40.4   31.0     8.1     0.000   0   68.89   21.0   17.8    1779
 78  04/05/2020  0500    40.0   30.6     7.8     0.000   0   68.82   20.8   16.6      --
 79  04/05/2020  0600    39.8   30.0     7.6     0.000   0   67.73   20.5   15.5      --
 80  04/05/2020  0700    39.9   29.4     7.3     0.000   0   65.99   20.2   14.3      --
 81  04/05/2020  0800    40.2   29.1     7.1     0.000   0   64.02   19.9   13.1      --
 82  04/05/2020  0900    41.0   29.1     6.8     0.000   0   62.20   19.5   12.0      --
 83  04/05/2020  1000    42.2   29.1     6.6     0.000   0   59.50   18.9   10.8     179
 84  04/05/2020  1100    44.5   29.2     5.8     0.000   0   54.52   19.9    8.5      --
 85  04/05/2020  1200    49.5   29.2     4.9     0.000   0   45.28   21.5    6.1      --
 86  04/05/2020  1300    54.4   29.3     4.1     0.000   0   37.94   25.2    3.8      --
 87  04/05/2020  1400    56.9   29.3     3.2     0.000   0   34.72   40.0    1.5      --
 88  04/05/2020  1500    58.3   29.3     2.4     0.000   0   32.91  161.7    1.1      --
 89  04/05/2020  1600    59.0   29.3     1.5     0.000   0   32.18  184.6    3.4  no_inv
 90  04/05/2020  1700    58.5   29.4     3.3     0.000   0   32.89  246.3    0.9      --
 91  04/05/2020  1800    57.5   29.8     5.0     0.000   0   34.57  331.7    3.0      --
 92  04/05/2020  1900    55.6   31.1     6.8     0.000   0   39.21  340.5    5.9      --
 93  04/05/2020  2000    54.5   33.2     8.5     0.000   0   44.25  343.5    8.9      --
 94  04/05/2020  2100    52.1   34.0    10.3     0.000   0   49.81  344.9   12.0      --
 95  04/05/2020  2200    49.8   33.0    12.0     0.000   0   52.29  345.8   15.0     357
 96  04/05/2020  2300    47.5   35.6    11.3     0.000   0   62.98  353.1   14.9      --
 97  04/06/2020  0000    45.8   36.7    10.6     0.000   0   70.33    0.6   14.9      --
 98  04/06/2020  0100    44.2   37.7    10.0     0.000   0   77.66    7.7   15.3      --
 99  04/06/2020  0200    42.8   38.3     9.3     0.000   0   83.82   14.5   15.8      --
100  04/06/2020  0300    41.7   38.6     8.6     0.000   0   88.97   20.8   16.6      --
101  04/06/2020  0400    40.7   38.6     8.0     0.000   0   92.18   26.4   17.6     452
102  04/06/2020  0500    40.0   36.0     7.2     0.000   0   85.17   22.6   15.2      --
103  04/06/2020  0600    39.7   33.2     6.3     0.000   0   77.42   17.5   13.0      --
104  04/06/2020  0700    40.0   31.4     5.5     0.000   0   71.03   10.3   10.9      --
105  04/06/2020  0800    41.2   33.6     4.7     0.000   0   74.19  359.9    9.0      --
106  04/06/2020  0900    43.2   32.1     3.9     0.000   0   64.52  345.0    7.6      --
107  04/06/2020  1000    46.0   30.4     3.1     0.000   0   54.23  325.4    6.9  no_inv
108  04/06/2020  1100    49.4   28.8     4.8     0.000   0   44.62  316.0    8.3      --
109  04/06/2020  1200    54.1   27.3     6.5     0.000   0   35.28  309.5    9.8      --
110  04/06/2020  1300    58.0   26.7     8.2     0.000   0   29.96  304.8   11.4      --
111  04/06/2020  1400    60.1   27.0     9.9     0.000   0   28.07  301.3   13.1      --
112  04/06/2020  1500    61.2   26.9    11.5     0.000   0   26.98  298.5   14.8      --
113  04/06/2020  1600    61.7   26.4    13.2     0.000   0   25.85  296.4   16.5    8618
114  04/06/2020  1700    61.9   25.0    14.9     0.000   0   24.35  300.2   18.6      --
115  04/06/2020  1800    59.2   24.5    16.7     0.000   0   26.17  303.2   20.7      --
116  04/06/2020  1900    53.7   24.9    18.4     0.000   0   32.49  305.6   22.9      --
117  04/06/2020  2000    50.7   25.5    20.2     0.000   0   37.20  307.7   25.1      --
118  04/06/2020  2100    48.4   26.2    21.9     0.000   0   41.76  309.4   27.3      --
119  04/06/2020  2200    46.0   27.0    23.6     0.000   0   47.02  310.8   29.5    6844
120  04/06/2020  2300    43.0   27.7    21.1     0.000   0   54.40  308.1   27.0      --
121  04/07/2020  0000    41.3   28.4    18.5     0.000   0   59.73  304.9   24.5      --
122  04/07/2020  0100    39.7   29.0    15.9     0.000   0   65.19  300.9   22.2      --
123  04/07/2020  0200    38.2   29.4    13.4     0.000   0   70.44  296.1   19.9      --
124  04/07/2020  0300    36.8   31.0    10.8     0.000   0   79.17  290.0   17.9      --
125  04/07/2020  0400    35.7   31.4     8.3     0.000   0   84.15  282.5   16.0  no_inv
126  04/07/2020  0500    34.7   30.9     7.4     0.000   0   85.65  281.8   14.4      --
127  04/07/2020  0600    34.2   29.6     6.5     0.000   0   82.77  280.9   12.8      --
128  04/07/2020  0700    35.2   28.7     5.6     0.000   0   77.00  279.7   11.2      --
129  04/07/2020  0800    37.7   27.9     4.7     0.000   0   67.52  278.2    9.6      --
130  04/07/2020  0900    41.8   27.0     3.8     0.000   0   55.34  276.0    8.1      --
131  04/07/2020  1000    47.1   26.0     3.0     0.000   0   43.45  272.8    6.5    5336
132  04/07/2020  1100    52.7   25.1     2.8     0.000   0   33.95  277.6    6.1      --
133  04/07/2020  1200    57.3   24.2     2.8     0.000   0   27.61  282.8    5.8      --
134  04/07/2020  1300    60.8   23.4     2.7     0.000   0   23.60  288.7    5.6      --
135  04/07/2020  1400    62.6   22.8     2.5     0.000   0   21.58  295.0    5.4      --
136  04/07/2020  1500    63.5   22.4     2.4     0.000   0   20.59  301.7    5.2      --
137  04/07/2020  1600    64.0   22.3     2.3     0.000   0   20.17  308.7    5.2    8856
138  04/07/2020  1700    64.0   22.3     3.5     0.000   0   20.13  312.2    6.3      --
139  04/07/2020  1800    61.6   22.3     4.7     0.000   0   21.98  314.6    7.4      --
140  04/07/2020  1900    56.5   23.3     5.8     0.000   0   27.39  316.4    8.6      --
141  04/07/2020  2000    53.7   23.9     7.0     0.000   0   31.13  317.8    9.7      --
142  04/07/2020  2100    51.3   24.5     8.2     0.000   0   34.77  318.8   10.9      --
143  04/07/2020  2200    49.0   24.5     9.3     0.000   0   38.03  319.7   12.0     121
144  04/07/2020  2300    46.2   24.6     9.9     0.000   0   42.46  334.6   10.6      --
145  04/08/2020  0000    44.6   24.5    10.6     0.000   0   44.81  352.4   10.1      --
146  04/08/2020  0100    43.1   24.3    11.2     0.000   0   47.07   10.4   10.5      --
147  04/08/2020  0200    41.8   24.1    11.8     0.000   0   49.16   25.4   11.9      --
148  04/08/2020  0300    40.7   22.8    12.4     0.000   0   48.51   36.7   13.9      --
149  04/08/2020  0400    39.7   22.8    13.1     0.000   0   50.33   45.0   16.4     179
150  04/08/2020  0500    39.0   24.2    11.1     0.000   0   55.04   45.8   14.1      --
151  04/08/2020  0600    38.6   24.7     9.2     0.000   0   57.01   47.0   12.0      --
152  04/08/2020  0700    39.4   24.8     7.3     0.000   0   55.54   48.7    9.8      --
153  04/08/2020  0800    41.5   27.0     5.4     0.000   0   55.99   51.3    7.6      --
154  04/08/2020  0900    45.2   27.0     3.5     0.000   0   48.75   56.1    5.4      --
155  04/08/2020  1000    49.9   27.0     1.5     0.000   0   40.81   66.8    3.4    5716
156  04/08/2020  1100    55.1   27.0     1.8     0.000   0   33.74   86.3    2.0      --
157  04/08/2020  1200    60.1   27.0     2.0     0.000   0   28.16  137.3    1.5      --
158  04/08/2020  1300    64.0   27.0     2.3     0.000   0   24.54  181.9    2.3      --
159  04/08/2020  1400    66.1   27.0     2.5     0.000   0   22.82  198.2    3.6      --
160  04/08/2020  1500    67.1   27.0     2.8     0.000   0   22.01  205.3    5.2      --
161  04/08/2020  1600    67.7   27.0     3.0     0.000   0   21.60  209.1    6.7    6306
162  04/08/2020  1700    67.8   27.0     4.0     0.000   0   21.51  226.1    6.3      --
163  04/08/2020  1800    65.9   27.0     5.0     0.000   0   22.98  243.6    6.5      --
164  04/08/2020  1900    62.0   27.6     5.9     0.000   0   27.02  258.9    7.2      --
165  04/08/2020  2000    59.8   28.3     6.9     0.000   0   29.94  270.6    8.4      --
166  04/08/2020  2100    57.5   29.0     7.9     0.000   0   33.42  279.3    9.8      --
167  04/08/2020  2200    55.2   29.0     8.9     0.000   0   36.50  285.7   11.3     738
