  Generated by FoxLW on Thursday April 2, 2020 at 02:32 PDT
-------------------------------------------------------------------------------
  WSU Mt Vernon
  48.4400:-122.3900  (48 26' 24.00"N  122 23' 24.00"W)  elev 19.7 feet    file: 330101
-------------------------------------------------------------------------------

Line#   Date     Hour   TempF  DewPtF WS(mph)  Rain(in) LW    RH%  WDir_50m WS_50m Inv(ft)
  5  04/02/2020  0400    35.5   24.2     2.4     0.000   0   63.13  130.2    8.8  no_inv
  6  04/02/2020  0500    35.2   24.3     2.5     0.000   0   64.22  136.3    8.0      --
  7  04/02/2020  0600    34.9   28.6     2.6     0.000   0   77.44  143.6    7.3      --
  8  04/02/2020  0700    35.0   28.6     2.6     0.000   0   77.16  152.3    6.8      --
  9  04/02/2020  0800    35.4   28.6     2.7     0.000   0   75.92  162.3    6.4      --
 10  04/02/2020  0900    35.8   30.0     2.8     0.000   0   79.24  173.1    6.2      --
 11  04/02/2020  1000    36.0   31.9     2.8     0.050   8   84.85  184.0    6.3    1444
 12  04/02/2020  1100    38.3   30.4     4.1     0.000   5   72.97  203.2    6.1      --
 13  04/02/2020  1200    41.9   28.6     5.2     0.000   0   58.94  221.5    6.6      --
 14  04/02/2020  1300    44.2   28.9     6.4     0.000   0   54.52  236.0    7.7      --
 15  04/02/2020  1400    45.7   29.0     7.6     0.000   0   51.77  246.5    9.1      --
 16  04/02/2020  1500    46.6   29.4     8.8     0.000   0   50.93  254.0   10.7      --
 17  04/02/2020  1600    47.2   29.8    10.0     0.000   0   50.53  259.4   12.5  no_inv
 18  04/02/2020  1700    46.9   29.8     8.9     0.000   0   50.97  260.4   12.7      --
 19  04/02/2020  1800    46.5   29.5     7.7     0.000   0   51.41  261.4   12.9      --
 20  04/02/2020  1900    45.5   29.9     6.6     0.000   0   54.08  262.4   13.1      --
 21  04/02/2020  2000    45.0   29.9     5.4     0.000   0   55.08  263.3   13.3      --
 22  04/02/2020  2100    42.7   29.8     4.2     0.000   0   60.11  264.2   13.5      --
 23  04/02/2020  2200    40.3   29.3     3.1     0.000   0   64.33  265.1   13.7  no_inv
 24  04/02/2020  2300    39.7   31.4     3.1     0.000   0   71.96  253.0   11.8      --
 25  04/03/2020  0000    39.3   33.4     3.2     0.010   0   79.13  237.4   10.6      --
 26  04/03/2020  0100    38.9   33.1     3.2     0.000   0   79.48  219.6   10.4      --
 27  04/03/2020  0200    38.5   32.9     3.3     0.000   0   79.82  202.6   11.2      --
 28  04/03/2020  0300    38.2   32.6     3.3     0.000   0   80.12  188.9   12.7      --
 29  04/03/2020  0400    37.9   33.2     3.4     0.010   0   82.89  178.6   14.9    7228
 30  04/03/2020  0500    37.1   31.3     4.2     0.000   0   79.40  189.0   14.0      --
 31  04/03/2020  0600    36.5   33.0     5.0     0.060  10   87.24  200.4   13.6      --
 32  04/03/2020  0700    36.7   32.9     5.8     0.010   5   85.95  211.9   13.8      --
 33  04/03/2020  0800    37.2   33.4     6.6     0.000   0   86.13  222.7   14.5      --
 34  04/03/2020  0900    37.1   33.2     7.4     0.000   0   85.83  232.2   15.7      --
 35  04/03/2020  1000    37.0   33.4     8.3     0.130  10   86.66  240.2   17.2    8747
 36  04/03/2020  1100    38.3   32.3     9.0     0.000   5   78.55  244.9   16.9      --
 37  04/03/2020  1200    43.3   28.7     9.7     0.000   0   55.90  249.6   16.6      --
 38  04/03/2020  1300    46.8   28.4    10.5     0.000   0   48.55  254.5   16.5      --
 39  04/03/2020  1400    48.5   28.4    11.2     0.000   0   45.53  259.5   16.5      --
 40  04/03/2020  1500    49.3   28.5    11.9     0.000   0   44.24  264.4   16.6      --
 41  04/03/2020  1600    49.5   28.5    12.7     0.000   0   44.13  269.2   16.8    8719
 42  04/03/2020  1700    48.2   29.0    10.7     0.000   0   47.06  267.8   14.6      --
 43  04/03/2020  1800    47.6   29.1     8.8     0.000   0   48.44  266.0   12.4      --
 44  04/03/2020  1900    46.3   29.5     6.8     0.000   0   51.74  263.3   10.2      --
 45  04/03/2020  2000    45.6   29.6     4.8     0.000   0   53.21  259.1    8.0      --
 46  04/03/2020  2100    43.2   31.1     2.9     0.000   0   61.90  251.9    5.9      --
 47  04/03/2020  2200    40.9   34.3     0.9     0.010   0   76.98  237.5    4.0    7756
 48  04/03/2020  2300    39.2   33.4     1.2     0.000   0   79.27  219.3    3.4      --
 49  04/04/2020  0000    38.8   33.0     1.6     0.000   0   79.71  196.4    3.2      --
 50  04/04/2020  0100    39.2   33.2     1.9     0.010   0   78.88  174.5    3.5      --
 51  04/04/2020  0200    37.8   32.5     2.2     0.000   0   80.88  158.4    4.3      --
 52  04/04/2020  0300    37.4   32.2     2.5     0.000   0   81.36  147.7    5.2      --
 53  04/04/2020  0400    37.9   32.6     2.9     0.010   0   81.09  140.4    6.3    6400
 54  04/04/2020  0500    36.3   30.6     2.6     0.000   0   79.75  135.6    5.0      --
 55  04/04/2020  0600    36.1   30.5     2.4     0.000   0   80.00  127.5    3.8      --
 56  04/04/2020  0700    36.9   30.5     2.1     0.000   0   77.22  112.1    2.7      --
 57  04/04/2020  0800    37.5   30.5     1.9     0.000   0   75.71   81.7    2.0      --
 58  04/04/2020  0900    38.2   33.1     1.6     0.000   0   81.59   42.4    2.1      --
 59  04/04/2020  1000    40.2   32.0     1.4     0.000   0   72.36   17.8    3.0    7705
 60  04/04/2020  1100    42.4   31.5     1.9     0.000   0   65.26    3.4    3.8      --
 61  04/04/2020  1200    46.4   31.1     2.4     0.000   0   54.97  354.4    4.8      --
 62  04/04/2020  1300    50.1   30.8     3.0     0.000   0   47.27  348.4    5.8      --
 63  04/04/2020  1400    52.2   30.5     3.5     0.000   0   43.32  344.3    6.9      --
 64  04/04/2020  1500    53.2   30.4     4.0     0.000   0   41.43  341.3    8.0      --
 65  04/04/2020  1600    53.7   30.3     4.6     0.000   0   40.56  339.0    9.1  no_inv
 66  04/04/2020  1700    53.8   30.2     4.4     0.000   0   40.29  347.3    8.3      --
 67  04/04/2020  1800    53.0   30.0     4.3     0.000   0   41.08  357.1    7.7      --
 68  04/04/2020  1900    51.3   30.5     4.1     0.000   0   44.53    8.1    7.4      --
 69  04/04/2020  2000    50.4   30.5     4.0     0.000   0   46.05   19.5    7.4      --
 70  04/04/2020  2100    48.1   30.5     3.8     0.000   0   50.25   30.7    7.6      --
 71  04/04/2020  2200    45.8   30.5     3.7     0.000   0   54.88   40.7    8.1     755
 72  04/04/2020  2300    42.6   30.5     3.9     0.000   0   61.98   31.4    7.7      --
 73  04/05/2020  0000    40.1   30.5     4.2     0.000   0   68.22   21.2    7.5      --
 74  04/05/2020  0100    37.8   30.5     4.4     0.000   0   74.49   10.8    7.5      --
 75  04/05/2020  0200    35.9   30.5     4.7     0.000   0   80.53    0.6    7.7      --
 76  04/05/2020  0300    34.2   30.5     4.9     0.000   0   86.06  351.5    8.2      --
 77  04/05/2020  0400    32.9   30.3     5.2     0.000   0   90.12  343.5    8.9     752
 78  04/05/2020  0500    31.9   30.5     4.9     0.000   5   94.53  340.4    8.7      --
 79  04/05/2020  0600    31.4   30.5     4.7     0.000  10   96.37  337.1    8.6      --
 80  04/05/2020  0700    32.5   30.5     4.5     0.000   5   92.11  333.8    8.4      --
 81  04/05/2020  0800    35.6   30.5     4.2     0.000   0   81.29  330.4    8.3      --
 82  04/05/2020  0900    40.4   35.9     4.0     0.000   0   83.59  326.9    8.2      --
 83  04/05/2020  1000    45.8   36.4     3.8     0.000   0   69.59  323.3    8.2  no_inv
 84  04/05/2020  1100    49.8   32.3     4.8     0.000   0   50.87  326.2    9.4      --
 85  04/05/2020  1200    52.3   33.7     5.9     0.000   0   48.97  328.4   10.6      --
 86  04/05/2020  1300    53.5   35.4     7.0     0.000   0   50.12  330.2   11.9      --
 87  04/05/2020  1400    53.9   36.4     8.0     0.000   0   51.53  331.6   13.1      --
 88  04/05/2020  1500    53.8   37.0     9.1     0.000   0   52.83  332.8   14.3      --
 89  04/05/2020  1600    53.0   37.2    10.2     0.000   0   54.77  333.8   15.6  no_inv
 90  04/05/2020  1700    51.1   37.2     9.4     0.000   0   58.88  326.1   13.9      --
 91  04/05/2020  1800    47.7   36.9     8.6     0.000   0   66.04  316.6   12.6      --
 92  04/05/2020  1900    40.6   37.2     7.9     0.000   0   87.35  305.2   11.7      --
 93  04/05/2020  2000    36.8   36.5     7.1     0.000   5   98.88  292.5   11.3      --
 94  04/05/2020  2100    34.4   34.4     6.3     0.000  10  100.00  279.5   11.4      --
 95  04/05/2020  2200    32.1   32.0     5.6     0.000  10   99.52  267.5   12.2     860
 96  04/05/2020  2300    31.5   31.1     5.6     0.000  10   98.36  276.4   11.1      --
 97  04/06/2020  0000    31.4   30.8     5.5     0.000  10   97.65  286.9   10.3      --
 98  04/06/2020  0100    28.7   27.8     0.4     0.000  10   96.37  298.6    9.9      --
 99  04/06/2020  0200    28.7   27.8     0.4     0.000  10   96.37  310.6   10.0      --
100  04/06/2020  0300    28.7   27.8     0.4     0.000  10   96.37  322.1   10.5      --
101  04/06/2020  0400    28.7   27.8     0.4     0.000  10   96.37  332.1   11.4     942
102  04/06/2020  0500    28.7   27.8     0.4     0.000  10   96.37  327.3   11.1      --
103  04/06/2020  0600    28.7   27.9     0.9     0.000  10   96.61  322.3   10.9      --
104  04/06/2020  0700    29.2   28.8     2.8     0.000  10   98.68  317.2   10.8      --
105  04/06/2020  0800    31.6   31.5     5.0     0.000  10   99.41  312.0   10.8      --
106  04/06/2020  0900    37.1   32.9     6.9     0.000   5   84.41  306.8   10.8      --
107  04/06/2020  1000    42.4   34.4     7.2     0.000   0   73.01  301.7   11.0    6239
108  04/06/2020  1100    46.7   35.5     6.5     0.000   0   64.73  300.7   10.2      --
109  04/06/2020  1200    49.2   35.8     5.8     0.000   0   59.90  299.4    9.4      --
110  04/06/2020  1300    51.0   35.8     5.0     0.000   0   55.87  297.9    8.6      --
111  04/06/2020  1400    52.0   35.9     4.3     0.000   0   54.01  296.1    7.9      --
112  04/06/2020  1500    52.6   35.9     3.6     0.000   0   52.89  293.9    7.1      --
113  04/06/2020  1600    53.0   36.0     2.9     0.000   0   52.32  291.2    6.4    7956
114  04/06/2020  1700    53.1   36.1     2.7     0.000   0   52.27  288.8    6.7      --
115  04/06/2020  1800    51.5   36.1     2.6     0.000   0   55.44  286.6    7.1      --
116  04/06/2020  1900    48.3   36.0     2.4     0.000   0   62.08  284.7    7.5      --
117  04/06/2020  2000    46.6   36.0     2.1     0.000   0   66.40  283.0    7.9      --
118  04/06/2020  2100    44.2   36.0     1.8     0.000   0   72.62  281.4    8.3      --
119  04/06/2020  2200    41.9   36.0     1.5     0.000   0   79.51  280.0    8.7    1119
120  04/06/2020  2300    39.8   36.0     1.2     0.000   5   86.23  263.7    6.7      --
121  04/07/2020  0000    38.8   36.1     1.0     0.000  10   89.85  237.7    5.6      --
122  04/07/2020  0100    37.2   36.1     0.7     0.000  10   95.66  208.0    5.9      --
123  04/07/2020  0200    35.8   34.9     0.4     0.000  10   96.49  186.4    7.5      --
124  04/07/2020  0300    34.6   33.7     0.4     0.000  10   96.47  173.6    9.8      --
125  04/07/2020  0400    33.7   32.8     0.4     0.000  10   96.45  165.8   12.3    1175
126  04/07/2020  0500    33.0   32.0     0.4     0.000  10   96.44  168.3   11.4      --
127  04/07/2020  0600    32.6   31.9     1.0     0.000  10   97.13  171.4   10.4      --
128  04/07/2020  0700    33.2   33.0     1.8     0.000  10   99.40  175.0    9.5      --
129  04/07/2020  0800    34.8   34.8     2.6     0.000  10  100.00  179.4    8.6      --
130  04/07/2020  0900    37.5   37.5     3.1     0.000  10   99.92  184.8    7.8      --
131  04/07/2020  1000    41.1   39.3     3.2     0.000  10   93.32  191.3    7.1    6454
132  04/07/2020  1100    45.0   40.5     4.3     0.000   5   84.08  209.2    4.6      --
133  04/07/2020  1200    49.2   41.0     5.4     0.000   0   73.29  250.5    3.3      --
134  04/07/2020  1300    52.2   39.3     6.6     0.000   0   61.41  294.6    4.3      --
135  04/07/2020  1400    53.7   37.4     7.7     0.000   0   53.93  314.4    6.7      --
136  04/07/2020  1500    54.4   35.5     8.8     0.000   0   48.81  323.4    9.5      --
137  04/07/2020  1600    54.6   34.5     9.9     0.000   0   46.31  328.2   12.4    7328
138  04/07/2020  1700    54.5   34.5     8.4     0.000   0   46.56  328.9   10.9      --
139  04/07/2020  1800    50.5   34.5     6.9     0.000   0   54.09  329.8    9.4      --
140  04/07/2020  1900    42.3   36.4     5.4     0.000   0   79.44  331.0    8.0      --
141  04/07/2020  2000    37.8   37.5     0.7     0.000   5   99.07  332.8    6.5      --
142  04/07/2020  2100    35.4   34.2     0.4     0.000  10   95.33  335.5    5.0      --
143  04/07/2020  2200    33.1   32.2     0.4     0.000  10   96.44  340.6    3.6    5739
144  04/07/2020  2300    32.6   31.7     0.4     0.000  10   96.44  336.4    2.3      --
145  04/08/2020  0000    32.6   31.7     0.4     0.000  10   96.44  321.0    1.0      --
146  04/08/2020  0100    32.6   31.7     0.4     0.000  10   96.44  213.5    0.6      --
147  04/08/2020  0200    32.6   31.7     0.4     0.000  10   96.44  182.1    1.8      --
148  04/08/2020  0300    32.6   31.7     0.4     0.000  10   96.44  176.1    3.1      --
149  04/08/2020  0400    32.6   31.7     0.4     0.000  10   96.44  173.6    4.5    1442
150  04/08/2020  0500    32.6   31.7     0.4     0.000  10   96.44  191.8    3.0      --
151  04/08/2020  0600    32.6   31.8     0.6     0.000  10   96.65  229.5    2.3      --
152  04/08/2020  0700    33.1   32.5     1.2     0.000  10   97.93  269.8    2.8      --
153  04/08/2020  0800    35.5   35.3     2.1     0.000  10   99.29  290.3    4.2      --
154  04/08/2020  0900    40.8   35.4     3.0     0.000   5   81.08  300.1    5.9      --
155  04/08/2020  1000    46.0   36.5     3.5     0.000   0   69.27  305.5    7.6    4211
156  04/08/2020  1100    51.1   37.3     3.4     0.000   0   59.09  307.1    7.5      --
157  04/08/2020  1200    54.8   37.6     3.3     0.000   0   52.12  308.8    7.3      --
158  04/08/2020  1300    57.4   37.6     3.3     0.000   0   47.49  310.5    7.2      --
159  04/08/2020  1400    58.5   37.5     3.2     0.000   0   45.36  312.3    7.1      --
160  04/08/2020  1500    59.1   37.2     3.2     0.000   0   44.06  314.2    7.0      --
161  04/08/2020  1600    59.2   36.9     3.1     0.000   0   43.30  316.1    6.9    5727
162  04/08/2020  1700    59.0   36.7     3.0     0.000   0   43.26  298.9    4.9      --
163  04/08/2020  1800    54.2   36.6     2.9     0.000   0   51.25  266.0    3.8      --
164  04/08/2020  1900    44.4   37.1     2.8     0.000   0   75.52  228.5    4.3      --
165  04/08/2020  2000    39.0   37.5     0.6     0.000   5   94.47  206.5    6.1      --
166  04/08/2020  2100    36.6   35.9     0.4     0.000  10   97.04  195.4    8.4      --
167  04/08/2020  2200    34.3   33.4     0.4     0.000  10   96.46  189.1   10.8     777
