  Generated by FoxLW on Thursday April 2, 2020 at 02:32 PDT
-------------------------------------------------------------------------------
  WSU Sunrise
  47.3100:-120.0700  (47 18' 36.00"N  120 4' 12.00"W)  elev 895.7 feet    file: 330115
-------------------------------------------------------------------------------

Line#   Date     Hour   TempF  DewPtF WS(mph)  Rain(in) LW    RH%  WDir_50m WS_50m Inv(ft)
  5  04/02/2020  0400    27.0   17.3     4.0     0.000   0   66.38   15.0    9.1     118
  6  04/02/2020  0500    26.6   17.6     3.5     0.000   0   68.32   18.5    7.7      --
  7  04/02/2020  0600    26.3   23.0     3.1     0.000   5   87.01   23.4    6.3      --
  8  04/02/2020  0700    27.0   27.0     2.6     0.000  10  100.00   31.2    4.9      --
  9  04/02/2020  0800    29.2   29.2     2.2     0.000  10  100.00   44.3    3.8      --
 10  04/02/2020  0900    32.5   32.5     1.7     0.000  10  100.00   66.8    2.9      --
 11  04/02/2020  1000    36.0   34.1     1.2     0.000  10   92.92   98.1    2.8  no_inv
 12  04/02/2020  1100    38.1   34.1     1.2     0.000  10   85.41  106.7    2.2      --
 13  04/02/2020  1200    39.2   34.1     1.1     0.000   5   81.88  120.1    1.8      --
 14  04/02/2020  1300    39.9   34.1     1.1     0.000   0   79.69  140.5    1.5      --
 15  04/02/2020  1400    40.2   34.1     1.0     0.000   0   78.62  166.1    1.4      --
 16  04/02/2020  1500    40.0   35.1     1.0     0.000   0   82.34  188.8    1.7      --
 17  04/02/2020  1600    39.7   36.1     0.9     0.130  10   86.81  204.1    2.1    1078
 18  04/02/2020  1700    39.5   35.9     3.3     0.000   5   86.77  264.4    4.4      --
 19  04/02/2020  1800    38.5   34.9     5.8     0.030   0   86.68  277.4    8.1      --
 20  04/02/2020  1900    38.2   34.6     8.2     0.000   0   86.69  282.2   11.8      --
 21  04/02/2020  2000    36.9   33.8    10.6     0.000   0   88.20  284.8   15.6      --
 22  04/02/2020  2100    35.2   31.8    13.1     0.000   0   87.55  286.3   19.5      --
 23  04/02/2020  2200    35.4   33.9    15.5     0.010   0   94.11  287.3   23.3     759
 24  04/02/2020  2300    34.5   32.4    15.8     0.000   0   91.91  288.9   23.7      --
 25  04/03/2020  0000    33.7   30.6    16.2     0.000   0   88.24  290.5   24.1      --
 26  04/03/2020  0100    33.1   28.3    16.5     0.000   0   82.55  292.0   24.5      --
 27  04/03/2020  0200    32.5   25.3    16.9     0.000   0   74.36  293.5   24.9      --
 28  04/03/2020  0300    32.0   21.1    17.3     0.000   0   63.51  294.9   25.4      --
 29  04/03/2020  0400    31.6   15.7    17.6     0.000   0   51.09  296.3   25.8     784
 30  04/03/2020  0500    31.4   15.5    15.9     0.000   0   51.20  298.1   23.2      --
 31  04/03/2020  0600    31.2   15.7    14.1     0.000   0   52.15  300.4   20.7      --
 32  04/03/2020  0700    31.8   16.1    12.4     0.000   0   51.78  303.3   18.2      --
 33  04/03/2020  0800    33.5   18.0    10.6     0.000   0   52.56  307.1   15.8      --
 34  04/03/2020  0900    36.5   17.1     8.8     0.000   0   44.90  312.3   13.4      --
 35  04/03/2020  1000    40.1   17.7     7.1     0.000   0   39.89  319.5   11.3  no_inv
 36  04/03/2020  1100    43.8   18.3     8.4     0.000   0   35.50  312.6   12.7      --
 37  04/03/2020  1200    46.7   18.9     9.6     0.000   0   32.63  307.1   14.3      --
 38  04/03/2020  1300    48.6   19.9    10.9     0.000   0   31.69  302.8   16.0      --
 39  04/03/2020  1400    49.5   20.4    12.2     0.000   0   31.35  299.3   17.7      --
 40  04/03/2020  1500    49.9   20.6    13.5     0.000   0   31.13  296.4   19.5      --
 41  04/03/2020  1600    50.0   20.4    14.8     0.000   0   30.82  294.0   21.4  no_inv
 42  04/03/2020  1700    49.8   20.3    15.1     0.000   0   30.89  296.8   21.6      --
 43  04/03/2020  1800    47.6   20.1    15.3     0.000   0   33.13  299.5   21.9      --
 44  04/03/2020  1900    43.3   19.8    15.5     0.000   0   38.67  302.1   22.2      --
 45  04/03/2020  2000    40.8   19.5    15.8     0.000   0   41.92  304.7   22.6      --
 46  04/03/2020  2100    38.5   19.2    16.0     0.000   0   45.37  307.1   23.0      --
 47  04/03/2020  2200    36.2   19.0    16.2     0.000   0   49.16  309.5   23.5  no_inv
 48  04/03/2020  2300    34.0   18.7    14.3     0.000   0   52.91  310.1   21.2      --
 49  04/04/2020  0000    33.0   18.4    12.4     0.000   0   54.57  310.8   18.9      --
 50  04/04/2020  0100    31.9   19.7    10.6     0.000   0   60.06  311.8   16.6      --
 51  04/04/2020  0200    31.0   20.0     8.7     0.000   0   63.43  313.0   14.4      --
 52  04/04/2020  0300    30.1   20.3     6.8     0.000   0   66.68  314.7   12.1      --
 53  04/04/2020  0400    29.3   20.6     4.9     0.000   0   69.59  317.2    9.8    7876
 54  04/04/2020  0500    28.6   20.7     4.3     0.000   0   71.96  320.7    8.0      --
 55  04/04/2020  0600    28.1   21.0     3.8     0.000   0   74.08  326.2    6.2      --
 56  04/04/2020  0700    28.7   21.0     3.2     0.000   0   72.53  336.1    4.4      --
 57  04/04/2020  0800    30.3   21.0     2.6     0.000   0   67.73  356.7    3.0      --
 58  04/04/2020  0900    33.2   16.1     2.0     0.000   0   48.79   36.4    2.4      --
 59  04/04/2020  1000    37.1   15.4     1.4     0.000   0   40.65   73.4    3.2    6470
 60  04/04/2020  1100    41.5   14.8     1.6     0.000   0   33.29   88.2    3.2      --
 61  04/04/2020  1200    46.2   14.2     1.8     0.000   0   27.15  102.0    3.5      --
 62  04/04/2020  1300    49.9   13.7     2.0     0.000   0   23.13  113.4    3.9      --
 63  04/04/2020  1400    51.8   13.3     2.2     0.000   0   21.13  122.5    4.4      --
 64  04/04/2020  1500    52.8   13.1     2.3     0.000   0   20.16  129.4    5.0      --
 65  04/04/2020  1600    53.3   13.0     2.5     0.000   0   19.72  134.8    5.7    9337
 66  04/04/2020  1700    53.4   13.2     3.8     0.000   0   19.85  122.0    2.8      --
 67  04/04/2020  1800    52.3   13.8     5.0     0.000   0   21.24   33.8    1.2      --
 68  04/04/2020  1900    50.1   14.9     6.2     0.000   0   24.16  344.9    3.7      --
 69  04/04/2020  2000    48.9   17.4     7.5     0.000   0   28.18  336.7    6.6      --
 70  04/04/2020  2100    46.5   19.7     8.8     0.000   0   33.97  333.5    9.6      --
 71  04/04/2020  2200    44.2   21.3    10.0     0.000   0   39.81  331.9   12.6    9219
 72  04/04/2020  2300    42.5   22.9     9.2     0.000   0   45.46  333.1   12.3      --
 73  04/05/2020  0000    41.6   24.5     8.4     0.000   0   50.23  334.3   12.1      --
 74  04/05/2020  0100    40.8   24.0     7.6     0.000   0   50.84  335.6   11.9      --
 75  04/05/2020  0200    40.1   21.2     6.8     0.000   0   46.56  336.9   11.6      --
 76  04/05/2020  0300    39.5   18.4     5.9     0.000   0   42.09  338.3   11.4      --
 77  04/05/2020  0400    39.9   16.5     5.1     0.000   0   38.08  339.8   11.2    4803
 78  04/05/2020  0500    38.7   13.5     4.7     0.000   0   35.04  344.1   10.0      --
 79  04/05/2020  0600    38.5   13.5     4.3     0.000   0   35.31  349.5    8.9      --
 80  04/05/2020  0700    38.6   13.5     3.9     0.000   0   35.20  356.5    7.8      --
 81  04/05/2020  0800    39.0   18.9     3.5     0.000   0   43.75    5.3    7.0      --
 82  04/05/2020  0900    39.9   24.3     3.1     0.000   0   53.16   16.3    6.3      --
 83  04/05/2020  1000    41.2   28.6     2.7     0.000   0   60.51   29.3    5.9    4787
 84  04/05/2020  1100    43.6   28.6     2.3     0.000   0   55.15   30.3    4.8      --
 85  04/05/2020  1200    47.4   28.6     1.9     0.000   0   47.76   31.8    3.8      --
 86  04/05/2020  1300    51.0   28.6     1.5     0.000   0   41.78   34.6    2.7      --
 87  04/05/2020  1400    53.3   28.6     1.1     0.000   0   38.44   41.0    1.6      --
 88  04/05/2020  1500    54.9   28.6     0.7     0.000   0   36.24   68.8    0.6      --
 89  04/05/2020  1600    56.0   28.6     0.3     0.000   0   34.89  169.4    0.8  no_inv
 90  04/05/2020  1700    56.2   28.6     2.8     0.000   0   34.66  296.0    3.0      --
 91  04/05/2020  1800    55.0   28.7     5.3     0.000   0   36.27  301.5    6.4      --
 92  04/05/2020  1900    52.5   30.6     7.7     0.000   0   42.83  303.1    9.9      --
 93  04/05/2020  2000    51.2   30.8    10.2     0.000   0   45.48  303.9   13.3      --
 94  04/05/2020  2100    48.8   29.0    12.6     0.000   0   46.10  304.4   16.8      --
 95  04/05/2020  2200    46.5   29.2    15.1     0.000   0   50.63  304.7   20.2    1047
 96  04/05/2020  2300    45.2   29.3    13.7     0.000   0   53.43  308.9   19.2      --
 97  04/06/2020  0000    44.4   29.5    12.4     0.000   0   55.53  313.5   18.4      --
 98  04/06/2020  0100    43.5   31.1    11.0     0.000   0   61.30  318.6   17.6      --
 99  04/06/2020  0200    42.8   31.7     9.7     0.000   0   64.61  324.1   17.0      --
100  04/06/2020  0300    42.1   31.7     8.3     0.000   0   66.50  329.9   16.5      --
101  04/06/2020  0400    41.5   30.7     6.9     0.000   0   65.15  336.0   16.3    1183
102  04/06/2020  0500    41.0   30.2     6.6     0.000   0   65.22  333.7   15.2      --
103  04/06/2020  0600    40.7   29.8     6.2     0.000   0   64.64  331.0   14.1      --
104  04/06/2020  0700    41.1   29.3     5.9     0.000   0   62.43  328.0   13.0      --
105  04/06/2020  0800    42.3   28.1     5.6     0.000   0   56.86  324.4   12.0      --
106  04/06/2020  0900    44.4   27.4     5.2     0.000   0   50.92  320.2   11.1      --
107  04/06/2020  1000    47.1   26.5     4.8     0.000   0   44.38  315.2   10.2  no_inv
108  04/06/2020  1100    50.2   25.7     7.0     0.000   0   38.25  314.6   12.8      --
109  04/06/2020  1200    53.6   25.0     9.2     0.000   0   32.68  314.2   15.4      --
110  04/06/2020  1300    56.1   24.8    11.4     0.000   0   29.63  314.0   18.1      --
111  04/06/2020  1400    57.4   24.4    13.6     0.000   0   27.89  313.8   20.7      --
112  04/06/2020  1500    57.9   23.6    15.7     0.000   0   26.39  313.6   23.3      --
113  04/06/2020  1600    58.1   23.4    17.9     0.000   0   25.97  313.5   25.9      96
114  04/06/2020  1700    58.0   23.4    18.5     0.000   0   26.12  313.3   27.3      --
115  04/06/2020  1800    55.6   23.5    19.1     0.000   0   28.62  313.2   28.7      --
116  04/06/2020  1900    50.7   23.7    19.8     0.000   0   34.52  313.0   30.0      --
117  04/06/2020  2000    48.0   24.0    20.4     0.000   0   38.58  312.9   31.4      --
118  04/06/2020  2100    45.7   24.3    21.0     0.000   0   42.69  312.8   32.8      --
119  04/06/2020  2200    43.3   24.6    21.6     0.000   0   47.32  312.7   34.1    2835
120  04/06/2020  2300    42.4   25.0    21.9     0.000   0   49.73  312.1   34.4      --
121  04/07/2020  0000    42.5   25.3    22.1     0.000   0   50.13  311.5   34.7      --
122  04/07/2020  0100    42.5   25.5    22.4     0.000   0   50.70  311.0   35.0      --
123  04/07/2020  0200    42.4   25.7    22.6     0.000   0   51.34  310.4   35.3      --
124  04/07/2020  0300    42.2   25.9    22.8     0.000   0   51.99  309.9   35.6      --
125  04/07/2020  0400    42.0   25.9    23.1     0.000   0   52.61  309.3   35.9    1509
126  04/07/2020  0500    41.6   26.0    20.7     0.000   0   53.35  308.9   32.1      --
127  04/07/2020  0600    41.4   26.1    18.4     0.000   0   54.17  308.4   28.4      --
128  04/07/2020  0700    42.0   26.3    16.0     0.000   0   53.42  307.6   24.6      --
129  04/07/2020  0800    43.5   26.5    13.6     0.000   0   50.75  306.7   20.9      --
130  04/07/2020  0900    46.2   26.8    11.3     0.000   0   46.45  305.3   17.1      --
131  04/07/2020  1000    49.6   27.1     8.9     0.000   0   41.39  303.2   13.4    6171
132  04/07/2020  1100    53.3   27.4     9.6     0.000   0   36.61  303.4   14.5      --
133  04/07/2020  1200    56.8   27.7    10.3     0.000   0   32.58  303.6   15.6      --
134  04/07/2020  1300    59.4   28.4    11.0     0.000   0   30.49  303.7   16.6      --
135  04/07/2020  1400    60.7   28.8    11.7     0.000   0   29.64  303.9   17.7      --
136  04/07/2020  1500    61.2   29.0    12.4     0.000   0   29.33  304.0   18.8      --
137  04/07/2020  1600    61.5   29.1    13.1     0.000   0   29.21  304.1   19.9    8857
138  04/07/2020  1700    61.3   29.2    12.4     0.000   0   29.47  305.1   19.6      --
139  04/07/2020  1800    58.5   29.0    11.8     0.000   0   32.36  306.2   19.3      --
140  04/07/2020  1900    52.6   29.4    11.2     0.000   0   40.68  307.3   19.0      --
141  04/07/2020  2000    49.4   29.3    10.6     0.000   0   45.61  308.4   18.7      --
142  04/07/2020  2100    47.0   28.9    10.0     0.000   0   49.00  309.6   18.4      --
143  04/07/2020  2200    44.7   28.4     9.4     0.000   0   52.42  310.8   18.1     924
144  04/07/2020  2300    41.7   27.8     9.0     0.000   0   57.49  315.8   13.9      --
145  04/08/2020  0000    40.1   27.4     8.6     0.000   0   59.92  325.2    9.8      --
146  04/08/2020  0100    38.6   26.9     8.2     0.000   0   62.58  346.2    6.3      --
147  04/08/2020  0200    37.1   26.8     7.8     0.000   0   65.80   31.4    4.9      --
148  04/08/2020  0300    35.8   26.9     7.4     0.000   0   69.82   70.8    7.1      --
149  04/08/2020  0400    34.6   27.2     7.1     0.000   0   74.06   87.8   10.7    5644
150  04/08/2020  0500    33.7   28.0     6.2     0.000   0   79.48   88.5    9.6      --
151  04/08/2020  0600    33.1   28.5     5.3     0.000   0   82.78   89.3    8.5      --
152  04/08/2020  0700    34.1   29.1     4.4     0.000   0   81.76   90.4    7.4      --
153  04/08/2020  0800    36.8   26.3     3.6     0.000   0   65.44   91.9    6.3      --
154  04/08/2020  0900    41.2   26.3     2.7     0.000   0   55.06   94.0    5.2      --
155  04/08/2020  1000    46.9   26.3     1.8     0.000   0   44.23   97.2    4.1    3838
156  04/08/2020  1100    53.2   26.3     1.9     0.000   0   35.10   97.3    4.2      --
157  04/08/2020  1200    58.9   26.3     2.0     0.000   0   28.53   97.3    4.3      --
158  04/08/2020  1300    63.4   26.3     2.0     0.000   0   24.35   97.4    4.5      --
159  04/08/2020  1400    65.8   26.3     2.1     0.000   0   22.36   97.4    4.6      --
160  04/08/2020  1500    67.1   26.3     2.1     0.000   0   21.39   97.5    4.7      --
161  04/08/2020  1600    67.8   26.3     2.2     0.000   0   20.88   97.6    4.8    5684
162  04/08/2020  1700    68.0   26.3     4.1     0.000   0   20.71   23.3    2.7      --
163  04/08/2020  1800    65.2   26.3     6.1     0.000   0   22.85  335.1    6.2      --
164  04/08/2020  1900    59.4   28.3     8.1     0.000   0   30.47  324.2   10.9      --
165  04/08/2020  2000    56.2   28.3    10.1     0.000   0   34.15  319.9   15.6      --
166  04/08/2020  2100    53.8   26.3    12.1     0.000   0   34.27  317.6   20.4      --
167  04/08/2020  2200    51.5   26.3    14.0     0.000   0   37.35  316.2   25.3    2962
