  Generated by FoxLW on Thursday April 2, 2020 at 02:32 PDT
-------------------------------------------------------------------------------
  East Oroville
  48.9800:-119.4100  (48 58' 48.00"N  119 24' 36.00"W)  elev 1496.1 feet    file: 330146
-------------------------------------------------------------------------------

Line#   Date     Hour   TempF  DewPtF WS(mph)  Rain(in) LW    RH%  WDir_50m WS_50m Inv(ft)
  5  04/02/2020  0400    26.5   12.6     4.1     0.000   0   55.15    4.8    8.8    4157
  6  04/02/2020  0500    26.0   12.7     3.5     0.000   0   56.57    3.8    7.7      --
  7  04/02/2020  0600    25.6   17.4     3.0     0.000   0   70.40    2.4    6.5      --
  8  04/02/2020  0700    25.8   17.4     2.5     0.000   0   69.85    0.4    5.4      --
  9  04/02/2020  0800    26.7   17.4     2.0     0.000   0   67.45  357.3    4.2      --
 10  04/02/2020  0900    28.2   17.4     1.5     0.000   0   63.27  352.0    3.1      --
 11  04/02/2020  1000    30.4   17.4     0.9     0.000   0   57.79  341.2    2.1  no_inv
 12  04/02/2020  1100    33.4   17.4     1.4     0.000   0   51.35  286.4    1.2      --
 13  04/02/2020  1200    36.9   17.4     1.9     0.000   0   44.63  230.9    2.1      --
 14  04/02/2020  1300    40.1   17.4     2.4     0.000   0   39.41  215.1    3.6      --
 15  04/02/2020  1400    41.8   17.4     2.9     0.000   0   36.78  208.9    5.2      --
 16  04/02/2020  1500    43.2   17.4     3.4     0.000   0   34.96  205.7    6.9      --
 17  04/02/2020  1600    44.0   17.4     3.9     0.000   0   33.84  203.8    8.5  no_inv
 18  04/02/2020  1700    44.5   17.4     3.4     0.000   0   33.19  206.0    6.8      --
 19  04/02/2020  1800    42.8   17.4     2.9     0.000   0   35.51  209.7    5.2      --
 20  04/02/2020  1900    39.2   17.4     2.5     0.000   0   40.84  216.7    3.5      --
 21  04/02/2020  2000    37.2   17.4     2.0     0.000   0   44.16  234.8    2.1      --
 22  04/02/2020  2100    34.8   17.4     1.5     0.000   0   48.45  290.5    1.3      --
 23  04/02/2020  2200    32.5   17.4     1.0     0.000   0   53.21  339.2    2.3    1758
 24  04/02/2020  2300    30.7   17.4     1.4     0.000   0   57.24  318.8    2.9      --
 25  04/03/2020  0000    30.4   17.4     1.9     0.000   0   57.94  306.6    3.8      --
 26  04/03/2020  0100    30.0   17.4     2.3     0.000   0   58.83  299.3    4.8      --
 27  04/03/2020  0200    29.6   17.4     2.7     0.000   0   59.83  294.4    5.8      --
 28  04/03/2020  0300    29.2   17.4     3.1     0.000   0   60.89  291.1    6.8      --
 29  04/03/2020  0400    28.7   17.4     3.5     0.000   0   61.96  288.6    7.9    1733
 30  04/03/2020  0500    28.3   17.4     4.6     0.000   0   63.01  273.7    7.6      --
 31  04/03/2020  0600    28.0   17.9     5.7     0.000   0   65.20  258.4    7.8      --
 32  04/03/2020  0700    28.5   18.7     6.7     0.000   0   66.03  244.8    8.4      --
 33  04/03/2020  0800    30.2   17.4     7.8     0.000   0   58.50  233.8    9.5      --
 34  04/03/2020  0900    32.8   17.7     8.9     0.000   0   53.28  225.3   10.9      --
 35  04/03/2020  1000    36.2   18.1     9.9     0.000   0   47.37  218.8   12.5  no_inv
 36  04/03/2020  1100    39.2   18.5     9.8     0.000   0   42.74  229.1   10.8      --
 37  04/03/2020  1200    41.4   18.9     9.6     0.000   0   39.85  242.6    9.6      --
 38  04/03/2020  1300    43.1   19.7     9.4     0.000   0   38.71  258.6    9.1      --
 39  04/03/2020  1400    44.0   20.3     9.2     0.000   0   38.44  275.4    9.3      --
 40  04/03/2020  1500    44.5   20.8     9.0     0.000   0   38.40  290.1   10.2      --
 41  04/03/2020  1600    44.8   21.1     8.8     0.000   0   38.60  301.8   11.7  no_inv
 42  04/03/2020  1700    44.8   21.1     8.4     0.000   0   38.66  308.1   11.4      --
 43  04/03/2020  1800    42.4   20.7     8.0     0.000   0   41.49  314.7   11.4      --
 44  04/03/2020  1900    37.6   21.0     7.6     0.000   0   50.60  321.3   11.4      --
 45  04/03/2020  2000    35.0   20.6     7.1     0.000   0   55.36  327.8   11.6      --
 46  04/03/2020  2100    32.7   20.2     6.7     0.000   0   59.75  333.9   11.9      --
 47  04/03/2020  2200    30.3   20.0     6.3     0.000   0   65.15  339.6   12.4    2463
 48  04/03/2020  2300    29.5   20.0     5.9     0.000   0   67.19  341.0   11.7      --
 49  04/04/2020  0000    29.3   20.1     5.4     0.000   0   68.27  342.6   10.9      --
 50  04/04/2020  0100    28.9   20.4     5.0     0.000   0   70.04  344.4   10.2      --
 51  04/04/2020  0200    28.4   20.4     4.5     0.000   0   71.34  346.5    9.5      --
 52  04/04/2020  0300    27.9   20.4     4.1     0.000   0   72.80  349.0    8.8      --
 53  04/04/2020  0400    27.4   20.4     3.6     0.000   0   74.35  351.8    8.1    2989
 54  04/04/2020  0500    26.9   20.4     3.4     0.000   0   75.94  358.9    7.0      --
 55  04/04/2020  0600    26.6   20.4     3.2     0.000   5   77.07    8.3    6.1      --
 56  04/04/2020  0700    28.0   20.4     3.0     0.000   5   72.71   20.7    5.4      --
 57  04/04/2020  0800    31.6   17.7     2.8     0.000   0   55.87   35.9    5.0      --
 58  04/04/2020  0900    37.0   17.7     2.6     0.000   0   45.11   52.3    5.0      --
 59  04/04/2020  1000    42.5   17.7     2.4     0.000   0   36.40   67.5    5.3    8669
 60  04/04/2020  1100    46.0   17.7     2.5     0.000   0   31.83   72.2    5.4      --
 61  04/04/2020  1200    47.3   17.7     2.5     0.000   0   30.33   76.8    5.4      --
 62  04/04/2020  1300    48.2   17.7     2.5     0.000   0   29.30   81.3    5.6      --
 63  04/04/2020  1400    48.7   17.7     2.6     0.000   0   28.82   85.5    5.7      --
 64  04/04/2020  1500    49.0   17.7     2.6     0.000   0   28.51   89.6    5.9      --
 65  04/04/2020  1600    49.1   17.7     2.7     0.000   0   28.35   93.4    6.1  no_inv
 66  04/04/2020  1700    49.1   17.7     3.0     0.000   0   28.42   76.2    5.3      --
 67  04/04/2020  1800    46.9   17.8     3.3     0.000   0   30.98   56.2    5.2      --
 68  04/04/2020  1900    42.4   17.7     3.6     0.000   0   36.60   37.5    5.7      --
 69  04/04/2020  2000    39.9   17.7     3.9     0.000   0   40.27   23.1    6.7      --
 70  04/04/2020  2100    37.6   17.7     4.2     0.000   0   44.13   12.8    8.0      --
 71  04/04/2020  2200    35.2   17.7     4.5     0.000   0   48.40    5.6    9.5    2217
 72  04/04/2020  2300    33.2   17.7     4.9     0.000   0   52.61    8.6    9.7      --
 73  04/05/2020  0000    32.8   17.9     5.2     0.000   0   53.96   11.4   10.0      --
 74  04/05/2020  0100    32.3   18.4     5.5     0.000   0   55.97   14.1   10.3      --
 75  04/05/2020  0200    31.8   18.8     5.9     0.000   0   58.21   16.6   10.6      --
 76  04/05/2020  0300    31.2   19.2     6.2     0.000   0   60.59   18.9   11.0      --
 77  04/05/2020  0400    30.7   19.7     6.6     0.000   0   63.00   21.1   11.3    2290
 78  04/05/2020  0500    30.3   18.9     5.8     0.000   0   62.23   22.5   10.1      --
 79  04/05/2020  0600    29.9   19.2     5.0     0.000   0   63.97   24.3    8.8      --
 80  04/05/2020  0700    31.1   17.7     4.2     0.000   0   57.13   26.6    7.6      --
 81  04/05/2020  0800    34.3   23.1     3.4     0.000   0   63.22   29.9    6.3      --
 82  04/05/2020  0900    39.2   25.9     2.6     0.000   0   58.34   34.7    5.1      --
 83  04/05/2020  1000    44.8   25.9     1.8     0.000   0   47.14   42.2    4.0  no_inv
 84  04/05/2020  1100    48.6   25.9     2.0     0.000   0   40.84   38.0    4.4      --
 85  04/05/2020  1200    50.8   25.9     2.1     0.000   0   37.62   34.4    4.8      --
 86  04/05/2020  1300    52.3   25.9     2.3     0.000   0   35.57   31.4    5.2      --
 87  04/05/2020  1400    53.1   25.9     2.5     0.000   0   34.49   28.9    5.7      --
 88  04/05/2020  1500    53.7   25.9     2.7     0.000   0   33.85   26.7    6.1      --
 89  04/05/2020  1600    53.9   25.9     2.9     0.000   0   33.53   24.8    6.6  no_inv
 90  04/05/2020  1700    53.6   25.9     3.3     0.000   0   33.92   19.3    7.5      --
 91  04/05/2020  1800    51.2   25.9     3.7     0.000   0   37.16   15.0    8.4      --
 92  04/05/2020  1900    46.2   25.9     4.2     0.000   0   44.75   11.6    9.4      --
 93  04/05/2020  2000    43.4   25.9     4.6     0.000   0   49.69    8.9   10.5      --
 94  04/05/2020  2100    41.0   29.1     5.0     0.000   0   62.14    6.6   11.5      --
 95  04/05/2020  2200    38.7   34.3     5.4     0.030   0   84.15    4.8   12.6  no_inv
 96  04/05/2020  2300    37.4   33.4     5.7     0.000   0   85.38    3.0   13.1      --
 97  04/06/2020  0000    36.5   32.8     5.9     0.020   0   86.26    1.4   13.6      --
 98  04/06/2020  0100    35.5   32.1     6.1     0.010   0   87.23  359.9   14.1      --
 99  04/06/2020  0200    34.6   31.5     6.3     0.000   0   88.24  358.6   14.6      --
100  04/06/2020  0300    33.8   31.0     6.6     0.000   0   89.24  357.3   15.1      --
101  04/06/2020  0400    33.0   31.9     6.8     0.060  10   95.41  356.1   15.6    1626
102  04/06/2020  0500    32.3   29.1     5.9     0.000   5   87.56  354.8   13.6      --
103  04/06/2020  0600    32.7   29.4     5.1     0.000   0   87.57  353.0   11.6      --
104  04/06/2020  0700    32.2   28.4     4.2     0.000   0   85.67  350.5    9.6      --
105  04/06/2020  0800    33.8   29.9     3.4     0.000   0   85.56  346.6    7.6      --
106  04/06/2020  0900    35.7   31.6     2.6     0.000   0   84.88  340.1    5.6      --
107  04/06/2020  1000    39.7   31.0     1.7     0.000   0   70.80  327.2    3.9    9015
108  04/06/2020  1100    46.3   27.0     3.2     0.000   0   46.62  312.9    5.1      --
109  04/06/2020  1200    50.5   26.9     4.6     0.000   0   39.64  304.6    6.6      --
110  04/06/2020  1300    53.7   27.5     6.1     0.000   0   36.17  299.4    8.1      --
111  04/06/2020  1400    55.3   28.0     7.5     0.000   0   34.86  295.8    9.7      --
112  04/06/2020  1500    56.1   28.6     8.9     0.000   0   34.64  293.3   11.3      --
113  04/06/2020  1600    56.5   29.0    10.4     0.000   0   34.74  291.4   12.9  no_inv
114  04/06/2020  1700    56.5   28.9    10.4     0.000   0   34.69  297.5   12.9      --
115  04/06/2020  1800    52.8   28.4    10.5     0.000   0   38.73  303.6   13.0      --
116  04/06/2020  1900    45.4   28.6    10.6     0.000   0   51.65  309.5   13.3      --
117  04/06/2020  2000    41.2   28.2    10.6     0.000   0   59.48  315.1   13.7      --
118  04/06/2020  2100    38.9   27.6    10.7     0.000   0   63.56  320.4   14.2      --
119  04/06/2020  2200    36.6   27.2    10.7     0.000   0   68.45  325.3   14.8    1875
120  04/06/2020  2300    35.1   27.0     9.7     0.000   0   72.03  328.8   13.8      --
121  04/07/2020  0000    35.2   26.6     8.7     0.000   0   70.68  332.8   12.9      --
122  04/07/2020  0100    35.1   26.5     7.7     0.000   0   70.57  337.5   12.0      --
123  04/07/2020  0200    34.9   27.0     6.7     0.000   0   72.74  342.8   11.2      --
124  04/07/2020  0300    34.5   27.5     5.7     0.000   0   75.05  348.9   10.6      --
125  04/07/2020  0400    34.1   27.8     4.6     0.000   0   77.27  355.7   10.1    1837
126  04/07/2020  0500    33.6   27.6     5.8     0.000   0   78.19  353.7   10.8      --
127  04/07/2020  0600    33.3   26.5     7.0     0.000   0   75.99  352.0   11.6      --
128  04/07/2020  0700    34.0   25.5     8.2     0.000   0   70.94  350.4   12.4      --
129  04/07/2020  0800    35.8   23.3     9.4     0.000   0   60.02  349.1   13.2      --
130  04/07/2020  0900    38.9   23.0    10.6     0.000   0   52.63  347.9   14.1      --
131  04/07/2020  1000    42.8   22.8    11.8     0.000   0   44.63  346.9   14.9    8435
132  04/07/2020  1100    47.1   22.5    11.7     0.000   0   37.49  347.2   14.8      --
133  04/07/2020  1200    51.2   22.2    11.6     0.000   0   31.82  347.5   14.7      --
134  04/07/2020  1300    54.3   22.6    11.6     0.000   0   28.77  347.9   14.6      --
135  04/07/2020  1400    55.9   23.0    11.5     0.000   0   27.65  348.2   14.4      --
136  04/07/2020  1500    56.7   23.5    11.4     0.000   0   27.53  348.5   14.3      --
137  04/07/2020  1600    57.0   24.2    11.4     0.000   0   27.92  348.9   14.2    9572
138  04/07/2020  1700    57.0   24.7    10.4     0.000   0   28.56  352.3   13.3      --
139  04/07/2020  1800    53.0   24.1     9.4     0.000   0   32.27  356.2   12.5      --
140  04/07/2020  1900    44.7   24.2     8.3     0.000   0   44.29    0.7   11.7      --
141  04/07/2020  2000    40.1   23.8     7.3     0.000   0   51.90    5.7   11.0      --
142  04/07/2020  2100    37.7   23.6     6.3     0.000   0   56.32   11.4   10.4      --
143  04/07/2020  2200    35.4   23.6     5.3     0.000   0   61.88   17.8    9.9    2038
144  04/07/2020  2300    34.2   23.7     5.5     0.000   0   65.06   26.7    9.4      --
145  04/08/2020  0000    34.6   23.6     5.7     0.000   0   63.78   36.4    9.1      --
146  04/08/2020  0100    34.8   23.5     6.0     0.000   0   63.11   46.4    9.2      --
147  04/08/2020  0200    34.8   23.4     6.2     0.000   0   62.93   56.0    9.5      --
148  04/08/2020  0300    34.5   23.3     6.4     0.000   0   63.18   64.8   10.0      --
149  04/08/2020  0400    34.2   23.3     6.7     0.000   0   63.83   72.5   10.8    1721
150  04/08/2020  0500    33.7   23.4     6.5     0.000   0   65.38   81.9    8.1      --
151  04/08/2020  0600    33.3   25.9     6.3     0.000   0   73.81   99.6    5.8      --
152  04/08/2020  0700    34.3   25.6     6.1     0.000   0   70.26  131.2    4.7      --
153  04/08/2020  0800    36.7   28.8     5.9     0.000   0   72.63  166.2    5.3      --
154  04/08/2020  0900    40.7   28.8     5.7     0.000   0   62.17  187.7    7.3      --
155  04/08/2020  1000    45.8   28.8     5.5     0.000   0   51.05  199.0    9.9    4350
156  04/08/2020  1100    51.4   25.8     7.2     0.000   0   36.72  201.8   11.6      --
157  04/08/2020  1200    56.6   26.8     8.9     0.000   0   31.59  203.9   13.3      --
158  04/08/2020  1300    60.7   28.1    10.7     0.000   0   28.81  205.5   15.0      --
159  04/08/2020  1400    62.9   28.7    12.4     0.000   0   27.33  206.8   16.7      --
160  04/08/2020  1500    64.0   28.9    14.1     0.000   0   26.50  207.8   18.4      --
161  04/08/2020  1600    64.6   28.8    15.8     0.000   0   25.84  208.7   20.1  no_inv
162  04/08/2020  1700    64.8   28.8    15.4     0.000   0   25.75  204.2   19.2      --
163  04/08/2020  1800    62.6   28.9    15.1     0.000   0   27.83  199.4   18.5      --
164  04/08/2020  1900    58.1   28.9    14.8     0.000   0   32.62  194.2   18.0      --
165  04/08/2020  2000    55.6   28.8    14.4     0.000   0   35.60  188.7   17.5      --
166  04/08/2020  2100    53.3   28.8    14.1     0.000   0   38.67  183.0   17.3      --
167  04/08/2020  2200    50.9   28.8    13.8     0.000   0   42.15  177.1   17.2    3802
