  Generated by FoxLW on Thursday April 2, 2020 at 02:32 PDT
-------------------------------------------------------------------------------
  Brays Landing
  47.7500:-120.1600  (47 45' 0.00"N  120 9' 36.00"W)  elev 1250.0 feet    file: 330174
-------------------------------------------------------------------------------

Line#   Date     Hour   TempF  DewPtF WS(mph)  Rain(in) LW    RH%  WDir_50m WS_50m Inv(ft)
  5  04/02/2020  0400    22.1   14.5     4.4     0.000   0   71.80   66.0   10.9     592
  6  04/02/2020  0500    21.5   14.7     3.9     0.000   0   74.44   65.3    9.4      --
  7  04/02/2020  0600    21.0   20.1     3.3     0.000   5   96.05   64.5    8.0      --
  8  04/02/2020  0700    21.6   21.6     2.8     0.000  10  100.00   63.2    6.6      --
  9  04/02/2020  0800    23.7   23.7     2.2     0.000  10  100.00   61.3    5.2      --
 10  04/02/2020  0900    27.3   24.2     1.6     0.000  10   87.91   58.0    3.8      --
 11  04/02/2020  1000    32.0   24.2     1.1     0.000   5   72.63   50.7    2.4  no_inv
 12  04/02/2020  1100    36.5   24.2     1.4     0.000   0   60.67    5.9    0.7      --
 13  04/02/2020  1200    40.0   24.2     1.8     0.000   0   52.94  266.4    1.7      --
 14  04/02/2020  1300    42.7   24.2     2.2     0.000   0   47.60  255.2    3.6      --
 15  04/02/2020  1400    44.2   24.2     2.5     0.000   0   44.97  251.8    5.6      --
 16  04/02/2020  1500    45.3   24.2     2.9     0.000   0   43.23  250.1    7.5      --
 17  04/02/2020  1600    45.9   24.2     3.3     0.000   0   42.18  249.2    9.5  no_inv
 18  04/02/2020  1700    46.2   24.2     3.5     0.000   0   41.76  239.3    9.0      --
 19  04/02/2020  1800    42.7   24.2     3.6     0.000   0   47.72  228.6    8.8      --
 20  04/02/2020  1900    35.5   24.2     3.8     0.000   0   63.09  218.0    9.0      --
 21  04/02/2020  2000    31.6   24.2     4.0     0.000   0   73.87  208.0    9.4      --
 22  04/02/2020  2100    29.2   24.2     4.2     0.000   5   81.25  199.1   10.1      --
 23  04/02/2020  2200    26.9   24.2     4.3     0.000  10   89.45  191.5   11.0  no_inv
 24  04/02/2020  2300    26.1   24.2     4.1     0.000  10   92.36  196.9   10.8      --
 25  04/03/2020  0000    26.2   24.2     3.9     0.000  10   92.28  202.5   10.6      --
 26  04/03/2020  0100    26.0   24.2     3.7     0.000  10   92.86  208.1   10.6      --
 27  04/03/2020  0200    25.7   24.2     3.4     0.000  10   93.92  213.7   10.7      --
 28  04/03/2020  0300    25.4   24.2     3.2     0.000  10   95.36  219.2   10.9      --
 29  04/03/2020  0400    24.9   24.0     3.0     0.000  10   96.31  224.4   11.2    2352
 30  04/03/2020  0500    24.5   23.6     3.8     0.000  10   96.30  239.0   12.2      --
 31  04/03/2020  0600    24.0   23.1     4.7     0.000  10   96.29  250.8   13.8      --
 32  04/03/2020  0700    25.0   23.7     5.5     0.000  10   94.75  259.8   15.9      --
 33  04/03/2020  0800    27.9   23.2     6.3     0.000   5   82.48  266.6   18.2      --
 34  04/03/2020  0900    32.4   20.3     7.2     0.000   0   60.44  271.8   20.8      --
 35  04/03/2020  1000    37.8   20.6     8.0     0.000   0   49.44  275.8   23.5  no_inv
 36  04/03/2020  1100    42.7   20.9     7.8     0.000   0   41.40  275.4   23.5      --
 37  04/03/2020  1200    45.5   21.1     7.5     0.000   0   37.65  275.0   23.4      --
 38  04/03/2020  1300    47.4   22.1     7.2     0.000   0   36.49  274.6   23.4      --
 39  04/03/2020  1400    48.2   22.9     7.0     0.000   0   36.53  274.2   23.4      --
 40  04/03/2020  1500    48.6   23.6     6.7     0.000   0   37.12  273.8   23.4      --
 41  04/03/2020  1600    48.7   24.2     6.4     0.000   0   38.02  273.4   23.3  no_inv
 42  04/03/2020  1700    48.5   24.2     6.0     0.000   0   38.26  274.6   20.9      --
 43  04/03/2020  1800    45.0   23.5     5.5     0.000   0   42.33  276.1   18.5      --
 44  04/03/2020  1900    37.9   23.1     5.0     0.000   0   54.84  278.2   16.0      --
 45  04/03/2020  2000    33.9   23.1     4.5     0.000   0   64.07  280.9   13.7      --
 46  04/03/2020  2100    31.6   23.1     4.1     0.000   0   70.39  284.7   11.3      --
 47  04/03/2020  2200    29.3   23.1     3.6     0.000   5   77.42  290.5    9.1    1117
 48  04/03/2020  2300    27.3   23.1     3.8     0.000  10   84.02  305.5    6.8      --
 49  04/04/2020  0000    26.8   23.1     4.1     0.000  10   85.61  331.1    5.4      --
 50  04/04/2020  0100    26.3   23.1     4.4     0.000  10   87.61    3.4    5.5      --
 51  04/04/2020  0200    25.6   23.1     4.6     0.000  10   89.90   27.5    7.1      --
 52  04/04/2020  0300    25.0   23.1     4.9     0.000  10   92.37   41.4    9.4      --
 53  04/04/2020  0400    24.3   22.8     5.1     0.000  10   93.93   49.5   12.0    2106
 54  04/04/2020  0500    23.7   22.8     4.9     0.000  10   96.28   50.1   11.5      --
 55  04/04/2020  0600    23.2   22.3     4.7     0.000  10   96.28   50.8   11.1      --
 56  04/04/2020  0700    24.0   23.1     4.5     0.000  10   96.29   51.5   10.6      --
 57  04/04/2020  0800    26.3   23.1     4.3     0.000  10   87.44   52.4   10.1      --
 58  04/04/2020  0900    30.2   17.7     4.1     0.000   5   59.05   53.3    9.6      --
 59  04/04/2020  1000    35.4   16.4     3.9     0.000   0   45.41   54.3    9.2    6473
 60  04/04/2020  1100    40.8   16.4     3.8     0.000   0   36.71   55.4    9.0      --
 61  04/04/2020  1200    45.5   16.4     3.7     0.000   0   30.59   56.7    8.8      --
 62  04/04/2020  1300    49.1   16.4     3.5     0.000   0   26.80   57.9    8.6      --
 63  04/04/2020  1400    50.7   16.4     3.4     0.000   0   25.19   59.3    8.4      --
 64  04/04/2020  1500    51.6   16.4     3.3     0.000   0   24.39   60.7    8.2      --
 65  04/04/2020  1600    52.0   16.4     3.2     0.000   0   24.09   62.2    8.0    9014
 66  04/04/2020  1700    51.7   16.5     4.1     0.000   0   24.45   55.6    9.6      --
 67  04/04/2020  1800    49.7   16.8     5.0     0.000   0   26.67   51.0   11.3      --
 68  04/04/2020  1900    45.6   17.3     5.9     0.000   0   31.75   47.5   13.0      --
 69  04/04/2020  2000    43.4   18.6     6.8     0.000   0   36.47   44.9   14.8      --
 70  04/04/2020  2100    41.1   20.3     7.7     0.000   0   42.99   42.8   16.5      --
 71  04/04/2020  2200    38.7   21.5     8.6     0.000   0   49.61   41.2   18.3    8979
 72  04/04/2020  2300    37.7   22.1     7.9     0.000   0   53.02   43.3   17.3      --
 73  04/05/2020  0000    37.4   21.3     7.2     0.000   0   51.70   45.7   16.3      --
 74  04/05/2020  0100    37.2   20.0     6.5     0.000   0   49.53   48.4   15.3      --
 75  04/05/2020  0200    36.9   18.8     5.8     0.000   0   47.36   51.4   14.4      --
 76  04/05/2020  0300    36.7   16.6     5.1     0.000   0   43.54   54.9   13.5      --
 77  04/05/2020  0400    36.4   16.5     4.3     0.000   0   43.67   58.8   12.7  no_inv
 78  04/05/2020  0500    36.3   16.5     4.1     0.000   0   43.99   58.0   11.7      --
 79  04/05/2020  0600    36.1   16.5     3.9     0.000   0   44.30   57.0   10.8      --
 80  04/05/2020  0700    36.2   16.5     3.7     0.000   0   44.09   55.9    9.8      --
 81  04/05/2020  0800    36.8   21.9     3.5     0.000   0   54.35   54.5    8.9      --
 82  04/05/2020  0900    37.8   27.3     3.3     0.000   0   65.33   52.7    7.9      --
 83  04/05/2020  1000    39.4   28.2     3.0     0.000   0   63.86   50.5    7.0    6359
 84  04/05/2020  1100    42.1   28.2     2.9     0.000   0   57.57   42.6    6.0      --
 85  04/05/2020  1200    45.8   28.2     2.8     0.000   0   49.93   31.6    5.1      --
 86  04/05/2020  1300    49.0   28.2     2.6     0.000   0   44.20   16.8    4.4      --
 87  04/05/2020  1400    51.1   28.2     2.5     0.000   0   40.94  358.7    4.2      --
 88  04/05/2020  1500    52.5   28.2     2.3     0.000   0   38.81  340.4    4.4      --
 89  04/05/2020  1600    53.4   28.2     2.2     0.000   0   37.56  325.0    5.0  no_inv
 90  04/05/2020  1700    53.3   28.2     2.1     0.000   0   37.74  330.1    4.6      --
 91  04/05/2020  1800    52.6   28.2     2.0     0.000   0   38.86  336.0    4.3      --
 92  04/05/2020  1900    51.1   28.2     1.9     0.000   0   41.01  342.7    4.0      --
 93  04/05/2020  2000    50.2   28.2     1.8     0.000   0   42.30  350.3    3.8      --
 94  04/05/2020  2100    47.9   28.2     1.7     0.000   0   46.17  358.6    3.7      --
 95  04/05/2020  2200    45.5   28.2     1.6     0.000   0   50.43    7.3    3.6  no_inv
 96  04/05/2020  2300    42.8   28.2     2.1     0.000   0   56.04   24.0    5.2      --
 97  04/06/2020  0000    41.3   28.2     2.6     0.000   0   59.39   32.7    7.0      --
 98  04/06/2020  0100    39.9   28.2     3.1     0.000   0   62.72   37.7    8.8      --
 99  04/06/2020  0200    38.6   28.2     3.6     0.000   0   65.90   41.0   10.8      --
100  04/06/2020  0300    37.5   28.2     4.1     0.000   0   68.78   43.3   12.7      --
101  04/06/2020  0400    36.6   28.2     4.5     0.000   0   71.25   44.9   14.6     912
102  04/06/2020  0500    35.9   28.2     4.0     0.000   0   73.20   44.6   11.8      --
103  04/06/2020  0600    35.6   28.2     3.4     0.000   0   74.25   44.0    9.0      --
104  04/06/2020  0700    36.1   28.2     2.8     0.000   0   72.82   42.8    6.2      --
105  04/06/2020  0800    37.5   29.2     2.2     0.000   0   71.69   39.8    3.4      --
106  04/06/2020  0900    40.0   29.2     1.6     0.000   0   65.14   11.6    0.7      --
107  04/06/2020  1000    43.2   29.2     1.0     0.000   0   57.47  236.5    2.3    8812
108  04/06/2020  1100    46.8   29.2     2.2     0.000   0   50.08  271.5    6.2      --
109  04/06/2020  1200    50.7   29.2     3.3     0.000   0   43.35  278.6   10.6      --
110  04/06/2020  1300    53.6   29.7     4.5     0.000   0   39.62  281.5   15.0      --
111  04/06/2020  1400    55.1   30.1     5.6     0.000   0   38.21  283.1   19.5      --
112  04/06/2020  1500    55.8   30.6     6.8     0.000   0   37.96  284.1   24.0      --
113  04/06/2020  1600    56.1   31.0     7.9     0.000   0   38.25  284.8   28.5    8444
114  04/06/2020  1700    56.1   31.0     7.8     0.000   0   38.31  285.8   26.7      --
115  04/06/2020  1800    52.7   30.5     7.7     0.000   0   42.52  286.9   24.8      --
116  04/06/2020  1900    45.7   30.9     7.6     0.000   0   55.86  288.2   23.0      --
117  04/06/2020  2000    41.9   30.7     7.4     0.000   0   64.25  289.8   21.2      --
118  04/06/2020  2100    39.6   30.5     7.3     0.000   0   69.71  291.6   19.4      --
119  04/06/2020  2200    37.2   30.3     7.2     0.000   0   75.86  293.9   17.6    3484
120  04/06/2020  2300    36.1   30.2     6.6     0.000   0   78.86  288.5   15.8      --
121  04/07/2020  0000    36.4   30.2     6.1     0.000   0   77.81  281.9   14.1      --
122  04/07/2020  0100    36.5   30.2     5.5     0.000   0   77.55  273.7   12.7      --
123  04/07/2020  0200    36.5   30.3     4.9     0.000   0   78.12  263.6   11.6      --
124  04/07/2020  0300    36.3   30.3     4.4     0.000   0   78.72  252.0   11.0      --
125  04/07/2020  0400    36.0   30.3     3.8     0.000   0   79.70  239.4   10.8    1190
126  04/07/2020  0500    35.5   30.3     3.5     0.000   0   81.00  240.6    8.5      --
127  04/07/2020  0600    35.2   30.3     3.1     0.000   0   82.09  242.6    6.1      --
128  04/07/2020  0700    36.0   30.3     2.7     0.000   0   79.54  247.1    3.8      --
129  04/07/2020  0800    38.2   30.1     2.3     0.000   0   72.34  264.7    1.6      --
130  04/07/2020  0900    41.7   30.1     1.9     0.000   0   63.04   16.6    1.2      --
131  04/07/2020  1000    46.2   30.1     1.5     0.000   0   53.15   42.1    3.4    6752
132  04/07/2020  1100    50.8   30.1     1.7     0.000   0   44.72   21.7    2.9      --
133  04/07/2020  1200    54.7   30.1     1.8     0.000   0   38.77  357.7    2.9      --
134  04/07/2020  1300    57.5   30.1     2.0     0.000   0   35.01  337.0    3.4      --
135  04/07/2020  1400    58.9   30.1     2.2     0.000   0   33.34  322.7    4.2      --
136  04/07/2020  1500    59.5   30.1     2.3     0.000   0   32.59  313.2    5.1      --
137  04/07/2020  1600    59.8   30.1     2.5     0.000   0   32.30  306.9    6.2    7823
138  04/07/2020  1700    59.7   30.1     2.5     0.000   0   32.41  318.8    5.6      --
139  04/07/2020  1800    56.3   30.1     2.5     0.000   0   36.58  332.4    5.4      --
140  04/07/2020  1900    49.4   30.1     2.5     0.000   0   47.10  346.4    5.5      --
141  04/07/2020  2000    45.6   30.1     2.5     0.000   0   54.32  359.2    5.9      --
142  04/07/2020  2100    43.3   30.1     2.5     0.000   0   59.39   10.0    6.5      --
143  04/07/2020  2200    40.9   30.1     2.6     0.000   0   64.99   18.6    7.3    7240
144  04/07/2020  2300    38.5   30.1     2.3     0.000   0   71.35   22.0    6.3      --
145  04/08/2020  0000    37.6   30.1     2.1     0.000   0   74.13   26.7    5.3      --
146  04/08/2020  0100    36.5   30.1     1.8     0.000   0   77.17   33.6    4.3      --
147  04/08/2020  0200    35.5   30.1     1.6     0.000   0   80.33   44.0    3.5      --
148  04/08/2020  0300    34.6   30.1     1.4     0.000   0   83.47   60.5    2.8      --
149  04/08/2020  0400    33.7   30.1     1.1     0.000   0   86.49   83.9    2.5    1333
150  04/08/2020  0500    32.9   30.1     1.0     0.000   0   89.28   82.3    2.0      --
151  04/08/2020  0600    32.4   30.1     0.8     0.000   0   90.97   79.6    1.5      --
152  04/08/2020  0700    33.4   30.1     0.7     0.000   0   87.54   74.3    1.0      --
153  04/08/2020  0800    36.0   32.9     0.5     0.000   5   88.32   60.5    0.6      --
154  04/08/2020  0900    40.2   32.9     0.4     0.000   5   74.75    3.6    0.3      --
155  04/08/2020  1000    45.7   32.9     0.2     0.000   0   60.55  302.6    0.6    3742
156  04/08/2020  1100    51.6   32.9     1.3     0.000   0   48.58  280.1    2.9      --
157  04/08/2020  1200    56.9   32.9     2.3     0.000   0   40.03  277.8    5.4      --
158  04/08/2020  1300    61.0   32.9     3.3     0.000   0   34.56  277.0    7.8      --
159  04/08/2020  1400    63.2   32.9     4.3     0.000   0   31.97  276.5   10.3      --
160  04/08/2020  1500    64.4   32.9     5.3     0.000   0   30.73  276.3   12.7      --
161  04/08/2020  1600    65.0   32.9     6.3     0.000   0   30.08  276.1   15.1    6225
162  04/08/2020  1700    65.2   32.9     5.9     0.000   0   29.90  272.9   14.5      --
163  04/08/2020  1800    61.7   32.9     5.4     0.000   0   33.71  269.4   13.9      --
164  04/08/2020  1900    54.7   32.9     5.0     0.000   0   43.31  265.6   13.4      --
165  04/08/2020  2000    50.9   32.9     4.5     0.000   0   49.90  261.5   13.0      --
166  04/08/2020  2100    48.5   32.9     4.1     0.000   0   54.44  257.2   12.6      --
167  04/08/2020  2200    46.2   32.9     3.7     0.000   0   59.44  252.6   12.3    2248
