  Generated by FoxLW on Thursday April 2, 2020 at 02:32 PDT
-------------------------------------------------------------------------------
  N Cashmere
  47.5100:-120.4300  (47 30' 36.00"N  120 25' 48.00"W)  elev 899.0 feet    file: 330168
-------------------------------------------------------------------------------

Line#   Date     Hour   TempF  DewPtF WS(mph)  Rain(in) LW    RH%  WDir_50m WS_50m Inv(ft)
  5  04/02/2020  0400    21.8   20.5     2.2     0.000  10   94.58  346.3    4.9  no_inv
  6  04/02/2020  0500    21.1   20.5     2.2     0.000  10   97.70  355.8    3.6      --
  7  04/02/2020  0600    20.5   20.5     2.2     0.000  10  100.00   15.2    2.4      --
  8  04/02/2020  0700    21.4   21.4     2.2     0.000  10  100.00   53.8    1.9      --
  9  04/02/2020  0800    24.2   23.5     2.2     0.000  10   97.04   92.1    2.4      --
 10  04/02/2020  0900    28.9   23.5     2.2     0.000  10   79.98  111.4    3.6      --
 11  04/02/2020  1000    34.6   23.5     2.2     0.000   5   63.53  120.8    4.9  no_inv
 12  04/02/2020  1100    39.2   23.5     2.3     0.000   0   52.93  129.6    3.2      --
 13  04/02/2020  1200    42.3   23.5     2.4     0.000   0   47.04  156.0    1.7      --
 14  04/02/2020  1300    44.5   23.5     2.5     0.000   0   43.20  225.8    1.5      --
 15  04/02/2020  1400    45.7   23.5     2.6     0.000   0   41.22  258.8    2.9      --
 16  04/02/2020  1500    44.7   26.7     2.7     0.000   0   49.04  269.0    4.6      --
 17  04/02/2020  1600    43.1   30.0     2.8     0.010   0   59.64  273.7    6.4  no_inv
 18  04/02/2020  1700    43.8   28.7     3.0     0.000   0   54.82  272.4    6.9      --
 19  04/02/2020  1800    40.4   27.1     3.2     0.000   0   58.65  271.3    7.4      --
 20  04/02/2020  1900    33.4   26.0     3.5     0.000   0   74.04  270.4    7.9      --
 21  04/02/2020  2000    29.5   25.3     3.7     0.000   5   83.95  269.6    8.4      --
 22  04/02/2020  2100    27.2   24.4     3.9     0.000  10   89.01  268.8    9.0      --
 23  04/02/2020  2200    24.8   23.6     4.2     0.000  10   95.06  268.2    9.5  no_inv
 24  04/02/2020  2300    23.9   23.1     5.4     0.000  10   96.78  283.7    9.6      --
 25  04/03/2020  0000    23.9   23.5     6.6     0.000  10   98.37  297.9   10.4      --
 26  04/03/2020  0100    24.5   24.0     7.8     0.000  10   98.03  309.5   11.7      --
 27  04/03/2020  0200    24.8   24.1     8.9     0.000  10   97.00  318.5   13.4      --
 28  04/03/2020  0300    24.8   23.9    10.1     0.000  10   96.37  325.3   15.3      --
 29  04/03/2020  0400    24.6   23.4    11.3     0.000  10   95.00  330.6   17.4  no_inv
 30  04/03/2020  0500    24.3   23.3    11.3     0.000  10   95.95  325.0   16.9      --
 31  04/03/2020  0600    23.9   23.2    11.2     0.000  10   96.97  319.2   16.5      --
 32  04/03/2020  0700    25.4   23.0    11.1     0.000  10   90.71  313.2   16.3      --
 33  04/03/2020  0800    29.3   22.9    11.1     0.000   5   76.56  307.1   16.3      --
 34  04/03/2020  0900    35.1   21.1    11.0     0.000   0   56.15  301.1   16.5      --
 35  04/03/2020  1000    41.0   21.0    11.0     0.000   0   44.37  295.2   16.8  no_inv
 36  04/03/2020  1100    44.8   20.8    10.3     0.000   0   38.12  295.3   16.4      --
 37  04/03/2020  1200    45.8   20.7     9.7     0.000   0   36.51  295.4   16.1      --
 38  04/03/2020  1300    46.5   21.3     9.1     0.000   0   36.37  295.5   15.7      --
 39  04/03/2020  1400    46.9   21.9     8.4     0.000   0   36.81  295.6   15.3      --
 40  04/03/2020  1500    47.1   22.5     7.8     0.000   0   37.53  295.7   15.0      --
 41  04/03/2020  1600    47.3   23.2     7.1     0.000   0   38.44  295.8   14.6  no_inv
 42  04/03/2020  1700    47.3   23.2     8.4     0.000   0   38.40  301.7   15.9      --
 43  04/03/2020  1800    45.5   22.5     9.7     0.000   0   39.88  306.6   17.3      --
 44  04/03/2020  1900    41.8   22.3    11.0     0.000   0   45.47  310.8   18.9      --
 45  04/03/2020  2000    39.7   20.4    12.3     0.000   0   45.42  314.3   20.5      --
 46  04/03/2020  2100    37.4   19.5    13.5     0.000   0   48.01  317.3   22.2      --
 47  04/03/2020  2200    35.1   19.2    14.8     0.000   0   51.91  319.9   24.0  no_inv
 48  04/03/2020  2300    32.1   18.9    12.6     0.000   0   57.56  318.4   20.2      --
 49  04/04/2020  0000    30.2   20.0    10.4     0.000   0   65.24  316.3   16.5      --
 50  04/04/2020  0100    28.4   20.3     8.2     0.000   0   71.21  312.9   12.8      --
 51  04/04/2020  0200    26.7   20.9     5.9     0.000   0   78.38  306.8    9.1      --
 52  04/04/2020  0300    25.3   21.4     3.7     0.000   5   84.91  293.0    5.7      --
 53  04/04/2020  0400    24.1   21.7     1.5     0.000  10   90.52  253.3    3.4    8348
 54  04/04/2020  0500    23.1   22.2     1.9     0.000  10   96.21  239.9    1.4      --
 55  04/04/2020  0600    22.6   21.7     2.4     0.000  10   96.27  120.6    0.9      --
 56  04/04/2020  0700    23.4   22.2     2.8     0.000  10   95.12   94.1    2.8      --
 57  04/04/2020  0800    25.9   22.2     3.3     0.000  10   85.60   89.3    4.8      --
 58  04/04/2020  0900    30.1   17.7     3.7     0.000   5   59.40   87.3    6.8      --
 59  04/04/2020  1000    35.6   17.7     4.2     0.000   0   47.60   86.2    8.8    6587
 60  04/04/2020  1100    41.3   17.6     3.7     0.000   0   37.99   89.1    7.8      --
 61  04/04/2020  1200    46.0   17.6     3.3     0.000   0   31.69   92.8    6.8      --
 62  04/04/2020  1300    49.5   17.5     2.8     0.000   0   27.72   97.7    5.8      --
 63  04/04/2020  1400    51.3   17.5     2.4     0.000   0   25.88  104.4    5.0      --
 64  04/04/2020  1500    52.2   17.5     2.0     0.000   0   25.00  113.9    4.2      --
 65  04/04/2020  1600    52.7   17.5     1.5     0.000   0   24.58  127.3    3.5  no_inv
 66  04/04/2020  1700    52.7   17.6     2.4     0.000   0   24.66   69.9    6.0      --
 67  04/04/2020  1800    51.0   17.9     3.3     0.000   0   26.61   53.5   10.5      --
 68  04/04/2020  1900    47.7   17.6     4.2     0.000   0   29.75   47.1   15.3      --
 69  04/04/2020  2000    45.8   17.6     5.0     0.000   0   31.95   43.8   20.2      --
 70  04/04/2020  2100    43.4   18.9     5.9     0.000   0   36.93   41.9   25.2      --
 71  04/04/2020  2200    41.1   20.7     6.8     0.000   0   43.64   40.5   30.2     211
 72  04/04/2020  2300    39.4   20.8     6.6     0.000   0   46.91   41.3   26.9      --
 73  04/05/2020  0000    38.6   20.8     6.4     0.000   0   48.39   42.2   23.5      --
 74  04/05/2020  0100    37.8   20.6     6.2     0.000   0   49.44   43.5   20.2      --
 75  04/05/2020  0200    37.2   20.3     6.0     0.000   0   50.02   45.3   16.9      --
 76  04/05/2020  0300    36.7   19.9     5.8     0.000   0   50.13   48.0   13.6      --
 77  04/05/2020  0400    36.3   19.4     5.6     0.000   0   49.82   52.3   10.3    4874
 78  04/05/2020  0500    36.0   18.2     5.2     0.000   0   47.91   56.5    9.7      --
 79  04/05/2020  0600    35.8   17.6     4.8     0.000   0   47.02   61.3    9.1      --
 80  04/05/2020  0700    36.0   17.6     4.4     0.000   0   46.58   66.7    8.7      --
 81  04/05/2020  0800    36.9   17.6     4.0     0.000   0   45.03   72.6    8.2      --
 82  04/05/2020  0900    38.4   23.0     3.6     0.000   0   53.41   79.1    7.9      --
 83  04/05/2020  1000    40.5   28.4     3.2     0.000   0   61.56   86.0    7.7    2293
 84  04/05/2020  1100    44.0   33.8     3.5     0.000   0   67.14   66.2    4.4      --
 85  04/05/2020  1200    48.0   35.5     3.9     0.000   0   61.61    6.2    3.0      --
 86  04/05/2020  1300    50.6   33.8     4.2     0.000   0   52.42  321.6    5.4      --
 87  04/05/2020  1400    51.6   34.7     4.6     0.000   0   52.28  307.8    8.9      --
 88  04/05/2020  1500    51.8   35.3     5.0     0.000   0   53.01  302.0   12.7      --
 89  04/05/2020  1600    51.2   35.5     5.3     0.000   0   54.60  298.8   16.5  no_inv
 90  04/05/2020  1700    49.1   35.3     5.5     0.000   0   58.70  301.9   16.8      --
 91  04/05/2020  1800    49.0   34.9     5.7     0.000   0   58.04  304.9   17.2      --
 92  04/05/2020  1900    48.7   35.3     5.9     0.000   0   59.78  307.7   17.6      --
 93  04/05/2020  2000    48.5   35.1     6.1     0.000   0   59.58  310.4   18.0      --
 94  04/05/2020  2100    46.2   34.7     6.3     0.000   0   64.02  313.0   18.5      --
 95  04/05/2020  2200    43.8   34.1     6.5     0.000   0   68.40  315.4   19.0  no_inv
 96  04/05/2020  2300    42.5   33.4     6.7     0.000   0   70.04  321.3   14.4      --
 97  04/06/2020  0000    41.3   32.5     6.9     0.000   0   70.70  332.4   10.0      --
 98  04/06/2020  0100    40.3   31.6     7.2     0.000   0   70.93  357.5    6.6      --
 99  04/06/2020  0200    39.4   30.7     7.4     0.000   0   70.88   43.5    5.9      --
100  04/06/2020  0300    38.6   29.9     7.6     0.000   0   70.77   76.9    8.6      --
101  04/06/2020  0400    38.0   29.4     7.8     0.000   0   70.81   91.6   12.8    3381
102  04/06/2020  0500    37.5   29.7     7.7     0.000   0   73.08   87.9    8.9      --
103  04/06/2020  0600    37.3   30.0     7.5     0.000   0   74.89   78.6    5.2      --
104  04/06/2020  0700    37.9   30.4     7.3     0.000   0   74.09   35.2    2.1      --
105  04/06/2020  0800    39.7   27.2     7.2     0.000   0   60.50  312.1    3.6      --
106  04/06/2020  0900    42.6   27.2     7.0     0.000   0   54.15  295.4    7.2      --
107  04/06/2020  1000    46.3   27.3     6.8     0.000   0   47.19  290.0   11.0    8571
108  04/06/2020  1100    50.1   27.4     7.9     0.000   0   41.09  297.9   13.1      --
109  04/06/2020  1200    53.2   27.4     9.0     0.000   0   36.74  303.5   15.5      --
110  04/06/2020  1300    55.4   28.2    10.1     0.000   0   35.07  307.6   17.9      --
111  04/06/2020  1400    56.4   28.8    11.2     0.000   0   34.50  310.7   20.4      --
112  04/06/2020  1500    56.8   29.0    12.3     0.000   0   34.27  313.1   22.9      --
113  04/06/2020  1600    56.9   28.9    13.4     0.000   0   34.04  315.0   25.5    5048
114  04/06/2020  1700    56.8   29.1    13.0     0.000   0   34.57  315.2   25.6      --
115  04/06/2020  1800    53.6   29.2    12.7     0.000   0   38.87  315.4   25.7      --
116  04/06/2020  1900    47.2   29.4    12.4     0.000   0   49.85  315.5   25.8      --
117  04/06/2020  2000    43.6   29.8    12.1     0.000   0   57.90  315.7   25.9      --
118  04/06/2020  2100    41.3   31.6    11.8     0.000   0   68.05  315.8   26.0      --
119  04/06/2020  2200    39.0   31.9    11.5     0.000   0   75.40  316.0   26.1    2842
120  04/06/2020  2300    37.4   31.8    11.7     0.000   0   79.94  317.1   25.9      --
121  04/07/2020  0000    37.4   31.7    11.9     0.000   0   79.71  318.2   25.6      --
122  04/07/2020  0100    36.7   30.3    12.1     0.000   0   77.42  319.3   25.4      --
123  04/07/2020  0200    36.0   30.3    12.3     0.000   0   79.68  320.5   25.2      --
124  04/07/2020  0300    35.2   30.3    12.5     0.000   0   82.06  321.7   25.0      --
125  04/07/2020  0400    34.5   30.3    12.7     0.000   0   84.41  322.9   24.9    1908
126  04/07/2020  0500    33.8   30.2    12.1     0.000   0   86.63  322.8   23.6      --
127  04/07/2020  0600    33.4   31.6    11.6     0.000   0   93.22  322.6   22.4      --
128  04/07/2020  0700    34.7   31.8    11.1     0.000   0   89.13  322.5   21.1      --
129  04/07/2020  0800    37.9   30.1    10.6     0.000   0   73.30  322.4   19.9      --
130  04/07/2020  0900    42.9   30.1    10.1     0.000   0   60.28  322.2   18.6      --
131  04/07/2020  1000    48.7   30.1     9.6     0.000   0   48.33  322.1   17.4    6214
132  04/07/2020  1100    53.9   30.0     9.8     0.000   0   39.82  321.6   17.8      --
133  04/07/2020  1200    56.9   30.0    10.1     0.000   0   35.75  321.2   18.3      --
134  04/07/2020  1300    58.8   30.6    10.3     0.000   0   34.06  320.9   18.8      --
135  04/07/2020  1400    59.8   31.1    10.5     0.000   0   33.67  320.5   19.2      --
136  04/07/2020  1500    60.2   31.6    10.8     0.000   0   33.88  320.1   19.7      --
137  04/07/2020  1600    60.2   32.0    11.0     0.000   0   34.39  319.8   20.2    8048
138  04/07/2020  1700    60.1   32.5     9.6     0.000   0   35.14  319.6   17.9      --
139  04/07/2020  1800    55.3   31.8     8.2     0.000   0   40.52  319.2   15.6      --
140  04/07/2020  1900    45.7   31.7     6.8     0.000   0   57.97  318.8   13.3      --
141  04/07/2020  2000    40.3   31.4     5.5     0.000   0   70.18  318.2   11.0      --
142  04/07/2020  2100    38.0   31.2     4.1     0.000   0   76.34  317.3    8.8      --
143  04/07/2020  2200    35.6   31.5     2.7     0.000   0   84.69  315.7    6.5    7201
144  04/07/2020  2300    33.5   31.5     2.4     0.000   5   92.32  315.4    5.6      --
145  04/08/2020  0000    33.3   31.5     2.0     0.000  10   93.07  315.0    4.7      --
146  04/08/2020  0100    32.8   31.5     1.6     0.000  10   94.62  314.5    3.8      --
147  04/08/2020  0200    32.3   31.4     1.2     0.000  10   96.43  313.6    2.9      --
148  04/08/2020  0300    31.6   30.7     0.9     0.000  10   96.42  312.0    2.0      --
149  04/08/2020  0400    30.9   30.0     0.5     0.000  10   96.41  307.5    1.1    6266
150  04/08/2020  0500    30.1   29.2     0.8     0.000  10   96.39   39.5    0.2      --
151  04/08/2020  0600    29.6   28.7     1.1     0.000  10   96.39  109.8    1.1      --
152  04/08/2020  0700    30.8   29.9     1.5     0.000  10   96.41  114.0    2.2      --
153  04/08/2020  0800    34.1   33.3     1.8     0.000  10   97.06  115.4    3.3      --
154  04/08/2020  0900    39.3   33.3     2.1     0.000   5   78.89  116.2    4.4      --
155  04/08/2020  1000    46.0   33.3     2.4     0.000   0   61.14  116.6    5.5    3965
156  04/08/2020  1100    52.8   33.3     2.6     0.000   0   47.33  114.2    3.2      --
157  04/08/2020  1200    58.3   33.3     2.7     0.000   0   38.85   98.9    0.9      --
158  04/08/2020  1300    62.4   33.3     2.9     0.000   0   33.53  311.1    1.6      --
159  04/08/2020  1400    64.7   33.3     3.1     0.000   0   31.01  304.3    3.9      --
160  04/08/2020  1500    65.8   33.3     3.2     0.000   0   29.80  302.6    6.2      --
161  04/08/2020  1600    66.4   33.3     3.4     0.000   0   29.16  301.9    8.6    6986
162  04/08/2020  1700    66.6   33.3     4.4     0.000   0   28.97  307.0   10.6      --
163  04/08/2020  1800    63.2   33.3     5.4     0.000   0   32.62  310.5   12.7      --
164  04/08/2020  1900    56.2   34.3     6.5     0.000   0   43.48  313.1   14.8      --
165  04/08/2020  2000    52.4   35.0     7.5     0.000   0   51.39  315.0   16.9      --
166  04/08/2020  2100    50.1   35.3     8.5     0.000   0   56.78  316.4   19.0      --
167  04/08/2020  2200    47.7   35.3     9.6     0.000   0   61.96  317.6   21.2    1998
