  Generated by FoxLW on Thursday April 2, 2020 at 02:32 PDT
-------------------------------------------------------------------------------
  Tokeland
  46.7100:-123.9700  (46 42' 36.00"N  123 58' 12.00"W)  elev 0.0 feet    file: 344109
-------------------------------------------------------------------------------

Line#   Date     Hour   TempF  DewPtF WS(mph)  Rain(in) LW    RH%  WDir_50m WS_50m Inv(ft)
  5  04/02/2020  0400    43.7   40.2     5.0     0.000   0   87.06  306.1   12.5  no_inv
  6  04/02/2020  0500    43.7   40.1     4.9     0.000   0   87.25  301.6   11.5      --
  7  04/02/2020  0600    43.6   40.1     4.9     0.000   0   87.32  296.2   10.7      --
  8  04/02/2020  0700    43.6   40.0     4.8     0.000   0   87.14  290.0    9.9      --
  9  04/02/2020  0800    43.6   40.0     4.7     0.000   0   86.91  282.9    9.3      --
 10  04/02/2020  0900    43.4   38.4     4.6     0.000   0   82.34  274.9    8.8      --
 11  04/02/2020  1000    43.1   38.8     4.6     0.030   0   84.52  266.2    8.6    7396
 12  04/02/2020  1100    43.7   37.7     5.0     0.000   0   79.20  270.5    9.4      --
 13  04/02/2020  1200    44.4   37.7     5.4     0.000   0   77.12  274.0   10.2      --
 14  04/02/2020  1300    45.3   38.2     5.9     0.000   0   76.13  277.0   11.1      --
 15  04/02/2020  1400    45.9   38.8     6.3     0.000   0   76.10  279.5   12.0      --
 16  04/02/2020  1500    46.2   39.4     6.8     0.000   0   76.82  281.7   13.0      --
 17  04/02/2020  1600    46.4   40.0     7.2     0.000   0   78.28  283.6   13.9    3947
 18  04/02/2020  1700    46.2   40.0     6.9     0.000   0   78.98  285.8   13.8      --
 19  04/02/2020  1800    45.9   39.4     6.7     0.000   0   77.74  288.0   13.7      --
 20  04/02/2020  1900    46.0   39.3     6.4     0.000   0   77.55  290.2   13.7      --
 21  04/02/2020  2000    46.0   39.2     6.2     0.000   0   76.93  292.5   13.6      --
 22  04/02/2020  2100    46.1   39.1     5.9     0.000   0   76.37  294.8   13.6      --
 23  04/02/2020  2200    46.1   39.0     5.7     0.000   0   76.11  297.1   13.6    4857
 24  04/02/2020  2300    45.4   39.0     5.5     0.000   0   78.16  294.6   13.3      --
 25  04/03/2020  0000    44.7   39.0     5.4     0.000   0   80.16  292.0   13.1      --
 26  04/03/2020  0100    44.2   39.0     5.2     0.000   0   82.03  289.3   12.8      --
 27  04/03/2020  0200    43.6   39.0     5.0     0.000   0   83.72  286.5   12.6      --
 28  04/03/2020  0300    43.2   40.3     4.9     0.000   0   89.32  283.6   12.4      --
 29  04/03/2020  0400    42.9   41.3     4.7     0.040   7   94.00  280.6   12.2    6377
 30  04/03/2020  0500    42.8   39.5     5.1     0.000   5   88.18  275.3   12.4      --
 31  04/03/2020  0600    42.7   39.4     5.5     0.010   0   88.19  270.1   12.7      --
 32  04/03/2020  0700    42.7   39.1     6.0     0.010   0   86.92  265.2   13.1      --
 33  04/03/2020  0800    42.7   39.0     6.4     0.010   0   86.88  260.7   13.5      --
 34  04/03/2020  0900    42.0   37.8     6.8     0.000   0   84.74  256.4   14.1      --
 35  04/03/2020  1000    42.2   37.5     7.2     0.010   0   83.16  252.5   14.7    6360
 36  04/03/2020  1100    42.7   36.9     7.0     0.000   0   79.60  256.3   14.0      --
 37  04/03/2020  1200    43.5   37.0     6.8     0.000   0   77.42  260.4   13.3      --
 38  04/03/2020  1300    44.7   37.7     6.6     0.000   0   76.10  265.0   12.7      --
 39  04/03/2020  1400    45.6   38.3     6.3     0.000   0   75.57  270.0   12.2      --
 40  04/03/2020  1500    45.8   39.5     6.1     0.000   0   78.53  275.3   11.8      --
 41  04/03/2020  1600    45.7   40.5     5.9     0.010   0   81.92  281.0   11.5    5517
 42  04/03/2020  1700    45.6   40.2     5.5     0.000   0   81.14  287.9   10.1      --
 43  04/03/2020  1800    45.5   39.5     5.0     0.000   0   79.25  296.8    8.9      --
 44  04/03/2020  1900    45.5   39.1     4.6     0.000   0   77.96  307.9    8.0      --
 45  04/03/2020  2000    45.7   39.2     4.1     0.000   0   77.86  321.3    7.5      --
 46  04/03/2020  2100    45.8   39.1     3.7     0.000   0   77.49  335.8    7.4      --
 47  04/03/2020  2200    46.1   39.7     3.2     0.000   0   78.31  349.7    7.8    4683
 48  04/03/2020  2300    45.5   39.5     3.2     0.000   0   79.45  358.1    6.6      --
 49  04/04/2020  0000    45.0   39.3     3.0     0.000   0   80.51    9.8    5.6      --
 50  04/04/2020  0100    44.5   39.3     2.7     0.000   0   81.69   25.5    4.9      --
 51  04/04/2020  0200    44.1   39.2     2.4     0.000   0   82.78   44.2    4.7      --
 52  04/04/2020  0300    43.8   39.2     2.1     0.000   0   83.73   62.7    5.0      --
 53  04/04/2020  0400    43.6   39.2     1.8     0.000   0   84.49   77.7    5.8    1012
 54  04/04/2020  0500    43.4   38.9     1.9     0.000   0   83.98   76.3    4.4      --
 55  04/04/2020  0600    43.3   38.9     2.0     0.000   0   84.36   73.8    3.1      --
 56  04/04/2020  0700    43.3   39.5     1.9     0.000   5   86.26   67.3    1.7      --
 57  04/04/2020  0800    43.3   40.5     1.7     0.000  10   89.70   29.1    0.6      --
 58  04/04/2020  0900    43.3   41.6     1.5     0.000  10   93.64  285.9    1.1      --
 59  04/04/2020  1000    43.3   42.6     1.2     0.000  10   97.31  272.8    2.4    6069
 60  04/04/2020  1100    43.4   43.3     2.5     0.000  10   99.63  297.0    4.6      --
 61  04/04/2020  1200    44.1   43.6     3.8     0.000  10   98.13  305.1    7.0      --
 62  04/04/2020  1300    45.2   43.1     5.2     0.000  10   92.09  309.0    9.5      --
 63  04/04/2020  1400    46.0   42.4     6.5     0.000   5   87.19  311.2   12.0      --
 64  04/04/2020  1500    46.7   41.8     7.8     0.000   0   83.23  312.7   14.6      --
 65  04/04/2020  1600    47.0   41.5     9.1     0.000   0   81.05  313.7   17.1  no_inv
 66  04/04/2020  1700    47.1   41.5     8.8     0.000   0   80.88  315.3   16.8      --
 67  04/04/2020  1800    46.6   41.5     8.6     0.000   0   82.45  316.9   16.4      --
 68  04/04/2020  1900    46.4   41.7     8.3     0.000   0   83.53  318.6   16.1      --
 69  04/04/2020  2000    46.2   41.8     8.0     0.000   0   84.54  320.4   15.8      --
 70  04/04/2020  2100    46.1   42.0     7.8     0.000   0   85.67  322.3   15.5      --
 71  04/04/2020  2200    45.9   42.1     7.5     0.000   0   86.31  324.2   15.2  no_inv
 72  04/04/2020  2300    45.9   42.1     7.1     0.000   0   86.50  318.4   13.7      --
 73  04/05/2020  0000    45.9   42.1     6.7     0.000   0   86.55  311.2   12.3      --
 74  04/05/2020  0100    45.4   42.1     6.4     0.000   0   88.34  302.3   11.1      --
 75  04/05/2020  0200    44.9   42.1     6.0     0.000   0   89.89  291.7   10.3      --
 76  04/05/2020  0300    44.5   42.5     5.6     0.000   5   92.44  279.8    9.9      --
 77  04/05/2020  0400    45.2   43.2     5.2     0.010  10   92.55  267.4    9.9  no_inv
 78  04/05/2020  0500    44.5   42.0     4.6     0.000  10   91.01  267.1    8.7      --
 79  04/05/2020  0600    45.1   42.2     4.0     0.000  10   89.47  266.6    7.5      --
 80  04/05/2020  0700    44.5   41.9     3.3     0.000  10   90.56  266.0    6.3      --
 81  04/05/2020  0800    44.4   41.9     2.7     0.000  10   90.68  265.0    5.0      --
 82  04/05/2020  0900    44.0   39.9     2.0     0.000   5   85.40  263.5    3.8      --
 83  04/05/2020  1000    44.0   39.6     1.4     0.000   5   84.22  260.5    2.6    5097
 84  04/05/2020  1100    44.2   39.6     2.9     0.000   5   83.57  298.0    4.9      --
 85  04/05/2020  1200    45.0   39.5     4.4     0.000   0   80.85  309.7    7.9      --
 86  04/05/2020  1300    46.3   40.1     6.0     0.000   0   79.04  314.8   11.0      --
 87  04/05/2020  1400    47.2   40.7     7.5     0.000   0   78.24  317.7   14.2      --
 88  04/05/2020  1500    47.8   41.4     9.0     0.000   0   78.38  319.5   17.4      --
 89  04/05/2020  1600    48.0   41.8    10.5     0.000   0   78.81  320.7   20.6  no_inv
 90  04/05/2020  1700    47.8   41.8    10.5     0.000   0   79.71  325.3   20.1      --
 91  04/05/2020  1800    47.4   41.3    10.4     0.000   0   79.13  330.1   19.8      --
 92  04/05/2020  1900    47.2   41.7    10.3     0.000   0   81.09  335.0   19.5      --
 93  04/05/2020  2000    47.1   41.8    10.3     0.000   0   81.90  340.0   19.5      --
 94  04/05/2020  2100    46.9   42.0    10.2     0.000   0   83.09  345.0   19.6      --
 95  04/05/2020  2200    46.7   42.3    10.1     0.000   0   84.44  350.0   19.8     903
 96  04/05/2020  2300    46.4   42.5     9.7     0.000   0   86.29  347.8   18.9      --
 97  04/06/2020  0000    46.2   42.8     9.3     0.000   0   87.79  345.4   18.0      --
 98  04/06/2020  0100    46.0   42.9     8.9     0.000   0   89.12  342.7   17.1      --
 99  04/06/2020  0200    45.8   43.1     8.4     0.000   0   90.21  339.8   16.3      --
100  04/06/2020  0300    45.6   43.2     8.0     0.000   0   91.03  336.6   15.6      --
101  04/06/2020  0400    45.5   42.9     7.6     0.000   0   90.47  333.0   14.9  no_inv
102  04/06/2020  0500    45.4   42.7     7.3     0.000   0   90.04  326.0   13.3      --
103  04/06/2020  0600    45.4   42.5     7.0     0.000   0   89.52  317.2   12.0      --
104  04/06/2020  0700    45.4   42.3     6.7     0.000   0   88.90  306.6   11.0      --
105  04/06/2020  0800    45.4   42.1     6.4     0.000   0   88.22  294.5   10.4      --
106  04/06/2020  0900    45.4   41.5     6.1     0.000   0   85.96  281.6   10.4      --
107  04/06/2020  1000    45.5   41.6     5.8     0.000   0   86.15  269.3   10.9    7111
108  04/06/2020  1100    45.6   41.7     6.1     0.000   0   86.01  273.2   11.5      --
109  04/06/2020  1200    47.1   41.8     6.4     0.000   0   81.66  276.7   12.1      --
110  04/06/2020  1300    49.1   42.5     6.8     0.000   0   77.79  279.8   12.8      --
111  04/06/2020  1400    50.0   43.1     7.1     0.000   0   76.95  282.6   13.5      --
112  04/06/2020  1500    50.3   43.7     7.4     0.000   0   77.94  285.1   14.3      --
113  04/06/2020  1600    50.2   44.2     7.7     0.000   0   79.98  287.4   15.1    2607
114  04/06/2020  1700    49.8   44.2     7.4     0.000   0   81.13  291.6   14.9      --
115  04/06/2020  1800    47.8   43.7     7.1     0.000   0   85.33  295.8   14.7      --
116  04/06/2020  1900    47.0   43.7     6.7     0.000   0   88.44  300.2   14.7      --
117  04/06/2020  2000    46.5   43.6     6.4     0.000   0   89.50  304.5   14.8      --
118  04/06/2020  2100    46.0   43.5     6.1     0.000   0   90.67  308.8   14.9      --
119  04/06/2020  2200    45.6   43.4     5.8     0.000   5   92.11  312.9   15.1    2601
120  04/06/2020  2300    45.4   43.4     5.6     0.000  10   92.54  309.9   14.3      --
121  04/07/2020  0000    45.4   43.3     5.4     0.000  10   92.44  306.4   13.6      --
122  04/07/2020  0100    45.5   43.3     5.2     0.000  10   92.12  302.6   12.9      --
123  04/07/2020  0200    45.5   43.3     4.9     0.000  10   91.95  298.4   12.3      --
124  04/07/2020  0300    45.5   43.3     4.8     0.000  10   91.96  293.8   11.8      --
125  04/07/2020  0400    45.5   43.3     4.5     0.000  10   92.05  288.8   11.3    3351
126  04/07/2020  0500    45.4   43.3     4.4     0.000  10   92.23  282.9   10.2      --
127  04/07/2020  0600    45.4   43.4     3.8     0.000  10   92.82  275.6    9.2      --
128  04/07/2020  0700    45.4   43.3     4.2     0.000  10   92.40  266.8    8.4      --
129  04/07/2020  0800    45.4   43.3     4.1     0.000  10   92.36  256.3    7.8      --
130  04/07/2020  0900    45.4   41.2     4.0     0.000   5   85.23  244.6    7.5      --
131  04/07/2020  1000    45.5   41.2     3.8     0.000   0   84.91  232.5    7.6    2692
132  04/07/2020  1100    45.5   41.1     4.2     0.000   0   84.48  242.6    7.7      --
133  04/07/2020  1200    46.8   41.1     4.5     0.000   0   80.29  252.0    8.1      --
134  04/07/2020  1300    48.8   41.7     4.8     0.000   0   76.24  260.4    8.7      --
135  04/07/2020  1400    49.9   42.2     5.1     0.000   0   74.99  267.5    9.4      --
136  04/07/2020  1500    50.2   42.9     5.4     0.000   0   75.84  273.6   10.3      --
137  04/07/2020  1600    50.2   43.5     5.7     0.000   0   77.76  278.7   11.3    1984
138  04/07/2020  1700    49.8   43.5     5.1     0.000   0   78.62  282.1    9.8      --
139  04/07/2020  1800    48.3   43.0     4.4     0.000   0   81.69  286.8    8.4      --
140  04/07/2020  1900    47.0   42.5     3.7     0.000   0   84.45  293.4    7.0      --
141  04/07/2020  2000    46.4   42.7     2.5     0.000   5   86.93  302.8    5.8      --
142  04/07/2020  2100    45.9   42.9     1.7     0.000  10   89.05  316.6    4.8      --
143  04/07/2020  2200    45.5   43.0     1.1     0.000  10   90.89  335.6    4.2    1320
144  04/07/2020  2300    45.4   43.0     1.1     0.000  10   91.24  349.0    3.6      --
145  04/08/2020  0000    45.4   43.0     1.2     0.000  10   91.20    6.8    3.2      --
146  04/08/2020  0100    45.4   43.0     1.2     0.000  10   91.14   27.0    3.2      --
147  04/08/2020  0200    45.4   43.0     1.3     0.000  10   91.15   45.3    3.5      --
148  04/08/2020  0300    45.3   42.9     1.3     0.000  10   91.23   59.1    4.2      --
149  04/08/2020  0400    45.3   42.9     1.4     0.000  10   91.38   68.9    5.0    1327
150  04/08/2020  0500    45.2   42.8     1.6     0.000  10   91.17   61.2    4.7      --
151  04/08/2020  0600    45.2   42.9     1.9     0.000  10   91.66   52.7    4.6      --
152  04/08/2020  0700    45.3   43.5     2.2     0.000  10   93.17   43.9    4.5      --
153  04/08/2020  0800    45.8   44.5     2.3     0.000  10   95.07   35.0    4.6      --
154  04/08/2020  0900    46.6   45.6     2.4     0.000  10   96.25   26.5    4.7      --
155  04/08/2020  1000    47.7   46.6     2.5     0.000  10   96.14   18.8    5.0    3496
156  04/08/2020  1100    48.9   47.3     3.6     0.000  10   94.34  355.0    6.1      --
157  04/08/2020  1200    50.6   47.5     4.6     0.000   5   89.22  340.4    7.9      --
158  04/08/2020  1300    51.5   46.0     5.7     0.000   0   81.40  331.6   10.1      --
159  04/08/2020  1400    51.8   44.2     6.8     0.000   0   75.50  325.9   12.4      --
160  04/08/2020  1500    51.6   42.5     7.8     0.000   0   70.93  322.1   14.8      --
161  04/08/2020  1600    51.3   41.5     8.9     0.000   0   69.04  319.3   17.2    1282
162  04/08/2020  1700    50.9   41.5     8.3     0.000   0   70.22  319.8   17.1      --
163  04/08/2020  1800    50.7   41.5     7.8     0.000   0   70.68  320.3   17.0      --
164  04/08/2020  1900    50.3   41.7     7.3     0.000   0   72.23  320.8   16.9      --
165  04/08/2020  2000    50.1   42.1     6.7     0.000   0   73.69  321.2   16.8      --
166  04/08/2020  2100    47.8   42.5     6.2     0.000   0   81.64  321.7   16.7      --
167  04/08/2020  2200    45.5   42.9     5.7     0.000   5   90.70  322.2   16.6    1272
