  Generated by FoxLW on Thursday April 2, 2020 at 02:32 PDT
-------------------------------------------------------------------------------
  Poulsbo South
  47.6600:-122.6500  (47 39' 36.00"N  122 39' 0.00"W)  elev 160.8 feet    file: 355001
-------------------------------------------------------------------------------

Line#   Date     Hour   TempF  DewPtF WS(mph)  Rain(in) LW    RH%  WDir_50m WS_50m Inv(ft)
  5  04/02/2020  0400    40.2   31.8     1.4     0.000   0   71.76  212.3    5.1  no_inv
  6  04/02/2020  0500    40.0   31.9     1.7     0.000   0   72.55  201.2    5.1      --
  7  04/02/2020  0600    39.9   36.5     2.0     0.000   5   87.64  190.4    5.2      --
  8  04/02/2020  0700    39.9   36.5     2.3     0.000  10   87.67  180.6    5.6      --
  9  04/02/2020  0800    39.9   36.5     2.6     0.000  10   87.68  172.1    6.0      --
 10  04/02/2020  0900    39.9   36.5     3.0     0.000   5   87.67  165.1    6.6      --
 11  04/02/2020  1000    39.9   36.5     3.2     0.000   0   87.64  159.2    7.3  no_inv
 12  04/02/2020  1100    40.1   36.5     3.5     0.000   0   86.89  166.1    4.2      --
 13  04/02/2020  1200    41.3   36.5     3.8     0.000   0   83.05  203.1    1.5      --
 14  04/02/2020  1300    43.1   36.5     4.1     0.000   0   77.52  303.2    2.6      --
 15  04/02/2020  1400    44.5   36.5     4.3     0.000   0   73.36  318.1    5.6      --
 16  04/02/2020  1500    45.0   37.3     4.6     0.000   0   74.12  322.4    8.7      --
 17  04/02/2020  1600    45.0   38.2     4.9     0.010   0   77.04  324.5   11.8  no_inv
 18  04/02/2020  1700    45.1   37.8     4.5     0.000   0   75.30  330.0    8.5      --
 19  04/02/2020  1800    44.5   37.3     4.2     0.000   0   75.73  342.5    5.2      --
 20  04/02/2020  1900    43.7   37.1     3.8     0.000   0   77.58   21.7    2.9      --
 21  04/02/2020  2000    42.8   37.1     3.5     0.000   0   79.98   84.1    3.8      --
 22  04/02/2020  2100    41.9   36.9     3.2     0.000   0   82.29  106.8    6.7      --
 23  04/02/2020  2200    41.0   37.2     2.8     0.000   0   86.18  115.1   10.0    6981
 24  04/02/2020  2300    40.3   37.0     2.7     0.000   5   88.01  106.7    8.0      --
 25  04/03/2020  0000    39.7   36.9     2.6     0.000  10   89.49   93.2    6.3      --
 26  04/03/2020  0100    39.1   36.8     2.5     0.000  10   91.04   72.0    5.2      --
 27  04/03/2020  0200    38.6   36.7     2.3     0.000  10   92.60   45.0    5.0      --
 28  04/03/2020  0300    38.1   36.6     2.2     0.000  10   94.10   21.5    5.9      --
 29  04/03/2020  0400    37.7   36.5     2.1     0.000  10   95.50    6.0    7.5    1030
 30  04/03/2020  0500    37.4   36.4     3.6     0.000  10   96.01  349.0    4.4      --
 31  04/03/2020  0600    37.2   36.2     5.0     0.000  10   96.23  297.3    2.8      --
 32  04/03/2020  0700    37.6   36.8     6.5     0.000  10   96.77  246.5    4.5      --
 33  04/03/2020  0800    38.8   34.3     8.0     0.000   5   83.56  229.8    7.5      --
 34  04/03/2020  0900    40.7   33.0     9.4     0.000   0   73.96  223.0   10.8      --
 35  04/03/2020  1000    42.5   33.8    10.9     0.000   0   71.27  219.4   14.2    8608
 36  04/03/2020  1100    43.5   34.7     9.4     0.000   0   70.90  217.9   11.1      --
 37  04/03/2020  1200    43.9   35.4     8.0     0.000   0   71.89  215.3    8.0      --
 38  04/03/2020  1300    44.2   37.5     6.5     0.000   0   77.29  209.4    5.0      --
 39  04/03/2020  1400    44.2   38.0     5.1     0.000   0   78.47  186.7    2.1      --
 40  04/03/2020  1500    43.9   39.1     3.6     0.000   0   83.13   86.6    2.0      --
 41  04/03/2020  1600    43.6   39.9     2.2     0.060  10   86.63   60.5    4.8    8576
 42  04/03/2020  1700    43.5   39.8     2.3     0.000  10   86.60   64.7    5.0      --
 43  04/03/2020  1800    43.4   39.0     2.5     0.010   5   84.43   68.4    5.4      --
 44  04/03/2020  1900    43.3   38.2     2.6     0.000   0   82.10   71.6    5.7      --
 45  04/03/2020  2000    43.2   37.8     2.8     0.000   0   81.28   74.5    6.1      --
 46  04/03/2020  2100    40.9   37.1     2.9     0.000   0   86.49   77.1    6.4      --
 47  04/03/2020  2200    38.5   37.5     3.1     0.000   5   96.10   79.4    6.8    4617
 48  04/03/2020  2300    37.4   36.5     2.9     0.000  10   96.51   83.6    5.0      --
 49  04/04/2020  0000    37.4   36.5     2.7     0.000  10   96.51   92.3    3.3      --
 50  04/04/2020  0100    37.5   36.7     2.5     0.000  10   96.51  116.3    1.9      --
 51  04/04/2020  0200    37.6   36.7     2.3     0.000  10   96.52  180.3    1.5      --
 52  04/04/2020  0300    37.6   36.7     2.2     0.000  10   96.52  217.2    2.8      --
 53  04/04/2020  0400    37.6   36.7     2.0     0.000  10   96.52  229.1    4.4     829
 54  04/04/2020  0500    38.6   35.8     2.0     0.000  10   89.57  224.3    2.9      --
 55  04/04/2020  0600    38.5   35.7     2.1     0.000  10   89.59  209.6    1.5      --
 56  04/04/2020  0700    38.8   35.6     2.1     0.000  10   88.23  126.8    0.8      --
 57  04/04/2020  0800    39.2   36.0     2.2     0.000  10   88.30   79.0    2.0      --
 58  04/04/2020  0900    36.8   32.0     2.2     0.000   5   82.76   69.8    3.4      --
 59  04/04/2020  1000    39.6   27.5     2.2     0.000   0   61.67   66.2    5.0    4511
 60  04/04/2020  1100    41.5   26.7     2.3     0.000   0   55.32   58.5    4.8      --
 61  04/04/2020  1200    44.4   26.1     2.3     0.000   0   48.21   50.4    4.8      --
 62  04/04/2020  1300    47.2   25.6     2.4     0.000   0   42.57   42.4    4.8      --
 63  04/04/2020  1400    48.8   25.2     2.4     0.000   0   39.41   34.6    4.9      --
 64  04/04/2020  1500    50.0   25.0     2.4     0.000   0   37.36   27.4    5.2      --
 65  04/04/2020  1600    50.7   24.9     2.5     0.000   0   36.28   20.9    5.5  no_inv
 66  04/04/2020  1700    50.9   25.0     4.7     0.000   0   36.13  357.8    8.3      --
 67  04/04/2020  1800    50.2   25.3     6.9     0.000   0   37.46  347.3   11.8      --
 68  04/04/2020  1900    48.9   27.7     9.1     0.000   0   43.57  341.7   15.5      --
 69  04/04/2020  2000    48.2   27.9    11.4     0.000   0   45.03  338.3   19.3      --
 70  04/04/2020  2100    45.8   27.0    13.6     0.000   0   47.50  336.0   23.2      --
 71  04/04/2020  2200    43.5   27.8    15.8     0.000   0   53.55  334.4   27.1    1292
 72  04/04/2020  2300    42.8   28.5    15.3     0.000   0   56.80  335.9   27.2      --
 73  04/05/2020  0000    42.4   29.2    14.8     0.000   0   59.37  337.5   27.3      --
 74  04/05/2020  0100    42.0   29.8    14.3     0.000   0   61.79  339.0   27.5      --
 75  04/05/2020  0200    41.6   30.3    13.8     0.000   0   63.90  340.5   27.7      --
 76  04/05/2020  0300    41.2   30.6    13.2     0.000   0   65.54  342.0   27.9      --
 77  04/05/2020  0400    40.9   30.7    12.7     0.000   0   66.60  343.5   28.1    1253
 78  04/05/2020  0500    40.6   32.2    11.5     0.000   0   71.57  348.4   22.9      --
 79  04/05/2020  0600    40.5   32.8    10.3     0.000   0   73.95  356.1   18.0      --
 80  04/05/2020  0700    40.3   33.9     9.1     0.000   0   77.61    9.1   13.6      --
 81  04/05/2020  0800    40.3   34.6     7.9     0.010   0   79.83   31.8   10.5      --
 82  04/05/2020  0900    40.7   33.8     6.7     0.000   0   76.07   63.5   10.0      --
 83  04/05/2020  1000    41.5   34.6     5.4     0.010   0   76.40   90.2   12.3    3779
 84  04/05/2020  1100    44.3   33.2     7.3     0.000   0   64.91   71.3   10.5      --
 85  04/05/2020  1200    46.7   33.7     9.1     0.000   0   60.48   48.3   10.2      --
 86  04/05/2020  1300    48.8   34.6    11.0     0.000   0   57.98   27.5   11.6      --
 87  04/05/2020  1400    50.0   35.0    12.8     0.000   0   56.19   12.4   14.0      --
 88  04/05/2020  1500    50.8   35.0    14.6     0.000   0   54.46    2.3   17.1      --
 89  04/05/2020  1600    51.3   34.8    16.5     0.000   0   53.11  355.5   20.6  no_inv
 90  04/05/2020  1700    51.1   35.1    14.8     0.000   0   54.02  354.6   19.2      --
 91  04/05/2020  1800    50.2   35.3    13.0     0.000   0   56.28  353.7   17.8      --
 92  04/05/2020  1900    48.4   35.8    11.3     0.000   0   61.55  352.5   16.5      --
 93  04/05/2020  2000    47.5   36.0     9.6     0.000   0   64.16  351.2   15.1      --
 94  04/05/2020  2100    45.1   36.0     7.8     0.000   0   70.35  349.6   13.7      --
 95  04/05/2020  2200    42.8   35.7     6.1     0.000   0   75.85  347.7   12.4     688
 96  04/05/2020  2300    41.7   35.5     6.0     0.000   0   78.42  348.2   12.4      --
 97  04/06/2020  0000    41.0   35.5     5.9     0.000   0   80.44  348.8   12.4      --
 98  04/06/2020  0100    40.3   35.4     5.8     0.000   0   82.61  349.3   12.4      --
 99  04/06/2020  0200    39.6   35.4     5.7     0.000   0   84.84  349.8   12.4      --
100  04/06/2020  0300    38.9   35.4     5.7     0.000   0   87.04  350.4   12.4      --
101  04/06/2020  0400    38.3   35.4     5.6     0.000   0   89.11  350.9   12.4     166
102  04/06/2020  0500    37.8   35.5     4.9     0.000   5   91.31  350.4   10.9      --
103  04/06/2020  0600    37.5   35.5     4.2     0.000  10   92.39  349.6    9.4      --
104  04/06/2020  0700    38.0   35.5     3.5     0.000  10   90.58  348.6    7.8      --
105  04/06/2020  0800    39.5   35.5     2.9     0.000   5   85.52  347.1    6.4      --
106  04/06/2020  0900    41.9   36.1     2.2     0.000   0   79.84  344.6    4.9      --
107  04/06/2020  1000    45.0   36.1     1.5     0.000   0   71.01  340.1    3.4    6908
108  04/06/2020  1100    47.9   36.1     1.8     0.000   0   63.60    2.6    2.7      --
109  04/06/2020  1200    50.2   36.1     2.0     0.000   0   58.40   32.8    2.6      --
110  04/06/2020  1300    51.9   36.1     2.2     0.000   0   54.82   58.3    3.2      --
111  04/06/2020  1400    52.8   36.1     2.5     0.000   0   53.03   74.0    4.1      --
112  04/06/2020  1500    53.4   36.1     2.7     0.000   0   51.90   83.2    5.3      --
113  04/06/2020  1600    53.7   36.1     2.9     0.000   0   51.30   89.1    6.5    6982
114  04/06/2020  1700    53.6   36.1     2.9     0.000   0   51.43   77.3    5.2      --
115  04/06/2020  1800    52.6   36.1     2.9     0.000   0   53.35   59.1    4.3      --
116  04/06/2020  1900    50.6   36.1     2.9     0.000   0   57.53   34.6    3.9      --
117  04/06/2020  2000    49.4   36.1     2.8     0.000   0   59.99   10.6    4.4      --
118  04/06/2020  2100    47.1   36.1     2.8     0.000   0   65.49  353.3    5.4      --
119  04/06/2020  2200    44.8   36.1     2.8     0.000   0   71.55  342.1    6.7     991
120  04/06/2020  2300    43.2   36.1     2.7     0.000   0   75.81  336.4    4.6      --
121  04/07/2020  0000    42.2   36.1     2.6     0.000   0   79.07  321.5    2.6      --
122  04/07/2020  0100    41.1   36.1     2.5     0.000   0   82.34  265.9    1.4      --
123  04/07/2020  0200    40.1   36.1     2.3     0.000   0   85.46  208.1    2.6      --
124  04/07/2020  0300    39.3   36.1     2.2     0.000   5   88.33  192.7    4.5      --
125  04/07/2020  0400    38.6   36.1     2.1     0.000  10   90.84  186.8    6.6    1032
126  04/07/2020  0500    38.0   36.1     2.2     0.000  10   92.89  177.8    5.9      --
127  04/07/2020  0600    37.7   36.1     2.3     0.000  10   94.01  166.8    5.4      --
128  04/07/2020  0700    38.1   36.1     2.4     0.000  10   92.67  154.1    5.2      --
129  04/07/2020  0800    39.2   36.1     2.5     0.000  10   88.78  140.8    5.2      --
130  04/07/2020  0900    41.0   34.7     2.6     0.000   5   77.84  128.1    5.5      --
131  04/07/2020  1000    43.5   34.7     2.7     0.000   0   70.65  117.2    6.0    3389
132  04/07/2020  1100    46.5   34.7     2.8     0.000   0   63.11  105.0    5.5      --
133  04/07/2020  1200    49.6   34.7     2.9     0.000   0   56.30   91.1    5.3      --
134  04/07/2020  1300    52.0   34.7     3.0     0.000   0   51.36   77.1    5.4      --
135  04/07/2020  1400    53.4   34.7     3.1     0.000   0   48.84   64.4    5.8      --
136  04/07/2020  1500    54.3   34.7     3.2     0.000   0   47.20   53.9    6.5      --
137  04/07/2020  1600    54.9   34.7     3.3     0.000   0   46.26   45.5    7.3    6940
138  04/07/2020  1700    55.0   34.7     3.3     0.000   0   46.04   32.5    7.8      --
139  04/07/2020  1800    53.8   34.7     3.3     0.000   0   48.18   21.3    8.6      --
140  04/07/2020  1900    51.4   34.7     3.3     0.000   0   52.62   12.2    9.6      --
141  04/07/2020  2000    50.0   34.7     3.3     0.000   0   55.32    5.1   10.8      --
142  04/07/2020  2100    47.7   34.7     3.3     0.000   0   60.38  359.5   12.2      --
143  04/07/2020  2200    45.4   34.7     3.3     0.000   0   65.95  355.1   13.6    5589
144  04/07/2020  2300    44.4   34.7     3.3     0.000   0   68.51  342.5   11.7      --
145  04/08/2020  0000    43.8   34.7     3.4     0.000   0   70.02  326.3   10.6      --
146  04/08/2020  0100    43.2   34.7     3.5     0.000   0   71.55  307.9   10.4      --
147  04/08/2020  0200    42.7   34.7     3.5     0.000   0   73.04  290.8   11.3      --
148  04/08/2020  0300    42.2   34.7     3.6     0.000   0   74.43  277.1   13.0      --
149  04/08/2020  0400    41.8   34.7     3.7     0.000   0   75.68  267.1   15.3    1153
150  04/08/2020  0500    41.4   34.7     3.7     0.000   0   76.74  273.0   12.4      --
151  04/08/2020  0600    41.2   34.7     3.6     0.000   0   77.36  282.1    9.8      --
152  04/08/2020  0700    41.8   34.7     3.6     0.000   0   75.64  297.3    7.6      --
153  04/08/2020  0800    43.3   34.7     3.6     0.000   0   71.20  321.4    6.3      --
154  04/08/2020  0900    45.9   37.2     3.6     0.000   0   71.47  350.4    6.4      --
155  04/08/2020  1000    49.1   37.2     3.6     0.000   0   63.29   12.9    7.9    3311
156  04/08/2020  1100    52.4   37.2     3.5     0.000   0   56.05   17.0    7.6      --
157  04/08/2020  1200    54.8   37.2     3.4     0.000   0   51.36   21.4    7.2      --
158  04/08/2020  1300    56.7   37.2     3.3     0.000   0   47.89   26.3    7.0      --
159  04/08/2020  1400    57.8   37.2     3.2     0.000   0   46.04   31.5    6.8      --
160  04/08/2020  1500    58.5   37.2     3.0     0.000   0   44.92   37.0    6.6      --
161  04/08/2020  1600    59.0   37.2     2.9     0.000   0   44.18   42.7    6.5    4780
162  04/08/2020  1700    59.2   37.2     2.7     0.000   0   43.76   42.0    6.4      --
163  04/08/2020  1800    57.5   37.2     2.5     0.000   0   46.53   41.3    6.2      --
164  04/08/2020  1900    54.0   37.2     2.3     0.000   0   52.82   40.6    6.1      --
165  04/08/2020  2000    52.1   37.2     2.2     0.000   0   56.68   39.9    6.0      --
166  04/08/2020  2100    49.8   37.2     2.0     0.000   0   61.81   39.1    5.9      --
167  04/08/2020  2200    47.4   37.2     1.8     0.000   0   67.47   38.3    5.7     609
