  Generated by FoxLW on Thursday April 2, 2020 at 02:32 PDT
-------------------------------------------------------------------------------
  Chehalis
  46.6800:-122.9900  (46 40' 48.00"N  122 59' 24.00"W)  elev 170.6 feet    file: 360001
-------------------------------------------------------------------------------

Line#   Date     Hour   TempF  DewPtF WS(mph)  Rain(in) LW    RH%  WDir_50m WS_50m Inv(ft)
  5  04/02/2020  0400    33.6   30.0     1.7     0.000   0   86.19  250.0    6.5    1067
  6  04/02/2020  0500    33.3   30.0     1.9     0.000   0   87.62  246.4    6.4      --
  7  04/02/2020  0600    33.0   32.5     2.1     0.000   5   97.69  242.8    6.4      --
  8  04/02/2020  0700    34.4   32.5     2.3     0.000  10   92.54  239.0    6.4      --
  9  04/02/2020  0800    35.9   32.5     2.5     0.000   5   87.22  235.3    6.4      --
 10  04/02/2020  0900    37.4   32.5     2.7     0.000   0   82.02  231.6    6.4      --
 11  04/02/2020  1000    40.4   32.5     2.9     0.000   0   73.10  228.0    6.5  no_inv
 12  04/02/2020  1100    42.7   30.8     4.7     0.000   0   62.43  246.5    7.4      --
 13  04/02/2020  1200    44.2   31.3     6.5     0.000   0   60.30  259.9    8.8      --
 14  04/02/2020  1300    45.2   32.3     8.3     0.000   0   60.42  269.1   10.7      --
 15  04/02/2020  1400    45.7   33.0    10.0     0.000   0   60.97  275.6   12.7      --
 16  04/02/2020  1500    44.2   35.9    11.8     0.000   0   72.63  280.2   14.8      --
 17  04/02/2020  1600    42.3   38.7    13.6     0.080  10   86.96  283.6   17.0  no_inv
 18  04/02/2020  1700    43.1   37.4    11.8     0.000   5   80.09  285.7   16.2      --
 19  04/02/2020  1800    42.0   32.9    10.1     0.000   0   70.02  288.0   15.5      --
 20  04/02/2020  1900    39.6   33.2     8.3     0.000   0   77.48  290.5   14.8      --
 21  04/02/2020  2000    38.3   32.4     6.6     0.000   0   79.10  293.2   14.1      --
 22  04/02/2020  2100    36.0   32.2     4.8     0.000   0   85.87  296.2   13.4      --
 23  04/02/2020  2200    33.6   32.2     3.1     0.000   5   94.39  299.5   12.8    4807
 24  04/02/2020  2300    33.1   32.2     2.9     0.000  10   96.44  292.4   11.2      --
 25  04/03/2020  0000    33.1   32.2     2.4     0.000  10   96.44  283.2    9.9      --
 26  04/03/2020  0100    32.4   31.5     2.3     0.000  10   96.43  271.5    8.9      --
 27  04/03/2020  0200    31.7   30.8     2.2     0.000  10   96.42  257.6    8.4      --
 28  04/03/2020  0300    31.0   30.1     2.1     0.000  10   96.41  242.7    8.3      --
 29  04/03/2020  0400    30.3   29.4     2.0     0.000  10   96.40  228.7    8.9    1051
 30  04/03/2020  0500    29.7   28.8     2.9     0.000  10   96.39  231.1    9.1      --
 31  04/03/2020  0600    29.3   29.2     3.6     0.000  10   99.73  233.3    9.4      --
 32  04/03/2020  0700    31.4   30.0     4.4     0.000  10   94.64  235.4    9.6      --
 33  04/03/2020  0800    33.9   31.5     5.1     0.020   5   90.69  237.4    9.9      --
 34  04/03/2020  0900    36.3   33.6     5.8     0.000   0   89.81  239.3   10.2      --
 35  04/03/2020  1000    39.7   36.0     6.6     0.020   0   86.21  241.1   10.5    6948
 36  04/03/2020  1100    42.7   36.8     7.3     0.000   0   79.31  247.9   10.8      --
 37  04/03/2020  1200    44.6   37.2     8.1     0.000   0   75.09  254.4   11.2      --
 38  04/03/2020  1300    45.9   35.9     8.9     0.000   0   67.87  260.3   11.7      --
 39  04/03/2020  1400    46.6   34.3     9.6     0.000   0   62.10  265.7   12.3      --
 40  04/03/2020  1500    47.0   32.6    10.4     0.000   0   57.02  270.5   13.1      --
 41  04/03/2020  1600    47.2   31.5    11.1     0.000   0   54.18  274.8   13.9    6557
 42  04/03/2020  1700    47.0   32.0     9.9     0.000   0   55.65  274.5   13.0      --
 43  04/03/2020  1800    44.0   31.8     8.7     0.000   0   61.87  274.2   12.1      --
 44  04/03/2020  1900    38.0   31.4     7.4     0.000   0   76.93  273.9   11.2      --
 45  04/03/2020  2000    34.7   31.8     6.2     0.000   0   89.06  273.6   10.3      --
 46  04/03/2020  2100    32.3   31.5     4.9     0.000   5   96.93  273.1    9.4      --
 47  04/03/2020  2200    30.0   29.1     3.4     0.000  10   96.59  272.6    8.6     892
 48  04/03/2020  2300    29.3   28.4     3.2     0.000  10   96.38  267.1    7.4      --
 49  04/04/2020  0000    29.3   28.4     2.9     0.000  10   96.38  259.9    6.4      --
 50  04/04/2020  0100    29.7   28.9     2.7     0.000  10   96.57  250.0    5.5      --
 51  04/04/2020  0200    29.9   29.1     2.4     0.000  10   96.65  237.1    4.9      --
 52  04/04/2020  0300    30.0   29.1     2.2     0.000  10   96.66  221.1    4.5      --
 53  04/04/2020  0400    29.8   29.0     1.9     0.000  10   96.61  204.1    4.6     787
 54  04/04/2020  0500    29.6   28.7     1.8     0.000  10   96.41  202.2    3.6      --
 55  04/04/2020  0600    29.3   29.0     1.6     0.000  10   98.76  199.0    2.5      --
 56  04/04/2020  0700    30.0   29.7     1.4     0.000  10   99.09  191.7    1.6      --
 57  04/04/2020  0800    32.1   31.2     1.2     0.000  10   96.43  163.4    0.7      --
 58  04/04/2020  0900    35.6   32.0     1.0     0.000  10   86.63   73.1    0.7      --
 59  04/04/2020  1000    40.1   33.1     0.7     0.000   5   75.92   48.3    1.6    7520
 60  04/04/2020  1100    44.2   33.9     1.1     0.000   0   66.74   21.1    2.1      --
 61  04/04/2020  1200    47.2   34.2     1.5     0.000   0   60.34    5.8    2.8      --
 62  04/04/2020  1300    49.5   34.2     1.8     0.000   0   55.36  357.1    3.7      --
 63  04/04/2020  1400    50.7   34.0     2.2     0.000   0   52.65  351.8    4.6      --
 64  04/04/2020  1500    51.5   33.6     2.6     0.000   0   50.29  348.3    5.5      --
 65  04/04/2020  1600    52.0   33.2     2.9     0.000   0   48.43  345.8    6.5  no_inv
 66  04/04/2020  1700    52.2   32.8     3.1     0.000   0   47.35  340.6    6.7      --
 67  04/04/2020  1800    50.3   32.6     3.2     0.000   0   50.49  335.9    7.0      --
 68  04/04/2020  1900    46.4   33.5     3.4     0.000   0   60.46  331.6    7.4      --
 69  04/04/2020  2000    44.3   33.5     3.6     0.000   0   65.56  327.7    7.8      --
 70  04/04/2020  2100    42.0   34.4     3.7     0.000   0   74.24  324.1    8.2      --
 71  04/04/2020  2200    39.6   35.9     3.9     0.010   0   86.35  320.9    8.6     544
 72  04/04/2020  2300    38.0   35.1     4.3     0.000   0   89.22  339.5    7.2      --
 73  04/05/2020  0000    38.0   35.1     4.7     0.000   0   89.08    3.0    6.8      --
 74  04/05/2020  0100    38.2   35.1     5.1     0.000   0   88.63   25.2    7.6      --
 75  04/05/2020  0200    38.3   35.3     5.5     0.000   0   88.87   41.3    9.3      --
 76  04/05/2020  0300    38.3   35.5     5.9     0.000   0   89.52   51.9   11.5      --
 77  04/05/2020  0400    39.1   36.6     6.3     0.010   0   90.43   59.0   13.9     548
 78  04/05/2020  0500    38.3   34.8     5.6     0.000   0   87.37   56.2   12.2      --
 79  04/05/2020  0600    38.0   34.2     5.0     0.000   0   86.03   52.3   10.6      --
 80  04/05/2020  0700    38.9   34.3     4.3     0.000   0   83.28   47.2    9.0      --
 81  04/05/2020  0800    38.8   34.2     3.7     0.000   0   83.34   39.9    7.5      --
 82  04/05/2020  0900    41.8   39.1     3.0     0.000   5   90.25   29.2    6.2      --
 83  04/05/2020  1000    42.3   39.4     2.3     0.000  10   89.29   13.9    5.2  no_inv
 84  04/05/2020  1100    45.0   39.4     3.3     0.000   5   80.72  353.2    5.8      --
 85  04/05/2020  1200    48.0   38.6     4.3     0.000   0   69.95  337.8    6.9      --
 86  04/05/2020  1300    50.3   39.3     5.3     0.000   0   65.81  327.4    8.4      --
 87  04/05/2020  1400    51.7   39.8     6.3     0.000   0   63.71  320.2   10.1      --
 88  04/05/2020  1500    52.7   40.2     7.3     0.000   0   62.46  315.2   11.9      --
 89  04/05/2020  1600    53.2   40.5     8.3     0.000   0   61.94  311.5   13.8  no_inv
 90  04/05/2020  1700    53.0   40.5     8.4     0.000   0   62.45  324.7   12.9      --
 91  04/05/2020  1800    51.7   40.0     8.4     0.000   0   64.30  339.0   12.8      --
 92  04/05/2020  1900    49.1   40.2     8.4     0.000   0   71.15  352.6   13.5      --
 93  04/05/2020  2000    47.7   39.2     8.4     0.000   0   72.30    4.4   14.8      --
 94  04/05/2020  2100    45.4   38.8     8.5     0.000   0   77.56   13.9   16.7      --
 95  04/05/2020  2200    43.0   40.8     8.5     0.040   5   91.88   21.4   18.9     665
 96  04/05/2020  2300    41.6   39.4     7.8     0.000   0   91.82   26.4   16.5      --
 97  04/06/2020  0000    40.5   38.6     7.1     0.000   0   92.71   33.2   14.2      --
 98  04/06/2020  0100    39.5   37.9     6.4     0.000   5   93.85   42.4   12.1      --
 99  04/06/2020  0200    38.5   37.2     5.7     0.000  10   94.90   54.8   10.6      --
100  04/06/2020  0300    37.6   36.7     5.0     0.000  10   96.51   70.5    9.6      --
101  04/06/2020  0400    36.8   35.9     4.3     0.000  10   96.50   88.1    9.5     137
102  04/06/2020  0500    37.1   34.6     3.9     0.000  10   90.56   83.2    8.1      --
103  04/06/2020  0600    36.7   34.2     3.5     0.000  10   90.60   76.4    6.7      --
104  04/06/2020  0700    37.5   34.7     3.1     0.000  10   89.48   66.4    5.5      --
105  04/06/2020  0800    39.1   36.3     2.7     0.000  10   89.66   51.6    4.6      --
106  04/06/2020  0900    40.3   36.0     2.3     0.000   5   84.32   31.1    4.1      --
107  04/06/2020  1000    44.3   34.8     1.9     0.000   0   69.09    8.5    4.1    6886
108  04/06/2020  1100    47.8   34.8     3.5     0.000   0   60.55  335.4    4.5      --
109  04/06/2020  1200    50.5   33.4     5.2     0.000   0   51.66  312.9    5.9      --
110  04/06/2020  1300    52.7   34.8     6.8     0.000   0   50.48  300.4    7.9      --
111  04/06/2020  1400    53.8   35.8     8.4     0.000   0   50.46  293.0   10.1      --
112  04/06/2020  1500    54.5   36.6    10.1     0.000   0   50.54  288.4   12.4      --
113  04/06/2020  1600    55.0   36.5    11.7     0.000   0   49.59  285.2   14.7    6145
114  04/06/2020  1700    55.3   36.9    10.7     0.000   0   49.99  282.2   14.2      --
115  04/06/2020  1800    52.1   36.6     9.6     0.000   0   55.24  279.0   13.7      --
116  04/06/2020  1900    45.8   36.9     8.5     0.000   0   70.90  275.6   13.2      --
117  04/06/2020  2000    42.3   36.5     7.5     0.000   0   79.76  272.0   12.9      --
118  04/06/2020  2100    39.9   36.1     6.4     0.000   0   85.87  268.1   12.5      --
119  04/06/2020  2200    37.6   35.9     5.4     0.000   5   93.67  264.0   12.2     961
120  04/06/2020  2300    36.9   35.9     5.1     0.000  10   96.09  256.2   11.3      --
121  04/07/2020  0000    37.1   35.9     4.9     0.000  10   95.46  247.3   10.6      --
122  04/07/2020  0100    37.1   35.9     4.7     0.000  10   95.52  237.4   10.2      --
123  04/07/2020  0200    36.9   35.9     4.4     0.000  10   96.13  227.0   10.2      --
124  04/07/2020  0300    36.7   35.8     4.2     0.000  10   96.50  216.9   10.4      --
125  04/07/2020  0400    36.3   35.4     4.0     0.000  10   96.49  207.5   11.0     997
126  04/07/2020  0500    35.8   35.0     3.4     0.000  10   96.49  207.0    9.5      --
127  04/07/2020  0600    35.5   34.6     3.0     0.000  10   96.48  206.2    8.0      --
128  04/07/2020  0700    36.0   35.1     2.5     0.000  10   96.49  205.2    6.5      --
129  04/07/2020  0800    37.4   35.9     1.9     0.000  10   94.31  203.4    4.9      --
130  04/07/2020  0900    39.9   39.0     1.4     0.000  10   96.87  200.2    3.5      --
131  04/07/2020  1000    43.2   39.0     0.9     0.000  10   85.29  192.0    2.0    3950
132  04/07/2020  1100    47.0   39.0     1.8     0.000   5   73.71  254.8    1.7      --
133  04/07/2020  1200    50.8   39.0     2.7     0.000   0   63.84  290.8    3.0      --
134  04/07/2020  1300    54.0   39.0     3.6     0.000   0   56.92  302.7    4.7      --
135  04/07/2020  1400    55.7   38.7     4.5     0.000   0   52.56  308.1    6.6      --
136  04/07/2020  1500    57.0   39.0     5.4     0.000   0   50.88  311.1    8.5      --
137  04/07/2020  1600    57.7   39.0     6.3     0.000   0   49.74  313.0   10.4    5521
138  04/07/2020  1700    57.9   38.9     5.8     0.000   0   49.13  314.4   10.8      --
139  04/07/2020  1800    53.9   38.5     5.3     0.000   0   55.97  315.6   11.2      --
140  04/07/2020  1900    45.7   38.9     4.8     0.000   0   76.93  316.8   11.7      --
141  04/07/2020  2000    41.2   38.9     4.4     0.000   5   91.43  317.9   12.1      --
142  04/07/2020  2100    38.8   38.8     3.9     0.000  10  100.00  318.9   12.6      --
143  04/07/2020  2200    36.5   35.6     3.4     0.000  10   96.50  319.9   13.0     423
144  04/07/2020  2300    35.9   35.0     3.5     0.000  10   96.49  331.1   12.1      --
145  04/08/2020  0000    35.9   35.0     3.6     0.000  10   96.49  343.6   11.6      --
146  04/08/2020  0100    35.8   34.9     3.7     0.000  10   96.49  356.5   11.8      --
147  04/08/2020  0200    35.4   34.5     3.8     0.000  10   96.48    8.4   12.5      --
148  04/08/2020  0300    35.0   34.0     3.9     0.000  10   96.47   18.7   13.7      --
149  04/08/2020  0400    34.4   33.5     4.0     0.000  10   96.46   27.0   15.3     421
150  04/08/2020  0500    33.8   32.9     4.5     0.000  10   96.45   25.7   14.5      --
151  04/08/2020  0600    33.3   32.5     5.0     0.000  10   96.52   24.2   13.8      --
152  04/08/2020  0700    34.4   33.7     5.6     0.000  10   97.16   22.5   13.0      --
153  04/08/2020  0800    37.4   36.0     6.1     0.000  10   94.83   20.7   12.3      --
154  04/08/2020  0900    42.1   34.0     6.6     0.000   5   72.78   18.6   11.6      --
155  04/08/2020  1000    48.2   34.9     7.1     0.000   0   60.00   16.3   10.9    2547
156  04/08/2020  1100    54.3   35.8     6.5     0.000   0   49.46   12.9   10.2      --
157  04/08/2020  1200    59.2   36.7     5.9     0.000   0   42.87    9.0    9.6      --
158  04/08/2020  1300    62.9   37.4     5.3     0.000   0   38.76    4.6    9.0      --
159  04/08/2020  1400    64.8   37.9     4.7     0.000   0   37.04  359.6    8.4      --
160  04/08/2020  1500    65.7   38.3     4.0     0.000   0   36.33  354.0    8.0      --
161  04/08/2020  1600    66.2   38.4     3.4     0.000   0   35.89  347.7    7.6    4773
162  04/08/2020  1700    66.3   38.4     3.8     0.000   0   35.78  327.3    7.5      --
163  04/08/2020  1800    61.5   38.4     4.1     0.000   0   42.24  308.6    8.2      --
164  04/08/2020  1900    51.9   37.9     4.4     0.000   0   58.83  294.4    9.7      --
165  04/08/2020  2000    46.5   37.9     4.7     0.000   0   71.80  284.4   11.6      --
166  04/08/2020  2100    44.2   37.9     5.0     0.000   0   78.55  277.3   13.8      --
167  04/08/2020  2200    41.8   38.2     5.3     0.000   0   86.82  272.2   16.1     342
