  Generated by FoxLW on Thursday April 2, 2020 at 02:32 PDT
-------------------------------------------------------------------------------
  Woodburn South
  45.1200:-122.8400  (45 7' 12.00"N  122 50' 24.00"W)  elev 170.6 feet    file: 810205
-------------------------------------------------------------------------------

Line#   Date     Hour   TempF  DewPtF WS(mph)  Rain(in) LW    RH%  WDir_50m WS_50m Inv(ft)
  5  04/02/2020  0400    38.7   37.2     1.3     0.000  10   94.30  190.1    5.6    1133
  6  04/02/2020  0500    37.5   37.2     1.4     0.000  10   99.01  196.9    5.2      --
  7  04/02/2020  0600    37.2   37.2     1.6     0.000  10  100.00  204.6    4.9      --
  8  04/02/2020  0700    37.3   37.3     1.7     0.000  10   99.89  213.0    4.8      --
  9  04/02/2020  0800    37.8   37.4     1.9     0.000  10   98.19  222.0    4.7      --
 10  04/02/2020  0900    38.8   35.8     2.1     0.000  10   89.07  230.9    4.7      --
 11  04/02/2020  1000    40.1   35.8     2.2     0.000   5   84.55  239.5    4.9  no_inv
 12  04/02/2020  1100    42.3   35.8     2.8     0.000   0   77.74  250.5    5.6      --
 13  04/02/2020  1200    45.1   35.8     3.4     0.000   0   69.67  258.8    6.4      --
 14  04/02/2020  1300    47.6   35.8     4.0     0.000   0   63.38  265.1    7.4      --
 15  04/02/2020  1400    49.0   35.8     4.7     0.000   0   60.11  269.9    8.4      --
 16  04/02/2020  1500    48.8   37.3     5.3     0.000   0   64.40  273.7    9.5      --
 17  04/02/2020  1600    47.8   38.7     5.9     0.010   0   70.70  276.7   10.6  no_inv
 18  04/02/2020  1700    48.3   37.8     5.2     0.000   0   66.87  283.3    9.6      --
 19  04/02/2020  1800    47.3   36.9     4.5     0.000   0   66.82  291.3    8.8      --
 20  04/02/2020  1900    45.4   37.5     3.8     0.010   0   73.79  300.6    8.2      --
 21  04/02/2020  2000    44.3   37.2     3.2     0.000   0   76.07  311.1    7.8      --
 22  04/02/2020  2100    41.9   36.5     2.5     0.000   0   81.03  322.2    7.8      --
 23  04/02/2020  2200    39.6   37.1     1.8     0.010   5   90.74  333.1    8.0  no_inv
 24  04/02/2020  2300    37.7   36.2     1.9     0.000  10   94.34  322.9    5.4      --
 25  04/03/2020  0000    37.0   35.9     2.0     0.000  10   95.68  296.7    3.2      --
 26  04/03/2020  0100    36.3   35.4     2.0     0.000  10   96.49  240.7    2.9      --
 27  04/03/2020  0200    35.6   34.7     2.1     0.000  10   96.48  206.6    4.7      --
 28  04/03/2020  0300    34.9   34.0     2.2     0.000  10   96.47  193.9    7.3      --
 29  04/03/2020  0400    34.2   33.3     2.3     0.000  10   96.46  187.9   10.0    1137
 30  04/03/2020  0500    34.2   32.4     2.4     0.000  10   93.22  190.5    9.5      --
 31  04/03/2020  0600    33.7   32.0     2.6     0.000  10   93.33  193.5    8.9      --
 32  04/03/2020  0700    34.1   32.3     2.7     0.000  10   92.85  196.8    8.4      --
 33  04/03/2020  0800    35.2   33.4     2.9     0.000  10   93.11  200.6    7.9      --
 34  04/03/2020  0900    37.2   35.9     3.1     0.000  10   94.98  204.8    7.5      --
 35  04/03/2020  1000    39.4   36.4     3.2     0.000  10   88.70  209.5    7.1    7056
 36  04/03/2020  1100    42.6   36.4     3.6     0.000   5   78.59  220.1    7.1      --
 37  04/03/2020  1200    45.6   36.4     4.0     0.000   0   70.06  230.4    7.4      --
 38  04/03/2020  1300    47.9   35.4     4.3     0.000   0   61.74  239.7    7.9      --
 39  04/03/2020  1400    49.2   35.9     4.7     0.000   0   60.07  247.7    8.5      --
 40  04/03/2020  1500    50.0   36.3     5.1     0.000   0   59.03  254.5    9.3      --
 41  04/03/2020  1600    50.5   36.4     5.4     0.000   0   58.27  260.1   10.2    7829
 42  04/03/2020  1700    50.2   36.3     5.6     0.000   0   58.56  275.1    7.9      --
 43  04/03/2020  1800    48.3   36.4     5.8     0.000   0   63.19  299.6    6.4      --
 44  04/03/2020  1900    44.4   36.6     6.1     0.000   0   73.97  329.5    6.5      --
 45  04/03/2020  2000    42.2   36.3     4.0     0.000   0   79.48  352.6    8.2      --
 46  04/03/2020  2100    39.9   36.3     3.0     0.000   0   86.87    6.5   10.6      --
 47  04/03/2020  2200    37.5   36.3     1.8     0.000   5   95.38   14.9   13.5    6929
 48  04/03/2020  2300    36.8   35.9     1.5     0.000  10   96.71   15.1   12.5      --
 49  04/04/2020  0000    36.2   35.5     1.3     0.000  10   97.00   15.4   11.5      --
 50  04/04/2020  0100    35.8   35.1     1.1     0.000  10   97.12   15.7   10.5      --
 51  04/04/2020  0200    35.7   35.0     0.9     0.000  10   97.04   16.0    9.5      --
 52  04/04/2020  0300    35.6   34.8     0.7     0.000  10   96.81   16.5    8.5      --
 53  04/04/2020  0400    35.6   34.7     0.6     0.000  10   96.61   17.1    7.5     840
 54  04/04/2020  0500    35.6   34.8     1.2     0.000  10   96.69   14.3    6.7      --
 55  04/04/2020  0600    35.5   34.9     1.6     0.000  10   97.64   10.9    6.0      --
 56  04/04/2020  0700    35.8   35.8     1.9     0.000  10   99.76    6.4    5.3      --
 57  04/04/2020  0800    37.2   37.2     2.1     0.000  10  100.00    0.6    4.6      --
 58  04/04/2020  0900    39.7   38.7     1.9     0.000  10   96.33  352.9    4.0      --
 59  04/04/2020  1000    42.8   40.0     1.6     0.000  10   89.73  342.6    3.4     873
 60  04/04/2020  1100    45.9   40.8     1.9     0.000   5   82.30  318.2    3.1      --
 61  04/04/2020  1200    48.6   41.2     2.2     0.000   0   75.37  293.6    3.4      --
 62  04/04/2020  1300    50.6   41.2     2.5     0.000   0   69.88  275.6    4.2      --
 63  04/04/2020  1400    51.7   41.0     2.8     0.000   0   66.59  264.0    5.2      --
 64  04/04/2020  1500    52.4   40.4     3.2     0.000   0   63.54  256.5    6.4      --
 65  04/04/2020  1600    52.8   39.8     3.5     0.000   0   61.02  251.4    7.7  no_inv
 66  04/04/2020  1700    52.8   39.2     3.8     0.000   0   59.79  259.9    8.1      --
 67  04/04/2020  1800    51.9   39.0     4.1     0.000   0   61.33  267.7    8.6      --
 68  04/04/2020  1900    50.0   40.2     4.4     0.000   0   68.87  274.4    9.2      --
 69  04/04/2020  2000    49.0   40.2     4.7     0.000   0   71.54  280.2    9.9      --
 70  04/04/2020  2100    46.7   41.3     5.0     0.000   0   81.37  285.2   10.8      --
 71  04/04/2020  2200    44.3   43.5     5.3     0.130  10   96.62  289.4   11.7    2022
 72  04/04/2020  2300    43.6   42.7     4.7     0.010  10   96.60  291.2   10.3      --
 73  04/05/2020  0000    42.3   41.4     4.1     0.000  10   96.59  293.6    9.0      --
 74  04/05/2020  0100    42.0   41.0     3.5     0.000  10   96.58  296.8    7.7      --
 75  04/05/2020  0200    41.6   40.7     3.0     0.000  10   96.57  301.2    6.4      --
 76  04/05/2020  0300    41.2   40.3     2.4     0.000  10   96.57  307.9    5.1      --
 77  04/05/2020  0400    41.8   40.9     1.8     0.020  10   96.57  318.6    4.0    2727
 78  04/05/2020  0500    41.9   38.8     1.8     0.000  10   88.59  307.4    3.6      --
 79  04/05/2020  0600    41.7   38.6     1.9     0.000  10   88.59  293.8    3.3      --
 80  04/05/2020  0700    42.5   38.9     1.9     0.000  10   87.00  278.8    3.2      --
 81  04/05/2020  0800    42.4   38.8     1.9     0.000  10   87.01  264.2    3.4      --
 82  04/05/2020  0900    41.7   38.1     1.9     0.000  10   86.92  251.6    3.8      --
 83  04/05/2020  1000    42.3   38.5     1.9     0.000  10   86.38  241.6    4.3    3510
 84  04/05/2020  1100    44.3   38.2     2.1     0.000   5   79.11  246.0    4.7      --
 85  04/05/2020  1200    48.0   37.6     2.3     0.000   0   67.16  249.7    5.1      --
 86  04/05/2020  1300    51.0   37.6     2.5     0.000   0   59.97  252.9    5.5      --
 87  04/05/2020  1400    52.9   37.6     2.7     0.000   0   55.89  255.5    6.0      --
 88  04/05/2020  1500    54.2   37.6     2.9     0.000   0   53.27  257.8    6.4      --
 89  04/05/2020  1600    55.0   37.6     3.1     0.000   0   51.71  259.8    6.9  no_inv
 90  04/05/2020  1700    55.0   37.6     3.2     0.000   0   51.86  269.8    6.7      --
 91  04/05/2020  1800    54.0   37.6     3.3     0.000   0   53.74  280.1    6.6      --
 92  04/05/2020  1900    52.0   37.6     3.5     0.000   0   57.83  290.2    6.8      --
 93  04/05/2020  2000    50.9   37.6     3.6     0.000   0   60.22  299.5    7.2      --
 94  04/05/2020  2100    48.6   39.0     3.7     0.000   0   69.33  307.6    7.8      --
 95  04/05/2020  2200    46.2   42.4     3.8     0.020   0   86.53  314.5    8.5    1413
 96  04/05/2020  2300    43.5   40.7     3.6     0.000   5   89.72  313.5    7.9      --
 97  04/06/2020  0000    42.1   39.8     3.3     0.000  10   91.52  312.3    7.3      --
 98  04/06/2020  0100    41.6   39.4     3.0     0.010  10   92.11  310.8    6.7      --
 99  04/06/2020  0200    39.4   38.1     2.8     0.000  10   95.23  309.1    6.1      --
100  04/06/2020  0300    39.1   37.8     2.5     0.000  10   95.13  307.1    5.5      --
101  04/06/2020  0400    38.1   36.8     2.2     0.000  10   95.08  304.5    4.9     792
102  04/06/2020  0500    37.2   35.0     2.1     0.000  10   91.79  304.1    4.7      --
103  04/06/2020  0600    36.7   34.5     2.0     0.000  10   91.86  303.6    4.4      --
104  04/06/2020  0700    37.3   34.9     1.9     0.000  10   91.03  303.1    4.1      --
105  04/06/2020  0800    38.7   36.4     1.8     0.000  10   91.24  302.5    3.9      --
106  04/06/2020  0900    40.7   37.5     1.6     0.000  10   88.11  301.8    3.6      --
107  04/06/2020  1000    43.8   37.5     1.5     0.000   5   78.43  301.0    3.3    3802
108  04/06/2020  1100    47.7   37.5     2.0     0.000   0   67.74  295.2    4.3      --
109  04/06/2020  1200    51.4   37.5     2.6     0.000   0   58.86  291.5    5.3      --
110  04/06/2020  1300    54.5   37.5     3.1     0.000   0   52.61  289.0    6.3      --
111  04/06/2020  1400    56.2   37.5     3.7     0.000   0   49.46  287.2    7.4      --
112  04/06/2020  1500    57.4   37.5     4.2     0.000   0   47.40  285.9    8.4      --
113  04/06/2020  1600    58.1   37.5     4.7     0.000   0   46.19  284.8    9.4    7041
114  04/06/2020  1700    58.4   37.5     4.1     0.000   0   45.72  287.9    8.0      --
115  04/06/2020  1800    53.5   37.5     3.4     0.000   0   54.52  292.3    6.7      --
116  04/06/2020  1900    43.6   37.5     2.7     0.000   0   79.03  298.8    5.3      --
117  04/06/2020  2000    38.1   37.5     1.3     0.000   5   97.69  309.4    4.2      --
118  04/06/2020  2100    35.8   35.8     0.8     0.000  10  100.00  327.2    3.2      --
119  04/06/2020  2200    33.4   33.1     0.5     0.000  10   98.49  354.6    2.8    1058
120  04/06/2020  2300    32.7   32.4     0.5     0.000  10   98.74    0.6    3.1      --
121  04/07/2020  0000    32.4   32.2     0.5     0.000  10   99.17    5.2    3.5      --
122  04/07/2020  0100    32.0   31.9     0.6     0.000  10   99.35    9.0    3.9      --
123  04/07/2020  0200    32.0   31.7     0.6     0.000  10   98.97   12.0    4.4      --
124  04/07/2020  0300    31.8   31.4     0.7     0.000  10   98.41   14.4    4.8      --
125  04/07/2020  0400    31.6   31.0     0.8     0.000  10   97.71   16.5    5.3    1732
126  04/07/2020  0500    31.4   30.6     0.9     0.000  10   96.94   15.7    5.0      --
127  04/07/2020  0600    31.0   30.9     1.1     0.000  10   99.32   14.8    4.8      --
128  04/07/2020  0700    31.7   31.7     1.4     0.000  10  100.00   13.9    4.6      --
129  04/07/2020  0800    34.2   34.1     1.6     0.000  10   99.78   12.9    4.3      --
130  04/07/2020  0900    38.1   38.1     1.7     0.000  10  100.00   11.7    4.1      --
131  04/07/2020  1000    43.2   39.2     1.8     0.000  10   85.74   10.4    3.9    3273
132  04/07/2020  1100    48.8   39.2     1.8     0.000   5   69.42    3.6    3.9      --
133  04/07/2020  1200    54.0   39.5     1.9     0.000   0   57.80  356.8    3.9      --
134  04/07/2020  1300    58.0   39.5     1.9     0.000   0   50.15  350.3    4.0      --
135  04/07/2020  1400    59.9   39.4     2.0     0.000   0   46.71  344.1    4.2      --
136  04/07/2020  1500    60.9   39.2     2.0     0.000   0   44.75  338.4    4.3      --
137  04/07/2020  1600    61.3   39.2     2.1     0.000   0   44.01  333.2    4.6    4795
138  04/07/2020  1700    61.3   39.2     1.9     0.000   0   44.07  331.0    4.6      --
139  04/07/2020  1800    55.5   39.2     1.7     0.000   0   54.27  328.9    4.6      --
140  04/07/2020  1900    43.6   39.3     1.6     0.000   5   84.78  326.7    4.6      --
141  04/07/2020  2000    37.1   37.1     0.9     0.000  10  100.00  324.5    4.6      --
142  04/07/2020  2100    34.7   34.7     0.6     0.000  10  100.00  322.4    4.6      --
143  04/07/2020  2200    32.4   31.5     0.5     0.000  10   96.52  320.3    4.7    1151
144  04/07/2020  2300    31.7   30.8     0.5     0.000  10   96.42  333.4    4.8      --
145  04/08/2020  0000    31.7   30.8     0.6     0.000  10   96.42  345.4    5.1      --
146  04/08/2020  0100    31.9   31.2     0.7     0.000  10   96.97  355.4    5.7      --
147  04/08/2020  0200    32.1   31.5     0.8     0.000  10   97.37    3.5    6.3      --
148  04/08/2020  0300    32.2   31.6     1.0     0.000  10   97.49    9.9    7.1      --
149  04/08/2020  0400    32.2   31.5     1.1     0.000  10   97.30   15.1    8.0    1137
150  04/08/2020  0500    32.0   31.2     1.3     0.000  10   96.81   14.1    7.2      --
151  04/08/2020  0600    31.7   31.4     1.5     0.000  10   98.73   12.9    6.5      --
152  04/08/2020  0700    32.7   32.3     1.7     0.000  10   98.60   11.4    5.8      --
153  04/08/2020  0800    35.5   34.6     1.7     0.000  10   96.48    9.4    5.1      --
154  04/08/2020  0900    40.3   40.0     1.7     0.000  10   99.17    6.9    4.4      --
155  04/08/2020  1000    46.5   40.5     1.7     0.000   5   79.49    3.3    3.7    1842
156  04/08/2020  1100    53.3   40.5     2.0     0.000   0   61.58  356.9    4.3      --
157  04/08/2020  1200    59.9   40.5     2.3     0.000   0   48.60  352.0    4.9      --
158  04/08/2020  1300    65.1   40.5     2.6     0.000   0   40.43  348.2    5.6      --
159  04/08/2020  1400    68.0   40.5     2.8     0.000   0   36.57  345.3    6.2      --
160  04/08/2020  1500    69.6   40.5     3.1     0.000   0   34.68  342.9    6.9      --
161  04/08/2020  1600    70.5   40.5     3.4     0.000   0   33.63  341.0    7.6    4830
162  04/08/2020  1700    70.9   40.5     3.1     0.000   0   33.22  336.2    7.1      --
163  04/08/2020  1800    64.7   40.8     2.7     0.000   0   41.49  330.8    6.7      --
164  04/08/2020  1900    52.2   40.5     2.4     0.000   0   64.37  324.6    6.3      --
165  04/08/2020  2000    45.3   40.6     1.4     0.000   0   83.65  317.8    6.0      --
166  04/08/2020  2100    42.9   40.7     1.0     0.000   5   91.64  310.4    5.8      --
167  04/08/2020  2200    40.6   36.5     0.6     0.000  10   85.32  302.5    5.7    1101
