  Generated by FoxLW on Thursday April 2, 2020 at 02:32 PDT
-------------------------------------------------------------------------------
  St. Paul South
  45.1400:-122.9500  (45 8' 24.00"N  122 57' 0.00"W)  elev 173.9 feet    file: 810305
-------------------------------------------------------------------------------

Line#   Date     Hour   TempF  DewPtF WS(mph)  Rain(in) LW    RH%  WDir_50m WS_50m Inv(ft)
  5  04/02/2020  0400    35.3   30.2     0.9     0.000   0   81.55  174.4    4.1    1119
  6  04/02/2020  0500    34.9   30.3     0.9     0.000   0   83.23  177.3    3.8      --
  7  04/02/2020  0600    34.6   34.6     1.0     0.000   5  100.00  180.9    3.4      --
  8  04/02/2020  0700    34.8   34.8     1.0     0.000  10  100.00  185.2    3.1      --
  9  04/02/2020  0800    35.7   34.8     1.0     0.000  10   96.46  190.4    2.8      --
 10  04/02/2020  0900    37.4   34.8     1.0     0.000  10   90.39  196.7    2.6      --
 11  04/02/2020  1000    39.7   34.8     1.1     0.000   5   82.66  204.3    2.3  no_inv
 12  04/02/2020  1100    42.5   34.8     1.9     0.000   0   74.09  238.3    3.0      --
 13  04/02/2020  1200    45.4   34.8     2.8     0.000   0   66.20  256.0    4.3      --
 14  04/02/2020  1300    47.7   34.8     3.7     0.000   0   60.74  265.2    5.8      --
 15  04/02/2020  1400    49.0   34.4     4.6     0.000   0   56.76  270.5    7.4      --
 16  04/02/2020  1500    48.0   37.0     5.4     0.000   0   65.53  273.9    9.0      --
 17  04/02/2020  1600    46.2   39.3     6.3     0.030   0   76.76  276.2   10.7  no_inv
 18  04/02/2020  1700    46.5   38.7     5.5     0.000   0   73.81  283.2    9.3      --
 19  04/02/2020  1800    45.5   37.7     4.8     0.000   0   73.98  292.5    8.1      --
 20  04/02/2020  1900    43.4   37.0     4.0     0.000   0   78.24  304.6    7.2      --
 21  04/02/2020  2000    42.2   36.6     3.2     0.000   0   80.59  319.4    6.6      --
 22  04/02/2020  2100    39.8   35.7     2.4     0.000   0   85.09  335.4    6.6      --
 23  04/02/2020  2200    37.5   35.7     1.6     0.000   5   93.06  350.4    7.1  no_inv
 24  04/02/2020  2300    36.6   35.2     1.6     0.000  10   94.61  347.8    4.8      --
 25  04/03/2020  0000    36.0   34.9     1.6     0.000  10   95.60  340.8    2.7      --
 26  04/03/2020  0100    35.4   34.5     1.5     0.000  10   96.48  290.2    0.8      --
 27  04/03/2020  0200    34.8   33.9     1.5     0.000  10   96.47  196.1    2.0      --
 28  04/03/2020  0300    34.2   33.2     1.5     0.000  10   96.46  185.6    4.2      --
 29  04/03/2020  0400    33.5   32.7     1.5     0.000  10   96.45  182.3    6.5    1124
 30  04/03/2020  0500    33.6   31.7     1.7     0.000  10   92.61  185.1    6.5      --
 31  04/03/2020  0600    33.2   31.3     2.0     0.000  10   92.71  187.8    6.6      --
 32  04/03/2020  0700    33.7   31.6     2.3     0.000  10   92.08  190.4    6.6      --
 33  04/03/2020  0800    34.9   32.9     2.6     0.000  10   92.32  192.9    6.7      --
 34  04/03/2020  0900    37.1   35.7     2.9     0.000  10   94.52  195.4    6.8      --
 35  04/03/2020  1000    39.3   36.3     3.2     0.000  10   88.87  197.9    6.9    7046
 36  04/03/2020  1100    42.5   36.3     3.5     0.000   5   78.59  214.6    6.3      --
 37  04/03/2020  1200    45.4   36.3     4.0     0.000   0   70.31  233.4    6.2      --
 38  04/03/2020  1300    47.6   35.1     4.4     0.000   0   61.81  250.7    6.8      --
 39  04/03/2020  1400    48.8   35.8     4.8     0.000   0   60.52  264.3    7.9      --
 40  04/03/2020  1500    49.6   36.2     5.2     0.000   0   59.67  274.1    9.3      --
 41  04/03/2020  1600    50.1   36.3     5.6     0.000   0   59.02  281.3   10.9    7829
 42  04/03/2020  1700    49.8   36.2     5.6     0.000   0   59.33  294.5    9.3      --
 43  04/03/2020  1800    48.0   35.9     5.6     0.000   0   62.58  312.0    8.3      --
 44  04/03/2020  1900    44.4   36.3     5.7     0.000   0   72.90  331.7    8.2      --
 45  04/03/2020  2000    42.4   36.0     5.3     0.000   0   78.00  349.6    9.1      --
 46  04/03/2020  2100    40.1   36.0     4.7     0.000   0   85.33    3.3   10.7      --
 47  04/03/2020  2200    37.7   36.1     4.1     0.000   5   93.66   13.1   12.7     944
 48  04/03/2020  2300    36.5   35.8     3.0     0.000  10   97.32    5.8   10.2      --
 49  04/04/2020  0000    35.5   35.1     2.1     0.000  10   98.38  354.3    8.1      --
 50  04/04/2020  0100    34.7   34.2     1.3     0.000  10   98.02  335.7    6.4      --
 51  04/04/2020  0200    34.3   33.5     0.7     0.000  10   96.81  309.3    5.8      --
 52  04/04/2020  0300    34.2   33.3     0.4     0.000  10   96.46  283.2    6.5      --
 53  04/04/2020  0400    34.2   33.3     0.4     0.000  10   96.46  265.1    8.2     159
 54  04/04/2020  0500    34.2   33.3     0.5     0.000  10   96.48  269.9    6.7      --
 55  04/04/2020  0600    34.2   33.5     1.2     0.000  10   97.23  277.2    5.4      --
 56  04/04/2020  0700    34.5   34.4     1.7     0.000  10   99.58  289.2    4.2      --
 57  04/04/2020  0800    36.0   36.0     2.0     0.000  10  100.00  309.2    3.2      --
 58  04/04/2020  0900    39.2   38.3     1.9     0.000  10   96.63  338.1    3.0      --
 59  04/04/2020  1000    42.7   39.6     1.6     0.000  10   88.78    5.1    3.4    7032
 60  04/04/2020  1100    45.9   40.6     2.0     0.000   5   81.71  336.6    3.0      --
 61  04/04/2020  1200    48.3   41.0     2.3     0.000   0   75.66  307.8    3.4      --
 62  04/04/2020  1300    50.1   41.0     2.8     0.000   0   70.82  288.7    4.4      --
 63  04/04/2020  1400    51.0   40.9     3.2     0.000   0   68.07  277.5    5.7      --
 64  04/04/2020  1500    51.6   40.6     3.5     0.000   0   65.79  270.6    7.2      --
 65  04/04/2020  1600    52.0   40.2     3.9     0.000   0   64.07  266.1    8.7  no_inv
 66  04/04/2020  1700    51.8   39.9     4.1     0.000   0   63.64  272.7    8.9      --
 67  04/04/2020  1800    50.6   39.8     4.3     0.000   0   66.23  279.1    9.2      --
 68  04/04/2020  1900    48.2   40.5     4.5     0.000   0   74.53  284.9    9.6      --
 69  04/04/2020  2000    46.8   40.5     4.7     0.000   0   78.42  290.3   10.0      --
 70  04/04/2020  2100    44.5   40.8     4.9     0.000   0   86.84  295.2   10.6      --
 71  04/04/2020  2200    42.1   41.2     5.1     0.080  10   96.59  299.5   11.2    2737
 72  04/04/2020  2300    41.6   40.7     4.7     0.000  10   96.58  302.2   10.2      --
 73  04/05/2020  0000    41.5   40.5     4.2     0.010  10   96.58  305.5    9.2      --
 74  04/05/2020  0100    41.3   40.4     3.8     0.010  10   96.57  309.5    8.2      --
 75  04/05/2020  0200    41.1   40.2     3.4     0.000  10   96.57  314.7    7.3      --
 76  04/05/2020  0300    40.9   40.0     3.0     0.000  10   96.57  321.2    6.4      --
 77  04/05/2020  0400    41.6   40.7     2.6     0.010  10   96.57  329.6    5.7    2775
 78  04/05/2020  0500    41.7   38.6     2.4     0.000  10   88.58  323.0    4.8      --
 79  04/05/2020  0600    41.6   38.5     2.2     0.000  10   88.58  313.3    3.9      --
 80  04/05/2020  0700    41.9   38.3     2.0     0.000  10   86.98  299.0    3.2      --
 81  04/05/2020  0800    42.3   38.7     1.9     0.000  10   87.00  279.1    2.8      --
 82  04/05/2020  0900    42.1   38.5     1.7     0.000  10   86.97  256.5    2.9      --
 83  04/05/2020  1000    42.6   39.0     1.5     0.000  10   86.97  237.2    3.3    3501
 84  04/05/2020  1100    44.2   39.2     1.8     0.000   5   82.38  248.4    3.9      --
 85  04/05/2020  1200    47.7   38.8     2.2     0.000   0   71.13  256.4    4.6      --
 86  04/05/2020  1300    50.7   38.8     2.5     0.000   0   63.53  262.1    5.4      --
 87  04/05/2020  1400    52.6   38.8     2.9     0.000   0   59.14  266.4    6.2      --
 88  04/05/2020  1500    54.0   38.8     3.2     0.000   0   56.33  269.6    7.1      --
 89  04/05/2020  1600    54.8   38.8     3.6     0.000   0   54.68  272.1    7.9  no_inv
 90  04/05/2020  1700    54.7   38.8     3.7     0.000   0   54.94  279.0    7.8      --
 91  04/05/2020  1800    53.7   38.8     3.7     0.000   0   56.86  285.9    7.8      --
 92  04/05/2020  1900    51.8   38.8     3.8     0.000   0   61.02  292.8    7.9      --
 93  04/05/2020  2000    50.7   38.8     3.9     0.000   0   63.46  299.4    8.1      --
 94  04/05/2020  2100    48.4   39.8     3.9     0.000   0   72.12  305.6    8.4      --
 95  04/05/2020  2200    46.0   42.6     4.0     0.020   0   87.65  311.3    8.9    1404
 96  04/05/2020  2300    43.1   40.8     3.8     0.000   5   91.53  312.3    8.4      --
 97  04/06/2020  0000    41.4   39.8     3.6     0.000  10   93.95  313.4    7.9      --
 98  04/06/2020  0100    40.6   39.3     3.4     0.000  10   95.03  314.7    7.4      --
 99  04/06/2020  0200    38.2   37.3     3.2     0.000  10   96.53  316.1    7.0      --
100  04/06/2020  0300    36.9   36.0     3.0     0.000  10   96.50  317.8    6.5      --
101  04/06/2020  0400    35.8   34.9     2.7     0.000  10   96.49  319.7    6.1     790
102  04/06/2020  0500    35.6   33.5     2.5     0.000  10   91.98  321.2    5.4      --
103  04/06/2020  0600    35.1   33.0     2.2     0.000  10   92.06  323.0    4.8      --
104  04/06/2020  0700    35.8   33.5     1.9     0.000  10   91.28  325.4    4.1      --
105  04/06/2020  0800    37.5   35.3     1.6     0.000  10   91.52  328.6    3.5      --
106  04/06/2020  0900    40.6   38.8     1.3     0.000  10   93.21  333.3    2.9      --
107  04/06/2020  1000    43.7   39.6     1.1     0.000  10   85.16  340.2    2.3    3793
108  04/06/2020  1100    47.9   39.6     1.9     0.000   5   72.78  312.5    3.2      --
109  04/06/2020  1200    51.5   39.6     2.8     0.000   0   63.65  298.3    4.4      --
110  04/06/2020  1300    54.3   39.6     3.6     0.000   0   57.38  290.6    5.8      --
111  04/06/2020  1400    55.9   39.6     4.5     0.000   0   54.23  285.9    7.3      --
112  04/06/2020  1500    57.0   39.6     5.3     0.000   0   52.15  282.9    8.8      --
113  04/06/2020  1600    57.6   39.6     6.2     0.000   0   50.94  280.7   10.3    7031
114  04/06/2020  1700    57.8   39.6     5.2     0.000   0   50.49  280.7    8.7      --
115  04/06/2020  1800    52.7   39.6     4.2     0.000   0   60.92  280.7    7.1      --
116  04/06/2020  1900    42.1   39.6     3.2     0.000   5   90.62  280.7    5.5      --
117  04/06/2020  2000    36.3   36.3     0.7     0.000  10  100.00  280.8    3.9      --
118  04/06/2020  2100    34.0   33.3     0.4     0.000  10   97.32  280.9    2.3      --
119  04/06/2020  2200    31.6   30.7     0.2     0.000  10   96.42  281.6    0.7    1048
120  04/06/2020  2300    30.8   29.9     0.4     0.000  10   96.41  329.2    1.5      --
121  04/07/2020  0000    30.4   29.5     0.4     0.000  10   96.40  340.1    2.6      --
122  04/07/2020  0100    29.9   29.0     0.4     0.000  10   96.39  344.4    3.8      --
123  04/07/2020  0200    29.9   29.0     0.4     0.000  10   96.39  346.7    4.9      --
124  04/07/2020  0300    29.9   29.0     0.4     0.000  10   96.39  348.1    6.1      --
125  04/07/2020  0400    29.9   29.0     0.4     0.000  10   96.39  349.0    7.3    1090
126  04/07/2020  0500    29.9   29.0     0.4     0.000  10   96.39  351.0    6.4      --
127  04/07/2020  0600    29.9   29.2     0.6     0.000  10   97.14  353.4    5.6      --
128  04/07/2020  0700    30.4   30.3     0.9     0.000  10   99.76  356.8    4.8      --
129  04/07/2020  0800    32.8   32.7     1.1     0.000  10   99.54    1.4    4.0      --
130  04/07/2020  0900    38.0   38.0     1.2     0.000  10  100.00    8.3    3.2      --
131  04/07/2020  1000    43.6   40.7     1.2     0.000  10   89.33   19.2    2.6    3261
132  04/07/2020  1100    48.9   40.7     1.3     0.000   5   73.16    6.6    2.7      --
133  04/07/2020  1200    52.4   40.7     1.5     0.000   0   64.06  355.5    2.9      --
134  04/07/2020  1300    55.3   40.7     1.6     0.000   0   57.72  346.3    3.2      --
135  04/07/2020  1400    56.8   40.7     1.8     0.000   0   54.60  338.9    3.6      --
136  04/07/2020  1500    57.9   40.7     1.9     0.000   0   52.52  333.0    4.0      --
137  04/07/2020  1600    58.6   40.7     2.0     0.000   0   51.21  328.3    4.5    4787
138  04/07/2020  1700    59.1   40.7     2.0     0.000   0   50.32  330.1    4.9      --
139  04/07/2020  1800    53.7   40.7     1.9     0.000   0   61.16  331.6    5.4      --
140  04/07/2020  1900    42.7   40.7     1.8     0.000   5   92.47  332.9    5.8      --
141  04/07/2020  2000    36.6   36.6     0.7     0.000  10  100.00  334.0    6.2      --
142  04/07/2020  2100    34.3   33.9     0.4     0.000  10   98.52  335.0    6.7      --
143  04/07/2020  2200    31.9   31.0     0.4     0.000  10   96.42  335.8    7.1    1140
144  04/07/2020  2300    31.4   30.5     0.4     0.000  10   96.41  343.3    7.0      --
145  04/08/2020  0000    31.4   30.5     0.4     0.000  10   96.41  350.8    7.0      --
146  04/08/2020  0100    31.4   30.5     0.4     0.000  10   96.41  358.3    7.1      --
147  04/08/2020  0200    31.4   30.5     0.4     0.000  10   96.41    5.4    7.3      --
148  04/08/2020  0300    31.4   30.5     0.4     0.000  10   96.41   12.1    7.6      --
149  04/08/2020  0400    31.4   30.5     0.4     0.000  10   96.41   18.1    8.0    1129
150  04/08/2020  0500    31.4   30.5     0.4     0.000  10   96.41   16.8    7.4      --
151  04/08/2020  0600    31.4   30.6     0.7     0.000  10   96.99   15.3    6.8      --
152  04/08/2020  0700    31.9   31.5     1.2     0.000  10   98.37   13.4    6.2      --
153  04/08/2020  0800    34.6   34.3     1.6     0.000  10   98.98   11.2    5.6      --
154  04/08/2020  0900    40.4   39.7     2.0     0.000  10   97.63    8.4    4.9      --
155  04/08/2020  1000    46.8   40.3     2.0     0.000   5   77.77    4.9    4.3    1839
156  04/08/2020  1100    53.9   40.3     2.2     0.000   0   59.87    1.2    4.9      --
157  04/08/2020  1200    60.3   40.3     2.5     0.000   0   47.53  358.2    5.4      --
158  04/08/2020  1300    65.3   40.3     2.7     0.000   0   39.80  355.8    5.9      --
159  04/08/2020  1400    68.1   40.3     2.9     0.000   0   36.15  353.7    6.4      --
160  04/08/2020  1500    69.6   40.3     3.2     0.000   0   34.38  352.0    7.0      --
161  04/08/2020  1600    70.5   40.3     3.4     0.000   0   33.39  350.5    7.5    4821
162  04/08/2020  1700    70.8   40.3     3.2     0.000   0   33.01  342.5    7.5      --
163  04/08/2020  1800    64.6   40.5     3.0     0.000   0   41.29  334.5    7.6      --
164  04/08/2020  1900    51.9   40.3     2.8     0.000   0   64.43  326.9    7.8      --
165  04/08/2020  2000    45.0   40.5     0.7     0.000   5   84.31  319.8    8.2      --
166  04/08/2020  2100    42.6   37.1     0.4     0.000   5   80.75  313.4    8.6      --
167  04/08/2020  2200    40.3   33.0     0.4     0.000   0   75.09  307.7    9.2     993
