  Generated by FoxLW on Thursday April 2, 2020 at 02:32 PDT
-------------------------------------------------------------------------------
  Silverton North
  45.0400:-122.7800  (45 2' 24.00"N  122 46' 48.00"W)  elev 216.5 feet    file: 810405
-------------------------------------------------------------------------------

Line#   Date     Hour   TempF  DewPtF WS(mph)  Rain(in) LW    RH%  WDir_50m WS_50m Inv(ft)
  5  04/02/2020  0400    39.7   38.5     2.0     0.010  10   95.30  200.3    8.3  no_inv
  6  04/02/2020  0500    39.2   37.5     2.2     0.000  10   93.52  206.4    7.8      --
  7  04/02/2020  0600    39.0   37.5     2.4     0.000  10   94.28  213.2    7.4      --
  8  04/02/2020  0700    39.9   37.7     2.6     0.010  10   91.87  220.7    7.1      --
  9  04/02/2020  0800    39.5   37.7     2.8     0.000  10   93.28  228.5    7.0      --
 10  04/02/2020  0900    39.8   37.2     3.0     0.000  10   89.96  236.6    7.0      --
 11  04/02/2020  1000    40.8   37.4     3.2     0.010   5   87.78  244.4    7.1  no_inv
 12  04/02/2020  1100    43.2   37.4     3.5     0.000   0   79.97  246.1    7.6      --
 13  04/02/2020  1200    47.4   37.4     3.7     0.000   0   68.09  247.5    8.2      --
 14  04/02/2020  1300    50.5   37.4     3.9     0.000   0   60.67  248.8    8.7      --
 15  04/02/2020  1400    51.8   37.4     4.2     0.000   0   57.77  249.9    9.2      --
 16  04/02/2020  1500    50.7   38.9     4.4     0.000   0   63.93  250.9    9.7      --
 17  04/02/2020  1600    48.8   40.3     4.7     0.010   0   72.38  251.9   10.3  no_inv
 18  04/02/2020  1700    47.8   39.4     4.1     0.000   0   72.55  259.0    8.8      --
 19  04/02/2020  1800    47.2   38.7     3.6     0.000   0   71.96  268.8    7.5      --
 20  04/02/2020  1900    46.1   38.9     3.1     0.020   0   75.82  282.0    6.6      --
 21  04/02/2020  2000    45.4   38.7     2.6     0.000   0   77.04  298.5    6.0      --
 22  04/02/2020  2100    43.1   38.0     2.0     0.000   0   82.16  316.3    6.1      --
 23  04/02/2020  2200    40.7   38.8     1.5     0.020   5   92.56  332.4    6.7     317
 24  04/02/2020  2300    38.7   37.6     1.5     0.000  10   95.77  324.4    4.5      --
 25  04/03/2020  0000    37.9   37.0     1.6     0.000  10   96.52  303.1    2.6      --
 26  04/03/2020  0100    37.2   36.2     1.6     0.000  10   96.51  242.8    1.9      --
 27  04/03/2020  0200    36.4   35.5     1.7     0.000  10   96.50  201.1    3.3      --
 28  04/03/2020  0300    35.7   34.8     1.7     0.000  10   96.48  187.7    5.4      --
 29  04/03/2020  0400    35.0   34.2     1.7     0.000  10   96.47  181.9    7.7    1571
 30  04/03/2020  0500    35.2   33.2     2.0     0.000  10   92.37  187.4    7.5      --
 31  04/03/2020  0600    34.8   32.8     2.3     0.000  10   92.46  193.1    7.4      --
 32  04/03/2020  0700    35.2   33.0     2.6     0.000  10   91.77  198.9    7.3      --
 33  04/03/2020  0800    36.1   34.0     2.9     0.000  10   91.99  204.7    7.4      --
 34  04/03/2020  0900    37.8   35.6     3.2     0.000  10   91.83  210.4    7.5      --
 35  04/03/2020  1000    39.6   36.1     3.5     0.000   5   87.04  215.9    7.7    6987
 36  04/03/2020  1100    42.5   36.1     3.7     0.000   0   77.90  225.5    7.5      --
 37  04/03/2020  1200    45.3   36.1     3.8     0.000   0   69.84  235.3    7.5      --
 38  04/03/2020  1300    47.5   35.2     4.0     0.000   0   62.03  244.8    7.7      --
 39  04/03/2020  1400    48.8   35.7     4.2     0.000   0   60.32  253.4    8.2      --
 40  04/03/2020  1500    49.6   36.0     4.4     0.000   0   59.23  261.1    8.8      --
 41  04/03/2020  1600    50.0   36.1     4.6     0.000   0   58.46  267.6    9.5    7774
 42  04/03/2020  1700    49.8   36.0     4.3     0.000   0   58.66  275.8    8.2      --
 43  04/03/2020  1800    48.7   35.6     4.1     0.000   0   60.39  286.9    7.0      --
 44  04/03/2020  1900    46.5   35.8     3.9     0.000   0   66.10  301.4    6.3      --
 45  04/03/2020  2000    45.2   35.8     3.6     0.000   0   69.29  318.6    6.0      --
 46  04/03/2020  2100    42.9   36.6     3.4     0.000   0   78.34  335.8    6.2      --
 47  04/03/2020  2200    40.6   38.1     3.2     0.020   5   90.88  350.4    7.0     869
 48  04/03/2020  2300    38.6   36.9     3.2     0.000  10   93.63  357.5    6.8      --
 49  04/04/2020  0000    37.8   36.5     3.2     0.000  10   94.70    5.0    6.7      --
 50  04/04/2020  0100    37.1   36.0     3.3     0.000  10   95.84   12.6    6.7      --
 51  04/04/2020  0200    36.2   35.4     3.1     0.000  10   96.73   20.1    6.8      --
 52  04/04/2020  0300    35.5   34.7     2.8     0.000  10   96.86   27.1    7.1      --
 53  04/04/2020  0400    34.9   34.1     2.5     0.000  10   96.78   33.6    7.4     759
 54  04/04/2020  0500    35.3   33.2     2.6     0.000  10   92.05   29.3    6.5      --
 55  04/04/2020  0600    35.1   33.3     2.6     0.000  10   93.17   23.5    5.6      --
 56  04/04/2020  0700    35.8   34.1     2.5     0.000  10   93.48   15.8    4.8      --
 57  04/04/2020  0800    37.2   35.6     2.2     0.000  10   93.70    5.4    4.2      --
 58  04/04/2020  0900    39.5   37.4     1.9     0.000  10   92.29  351.5    3.7      --
 59  04/04/2020  1000    42.0   39.5     1.6     0.000  10   90.82  334.7    3.5    7543
 60  04/04/2020  1100    45.3   40.5     1.9     0.000   5   83.13  311.0    3.0      --
 61  04/04/2020  1200    48.1   40.8     2.2     0.000   0   75.80  285.9    3.2      --
 62  04/04/2020  1300    50.2   40.8     2.4     0.000   0   70.07  266.7    4.0      --
 63  04/04/2020  1400    51.3   40.7     2.7     0.000   0   66.74  254.3    5.0      --
 64  04/04/2020  1500    52.1   40.3     3.0     0.000   0   63.92  246.3    6.1      --
 65  04/04/2020  1600    52.5   39.8     3.3     0.000   0   61.75  240.9    7.3  no_inv
 66  04/04/2020  1700    52.4   39.4     3.6     0.000   0   61.08  247.6    7.7      --
 67  04/04/2020  1800    51.2   39.3     3.8     0.000   0   63.52  253.6    8.1      --
 68  04/04/2020  1900    48.8   40.2     4.0     0.000   0   72.05  258.9    8.6      --
 69  04/04/2020  2000    47.4   40.2     4.3     0.000   0   75.83  263.6    9.2      --
 70  04/04/2020  2100    45.0   40.5     4.5     0.000   0   84.15  267.8    9.8      --
 71  04/04/2020  2200    42.7   41.8     4.8     0.140  10   96.59  271.4   10.5    1602
 72  04/04/2020  2300    42.0   41.1     4.2     0.000  10   96.58  272.9    9.3      --
 73  04/05/2020  0000    41.8   40.8     3.7     0.020  10   96.58  274.8    8.1      --
 74  04/05/2020  0100    41.4   40.5     3.2     0.000  10   96.57  277.3    6.9      --
 75  04/05/2020  0200    40.2   39.3     2.6     0.000  10   96.56  281.0    5.7      --
 76  04/05/2020  0300    40.8   39.9     2.1     0.000  10   96.56  286.5    4.5      --
 77  04/05/2020  0400    40.5   39.6     1.6     0.010  10   96.55  295.5    3.5    2382
 78  04/05/2020  0500    40.6   37.4     1.6     0.000  10   88.53  285.5    3.4      --
 79  04/05/2020  0600    40.4   37.2     1.7     0.000  10   88.52  275.6    3.5      --
 80  04/05/2020  0700    40.8   37.2     1.8     0.000  10   86.91  266.3    3.7      --
 81  04/05/2020  0800    41.3   37.7     1.9     0.000  10   86.95  258.0    3.9      --
 82  04/05/2020  0900    41.3   37.7     2.0     0.000  10   86.92  250.8    4.2      --
 83  04/05/2020  1000    42.1   38.4     2.1     0.000  10   86.67  244.8    4.6    3789
 84  04/05/2020  1100    44.1   38.4     2.2     0.000   5   80.03  249.8    4.9      --
 85  04/05/2020  1200    47.8   37.8     2.4     0.000   0   68.21  254.3    5.3      --
 86  04/05/2020  1300    50.6   37.8     2.6     0.000   0   61.35  258.1    5.7      --
 87  04/05/2020  1400    52.4   37.8     2.8     0.000   0   57.53  261.5    6.1      --
 88  04/05/2020  1500    53.5   37.8     3.0     0.000   0   55.15  264.5    6.5      --
 89  04/05/2020  1600    54.2   37.8     3.1     0.000   0   53.78  267.0    6.9  no_inv
 90  04/05/2020  1700    54.0   37.8     3.3     0.000   0   54.14  279.0    6.7      --
 91  04/05/2020  1800    53.3   37.8     3.5     0.000   0   55.62  291.3    6.8      --
 92  04/05/2020  1900    51.8   37.8     3.7     0.000   0   58.77  302.7    7.1      --
 93  04/05/2020  2000    51.0   37.8     3.9     0.000   0   60.59  312.7    7.8      --
 94  04/05/2020  2100    48.6   39.2     4.1     0.000   0   69.76  320.9    8.6      --
 95  04/05/2020  2200    46.3   42.8     4.3     0.030   0   87.73  327.6    9.6    1944
 96  04/05/2020  2300    43.7   41.1     3.9     0.000   5   90.51  324.1    8.3      --
 97  04/06/2020  0000    42.3   40.1     3.4     0.000  10   92.04  319.3    7.1      --
 98  04/06/2020  0100    41.0   39.3     3.0     0.000  10   93.60  312.6    6.0      --
 99  04/06/2020  0200    39.8   38.5     2.5     0.000  10   95.12  302.9    4.9      --
100  04/06/2020  0300    38.7   37.8     2.1     0.000  10   96.53  288.9    4.1      --
101  04/06/2020  0400    38.7   37.5     1.7     0.010  10   95.25  269.9    3.7     731
102  04/06/2020  0500    37.9   35.6     1.6     0.000  10   91.45  273.6    3.5      --
103  04/06/2020  0600    37.5   35.2     1.6     0.000  10   91.51  277.6    3.4      --
104  04/06/2020  0700    38.0   35.5     1.5     0.000  10   90.60  281.9    3.3      --
105  04/06/2020  0800    39.3   36.8     1.5     0.000  10   90.79  286.5    3.2      --
106  04/06/2020  0900    40.8   37.1     1.4     0.000  10   86.50  291.3    3.1      --
107  04/06/2020  1000    43.8   36.8     1.4     0.000   5   76.39  296.3    3.1    3733
108  04/06/2020  1100    47.4   36.8     2.0     0.000   0   66.53  295.8    4.2      --
109  04/06/2020  1200    51.1   36.8     2.6     0.000   0   57.93  295.5    5.3      --
110  04/06/2020  1300    54.1   36.8     3.3     0.000   0   51.89  295.3    6.4      --
111  04/06/2020  1400    55.8   36.8     3.9     0.000   0   48.79  295.2    7.5      --
112  04/06/2020  1500    57.0   36.8     4.5     0.000   0   46.75  295.1    8.6      --
113  04/06/2020  1600    57.7   36.8     5.1     0.000   0   45.58  295.0    9.7    6966
114  04/06/2020  1700    57.9   36.8     4.7     0.000   0   45.27  301.3    8.2      --
115  04/06/2020  1800    54.0   36.8     4.2     0.000   0   52.14  310.3    6.8      --
116  04/06/2020  1900    46.0   36.8     3.7     0.000   0   70.10  323.1    5.7      --
117  04/06/2020  2000    41.6   36.8     3.0     0.000   0   82.91  340.7    5.0      --
118  04/06/2020  2100    39.3   36.8     2.3     0.000   5   90.79    1.3    4.9      --
119  04/06/2020  2200    36.9   36.5     1.7     0.000  10   98.48   20.4    5.4    1687
120  04/06/2020  2300    35.6   35.6     1.5     0.000  10  100.00   23.9    4.6      --
121  04/07/2020  0000    34.8   34.8     1.3     0.000  10  100.00   28.8    3.8      --
122  04/07/2020  0100    34.0   34.0     1.0     0.000  10  100.00   36.4    3.0      --
123  04/07/2020  0200    33.4   33.3     0.9     0.000  10   99.52   48.5    2.4      --
124  04/07/2020  0300    32.8   32.5     0.7     0.000  10   98.64   68.3    1.9      --
125  04/07/2020  0400    32.2   31.7     0.5     0.000  10   97.77   96.0    1.7    1027
126  04/07/2020  0500    31.8   31.0     0.8     0.000  10   96.85   58.8    1.8      --
127  04/07/2020  0600    31.4   31.4     1.2     0.000  10   99.97   33.0    2.4      --
128  04/07/2020  0700    32.1   32.1     1.7     0.000  10  100.00   19.5    3.3      --
129  04/07/2020  0800    34.3   34.3     2.1     0.000  10  100.00   12.1    4.3      --
130  04/07/2020  0900    38.1   38.1     2.5     0.000  10  100.00    7.5    5.4      --
131  04/07/2020  1000    43.0   38.8     2.9     0.000   5   85.16    4.4    6.4    3200
132  04/07/2020  1100    48.3   40.1     2.9     0.000   0   73.26    2.2    6.5      --
133  04/07/2020  1200    53.4   40.6     3.0     0.000   0   61.88    0.0    6.5      --
134  04/07/2020  1300    57.2   40.6     3.0     0.000   0   53.72  357.9    6.5      --
135  04/07/2020  1400    59.3   40.5     3.0     0.000   0   49.63  355.7    6.6      --
136  04/07/2020  1500    60.3   40.2     3.0     0.000   0   47.22  353.7    6.7      --
137  04/07/2020  1600    60.9   39.7     3.0     0.000   0   45.58  351.6    6.7    4719
138  04/07/2020  1700    61.0   39.4     2.8     0.000   0   44.79  350.4    6.6      --
139  04/07/2020  1800    56.4   39.2     2.5     0.000   0   52.57  349.1    6.4      --
140  04/07/2020  1900    47.0   40.0     2.2     0.000   0   76.73  347.7    6.2      --
141  04/07/2020  2000    41.8   40.1     1.7     0.000   5   93.89  346.2    6.0      --
142  04/07/2020  2100    39.4   39.4     1.3     0.000  10  100.00  344.7    5.8      --
143  04/07/2020  2200    37.1   37.1     1.0     0.000  10  100.00  343.0    5.7     757
144  04/07/2020  2300    34.9   34.9     1.0     0.000  10  100.00  352.9    5.6      --
145  04/08/2020  0000    34.0   34.0     1.0     0.000  10  100.00    2.6    5.7      --
146  04/08/2020  0100    33.2   33.2     1.0     0.000  10  100.00   11.7    6.0      --
147  04/08/2020  0200    32.7   32.5     0.9     0.000  10   99.32   19.8    6.4      --
148  04/08/2020  0300    32.3   31.9     0.9     0.000  10   98.40   26.8    6.9      --
149  04/08/2020  0400    31.9   31.3     0.9     0.000  10   97.56   32.8    7.6    1070
150  04/08/2020  0500    31.7   30.9     1.2     0.000  10   96.90   28.5    7.0      --
151  04/08/2020  0600    31.4   31.2     1.5     0.000  10   99.09   23.4    6.4      --
152  04/08/2020  0700    32.3   32.3     1.8     0.000  10  100.00   17.4    6.0      --
153  04/08/2020  0800    35.2   34.7     2.1     0.000  10   97.81   10.6    5.6      --
154  04/08/2020  0900    39.9   39.9     2.2     0.000  10  100.00    2.8    5.3      --
155  04/08/2020  1000    46.1   41.2     2.3     0.000   5   83.10  354.2    5.1    1777
156  04/08/2020  1100    52.9   41.2     2.5     0.000   0   64.51  354.1    5.5      --
157  04/08/2020  1200    59.3   41.2     2.7     0.000   0   51.06  354.1    6.0      --
158  04/08/2020  1300    64.5   41.2     2.9     0.000   0   42.61  354.0    6.4      --
159  04/08/2020  1400    67.3   41.2     3.1     0.000   0   38.60  354.0    6.8      --
160  04/08/2020  1500    68.8   41.2     3.3     0.000   0   36.66  353.9    7.3      --
161  04/08/2020  1600    69.7   41.5     3.5     0.000   0   35.90  353.9    7.7    1480
162  04/08/2020  1700    70.1   41.9     3.3     0.000   0   36.07  352.8    7.6      --
163  04/08/2020  1800    63.9   42.1     3.1     0.000   0   44.82  351.7    7.5      --
164  04/08/2020  1900    51.5   41.5     3.0     0.000   0   68.63  350.6    7.4      --
165  04/08/2020  2000    44.6   41.6     2.4     0.000   5   89.16  349.5    7.3      --
166  04/08/2020  2100    42.2   41.7     2.0     0.000  10   97.83  348.3    7.2      --
167  04/08/2020  2200    39.9   38.7     1.5     0.000  10   95.31  347.1    7.2    1025
